-0.00396476
0.0001505396
-0.001751826
-0.001796431
-0.003074892
-0.003057605
-0.001808823
-0.002488504
0.001621076
0.001852985
0.003660144
0.002664718
0.006406554
0.0005016122
-0.0006884999
-0.00109282
-0.002745222
-0.001722783
-0.003835418
0.003559777
-0.005881753
0.00874607
-0.0001489155
0.006777741
-0.01473175
0.001155452
-0.002932586
-0.01305348
-0.004589529
-0.01378234
0.02195425
-0.03033673
0.01426561
-0.0213403
0.007366281
0.001812556
-0.03844313
0.01541707
-0.00838811
0.002936004
-0.01327122
-0.009613461
-0.005546172
-0.004501659
0.001741285
-0.005825038
-0.002666564
0.00638803
0.01109488
0.01617152
0.007530695
-0.0004833107
0.008450522
0.009568642
0.00800062
-0.00857105
0.01567722
0.02004011
0.01539799
-0.002539261
0.00649999
0.03503507
0.0162519
-0.004852199
-0.01921761
0.01993391
0.02227116
-0.004141745
-0.01106389
0.004286253
0.01975736
0.01063076
-0.001161525
0.003749305
0.02477776
0.02768552
-0.003067109
0.008892355
0.01301783
0.0155568
0.002684221
-0.00781113
-0.002963002
0.01778655
0.02037768
-9.375425e-05
-0.0025442
0.02157803
0.03749399
0.01780956
0.002492408
0.001634423
-0.004461614
0.001705461
-0.01286951
-0.01556488
0.007203707
0.00870088
0.007537556
-0.01267358
0.005614861
0.007748214
0.01177946
0.01492096
0.009775649
0.006120247
0.001777055
0.01213074
-0.007659956
-0.000158807
0.002407281
0.04436853
0.01605455
-0.008503078
-0.008267848
-0.02968955
-0.02184263
-0.01740789
-0.03617334
0.004640152
0.03071131
-0.002814359
-0.01951234
-0.03243965
0.01140801
0.02155155
0.05412668
0.05778658
0.04868092
0.01360888
-0.008123861
-0.03829939
-0.05109334
-0.003516794
0.01737733
0.04861809
0.01631976
0.00296463
0.001024089
-0.01072704
0.0102687
0.01923841
0.03049168
0.04545448
0.05209486
0.02000768
-0.02496232
-0.0150545
0.01993594
0.03926611
0.01437703
0.00430631
-0.03720815
-0.1103846
-0.1313893
-0.1590517
-0.1350698
-0.1249732
-0.1247505
-0.1442689
-0.1758094
-0.1776628
-0.1906376
-0.2203282
-0.1788578
-0.09088164
-0.0734009
-0.08693957
-0.1302052
-0.1419216
-0.1505392
-0.1422117
-0.02170589
0.08880992
0.1780973
0.2479434
0.2845036
0.2477817
0.2703718
0.3291951
0.3450987
0.2077278
0.02316236
-0.01074923
0.07838061
0.239558
0.2119303
0.2138711
0.2156761
0.1508852
0.1319738
0.04541899
-0.04224373
-0.1040149
-0.136349
-0.1055381
-0.04203425
-0.06019683
-0.1417026
-0.2014742
-0.2443171
-0.07403312
0.00410497
-0.07251551
-0.09998748
-0.1086874
-0.139347
-0.1304909
-0.008786212
0.04230991
0.03003129
0.04262627
0.07290696
0.02732504
-0.008858686
-0.04463859
-0.07751263
-0.06530171
-0.01038247
0.01423145
-0.04050153
-0.0652823
-0.0423608
-0.0344844
-0.06918083
-0.02728353
0.04929371
0.121746
0.06425937
-0.07779144
-0.1110257
-0.04409496
0.04748398
0.050228
0.06230494
0.1031968
0.1124921
0.1271352
-0.006164709
-0.131834
-0.1600944
-0.1375844
-0.07341037
-0.09922702
-0.09515873
0.006301135
0.1459018
0.2316709
0.2268609
0.1844302
0.1658255
0.167322
0.1065321
-0.08376107
-0.2155124
-0.19764
-0.1071039
-0.0662092
-0.09804157
-0.1431788
-0.1043957
0.006822799
0.09375501
0.1156326
0.07214649
0.01090828
-0.04675997
-0.08149356
-0.1500779
-0.1889212
-0.172814
-0.09806291
0.06630632
0.05009268
-0.04790357
-0.06365623
-0.02611289
0.05289851
0.08640055
0.1075025
0.1426314
0.1817687
0.2273006
0.2726703
0.2099851
0.1397295
0.1357893
0.05136786
-0.1320894
-0.2367251
-0.145167
-0.1125751
-0.07048901
0.0140678
0.04859668
0.04240305
-0.05185023
-0.1287676
-0.1165574
-0.02428538
0.008669565
0.005450201
0.02776143
0.02127805
0.04172368
0.07566901
0.09018334
0.1254506
0.1538073
0.1153081
0.02631998
-0.0116182
-0.02612289
-0.01822738
-0.005407293
-0.03856066
-0.06163743
-0.05677743
-0.06563438
-0.06133435
-0.04281553
-0.02281361
-0.008461481
-0.00493868
0.01196244
0.02554654
0.07178083
0.06885419
0.04476971
0.03585977
0.04065353
0.08740298
0.1100304
0.09704766
0.08965553
0.09544486
0.05502413
0.02168528
-0.01234819
-0.04796265
-0.09978389
-0.1317131
-0.04620349
0.0159338
-0.001037029
-0.07748914
-0.08908046
-0.108842
-0.06813786
0.00209221
-0.006155484
0.02970674
0.0429566
0.02987517
-0.03287104
-0.01820231
0.006674605
-0.008369221
-0.04942507
-0.1019213
-0.08886499
-0.07066897
-0.0695406
-0.07170374
-0.0598337
-0.0448404
-0.01217557
0.01710695
0.05611622
0.1065975
0.09088379
0.04006682
0.01891965
0.04142646
0.06814488
0.08129835
0.03424021
-0.01511493
-0.03104976
-0.04060954
-0.05073236
-0.08514237
-0.1079988
-0.1325647
-0.1078463
-0.03228078
0.07372766
0.1184025
0.07817666
0.06004608
0.01846879
-0.04232322
-0.09379446
-0.06894315
0.006147285
0.01664522
-0.02023581
-0.07545029
-0.0443452
0.006821273
-0.02645495
-0.08593191
-0.08812764
-0.07264064
-0.01641889
0.029353
0.03725129
0.039202
0.04869461
0.1036936
0.1347317
0.1287143
0.0860371
0.08662325
0.1301779
0.1765336
0.1850513
0.1404129
0.1024942
0.1066148
0.09520496
0.01000836
-0.06651413
-0.1078374
-0.1062156
-0.04893237
-0.03650462
-0.07498604
-0.04374431
0.02781294
0.06163431
0.07062688
0.03184166
-0.03020564
-0.05781362
-0.05644032
-0.05844011
-0.06938528
-0.0904131
-0.08763003
-0.08197355
-0.0782928
-0.0883096
-0.06863517
-0.02681753
-0.04902321
-0.1025061
-0.1005398
-0.02793228
0.02289314
0.07456725
0.08846367
0.04161503
0.02592335
0.03526555
-0.02806821
-0.1013122
-0.1464165
-0.1455473
-0.09249896
-0.05551962
-0.0194144
0.02176025
0.03971566
0.007120929
-0.00194135
-0.01113109
-0.04122672
-0.02465119
-0.0001757353
0.01133046
0.03337431
0.07041118
0.1164516
0.1676411
0.2078115
0.1777254
0.1071126
0.07111154
0.09163283
0.1230824
0.09789245
0.0889603
0.1065574
0.1042838
0.0335755
-0.06626604
-0.1110306
-0.1170178
-0.1006854
-0.06913341
-0.0634262
-0.09510809
-0.1111605
-0.04717446
0.05079494
0.1102808
0.136739
0.1220791
0.08448254
0.05289067
0.02102854
0.001403398
0.003276823
-0.0017235
-0.02150767
-0.02973215
-0.03915611
-0.04519364
-0.008232026
0.03755263
0.04363177
0.003156107
-0.02892391
-0.03357404
0.01696907
0.04252221
-0.02090431
-0.05775063
-0.06217417
-0.06753303
-0.07553567
-0.0570897
-0.03451372
-0.05314366
-0.08281305
-0.1136024
-0.1270772
-0.1270644
-0.1096535
-0.03798677
0.02595759
0.05406429
0.07639986
0.09079476
0.1004314
0.1056096
0.1047923
0.1005121
0.07293621
0.02188911
-0.01595306
-0.04453053
-0.08572233
-0.1034429
-0.101966
-0.1006481
-0.1010827
-0.06000007
0.01837882
0.07586917
0.103296
0.09888266
0.09294237
0.09117388
0.08820282
0.07301426
0.04670771
0.02627128
0.01535455
0.007273444
0.00358142
0.003385983
0.00500515
-0.007472058
-0.02487074
-0.02451834
-0.03324697
-0.06864756
-0.1107312
-0.1462592
-0.1575755
-0.1370014
-0.1235745
-0.1211115
-0.100924
-0.06900541
-0.02951127
0.01422099
0.03775932
0.04100681
0.03972553
0.04290166
0.03651125
-0.004007337
-0.03803054
-0.03865993
-0.02950343
0.002266496
0.02865492
0.03707097
0.03703022
0.0440642
0.05726003
0.06875756
0.06964001
0.04843742
0.03526836
0.03105186
0.03655803
0.03635629
0.02962659
0.03471359
0.04344303
0.05012432
0.03842932
0.003227419
-0.006714168
-0.01219426
-0.01149517
0.004758937
0.0081631
0.0120171
0.009522635
0.0006929677
-0.006859642
-0.009166378
-0.02255438
-0.04230104
-0.05108982
-0.05838532
-0.0678493
-0.07672679
-0.08103671
-0.06927343
-0.03539553
-0.001798111
0.01458784
0.02360125
0.01778591
0.003983979
0.002867807
-0.003413632
-0.02326208
-0.03918453
-0.0421489
-0.02800172
-0.01270398
-0.01072639
-0.01408137
-0.004632268
0.02767709
0.05336154
0.06952126
0.07798917
0.07839093
0.06433216
0.03363108
0.02197749
0.02485482
0.02722115
0.02868683
0.02287176
0.01027778
0.007316699
0.007648178
0.001200746
-0.01072204
-0.04600689
-0.07057051
-0.06597233
-0.0512435
-0.03215722
-0.01484471
-0.004845601
-0.006419398
-0.01008215
-0.001394732
0.01093715
0.01597707
0.01977666
0.02450038
0.02928838
0.01712704
-0.01134411
-0.04485199
-0.0725622
-0.08159315
-0.08531703
-0.07374904
-0.04217479
-0.004877309
0.01512709
0.01808119
0.01751628
0.01769802
0.02293488
0.03099204
0.03542719
0.03159423
0.02942998
0.02629164
0.02296257
0.02552603
0.03300896
0.03577848
0.03295023
0.02874193
0.02143997
0.01651257
0.02853554
0.04245773
0.04250692
0.04049469
0.04301228
0.04701091
0.04809131
0.04917478
0.04661176
0.04299303
0.03773516
0.026954
0.01811797
0.01289477
0.00493493
-0.007649598
-0.01591137
-0.01470244
-0.003956507
0.02079504
0.04886362
0.06520731
0.07180591
0.07596365
0.07849654
0.08008082
0.06723413
0.04132634
0.02482909
0.001786472
-0.02135508
-0.03052774
-0.0413885
-0.05297447
-0.05641984
-0.05439495
-0.06025262
-0.07197223
-0.08005147
-0.08043686
-0.07775918
-0.07759989
-0.0681892
-0.04604689
-0.02618223
-0.01257323
-0.00494859
-0.03034951
-0.06710303
-0.07735695
-0.07704369
-0.06706491
-0.04682187
-0.03007234
-0.0157035
-0.0002697771
0.01273124
0.01968772
0.02003869
0.01360868
0.005290647
-0.00255717
-0.01023976
-0.01318955
-0.01239594
-0.01298853
-0.01925946
-0.02740108
-0.03255921
-0.02999595
-0.02440838
-0.01585672
-0.005031474
0.00432394
0.01857534
0.0385979
0.0606931
0.07411828
0.08017089
0.08137953
0.07725863
0.05786018
0.02776294
-0.006359229
-0.03262027
-0.04097827
-0.04658229
-0.04888152
-0.04448752
-0.0318713
-0.02320759
-0.0201998
-0.01914225
-0.02286545
-0.02885103
-0.03294349
-0.03027438
-0.02783989
-0.02839911
-0.02688671
-0.01546809
-0.007691889
-0.01104186
-0.01149607
-0.001098509
0.0165951
0.03159284
0.05577771
0.07718103
0.07865762
0.07259231
0.07004396
0.06642868
0.05768787
0.04496193
0.03315499
0.03214473
0.03338765
0.03239981
0.0198523
0.005046506
-0.002642766
-0.01223129
-0.01672493
-0.01007609
0.003894286
0.008314393
-0.001658732
-0.01446849
-0.02097874
-0.02483292
-0.02497227
-0.02409878
-0.01985012
-0.0160564
-0.008699827
0.006997275
0.0193865
0.02645948
0.02790102
0.01794609
0.002174084
-0.006071353
-0.01022049
-0.01313645
-0.01605651
-0.01571666
-0.01501166
-0.01692093
-0.02166685
-0.02841197
-0.02802119
-0.02151858
-0.01644195
-0.01615423
-0.0197109
-0.02268823
-0.02859705
-0.03393672
-0.03471395
-0.03053807
-0.02895708
-0.03524236
-0.04134404
-0.04388798
-0.04136151
-0.02982438
-0.008847159
0.002326826
0.01036022
0.02778167
0.04272655
0.04759077
0.04402772
0.0407778
0.04088366
0.03703905
0.02320456
0.0122087
0.01056826
0.008641203
0.003224702
-0.003994153
-0.004927781
0.003511355
0.01643032
0.0244043
0.0244437
0.01565293
0.00287294
-0.004109389
-0.003492734
0.005234946
0.01372903
0.01401414
0.006859361
0.002964484
0.004513332
0.003826325
-0.002116755
-0.009298131
-0.01472614
-0.01836815
-0.02085859
-0.02078884
-0.01931558
-0.01948863
-0.02278084
-0.02493476
-0.02445913
-0.023754
-0.02422598
-0.02357086
-0.01779028
-0.00882219
-0.002784583
-0.00439087
-0.01073712
-0.01558397
-0.01496772
-0.01369359
-0.01245516
-0.006859315
-0.001737783
-0.0009553446
-0.004090742
-0.006307132
-0.002854377
0.005296485
0.02116873
0.0366146
0.04789478
0.05559373
0.05736135
0.05470013
0.04964087
0.04198367
0.03160712
0.02109082
0.01895686
0.02571526
0.03137816
0.03557428
0.03857496
0.03841667
0.03337767
0.02719321
0.02331495
0.02037201
0.01569914
0.004073931
-0.008265287
-0.02488036
-0.03930958
-0.04200372
-0.03147561
-0.009391936
0.006301425
0.01609407
0.02180059
0.02102703
0.01412734
0.002193939
-0.009145837
-0.01382197
-0.01231283
-0.01035184
-0.004734173
0.004327006
0.01108196
0.009771747
0.002029408
-0.002840623
-0.004052947
-0.002531683
-0.0005504119
0.0009861273
-0.001887826
-0.008109432
-0.01329983
-0.02129524
-0.03125314
-0.04212395
-0.04905145
-0.05183471
-0.05153146
-0.04743383
-0.0404598
-0.03454862
-0.03260322
-0.03362603
-0.03473248
-0.03207108
-0.02810918
-0.02435537
-0.0221071
-0.01829517
-0.01354078
-0.009773757
-0.005472266
0.001607694
0.009205803
0.01296156
0.00980885
0.0004320887
-0.008780464
-0.01311334
-0.01020322
-0.003706785
0.0029406
0.007613256
0.01102824
0.01105784
0.01158926
0.01615376
0.02362116
0.02915362
0.02835594
0.02372408
0.01723887
0.01142787
0.007727237
0.006898917
0.008044287
0.01074005
0.01551354
0.01959138
0.02285117
0.02472784
0.02370974
0.01915631
0.01500169
0.0150821
0.01934654
0.02316931
0.02724504
0.03117388
0.03270672
0.03436707
0.03397516
0.03162688
0.02588813
0.02181603
0.02015624
0.02066903
0.0200792
0.01875394
0.01901375
0.01797713
0.0175617
0.01592123
0.01297312
0.008314454
0.0007967264
-0.006123288
-0.01213551
-0.01182068
-0.007753272
-0.005137332
-0.005870058
-0.008424511
-0.01156751
-0.01560302
-0.0195661
-0.02132601
-0.02056447
-0.01973663
-0.01993289
-0.02287396
-0.02839768
-0.03294629
-0.03351996
-0.03284823
-0.03222239
-0.03306433
-0.03329225
-0.03201872
-0.02614603
-0.01705931
-0.01125089
-0.01186744
-0.01394362
-0.01321685
-0.01130177
-0.007384443
-0.001900398
0.002500403
0.003346501
0.001369236
-0.0003356931
0.0009734747
0.002427479
0.00238106
0.002334639
0.005068735
0.005683267
0.005557278
0.005315005
0.00116511
-0.002654308
-0.008861548
-0.01465467
-0.01614747
-0.01375408
-0.01003163
-0.01285248
-0.01805605
-0.02208458
-0.02281138
-0.01801385
-0.01360291
-0.005496511
0.00331573
0.007533888
0.007939287
0.005909943
0.00224146
-0.003885224
-0.007799529
-0.004507535
-0.002472181
-0.006859767
-0.01347299
-0.02001584
-0.02362108
-0.02656129
-0.02554696
-0.02152158
-0.01573467
-0.012714
-0.01037773
-0.004576542
0.0006667156
0.005363255
0.007745413
0.009222833
0.01086754
0.01423399
0.01740666
0.01764479
0.01770442
0.01619937
0.01493912
0.01475496
0.01653942
0.01796483
0.01720337
0.01729158
0.01699116
0.0172905
0.02029999
0.02341352
0.02573349
0.02686925
0.02569675
0.02507506
0.02229912
0.02068803
0.0202734
0.01739037
0.01395961
0.009505795
0.00977866
0.01386939
0.01716962
0.01920098
0.019073
0.01783424
0.01496451
0.01447547
0.01473511
0.01450515
0.01443228
0.01466541
0.01616538
0.01962173
0.02269965
0.02503502
0.02369738
0.01811655
0.007629512
-0.006995655
-0.01494287
-0.01736781
-0.01640635
-0.01205133
-0.003838669
0.003974158
0.00567719
-0.0005461907
-0.006875646
-0.009321954
-0.009543638
-0.007641673
-0.004773763
-0.0009184861
0.0007070777
-0.000298952
-0.004119155
-0.00840447
-0.01118732
-0.01327146
-0.01428153
-0.01108104
-0.005604922
-0.001133496
-0.001320401
-0.004871258
-0.007406188
-0.00711367
-0.004140584
-0.0008339507
-0.0008984091
-0.0024745
-0.004533042
-0.003018516
-1.172169e-05
-0.005153699
-0.009608188
-0.009874549
-0.0116607
-0.01286851
-0.0112866
-0.009746505
-0.008918362
-0.0103954
-0.01241713
-0.01404308
-0.0150305
-0.01145239
-0.006413632
-0.006156625
-0.01099552
-0.01297536
-0.01539378
-0.01604658
-0.01505104
-0.01519892
-0.01659118
-0.01869846
-0.01671349
-0.01402674
-0.01047299
-0.008246243
-0.006189828
-0.002266802
0.000377153
0.002517239
0.003254836
0.001920823
-0.0002587593
-0.0008634508
0.002603708
0.007263257
0.009181059
0.00677815
0.001426433
0.0008503666
0.005047912
0.007899067
0.007128214
0.005779032
0.005086741
0.005697002
0.007299734
0.008704596
0.008217373
0.00685806
0.003518937
0.0003909667
0.001168588
-0.0008771387
-0.004760893
-0.008536518
-0.007254968
-0.004142508
-0.003274036
-0.003085892
-0.002575415
-0.001636527
0.0007466939
0.004767026
0.007208412
0.008303408
0.005630538
0.00215902
0.001723034
0.005131441
0.01133466
0.01792958
0.02210098
0.02277379
0.02070486
0.01738848
0.01333568
0.01095161
0.009975145
0.01197301
0.01637199
0.02033644
0.02436415
0.0232929
0.01775813
0.01050264
0.004795523
0.0001900183
-0.003477074
-0.005450952
-0.004093498
-0.00160179
-0.0006686296
-0.000516776
-0.0007627093
-0.001445189
0.001316884
0.007122649
0.01034477
0.0121338
0.01185633
0.007827306
0.001800119
-0.002736835
-0.004544257
-0.003649685
0.0004783004
0.006982898
0.009392211
0.009856396
0.009461755
0.009195647
0.009498713
0.009553931
0.01136866
0.009647068
0.006155786
0.002030079
-0.002781055
-0.006073396
-0.009424885
-0.01333226
-0.01780062
-0.02193849
-0.0254827
-0.02962972
-0.03363597
-0.04060327
-0.0478949
-0.05044863
-0.0458552
-0.03768054
-0.03217725
-0.02726555
-0.02456825
-0.02141193
-0.01685413
-0.01335916
-0.0119215
-0.01058176
-0.009227716
-0.009092564
-0.01084746
-0.01550934
-0.0209668
-0.02448524
-0.0252976
-0.02377721
-0.02168969
-0.01809256
-0.0149289
-0.009968004
-0.005761887
-0.003596778
-0.002380256
-0.003876922
-0.003722195
-0.001634554
0.0009284193
0.002135825
0.004625383
0.004998455
0.005481699
0.007484756
0.01063124
0.0148875
0.01853892
0.02006671
0.01867323
0.01702781
0.01579349
0.01482742
0.01263227
0.009564011
0.004260944
-0.00184383
-0.006328832
-0.008109802
-0.0061953
-0.003061886
0.0007600392
0.002192117
0.001553607
0.002793948
0.001573041
-0.001194174
-0.003809397
-0.006083929
-0.00673869
-0.005119859
-0.003714196
-0.001856662
-1.371307e-07
0.00263466
0.005930427
0.009261907
0.0133839
0.01598406
0.01729494
0.01704729
0.01748304
0.01731395
0.0170908
0.01713695
0.01818169
0.02105938
0.02438178
0.02532761
0.02356025
0.02100954
0.01753676
0.01459031
0.01207124
0.01069663
0.01241672
0.01415618
0.01495726
0.01493011
0.01452658
0.01235337
0.007949423
0.004102408
0.004342542
0.002376424
0.001330357
-0.003193902
-0.008179192
-0.009480233
-0.01159319
-0.009434369
-0.007246985
-0.006547773
-0.00607193
-0.004354741
-0.004581664
-0.005659258
-0.007811924
-0.009149602
-0.008387092
-0.008760856
-0.00953343
-0.008994278
-0.005392058
-0.00255993
-0.0008283767
-0.001061335
-0.001139247
-0.002956252
-0.003992949
-0.00364754
-0.004230324
-0.005157862
-0.005961973
-0.004419059
-0.002514038
-0.0001041107
-0.0009041177
-0.001295098
-0.002255233
-0.002543183
-0.001621407
0.0004703139
0.00189904
0.004175392
0.00707599
0.006747271
0.006316559
0.00741279
0.008424368
0.008892289
0.008768613
0.009135563
0.009412756
0.007917194
0.006163576
0.003503182
0.001410931
-0.001683976
-0.003442679
-0.00374482
-0.005629997
-0.008275071
-0.01099052
-0.01317761
-0.014666
-0.0140389
-0.01162374
-0.009658396
-0.007052493
-0.004902526
-0.005232178
-0.006121808
-0.006625877
-0.006726023
-0.006599729
-0.006845733
-0.005553576
-0.004831597
-0.006640238
-0.005735679
-0.002796218
0.000740963
0.001876044
0.001956445
0.001366707
-0.00115593
-0.002842169
-0.002300728
0.002138132
0.004102472
0.005591491
0.007082551
0.008182948
0.008468364
0.008974098
0.008766852
0.01056289
0.01333505
0.01686304
0.01981064
0.01952689
0.01983371
0.01755075
0.01576963
0.01271555
0.009355456
0.006430904
0.002639349
-0.0005820296
-0.001490051
-0.001464777
-0.001500706
-0.001488699
-0.002477317
-0.003260918
-0.005091044
-0.006457075
-0.007920008
-0.007506149
-0.003916014
0.001316315
0.0049554
0.004528759
0.005225133
0.006217301
0.006400603
0.006040238
0.006208229
0.006349692
0.006295308
0.006366379
0.005967223
0.005709839
0.001481589
-0.003239328
-0.007201374
-0.009620167
-0.01038861
-0.0113631
-0.01123498
-0.01048874
-0.009454871
-0.009485892
-0.011153
-0.01112386
-0.01180465
-0.01214374
-0.0134896
-0.01647255
-0.01770724
-0.01868693
-0.01690141
-0.01513223
-0.01315396
-0.01204269
-0.01282456
-0.01263437
-0.01061228
-0.009436804
-0.008729515
-0.007298036
-0.007578129
-0.008625275
-0.007139772
-0.00360714
-0.001728961
0.0006561459
0.003867441
0.006098502
0.007349331
0.004904687
0.0008168105
-0.0007945197
-0.0001557432
0.0007257797
0.002188689
0.003371084
0.003519186
0.003665233
0.002523006
0.001481744
0.0009474081
0.0007608772
0.002308331
0.00475337
0.007821613
0.009205823
0.007337235
0.004532272
0.003634694
0.003848899
0.003696908
0.003387821
0.001720077
-0.0005719233
-0.001486941
-0.001586994
-0.001002645
0.001712466
0.00364624
0.005113858
0.005324817
0.004320938
0.004812361
0.004934527
0.004619094
0.002661443
0.0007323328
-0.0004001756
-0.001776483
-0.001089349
0.0009941452
0.00402112
0.007113356
0.007672912
0.005825249
0.004035706
0.003415063
0.0035798
0.003784297
0.003533852
0.004374787
0.004764862
0.005828117
0.00644459
0.008409483
0.01072014
0.01138754
0.01131951
0.008073138
0.005530543
0.002982826
0.0009083668
0.0004924058
-0.0003121975
-0.001593163
-0.004103251
-0.006550121
-0.008362576
-0.009422292
-0.008578712
-0.007176193
-0.006000139
-0.005670708
-0.00498838
-0.002652657
0.0003684836
0.00177188
0.003354773
0.003295441
0.002025346
0.001587545
0.002435942
0.003965673
0.003616539
0.004121121
0.003886179
0.00482319
0.005032918
0.00542418
0.005306437
0.004038109
0.004480295
0.007164416
0.009109012
0.008933001
0.006815904
0.004173482
0.002535734
0.00245958
0.003571699
0.003475092
0.00315406
0.00150088
0.001104315
0.0007087422
0.001753383
0.002053397
0.001054925
0.0008183655
0.001619119
0.003453106
0.003468406
0.004282338
0.004427123
0.003377461
0.004470791
0.005820114
0.00623407
0.004448877
0.003616339
0.002434932
0.002512178
0.003642035
0.003808985
0.005715006
0.00519952
0.005700946
0.004074624
0.003777335
0.002922077
0.0009641703
-0.001077404
-0.004631666
-0.006547837
-0.009714556
-0.01200105
-0.01476186
-0.01707391
-0.01816095
-0.02001405
-0.02015562
-0.02002386
-0.01958714
-0.01731752
-0.01569053
-0.01421044
-0.01308839
-0.01214182
-0.01168284
-0.01084546
-0.01141367
-0.01246437
-0.01510324
-0.01639881
-0.01459665
-0.01385329
-0.01075884
-0.0084937
-0.005459499
-0.003782947
-0.003817984
-0.003906088
-0.002426481
-3.604153e-05
0.002351309
0.003835932
0.005083887
0.006045193
0.008060132
0.009192744
0.01099241
0.01207601
0.01173871
0.01342813
0.01294594
0.01142128
0.008761346
0.006225815
0.004168638
0.002135914
0.0009977022
0.001494523
0.0003276981
0.0002624456
-0.0001730937
-0.001115599
-0.001238052
-0.001167751
-0.0009465167
-0.001207768
-0.001269126
-0.0005848363
0.0008757077
0.003287313
0.007030623
0.009965135
0.01079833
0.009992637
0.00857194
0.005864224
0.004617993
0.004022566
0.005383611
0.006459558
0.005335162
0.004487672
0.003660246
0.002458592
0.001196697
0.0002965343
0.0006668498
0.001698773
0.00195697
0.0008636706
-0.0007469745
-0.001293893
-0.0003361457
0.001245307
-0.00022924
-0.001161123
-0.002560215
-0.004214796
-0.005233665
-0.00550027
-0.003779695
-0.001751366
0.001500055
0.004030028
0.006640226
0.007668935
0.00763498
0.00654239
0.004911708
0.004712271
0.004075055
0.002501526
0.001955681
0.0005854137
-0.0008709054
-0.001948897
-0.001874197
-0.0007247587
0.0004678562
0.002436242
0.003202858
0.003498363
0.00379754
0.002368104
0.0001055594
-0.001140987
-0.001852508
-0.002959699
-0.003996815
-0.004962737
-0.005945251
-0.006015487
-0.005771245
-0.005446403
-0.00452481
-0.004211814
-0.004336384
-0.004141745
-0.004062942
-0.003080842
-0.002312053
-0.002048906
-0.002531338
-0.00338152
-0.00405137
-0.004746875
-0.004993788
-0.004831119
-0.004649809
-0.004447468
-0.004142781
-0.003845005
-0.003714593
-0.003497435
-0.003275414
-0.002973956
-0.002198982
-0.001437669
-0.00138975
-0.001346242
-0.001355571
-0.001559617
-0.001976943
-0.00207353
-0.001476322
-0.001467385
-0.0017505
-0.001879707
-0.001623037
-0.001145577
-0.0003691521
0.0004938767
0.0007836954
0.001129101
0.001394161
0.001635574
0.00196455
0.002197413
0.002082181
0.001689205
0.001577359
0.001778525
0.001879024
0.001769596
0.001702009
0.001288405
0.000997119
0.0009920083
0.001151501
0.001232582
0.001244336
0.00116565
0.001028314
0.0009853647
0.0009780616
0.001010553
0.0009842085
0.0009216616
0.0008537455
0.0008313678
0.0007993439
0.0007943373
0.0008748778
0.0009254568
0.0009152242
0.0008581065
0.0007930292
0.0007569035
0.000751123
0.0007373301
0.0007313392
0.0007289568
0.0006686447
0.0006002244
0.0005106565
0.0004290029
0.0003467531
0.0002918879
0.0002345186
0.0002139407
0.0002079509
0.0001921295
0.0001826342
0.0001640368
0.0001497385
0.0001338997
0.0001360197
0.0001377535
0.0001388544
0.0001488487
0.0001547073
0.0001575832
0.0001601147
0.0001568257
0.0001556049
0.0001580624
0.0001654425
0.0001713179
0.0001745731
0.0001786636
0.000183745
0.0001882398
0.0001898735
0.0001902815
0.0001912891
0.000192734
0.0001939252
0.000195653
0.000196696
0.0001961398
0.0001939989
0.0001893325
0.0001831485
0.0001758322
0.000167782
0.0001591597
0.000149986
0.0001403486
0.0001301576
0.0001194905
0.0001084031
9.696553e-05
8.52281e-05
7.324053e-05
6.105453e-05
4.871688e-05
3.627481e-05
