-0.001356556
0.001634953
0.002461115
-0.002363392
-4.269538e-05
-0.00121738
-0.003394642
-0.0001892207
0.001020173
0.001636064
8.660179e-05
0.001809423
0.0005182721
-0.003502314
0.003031143
0.006630256
0.00411047
0.005622828
0.005022914
0.001879215
-0.0009298182
-0.0003044053
0.001948029
0.001608757
0.0006249476
0.0007142888
0.0005446518
0.0004424328
0.004950727
0.004087849
0.0005046934
0.001550399
0.001909762
-0.002236123
-0.004427616
0.003102631
0.007102786
0.005402253
0.00566531
0.006340571
0.0008796151
-0.00457519
-0.003651838
0.002972417
0.002611853
-0.001757274
-0.000212362
0.003456326
0.004241573
0.009263965
0.003435796
-0.01121238
-0.009076359
-0.007877582
-0.008357643
-0.009312967
-0.008907532
-0.003266307
0.002798322
-0.0007820343
-0.01130044
-0.01082424
-0.002007389
0.001938128
-0.002256923
-0.003019625
-0.0005631145
-0.0009023423
-0.001652558
0.0009449352
0.004451384
-0.007497172
-0.01037079
-0.001955905
-0.002128337
-0.006177713
-0.004815979
0.0006350904
0.002848706
0.008646761
0.01129103
0.005692722
-0.003418413
-0.0003038008
0.00517429
0.0001627529
0.003482591
0.008660018
0.005456151
0.006876971
0.01140487
0.002943168
-0.01605108
-0.01963423
-0.01598138
-0.01053528
-0.009764783
0.003253979
0.02127795
0.02127871
0.01945872
0.01873531
0.007525366
-0.0009847177
0.005480924
0.009265116
0.00998122
0.006465384
0.00426641
0.004959181
0.004480074
0.001748845
-0.00705538
-0.01711016
-0.02167525
-0.02326704
-0.02253313
-0.02264884
-0.00937606
0.004578365
0.007245494
0.00792061
0.005809162
-0.006426787
-0.01934424
-0.0112323
0.0005283217
0.007348274
0.008212433
0.001952862
-0.001525073
-0.00432573
0.002345375
0.01239381
0.008646827
0.003242324
-0.0009615714
-0.009832985
-0.01601976
-0.007361435
0.007075289
0.01664977
0.02728719
0.02014104
0.003258927
-0.01173425
-0.02154982
-0.02296371
-0.01304433
0.006499943
0.01396343
0.01204604
0.002272628
-0.007905818
-0.009806882
-0.01411005
-0.01390482
-0.006044353
-0.01251076
-0.01312352
0.004561609
0.01479991
0.0139763
0.006411541
0.0004756641
0.01016012
0.01170206
0.002250386
0.003929979
0.007429317
0.003003382
-0.01280792
-0.01018685
0.0007412863
-0.003924244
-0.01414176
-0.02112076
-0.02387787
-0.02439716
-0.02285395
-0.01702375
-0.00390035
0.002617503
0.007545285
0.01245978
0.01221312
0.01649317
0.02158732
0.02751888
0.02985099
0.02154041
0.01583286
0.01135951
-0.0009506055
-0.01122062
-0.01240658
-0.00965014
-0.01313199
-0.02139973
-0.01384832
-0.002805338
0.002846018
0.007821064
0.01447411
0.01903617
0.01800558
0.02206788
0.0220044
0.01911139
0.0155206
0.004626786
-0.003864058
-0.0111522
-0.02067832
-0.02612439
-0.03052711
-0.0327949
-0.02997689
-0.0234523
-0.009039921
0.004230086
0.01284493
0.02608848
0.03335822
0.03369588
0.02339684
0.002289997
-0.008247835
-0.006963741
-0.007370782
-0.01294617
-0.008951986
0.0005207046
0.01682543
0.0259016
0.01942784
0.008292704
-0.007505028
-0.02050586
-0.02977784
-0.03288275
-0.02666579
-0.01943296
-0.007780398
0.007683965
0.01119201
0.01642786
0.01986768
0.005166764
-0.009593553
-0.01531665
-0.01294405
-0.0119738
-0.01669518
-0.01991414
-0.01826172
-0.00907133
-0.008908749
-0.0106864
-0.00826771
-7.690928e-05
0.006869631
0.005743812
0.006452018
0.007935373
0.00849362
0.01085727
0.007936339
0.003679153
0.001659857
0.003101366
0.01415345
0.01531564
0.004597799
-0.003420059
-0.006847988
-0.007272993
-0.008060092
-0.01000999
-0.01034015
-0.01532049
-0.01475712
-0.009220261
-0.006236428
0.0062252
0.01703358
0.01989919
0.0173946
0.005677257
0.0009355547
0.001358224
-0.002275674
-0.007922033
-0.003643837
0.0007752151
-0.006366435
-0.01268399
-0.006066932
0.004390456
0.007548805
0.0124982
0.01828
0.01792446
0.01557279
0.01201444
0.004618738
0.004799633
0.005597654
0.005020727
0.003347277
0.004581825
0.01076548
0.008316929
0.003836409
0.000112812
-1.640143e-05
-0.00338087
-0.01755444
-0.03328453
-0.04139559
-0.04597821
-0.04856849
-0.04978209
-0.04471649
-0.02933475
-0.01430873
0.01001226
0.03527109
0.04601818
0.05056878
0.05559569
0.0603555
0.06358217
0.06279415
0.0483025
0.02975521
0.01903224
0.01405986
0.01846449
0.02565169
0.02959846
0.02947532
0.02666569
0.01583669
-0.003247103
-0.01898147
-0.03245435
-0.04381303
-0.04915465
-0.0457916
-0.04343322
-0.0372867
-0.03385217
-0.03335614
-0.01863848
-0.006643016
0.004865811
0.01305981
0.01090483
0.001476199
-0.005922754
-0.006892643
-0.0006369113
0.00829849
0.01486542
0.01717495
0.01437323
0.007982106
0.003871586
0.007219313
0.01170028
0.01668725
0.0170608
0.008326754
-0.01046553
-0.02767507
-0.03228153
-0.03031495
-0.02533035
-0.01395738
0.002323753
0.01893566
0.03214267
0.03896185
0.0448953
0.05364776
0.04932623
0.02770125
0.01009302
0.004824599
-0.0004130477
-0.009216793
-0.01287253
-0.01261151
-0.0105206
-0.003623475
0.003949966
0.009917944
0.01183657
0.009493601
0.001829296
-0.000974854
-0.002003044
-0.005133547
-0.01600468
-0.03599279
-0.04873486
-0.05210842
-0.04809602
-0.04337254
-0.0389399
-0.03408595
-0.02960847
-0.01880279
-0.005016742
0.003818431
0.007236278
0.00695765
0.004069832
-0.0001450156
-0.007787064
-0.02236008
-0.03070408
-0.03143179
-0.02567333
-0.02108972
-0.0113279
0.01570693
0.03548333
0.05652269
0.07629215
0.0802827
0.05027029
0.003352723
-0.02216915
-0.03928039
-0.03321934
0.002757505
0.03364881
0.05061027
0.06276232
0.06484276
0.06151841
0.05216678
0.03701347
0.01185159
-0.01044404
-0.02114986
-0.02161971
-0.008660132
0.008279433
0.02647475
0.04061968
0.04912199
0.04182057
0.02347134
0.01028231
-0.003979942
-0.0259991
-0.04214751
-0.06004292
-0.07978687
-0.0864993
-0.07957256
-0.06427128
-0.05918795
-0.06645307
-0.07376523
-0.07171084
-0.06145136
-0.047566
-0.03261453
-0.02155648
-0.01710677
-0.01159969
-0.001715586
0.02231359
0.05294475
0.06857675
0.06411519
0.04719374
0.03399905
0.03081377
0.03129948
0.04019402
0.05228944
0.05540076
0.05504417
0.05557589
0.05578922
0.05311618
0.04465043
0.03532796
0.02758728
0.01715097
0.004193972
-0.003276354
-0.007510326
-0.01639021
-0.02807839
-0.04298557
-0.05491252
-0.06044917
-0.06020568
-0.0537013
-0.0404658
-0.01890103
-0.007163651
-0.006203809
-0.003378314
0.004002278
0.02072856
0.03254339
0.03620811
0.03041773
0.0224413
0.01284121
-0.002640436
-0.02515678
-0.05227479
-0.06453631
-0.06558492
-0.0634033
-0.05763742
-0.04880847
-0.0460433
-0.03867305
-0.02167083
-0.003781244
0.01677788
0.03513567
0.04678925
0.05359258
0.05539793
0.05147909
0.04053962
0.02506924
0.008010518
-0.007512907
-0.02740729
-0.04279932
-0.04653899
-0.04559988
-0.04010354
-0.03587187
-0.0205077
0.0001918991
0.005378522
0.00282421
-0.002129085
-0.01032915
-0.01372911
-0.0090589
-0.003542945
0.001457725
0.01212058
0.02409507
0.02816573
0.02669049
0.02977786
0.03667886
0.04360637
0.04680995
0.04558168
0.0330763
0.02136223
0.01655265
0.008643202
0.004968816
0.001892068
0.0031208
0.00457188
0.003754512
0.002846315
0.003815965
0.00495595
0.004760769
0.003236453
0.005836033
0.0125666
0.01749388
0.0198364
0.01761965
0.01395237
2.590809e-06
-0.01517756
-0.02697214
-0.04135776
-0.06068613
-0.07875912
-0.08170758
-0.07532119
-0.06224034
-0.04618477
-0.03203497
-0.01599587
0.001160965
0.01523053
0.02162342
0.02306643
0.02133094
0.01600916
0.01157872
0.01318576
0.01983355
0.02415995
0.02819756
0.03750275
0.04473613
0.04933468
0.05484019
0.05903198
0.05509142
0.04195434
0.01866643
-0.005657176
-0.01865147
-0.03469264
-0.04688023
-0.04939941
-0.04501411
-0.03596942
-0.02475011
-0.009615931
0.003937334
0.006322701
-0.001915266
-0.01675175
-0.02761542
-0.02703575
-0.01783205
0.002725448
0.01709576
0.01944842
0.01868804
0.01659141
0.01285676
0.001224097
-0.01172737
-0.02404782
-0.03450661
-0.03757938
-0.03185081
-0.01268462
0.007214907
0.01611186
0.02020757
0.0231253
0.02260965
0.01704697
0.01141805
0.003616481
-0.004133108
-0.004885539
0.001797828
0.008977045
0.0125791
0.01402994
0.009264996
0.001681697
-0.008287342
-0.0162685
-0.02299602
-0.0311568
-0.03402273
-0.03021879
-0.02411892
-0.01456729
-0.005136035
-0.0002977326
0.007341382
0.01273975
0.01500149
0.01645025
0.01938925
0.02021691
0.0212179
0.02620098
0.02957764
0.02627642
0.01718868
0.01296823
0.01030854
0.001507322
-0.006353422
-0.01069831
-0.01446177
-0.01490014
-0.009696795
-0.004142477
-0.00162983
0.000607443
-0.0002509747
-0.002928097
-0.0006837395
0.003042745
-0.0002065106
-0.005956892
-0.01059036
-0.01256474
-0.01711965
-0.02295067
-0.027012
-0.02834194
-0.0184824
-0.004339555
0.007293853
0.0188122
0.02751525
0.03260657
0.03216335
0.02564199
0.02080559
0.01610376
0.01043808
0.0090472
0.00607128
0.00252003
-0.0002998506
-0.002802569
-0.001539442
0.0001663986
0.004263094
0.008274185
0.0101861
0.01271917
0.01757791
0.01766208
0.01291143
0.0104424
0.00762876
0.0003382587
-0.011837
-0.019809
-0.02276867
-0.02375785
-0.02148597
-0.01085404
0.0005193809
0.006462443
0.007722642
0.007199868
0.00796438
0.001883679
-0.007897627
-0.01509228
-0.01872306
-0.01796789
-0.01662306
-0.01960201
-0.02166508
-0.01838846
-0.01340634
-0.01182579
-0.01283819
-0.01178405
-0.008893952
-0.007853007
-0.005313791
-0.002737739
-0.003391088
-0.004256546
-3.436827e-05
0.006403414
0.01355817
0.01745218
0.0175904
0.02136821
0.02357402
0.02336837
0.02386875
0.02276565
0.02204917
0.01893768
0.01518466
0.01309115
0.01232366
0.01345943
0.01530417
0.02271811
0.02302175
0.01589663
0.004056133
-0.00775397
-0.01282384
-0.01519682
-0.01562158
-0.01700009
-0.01741364
-0.01627271
-0.01143226
-0.00620009
-0.001042385
0.004693721
0.01095715
0.01492259
0.01329845
0.007068958
0.001310677
9.442878e-05
-0.003677908
-0.004220958
-0.001518339
0.0003213773
0.0006372257
-0.0001240438
-0.002833522
-0.00510342
-0.0009157117
0.004693955
0.01032703
0.01848369
0.02519193
0.02841386
0.02930919
0.02871435
0.02791141
0.02268562
0.01183367
0.0009540011
-0.007910061
-0.01291048
-0.01449075
-0.01473797
-0.01511461
-0.01657248
-0.01802319
-0.01785931
-0.01598382
-0.01532517
-0.01554779
-0.0145414
-0.0127475
-0.008890015
-0.0042248
0.001733861
0.006904023
0.01137044
0.01127237
0.007667537
0.005079618
0.001321741
-0.003965098
-0.008959254
-0.00910943
-0.006415813
-0.002777682
0.002792402
0.005611579
0.004442536
-0.0005382075
-0.006977632
-0.01371488
-0.01818371
-0.01780957
-0.01490485
-0.007450878
-0.0007026257
0.002307301
0.002911078
0.004821437
0.007061309
0.004682655
-8.695378e-05
-0.002731928
-0.0007593456
0.001961962
0.001463151
-0.004739477
-0.01280777
-0.01745704
-0.01778256
-0.0187394
-0.0203439
-0.02003494
-0.02044406
-0.01544517
-0.008360266
-0.003027764
0.00183871
0.002978082
0.001166604
-0.000995791
-0.003118402
-0.004460728
-0.006693481
-0.009023191
-0.01052363
-0.01017488
-0.004756613
0.002400697
0.00656854
0.009170562
0.01357298
0.0192442
0.02520031
0.02847464
0.028904
0.0269223
0.02237624
0.01614828
0.009736588
0.005684236
0.004905002
0.006719709
0.006619832
0.00568874
0.002657418
-0.002968728
-0.007939113
-0.01312363
-0.01751474
-0.01917725
-0.01809489
-0.01579265
-0.01247346
-0.008183222
-0.004383539
-0.002544304
-0.001401717
-0.0009578297
-0.001050441
-0.003579837
-0.005227977
-0.008232686
-0.01301836
-0.01599764
-0.0163709
-0.01169919
-0.003672557
0.004960892
0.009693994
0.01229521
0.01446299
0.01457851
0.01234604
0.01057558
0.009127406
0.009343897
0.01004594
0.009981956
0.009542621
0.005770962
0.001587166
-0.0009085239
-0.002624931
-0.005143015
-0.00801508
-0.009959944
-0.01117757
-0.01205047
-0.008098802
-0.0004302035
0.006583624
0.01620253
0.0215488
0.02203781
0.0186253
0.01231296
0.005401784
-0.003822751
-0.009456975
-0.01239934
-0.01399539
-0.01376661
-0.01099702
-0.006282274
-0.002480379
0.0006809738
0.002242992
0.00139578
-0.001280306
-0.004630609
-0.01014642
-0.01201777
-0.01061292
-0.00808808
-0.006126202
-0.003768621
-2.377813e-05
0.00209008
0.001381623
0.0009322031
0.0007918617
0.001743922
0.002688882
0.0008329212
-0.001213788
-0.002788277
-0.002327851
4.401715e-05
0.004675279
0.006918735
0.006962022
0.005666098
0.001450902
-0.0039781
-0.00773946
-0.01015849
-0.01051716
-0.009094897
-0.004507514
-0.0002781506
0.0006372829
0.00164038
0.00385425
0.007201329
0.009471388
0.01009513
0.008666583
0.007951046
0.005591269
0.003348762
0.003957145
0.00586809
0.008515526
0.008062184
0.005619795
0.001638227
0.001386725
0.002648978
0.001814088
0.00231542
0.002163952
-0.0002223241
-0.005208616
-0.00932787
-0.01262811
-0.01568454
-0.01734767
-0.01589878
-0.01353496
-0.01084778
-0.007428199
-0.003863825
-0.001603986
0.001374918
0.003242069
0.004993927
0.006705038
0.004800231
0.0001597483
-0.003813643
-0.005430858
-0.004420563
-0.0006674513
0.002646012
0.007393659
0.01091728
0.0132373
0.01418339
0.01498874
0.01747707
0.01723794
0.01590131
0.0121014
0.007229429
0.0009283454
-0.001919968
-0.001427827
0.0002863316
0.0001420308
-0.001689325
-0.002781219
-0.004898167
-0.008724663
-0.01305604
-0.01536278
-0.01760727
-0.01864002
-0.01840389
-0.01612883
-0.01389349
-0.01104199
-0.008604699
-0.007441341
-0.006941021
-0.006473305
-0.00414416
0.001757088
0.007176885
0.0109688
0.01341838
0.01307524
0.01249849
0.009698136
0.007100745
0.005446867
0.004019389
0.004950134
0.006452113
0.006891251
0.007139653
0.006802562
0.00578922
0.005778536
0.006024896
0.00643545
0.005815852
0.003613187
-0.001040512
-0.005817707
-0.007277845
-0.005988096
-0.003669118
-0.002193671
0.0002589186
0.002517734
0.001835895
0.001092837
-0.0007140619
-0.002879026
-0.006008874
-0.008810313
-0.01369253
-0.0193388
-0.02251055
-0.02267943
-0.01927633
-0.01234499
-0.006200041
-0.002720263
0.001353056
0.004228957
0.008489962
0.01040603
0.01222518
0.01089055
0.007329189
0.006808422
0.007396413
0.007116397
0.006252936
0.004390881
0.002227916
0.001807096
0.002331823
0.001886518
0.002123595
0.002747256
0.004559212
0.005260415
0.004031764
0.003388584
0.002584226
0.003629127
0.002878837
0.003546342
0.002320735
0.001157312
0.001437198
0.002154667
0.003047577
0.002600176
0.001774386
-0.0006273326
-0.003202444
-0.002830803
-0.002160281
-0.002232334
-0.003488598
-0.00426752
-0.003588862
-0.002671526
-0.002528373
-0.001569225
0.0001610467
-0.001508346
-0.00121835
0.0005731105
0.003711974
0.005544256
0.004655159
0.003147918
0.003632727
0.004543922
0.004451427
0.00347968
0.0006760184
-0.0007710765
-0.00255883
-0.003708095
-0.006457724
-0.00868112
-0.006056428
-0.003450026
-0.002152355
0.0006427083
0.003811071
0.005285243
0.005769985
0.005678456
0.005604241
0.005395377
0.004131833
0.003594514
0.003031692
0.003064526
0.005063916
0.006871585
0.009092325
0.01135793
0.01150505
0.009028713
0.0055079
0.0005896181
-0.002408003
-0.00242624
-0.004304925
-0.003953929
-0.002665527
-0.0007243481
0.000338661
-0.0009035686
-0.002802649
-0.005061887
-0.006445901
-0.009756695
-0.01197917
-0.01271147
-0.01185459
-0.01061624
-0.008910737
-0.008074275
-0.007742716
-0.007374415
-0.007372329
-0.006713358
-0.007542577
-0.008092304
-0.009234678
-0.009343829
-0.008169807
-0.007563879
-0.006275643
-0.003717472
-0.0008308893
0.001352953
0.004449668
0.003830574
0.001465178
-0.000827808
-0.001195059
-0.002393587
-0.002856757
-0.001339051
0.00098032
0.005075605
0.00668816
0.007691765
0.007714123
0.009092072
0.008640146
0.005348499
0.005374889
0.006446803
0.009229254
0.009347465
0.008911803
0.009439028
0.008784081
0.007061159
0.004248891
0.001671183
-0.000276179
-0.0007751557
-0.0002704617
0.002063114
0.002371991
0.003602936
0.003967914
0.004424683
0.004148068
0.004486486
0.003025658
0.001308737
0.002752819
0.002930063
0.002238284
0.0005570574
-0.001540332
-0.002699336
-0.002075368
-0.003697457
-0.003789558
-0.00245672
0.000350011
0.002075567
0.00213749
0.0004807076
-0.002386833
-0.002484078
-0.002937298
-0.002804021
-0.002963507
3.085745e-05
0.001689027
0.002847382
0.004650378
0.006786927
0.007415931
0.005184813
0.003753397
0.0008674249
-0.001664592
-0.006238683
-0.009416403
-0.01161189
-0.01359933
-0.01265119
-0.008050467
-0.002766285
0.0004646349
0.003039716
0.003765513
0.003541695
0.002299901
0.001440591
-0.0002173719
-0.002939234
-0.00201868
-0.0001138066
0.0008149167
0.0007165041
-7.246401e-05
-0.001231704
-0.0003050759
0.001729309
0.00343319
0.005229903
0.006327911
0.007087294
0.007154082
0.006880189
0.005484293
0.005274636
0.005327126
0.005045029
0.004654832
0.004655286
0.002889109
0.001360544
0.001007032
0.002515021
0.001793327
-0.0009388498
-0.003437404
-0.007111056
-0.009128211
-0.01111582
-0.009651755
-0.006814783
-0.001914323
-0.0002512976
-0.001311691
-0.00423361
-0.005179811
-0.005265117
-0.005794139
-0.004797252
-0.00567409
-0.0046068
-0.003725165
-0.002213165
-0.002180158
-0.003584346
-0.003482002
-0.004150784
-0.005703919
-0.005047726
-0.003107366
-0.002071711
-0.002144817
-0.002232201
-0.001178231
0.0005877344
0.001168442
0.001221825
0.0007315204
0.001604955
0.00267423
0.002576628
0.003215453
0.004373488
0.005080693
0.002531023
0.0003546532
0.000567112
0.0004899094
0.0001587139
0.000239605
-0.0003476072
-0.0006798236
-0.0004030937
-0.0003426009
-0.001233768
-0.002247343
-0.002974298
-0.002736336
-0.002439208
-0.003455838
-0.003444307
-0.003563345
-0.003569174
-0.001252473
0.001068358
0.002123344
0.0034548
0.005296213
0.006730644
0.007511272
0.00667113
0.005105771
0.004103435
0.003111316
0.001935597
-0.001007778
-0.001970343
-0.002015898
-0.002479667
-0.002606818
-0.00333476
-0.00333748
-0.002716986
-0.001983249
-0.002695859
-0.001436832
-5.434783e-05
0.0004804988
0.001664097
0.0007954543
0.0004051899
-0.001228444
-0.003685236
-0.003059607
-0.0009906387
6.649195e-05
0.001041023
0.002060416
0.00450072
0.005989124
0.00448265
0.002855364
0.002129242
0.001476426
-0.0008828005
-0.002732761
-0.003779305
-0.004130762
-0.003253774
-0.00146468
0.0003729343
0.003382047
0.004677284
0.004666132
0.005765177
0.005337226
0.005310316
0.004149043
0.002457134
0.001335936
0.0007963397
-0.0006004575
-0.002915838
-0.004638678
-0.005926933
-0.00604458
-0.007452387
-0.007348377
-0.004327295
-0.002169741
0.0003880625
0.002969431
0.003618462
0.002275737
0.001982835
0.001008083
0.0004523424
-0.0003632904
-0.0006741167
-0.002175627
-0.00219302
-0.0009209703
-0.0008961286
0.0004204349
0.0006333753
0.000434055
-5.307644e-05
0.0001189211
-0.000942307
-0.0007825086
-0.0001673651
0.001017009
0.002037958
0.002518605
0.002560332
0.002260458
0.001560418
0.0004940248
-5.047167e-05
-0.0008398379
-0.001254675
-0.001966789
-0.001418838
-0.0008357731
-3.38535e-05
0.0006132282
0.001443526
0.001860605
0.0018123
0.001630242
0.0009875081
0.0003049863
-0.000405777
-0.000445698
-0.0004130575
-0.0004103545
-0.0005873344
-0.0005888246
-0.0004803286
-0.0001590176
0.0001140313
0.0003665376
0.0004826613
0.0001594544
-0.0005495051
-0.0009721691
-0.0006139248
-0.0006824736
-0.0005807003
-0.0005668405
-0.0001858266
0.0002186782
0.0001745158
0.0004098342
0.0003950492
0.0004181587
0.0001696671
4.210219e-05
-6.564915e-05
-7.367521e-05
1.410233e-05
1.330798e-05
3.92527e-05
4.148558e-05
6.278532e-05
7.581569e-05
7.000934e-05
6.164423e-05
8.406178e-05
9.314748e-05
0.000151031
0.0001856807
0.0001983512
0.0002313049
0.0002460231
0.000255071
0.0001805536
9.471607e-05
7.301957e-05
-1.689461e-05
-5.039328e-05
-4.471443e-05
-4.622654e-05
-1.924014e-05
-4.43982e-06
-1.773109e-06
7.373047e-06
1.88887e-05
1.933232e-05
1.966575e-05
2.580782e-05
3.151885e-05
3.730066e-05
3.513315e-05
3.554866e-05
4.052917e-05
4.286003e-05
4.44893e-05
4.362677e-05
4.251432e-05
4.127097e-05
4.080045e-05
4.087983e-05
4.037913e-05
3.967548e-05
3.893086e-05
3.77365e-05
3.602645e-05
3.386387e-05
3.131977e-05
2.857071e-05
2.571726e-05
2.277212e-05
1.976668e-05
1.673318e-05
1.365439e-05
1.048228e-05
7.185951e-06
3.75206e-06
