-0.0003923974
4.011468e-05
0.0001003267
-0.0003147815
0.0002299304
-0.0001637579
-0.0002677662
-0.0002146947
-0.0002615832
0.0001974482
-0.0001238205
-0.0003369692
8.841891e-06
0.0001139329
-0.0003042361
-0.0002113852
-0.0002388943
-0.0002531436
-0.0001970129
-0.0003132624
-1.029192e-05
0.0002416784
0.0003355487
1.019031e-06
0.0002325892
-0.0002529007
2.048924e-05
3.275915e-05
0.0003755089
0.0002062187
-0.0001782916
0.0002491179
-0.0004199725
-8.640311e-05
-0.0003964537
0.0004705755
0.0003155647
0.0002900937
0.0004574028
0.0004217317
0.0003758606
0.0002341094
0.000124998
-0.0003288734
-0.0001697248
-0.0002869963
-0.0001757879
-0.0003144797
-1.311488e-06
0.0001353966
-0.0003225553
0.0002160327
4.920578e-06
0.0002783084
0.001404416
-6.435621e-05
-0.0001183887
0.0002141588
2.650631e-05
0.0001101737
0.0006661009
0.0002601681
-0.0004211647
-6.821774e-05
-0.0004027507
8.789609e-05
5.732289e-05
-0.0002374304
-0.0002537238
-0.0001863771
-0.0002812107
-0.0001598042
-0.0003250179
1.772833e-05
0.0005410144
-0.0001739794
-0.0002871734
-3.520739e-05
0.0003269185
0.0001066242
-0.00032379
-0.0001320043
-0.0003451588
5.266673e-05
8.227216e-05
-0.0001380225
0.0008248829
0.000152728
-0.0003164469
-0.0001532219
-0.0002888569
-0.000146032
-0.0003255271
3.149756e-05
0.0001314822
-0.0003172932
-1.534865e-05
0.0002039758
-0.0004090198
0.0001050844
3.472869e-05
-4.684716e-05
0.000179617
-0.0003395391
0.0002898249
-0.0002007713
-5.182751e-05
0.0002266562
-0.0004128601
0.0001043034
6.65869e-05
-0.0002159297
0.0001278337
0.0005633969
0.0001697001
-0.0002647967
-0.0002382537
-1.689071e-05
0.0001789722
-0.000319785
-0.0001371822
-0.0002911795
-5.556872e-06
0.0006125857
-0.0002360319
-0.0001574695
-0.0002890271
4.755174e-06
0.0002995573
0.0003016195
0.0005423616
-0.0001705965
-0.0002246346
-0.0001950327
-0.0002133709
-0.0002133493
0.0002242523
-0.000110286
-0.0002459246
-0.0001908231
0.0002110782
-9.59205e-05
-0.0002590993
-0.0001652382
-0.0002325371
-0.000178456
-0.0002243351
-0.0001753542
-0.0002518335
0.0003887473
0.0004938279
2.66885e-05
-0.000197691
0.0001807495
7.672986e-05
0.0007213902
0.0007122304
-0.0003148894
8.905073e-05
9.825077e-05
-9.450924e-05
0.0004226506
5.85305e-05
0.0002146102
-0.00011687
-8.013037e-05
0.0002921892
-0.0004360712
0.0001779882
8.687524e-06
0.0004360868
0.0006951861
-0.0002166748
-0.0001707557
-0.0002105166
-0.0001707176
-0.0002257787
0.0002679201
-0.0001268011
-0.0001951224
-0.0002195838
0.0002802349
-0.0001654867
-9.408194e-06
0.0002180702
-0.0003255714
3.246676e-05
0.0003548049
0.0001477631
-0.0003030588
0.0004517591
0.0004497371
0.0005231949
-0.0001469272
0.0002345704
-0.0001081319
-6.425421e-05
0.0002886834
-0.0003997991
0.0001428582
0.0001051356
-0.0002049271
-0.0001885899
-0.0001702128
-0.0001956957
-0.0001701786
-0.0001915816
-0.0001742247
-0.0001854278
-0.000180311
-0.0001782543
-0.0001884376
-0.000165981
-0.0002067645
0.000266532
0.0003012284
5.542473e-05
0.000335941
0.0007408972
0.0002921134
-0.0003780104
0.0001391456
0.0001116216
-0.0001882425
-0.0002096466
-0.0001127308
-0.0002952951
0.0005278605
0.0002188162
-0.0001024683
0.0007196672
-0.0002421773
-0.000113642
0.0001801334
9.808654e-06
-0.0003471761
0.000145499
8.125408e-05
-1.97109e-05
0.0003546441
0.0003373189
0.0001486338
-0.0002450715
0.0002802433
-7.980203e-05
-0.0002470675
1.406711e-05
0.0003914815
0.000134456
-0.0002347696
-0.0001409153
-0.000192921
-0.0001735269
0.0002538673
-7.761861e-05
-0.0002153046
-0.0001520506
-0.0001816168
-0.0001775229
-0.0001540491
-0.0002162553
0.0003070183
-0.000155028
5.125514e-06
0.000636519
-5.400752e-05
0.0008833858
0.0001836792
-0.0002457275
-0.0001294343
-0.0002110211
-0.000135528
-0.000213035
-0.000127342
-0.0002323891
0.0003102638
-0.0001303633
-0.0001578905
-0.0002262178
3.287484e-05
0.0002246474
-0.00030166
-5.786749e-05
-0.0003220351
0.0005510973
0.0002247097
-0.0002281581
-0.0001985658
2.992634e-05
0.0002063984
-0.0002587094
-0.0001362975
-0.0001791256
-0.0002035936
-6.017844e-07
0.00037783
0.0005910217
-0.0001964065
3.004506e-05
0.0002187567
-0.0002953119
0.0003350596
-0.000143309
-0.0001494176
-0.0002371262
5.052497e-05
0.0001861962
0.0001658073
-1.574157e-05
-0.0002829705
3.120047e-05
0.0003922914
0.0001005823
-4.934686e-05
0.0002760439
-0.0003430853
-3.605466e-05
-0.0003257241
0.0001149265
0.000534157
6.292755e-05
0.0002128779
-0.0003185317
7.723867e-05
0.0002843089
0.0008157392
0.0001925294
-0.0002215805
-0.0002154504
4.873955e-05
0.0001466695
-5.426056e-05
0.0002435893
-0.0002837408
-0.0001623512
0.0007862586
0.001065748
0.0001008379
-0.0002255525
-1.746302e-05
0.0003915664
0.0005557958
-0.0001551347
-0.0001612454
-0.0002407962
3.869306e-05
0.0001917022
-0.0002734087
-0.0001234595
-0.0002417705
-9.201544e-06
0.0004008474
0.0001070962
-0.0002274548
-0.0001591061
-0.0002100974
0.0002580913
-9.278003e-05
-0.0002314914
-0.0001468229
-0.0002222944
-0.0001437459
-0.0002426775
-7.049158e-06
0.0003876991
0.0001163874
-0.0002436644
-0.0001518562
-0.0002150881
-0.00015898
-0.0002232319
0.000268416
-0.000120196
-0.0001028481
0.0008947197
0.0001246275
0.0002133752
-0.000100777
-0.0002058294
-0.0002211217
6.345843e-06
0.0001950534
-0.0001782591
0.0005286083
-5.890431e-05
0.000486803
0.0002430304
-0.0002965424
-0.0001323152
-0.0002353281
-0.0001516809
-0.0002383738
0.0002716332
-0.0001241198
-0.0002159128
-0.000177146
-0.0002179391
-5.371229e-05
0.0004287545
3.09612e-05
-2.309212e-05
0.0002125345
-0.0003178589
-0.0001056923
-0.0002729659
-0.0001209794
-0.0002709129
-0.0001168865
-0.0002821203
-0.0001046339
-0.0002229477
0.0008755985
0.001220364
-0.0002820892
-0.0001545831
-0.0002382171
0.000347269
0.0006828548
0.0008644208
-0.0002422734
-1.78675e-05
0.0002310183
2.396403e-05
0.0002463298
-3.21246e-05
0.000457481
0.0003442666
0.0007726721
0.0001474176
-8.513691e-05
0.0002300485
-0.0003319661
-0.0001310208
0.0001647845
-5.247022e-05
-0.000302365
-0.0001167198
-0.0003043947
2.915038e-05
0.0001831754
-0.0003635396
0.0004973454
0.0002270504
-0.0003135448
-0.0001482999
-0.0002441751
-0.0001829703
-0.0002217256
-0.0002023409
-0.0002053963
-0.0002217116
-0.000179887
-0.0002706624
9.84202e-06
0.0001618265
-0.0002808491
-0.0003083847
-0.0007357604
0.0002108039
-0.0001441518
-0.0006194675
-8.192335e-05
-0.0008305993
-0.001302855
-0.000577631
0.000292433
-0.000158403
-0.0002216389
-0.000224695
-0.0001624711
-0.0008203674
-0.0008519834
-0.00104272
-0.001282416
-0.001126352
-0.001250789
-0.001146745
-0.001236501
-0.001158978
-0.001226294
-0.00117019
-0.001216087
-0.001180383
-0.00120588
-0.001192618
-0.001193634
-0.001208931
-0.001170168
-0.001255844
-0.0006061009
-1.143782e-05
0.0007780453
0.0005934283
-0.0001909486
-0.0002480656
-0.0001674827
-0.0003112997
0.0004282031
0.0007903059
0.0007862287
0.0006903516
0.0009892143
0.001531857
0.0008311197
0.0001630223
-0.000720295
-0.0003214724
0.0004588301
0.002581453
0.003717735
0.003728958
0.003045559
0.0008301224
-0.002510375
-0.004438172
-0.002744971
-0.0003245085
0.002693673
0.004731636
0.004539878
0.00305272
0.0008893022
-0.0002541158
-0.0002020938
-0.0002500317
-0.0001959698
-0.0002755279
-5.724601e-05
0.0007597758
0.0005384377
-0.001967701
-0.003272279
-0.001978917
0.001442164
0.004291026
0.004845908
0.003784089
0.000480311
-0.002628647
-0.002928526
-0.001593344
-0.001410763
-0.0004244215
0.00142382
0.004014622
0.004148242
0.001766543
0.000990325
0.003464846
0.004633767
0.003011968
0.0002549097
-0.002507249
-0.000725308
0.000866913
0.000127414
-0.000314245
-0.000667164
-0.002158403
-0.002905042
-0.0006386013
-0.0002142805
-0.002037019
-0.003194719
-0.003207978
-0.002617397
-0.001949296
-0.001754476
-0.003139636
-0.005857935
-0.007753095
-0.005609054
-0.001104733
0.0007139273
0.0006914877
0.001869588
0.002974249
0.002289829
0.0001753693
-0.00163819
-0.00131995
-0.0001734697
0.001578891
0.00441347
0.00398507
0.002327571
0.0006996512
0.001511571
0.002140911
-0.0001948885
-0.001111869
0.0004681114
0.001749231
-6.43286e-05
-0.001912569
-0.003530289
-0.003375249
-0.001518849
0.0006486508
0.003992211
0.00588533
0.00233369
-0.00202273
-0.00204721
-0.00124549
-0.001160832
0.0005639884
0.004025868
0.006503447
0.007626467
0.007075666
0.005232526
0.0003191854
-0.005888535
-0.007958116
-0.004700236
-0.001396457
-0.001957457
-0.003954618
-0.005333659
-0.004329979
-0.00311618
-0.001051701
0.0004170978
0.001094377
0.001613556
-0.0007834447
-0.002887706
-0.003216147
-0.004255528
-0.006083369
-0.00523983
-0.002563351
-0.002265512
-0.003781233
-0.001926874
0.002413225
0.004768404
0.006303502
0.007859001
0.00787634
0.005145799
0.001077017
-0.004297364
-0.006126225
-0.003396706
-0.003978108
-0.005166409
-0.00341405
-0.002054392
-0.001323053
-0.002961174
-0.002297156
0.001573743
0.002679421
0.002140859
0.0009913178
0.0005057962
-0.002751066
-0.008163186
-0.008487548
-0.005143992
-0.004933872
-0.004354514
0.001036185
0.007848763
0.01171558
0.01327108
0.01274679
0.01058133
0.005292633
0.001048411
0.003576989
0.003349528
0.0007781059
-0.0008406361
-0.001419998
-0.00111094
-0.002089122
-0.003124424
0.0003772339
0.006732852
0.008032329
0.005724067
0.005300765
0.002140803
-0.003785398
-0.007590001
-0.009713644
-0.008521265
-0.005860088
-0.00504919
-0.002940852
0.001892925
0.005588383
0.008251601
0.009755077
0.01032322
0.008827894
0.00688683
0.005216068
-0.001557754
-0.009397476
-0.01222084
-0.007142262
0.0002262159
0.002784373
0.004060391
0.002739488
0.002239686
0.003969602
0.00142572
-0.002164683
-0.003432545
-0.004810568
-0.007598231
-0.008187793
-0.01072759
-0.01239938
-0.00618452
0.0009177357
0.002599712
0.00395019
0.007977147
0.008283144
0.005737221
0.002247798
-0.0004837644
-0.005869367
-0.00761357
-0.005023793
-0.005190056
-0.005063579
-0.002369762
-0.0002073653
0.001491951
0.006150288
0.008717626
0.009393883
0.009541781
0.008671716
0.004949732
-0.0005776501
-0.006410013
-0.008176656
-0.00449344
-0.004155823
-0.003610126
0.0007707707
0.004960928
0.005524983
0.00613188
0.006369537
0.003668574
0.0003117509
-0.002664613
-0.003550996
-0.004258879
-0.004236442
-0.002148506
-0.0006654294
0.0009798271
0.007570043
0.01155518
0.009535578
0.01082995
0.01179079
0.007811767
0.007085522
0.007240559
0.002593435
-0.000313568
-0.002161812
-0.008111475
-0.01373372
-0.01270964
-0.006281606
0.0009726303
0.004145846
0.004523243
0.0002269993
-0.003556184
-0.003163488
-0.004191652
-0.007772875
-0.01084104
-0.007026242
-6.372689e-05
0.003182929
0.003727606
0.004267182
0.001314278
0.0005462139
0.00157335
-0.0002106337
0.0004085024
0.003232879
0.003365475
0.002442371
0.0006461467
-0.004470177
-0.008140142
-0.005202545
-0.001590729
-0.001364293
0.0003013631
0.002173059
0.002551475
0.002106751
0.001690587
0.000439043
0.0008031789
0.003656114
0.00406411
0.0008694666
0.0001983026
0.002333159
0.003609175
0.00495047
0.003296026
0.0004135019
-0.001997782
-0.002019206
-0.0006758706
-6.897473e-05
-0.0003515189
6.769686e-05
0.002477953
0.002727849
0.0002869842
-0.0006453
0.002016895
0.002746191
-0.0003739929
0.0003757028
0.0009009985
2.379426e-05
-0.0002465101
-0.002645554
-0.004243899
-0.003797143
-0.003471767
-0.005554611
-0.006627656
-0.003702301
-0.001487885
0.001621071
0.006905686
0.005957082
9.309752e-05
-0.002521167
-0.002615011
-0.003512615
-0.005169101
-0.003948165
0.003543731
0.009770827
0.009618841
0.006938277
0.001993313
-0.004572432
-0.007030636
-0.0062891
-0.004935565
-0.00355959
-0.0005934342
0.001521022
0.001127296
-0.001250328
-0.002522273
-0.001242177
-0.0007097416
0.0002000937
0.002808229
0.008817045
0.01155676
0.007677695
0.00697593
0.007776626
0.002836762
-0.001116763
-0.002912987
-0.005213093
-0.005030517
-0.003149642
-0.002524386
-0.001810392
-0.0005812959
-0.001806321
-0.002463205
-0.00259071
-0.003001775
-0.004273719
-0.001960364
0.002785691
0.005056206
0.004626782
0.002637777
0.002214472
0.0007854472
0.0002621825
0.0005222777
-0.0008292271
-0.001861472
-0.003046717
-0.003772961
-0.002716246
-0.001613631
-0.004045316
-0.009547201
-0.009692045
-0.006853391
-0.007541895
-0.0043748
0.001500395
0.00398817
0.004382906
0.003030381
0.0004140758
0.001312691
0.003285366
0.003914701
0.006115856
0.007546911
0.005545667
0.001883861
0.001865497
0.002282672
0.000596607
-0.001374038
-0.001051723
-0.0006824876
-0.002302252
-0.005013418
-0.006109922
-0.002507287
7.330773e-05
0.0004160228
0.001943978
0.001611453
-0.002779652
-0.007056517
-0.009098562
-0.007777667
-0.004656472
-0.004219917
-0.004692181
-0.004475947
-0.002917392
-0.001703596
-0.005039002
-0.004364787
-0.001874971
-0.001181377
0.0004628585
0.0004832536
0.001445108
0.001652163
0.001164599
0.0008351336
-0.0006561114
-0.001575136
-0.002919501
-0.002620647
0.003275969
0.006794963
0.007754778
0.006260474
0.003578889
-0.0005408965
-0.008676422
-0.01098367
-0.005674572
-0.0002359365
0.0002210184
0.0008748334
0.001207348
-6.153662e-05
-0.001870002
-0.002023007
-0.0004889317
-0.001505877
0.001914178
0.008385054
0.007622088
0.002598583
0.001154258
-0.001142787
-0.005101412
-0.005028997
-0.003270522
-0.001689527
-0.0001615722
0.0009543028
0.002988178
0.004734412
0.005462688
0.007585302
0.005873737
0.0008277925
-0.004218152
-0.005532938
-0.002905422
-0.001660008
-0.002390333
-0.002151657
0.0001239572
0.001302052
0.002199647
-0.0004839779
-0.006203123
-0.005149468
-0.000288153
0.001892601
0.001010297
-0.004840428
-0.0111216
-0.01025052
-0.005510583
-0.001235769
0.0003697066
0.001828301
0.003968257
0.005178991
0.004753646
0.0001738414
-0.006247063
-0.009639589
-0.007346633
-0.004243799
-0.002663824
-0.004680369
-0.004329494
-0.0007543989
-0.0005687639
-0.002018189
-0.002184454
-0.001004319
0.000837796
0.001133591
-0.000636114
-0.004268339
-0.009901804
-0.01219171
-0.008213714
-0.00112268
0.002094396
0.00420171
0.005820446
0.004300641
0.002578876
0.0006602509
-0.005020134
-0.005308799
-0.0001802442
0.0006653309
-0.000705554
-0.001331839
-0.002381424
-0.004005269
-0.002792494
-0.000110919
0.001535356
0.003144911
0.004751406
0.004547401
0.004677956
0.003285651
0.001448626
0.002917421
0.004135296
0.003479432
0.0009906264
-0.002370278
-0.002931284
-0.001523688
0.001663806
0.003121382
0.001390436
0.001939192
0.004822727
0.005013462
0.005265397
0.006059972
0.007957167
0.009798262
0.004783937
0.0002071924
-0.0007985324
-0.0008138374
-0.0009423622
-0.001930747
-0.003237372
-0.002789597
-0.003488302
-0.004801046
-0.002480552
-0.002264316
-0.005201921
-0.002081746
0.003651669
0.002153284
-0.0007221006
0.0001754945
0.00295295
0.002090025
-0.00149834
-0.001771704
-0.00247959
-0.004399234
-0.002841699
0.001591215
0.003182411
0.003867846
0.008741402
0.008229356
0.0007904918
-0.003798493
-0.005783417
-0.004889903
-0.002585727
-0.005832392
-0.005120436
0.002628499
0.006727873
0.006996129
0.005307004
0.00396366
0.004758235
0.00502139
0.003404685
0.00125044
-0.001718784
-0.003892409
-0.002882613
0.0005099019
0.002997677
0.004831632
0.008629088
0.01161361
0.01200018
0.008902433
0.002821189
0.001781804
0.00378406
0.005329355
0.007969111
0.007655966
0.008410762
0.008307737
0.005176332
0.004038008
0.002422323
0.0003139783
-0.002564466
-0.001754591
0.001375785
-0.00019706
-0.002346204
0.0006423908
0.001461446
-0.001103858
0.0006872572
0.002771112
0.003812528
0.004002243
0.0007168191
-0.002669585
-0.00311329
-0.0002940145
0.001198241
-0.0005449434
-0.002404408
-0.002755293
-0.003335676
-0.006024401
-0.006599686
-0.00562763
-0.005132934
-0.002073959
0.0003352765
7.120596e-07
-0.0002318524
0.001250203
0.005093559
0.007585414
0.00638487
0.0002689456
-0.004721918
-0.004860643
-0.001254948
0.0002913682
0.0004178439
0.003549239
0.007687375
0.009348951
0.008671667
0.007475202
0.004778318
0.002328274
0.0006534293
0.001006345
0.002870901
0.004633456
0.006676512
0.01086871
0.01299234
0.01447236
0.01570349
0.01646441
0.01721411
0.01549642
0.01346968
0.01394907
0.01401537
0.01408574
0.01566164
0.01835545
0.02240689
0.02382265
0.02447646
0.02660316
0.02792303
0.02879921
0.0302935
0.0282076
0.0213532
0.01484968
0.008597074
0.002749408
0.000798144
0.00059516
-0.002111924
-0.006181728
-0.009329452
-0.01406123
-0.0211788
-0.0298845
-0.03878095
-0.04838119
-0.0561842
-0.05926562
-0.0604274
-0.05927991
-0.05356383
-0.04581898
-0.0396388
-0.03541805
-0.03160121
-0.02945921
-0.03017832
-0.02832396
-0.02610343
-0.02227843
-0.01767517
-0.01808624
-0.01932758
-0.01867377
-0.01825251
-0.01951731
-0.01710094
-0.01124614
-0.008692061
-0.005977845
-0.000407629
0.003737647
0.006268263
0.0112989
0.01726896
0.01912842
0.01901825
0.02137751
0.02554318
0.02842162
0.0272068
0.02509641
0.02315127
0.01947314
0.0162428
0.01502696
0.01575319
0.01610305
0.01724647
0.02072262
0.02361024
0.02344193
0.02038601
0.01738619
0.01767586
0.0199576
0.02164978
0.02629791
0.03115515
0.03140198
0.02771774
0.02532686
0.02462407
0.02436295
0.02352757
0.0220149
0.02358876
0.02161098
0.01324799
0.002792991
-0.006350293
-0.01707356
-0.02583842
-0.02887803
-0.03299271
-0.03902193
-0.0400756
-0.0330121
-0.02031922
-0.007937442
0.004291334
0.01572145
0.02302362
0.02636208
0.02666196
0.02365703
0.01664249
0.007522671
0.0002347678
-0.003442336
-0.006119838
-0.01027941
-0.01367499
-0.01562318
-0.01743879
-0.01731129
-0.01464399
-0.01323844
-0.01254994
-0.01249894
-0.01729397
-0.02816105
-0.04127723
-0.05046947
-0.05672208
-0.06374478
-0.06942312
-0.07019731
-0.06942007
-0.06606529
-0.05907728
-0.04993196
-0.0400757
-0.02639241
-0.01250715
0.0008885045
0.01314585
0.01926992
0.0244862
0.02946788
0.03165373
0.03148237
0.02707393
0.01675152
0.005031718
-0.002750884
-0.008670967
-0.01718083
-0.02406787
-0.02661889
-0.02683922
-0.02455238
-0.01965332
-0.01210634
-0.004904129
0.0005926477
0.004126945
0.007946842
0.01243382
0.01713704
0.02151182
0.02617015
0.02956267
0.02815303
0.02461261
0.01910766
0.01425042
0.009124916
0.003699533
0.003163011
0.004551228
0.006970665
0.01344563
0.02302342
0.03262774
0.04180468
0.0518731
0.05817158
0.06363572
0.06943034
0.07201808
0.07169473
0.06800947
0.05747797
0.04290524
0.03285109
0.02515825
0.01783669
0.01124035
0.007618321
0.003524038
-0.002715304
-0.007053365
-0.008804708
-0.01334371
-0.01594573
-0.01248589
-0.007457298
-0.00476654
-0.005042962
-0.008474245
-0.01535618
-0.02349272
-0.03336531
-0.03879579
-0.04208223
-0.04425585
-0.04289824
-0.03543694
-0.02976472
-0.0304012
-0.0307174
-0.03253505
-0.03545021
-0.03776051
-0.03660689
-0.03524213
-0.03215154
-0.02655378
-0.02318473
-0.02285323
-0.02503195
-0.03025843
-0.0353054
-0.0354737
-0.033755
-0.03078884
-0.02956994
-0.02753811
-0.02646711
-0.02737287
-0.02579085
-0.02082549
-0.01555821
-0.01026952
-0.003301896
0.004978462
0.01325372
0.01874132
0.0246869
0.03099661
0.03501847
0.03961867
0.04247977
0.04198915
0.04254811
0.04538982
0.04690656
0.04443204
0.03798972
0.02849556
0.02089554
0.01360253
0.005717933
0.002020432
0.003571849
0.004216488
0.005955586
0.01022327
0.01161148
0.0115411
0.01207966
0.0114493
0.0112708
0.0134281
0.01749586
0.02205832
0.02574765
0.02932377
0.03172791
0.03239601
0.03129237
0.02800899
0.02427273
0.01900545
0.01230302
0.006430878
0.001039157
-0.003555944
-0.006931126
-0.006077387
-0.003944568
-0.00298985
-0.004408671
-0.006871972
-0.008720213
-0.0106623
-0.01336326
-0.01725354
-0.02001774
-0.02097756
-0.0194037
-0.0169302
-0.01527984
-0.01467907
-0.01514521
-0.01517785
-0.01422313
-0.01132837
-0.00828163
-0.007850171
-0.006182472
-0.0007040533
0.005471025
0.01080155
0.0167716
0.01902784
0.0184189
0.01507126
0.01080868
0.006774577
0.003792097
0.001242097
-0.002881764
-0.002872586
-0.002173886
-0.003884427
-0.006957687
-0.01197608
-0.0157052
-0.01554609
-0.01504732
-0.01574398
-0.01587352
-0.01511974
-0.01284922
-0.008337755
-0.003476436
0.000265943
0.002734342
0.003835942
0.00388694
0.005624
0.009068539
0.01207958
0.01446536
0.01626974
0.01832912
0.01776302
0.0140543
0.008563634
0.004204154
-0.001063126
-0.007528907
-0.01315216
-0.02030237
-0.02783609
-0.03349199
-0.03573293
-0.03421211
-0.03137549
-0.02972819
-0.02595521
-0.0205074
-0.0141885
-0.006997493
0.0007341064
0.009050167
0.01751616
0.02600868
0.032043
0.03256422
0.03042732
0.02456742
0.0164574
0.009386763
0.004186802
-0.0006887975
-0.003521338
-0.003094978
-0.002807339
-0.002585999
-0.003754919
-0.005879579
-0.007991998
-0.0048912
-0.0004949999
0.001530719
0.00210192
0.00308316
0.005464859
0.006399179
0.006537899
0.003520739
-0.002159641
-0.009013022
-0.01550736
-0.0201249
-0.02121222
-0.01982604
-0.017478
-0.01406202
-0.009229262
-0.004409762
-0.001151881
0.0004291184
0.002026439
0.005657638
0.00927864
0.01258854
0.01381152
0.01476216
0.01324745
0.006889799
0.000699419
-0.003369361
-0.00385284
-0.0005970005
0.003455459
0.00729678
0.011286
0.0155649
0.01920426
0.0205731
0.02059044
0.0199968
0.0189309
0.01794456
0.01458876
0.007206002
-0.001251838
-0.007113777
-0.01030943
-0.009334317
-0.008784537
-0.01126415
-0.01580622
-0.02125506
-0.02517492
-0.0264744
-0.02422938
-0.01929054
-0.01419767
-0.01072865
-0.006471172
2.214829e-05
0.007179487
0.01296697
0.01881157
0.02299561
0.02526715
0.02663599
0.02510396
0.02223674
0.01794661
0.01229581
0.007308014
0.006319635
0.007136655
0.007831276
0.009522436
0.01204286
0.01465814
0.01557818
0.01632584
0.01615244
0.01548128
0.01597292
0.01588418
0.01444905
0.01380951
0.01300677
0.01088109
0.007461025
0.005076268
0.002549727
-0.002127992
-0.00712905
-0.01310115
-0.01876623
-0.02373975
-0.02807679
-0.03142137
-0.03621639
-0.0397262
-0.039614
-0.0374465
-0.0351464
-0.03163964
-0.02944154
-0.0293324
-0.03132343
-0.03658051
-0.03884083
-0.03998221
-0.0400985
-0.03851342
-0.03238117
-0.02719039
-0.02491477
-0.01996471
-0.01420681
-0.01010947
-0.006355866
-0.001332365
0.001854117
0.007483497
0.01305372
0.0166278
0.01941648
0.02303034
0.02686656
0.02928804
0.03037332
0.0310353
0.03308755
0.03329767
0.03286723
0.02843023
0.02113723
0.01601582
0.01120958
0.007433537
0.005137519
0.004865179
0.00497738
0.006231982
0.01007024
0.01301804
0.01499378
0.01841691
0.02464605
0.02888517
0.03071709
0.03055185
0.02889538
0.026377
0.01947568
0.01197766
0.00661042
0.001774602
-0.004894156
-0.01093051
-0.01361822
-0.0159785
-0.02149057
-0.02586331
-0.02724235
-0.02682925
-0.0250881
-0.02107032
-0.013761
-0.00540006
0.001358462
0.004656124
0.006527825
0.006457447
0.006296289
0.00679303
0.006780792
0.005004974
0.002156115
-0.0003551229
-0.005300081
-0.0103654
-0.01422712
-0.01575609
-0.01389051
-0.01029297
-0.00475029
-0.000536669
0.001112672
0.0006710146
0.0001885564
0.0009861982
0.002192859
0.002142882
0.0003191236
-0.0001653745
0.0007087674
0.002563129
0.002990511
0.002408093
0.002877295
0.002837517
0.003614758
0.005598661
0.007636623
0.008786164
0.009425706
0.01157281
0.01328539
0.01383211
0.01286821
0.009187037
0.003588258
-0.004539099
-0.01359669
-0.02328057
-0.02914149
-0.03192609
-0.03203829
-0.02965353
-0.02768085
-0.02715758
-0.0288059
-0.02947298
-0.0306368
-0.02955457
-0.02620183
-0.02123137
-0.01388328
-0.005218386
0.002228636
0.006237238
0.01107714
0.0185415
0.02703096
0.03537661
0.04046335
0.04141909
0.04139563
0.03916592
0.03461672
0.029837
0.02537858
0.02011742
0.01277138
0.006878849
0.0007588517
-0.005344826
-0.01040198
-0.01192076
-0.01128632
-0.007960096
-0.001438214
0.004076928
0.009304431
0.01120776
0.01015817
0.007223638
0.00340782
0.001678922
0.002587745
0.002698927
0.00241435
0.003033492
0.002548994
0.002079797
-1.528053e-05
-0.003579158
-0.005682396
-0.005415152
-0.00260913
-0.000353908
-0.0007272255
-0.002922263
-0.004157481
-0.005159117
-0.006464715
-0.008424134
-0.01246537
-0.01573038
-0.01846398
-0.01860678
-0.01779282
-0.01781628
-0.01955232
-0.02064269
-0.01915043
-0.01861187
-0.01943602
-0.01964818
-0.01861288
-0.01814469
-0.01862919
-0.01981953
-0.01869753
-0.01598535
-0.009733763
-0.00345872
0.001087422
0.005328585
0.008680308
0.01079681
0.01222482
0.01507266
0.01861001
0.02264208
0.0259785
0.0289773
0.02922109
0.02756257
0.02553788
0.02124572
0.01561838
0.009536123
0.003356967
-0.00208983
-0.005109027
-0.005829145
-0.004590862
-0.0008280791
0.004306603
0.008110186
0.009871729
0.01063469
0.009902337
0.008423338
0.007572661
0.007060623
0.006873967
0.005841729
0.002251332
-0.0009473842
-0.001438001
-0.0003057983
-0.0001395353
-0.0002303124
-0.0001721694
-0.0001374865
0.001595496
0.005081859
0.007388082
0.007653285
0.007632889
0.007748152
0.008714096
0.007859337
0.0059958
0.002616543
-0.003705413
-0.01008857
-0.01515286
-0.01939505
-0.02323432
-0.0248755
-0.02465314
-0.02469903
-0.02053845
-0.01348514
-0.006788843
0.00120184
0.008227603
0.01452304
0.01949453
0.02213939
0.02112857
0.01776156
0.01452204
0.01228417
0.01107955
0.009635232
0.008524456
0.006209058
0.002193321
-0.0005066153
-0.003869551
-0.006944848
-0.01061481
-0.01433372
-0.01683884
-0.01648285
-0.01625233
-0.01699897
-0.01479678
-0.01322905
-0.01311276
-0.01267314
-0.01116557
-0.01028837
-0.007142687
-0.004614104
-0.00117058
0.003251123
0.006964946
0.008798908
0.009487414
0.008845837
0.006758919
0.004714842
0.001949627
0.00122747
0.001012253
-6.282385e-05
-0.00208344
-0.003873537
-0.004370274
-0.00358793
-0.003742967
-0.004971044
-0.005326
-0.007034497
-0.01000881
-0.01113387
-0.01105328
-0.009497784
-0.009111201
-0.006765197
-0.002902453
0.0001667301
0.004047833
0.008112537
0.01104096
0.01212013
0.01171927
0.01028209
0.01054423
0.01028923
0.01117052
0.01311056
0.01512711
0.01640007
0.01568608
0.01464058
0.01187741
0.007950404
0.003944868
0.0007900119
-0.001063325
-0.000750181
0.0009307824
0.000887946
0.0005125893
0.001171513
0.001668256
0.00147344
0.001742723
0.002549547
0.00195795
0.001454074
0.001111357
-0.0003298989
-0.001481476
-0.003095112
-0.005007609
-0.005380925
-0.005201401
-0.004171198
-0.003519414
-0.00449045
-0.005293187
-0.003460244
-0.00073786
0.001913124
0.003769527
0.004397851
0.004387654
0.002791358
0.0006106015
-0.002679915
-0.005877611
-0.007487168
-0.008981464
-0.0109368
-0.01179563
-0.01354391
-0.01606127
-0.01473833
-0.0108307
-0.008063439
-0.006567095
-0.004085431
-0.001467089
0.001358315
0.003612519
0.003102522
0.003219826
0.00224471
-0.001088647
-0.004788183
-0.007297379
-0.01025435
-0.01233311
-0.012226
-0.01222396
-0.01048384
-0.006892417
-0.003354033
0.0008687699
0.004964074
0.008762557
0.01281604
0.01646561
0.0195868
0.02117189
0.02079449
0.01778244
0.01293948
0.006585906
0.00117175
-0.002978626
-0.004613682
-0.003643659
-0.000450035
0.003607529
0.006880712
0.008294436
0.008438259
0.009220603
0.009313426
0.00913289
0.009973374
0.009457258
0.005867881
0.001636925
-0.002405331
-0.005939626
-0.009384162
-0.01218508
-0.01511757
-0.01680975
-0.01807046
-0.01881302
-0.01667714
-0.01340294
-0.0101063
-0.00692389
-0.002896927
0.002012337
0.006951181
0.01107403
0.01207668
0.01027231
0.005631316
0.0007210395
-0.003676176
-0.007295133
-0.009963449
-0.01237472
-0.0112925
-0.009475879
-0.008466075
-0.008887332
-0.008482387
-0.006258783
-0.00241542
0.001891024
0.006327008
0.01021423
0.0109364
0.009580818
0.007289902
0.005769086
0.00443697
0.004519594
0.004579778
0.003792341
0.001715625
-0.001367831
-0.004454346
-0.007687743
-0.00942786
-0.009399296
-0.007806052
-0.005730349
-0.004039185
-0.002251122
-0.0002937378
0.0001193659
0.00115161
0.002402134
0.003463957
0.00404026
0.003237524
0.0009649681
-0.001426928
-0.001560545
2.147934e-05
0.002046183
0.004023967
0.005296931
0.005120474
0.005314277
0.004940961
0.004872625
0.005228609
0.005660072
0.004631916
0.0023614
0.0007477638
-0.0004201325
-0.0007036888
-0.0007098052
-0.0006598214
-0.001231018
-0.002494794
-0.003698391
-0.004091087
-0.005430343
-0.005395659
-0.004255295
-0.002027612
0.001048712
0.004941035
0.007832739
0.007393123
0.006472066
0.00433925
0.002557314
0.0003745175
-0.0007852188
-0.002454955
-0.004245051
-0.004845827
-0.003756464
-0.003277061
-0.003723817
-0.003605493
-0.002177489
0.0001552541
0.0008763977
0.001286441
0.0007519651
-0.0006892913
-0.001462448
-0.001909204
-0.00348714
-0.005983077
-0.007923113
-0.008553469
-0.01038538
-0.01113304
-0.01150228
-0.01270384
-0.01156551
-0.008419829
-0.004307184
0.0007856794
0.004573962
0.006898546
0.00877229
0.008524434
0.007478937
0.005808181
0.002741045
-5.171174e-05
-0.0009044283
-0.0006392246
-0.0009666411
-0.001692878
-0.001669414
-0.0001026903
-0.0002607867
-0.001466423
-0.001768339
-0.001639816
-0.0003811324
0.003087891
0.008106295
0.01277993
0.01731078
0.02174982
0.02339407
0.02268313
0.0211409
0.01851032
0.01547379
0.01324712
0.01244439
0.01113369
0.009910717
0.008353181
0.006296864
0.004582247
0.005229951
0.006194874
0.007269958
0.007990081
0.008158385
0.007630029
0.004338492
0.001215256
-0.001361261
-0.001944697
-0.003336995
-0.006060391
-0.009006147
-0.01142661
-0.01312796
-0.01364714
-0.01285663
-0.01007713
-0.006709086
-0.003308404
0.0002697601
0.002795283
0.004999507
0.005996051
0.004926074
0.003682697
0.0022292
0.0008012038
-0.001966053
-0.005156609
-0.007139486
-0.007809623
-0.007026259
-0.005944036
-0.003900972
-0.002566809
-0.001251006
-8.310257e-05
0.0007257608
0.002024224
0.003676627
0.004934291
0.006756014
0.008926577
0.00987008
0.008943924
0.007338447
0.00535557
0.002914714
0.001854937
0.0013684
0.002291504
0.003164627
0.00261485
0.001370453
-0.0005216433
-0.0020343
-0.002607537
-0.002992074
-0.00358673
-0.004472087
-0.006416204
-0.00784012
-0.007160797
-0.006425374
-0.005996972
-0.003944728
-0.001468165
0.001648958
0.003906222
0.006382785
0.008992968
0.01003847
0.01140834
0.01229471
0.01194282
0.01146342
0.01021188
0.00827287
0.006883633
0.005495416
0.003157579
5.782104e-06
-0.003317374
-0.00478209
-0.006471209
-0.007598306
-0.008863104
-0.01153448
-0.0125045
-0.01248511
-0.01074193
-0.007178047
-0.003159244
0.0005963986
0.003019921
0.004314304
0.004618268
0.003183131
0.0003944536
-0.003125563
-0.00547666
-0.007311637
-0.007642114
-0.007683931
-0.007398328
-0.007357525
-0.009376103
-0.01131818
-0.01316233
-0.01362847
-0.01277269
-0.01091119
-0.009984005
-0.008834462
-0.006848519
-0.005063516
-0.004028213
-0.003630411
-0.003805849
-0.005871346
-0.008748763
-0.0103879
-0.009487237
-0.007936834
-0.005330731
-0.002171788
0.001219715
0.003731976
0.004807059
0.005708742
0.006819526
0.006998028
0.00599333
0.004503113
0.002219336
-3.792112e-05
-0.002413498
-0.003524276
-0.004456553
-0.00491963
-0.005642807
-0.007402305
-0.009247482
-0.01190152
-0.01482994
-0.01734423
-0.01834893
-0.01798784
-0.01579791
-0.01277157
-0.0101522
-0.007894938
-0.006988156
-0.006438374
-0.004979771
-0.002790848
0.000700614
0.004716357
0.008533198
0.01074558
0.01112298
0.01128517
0.01004689
0.00666559
0.004601114
0.003421996
0.003450559
0.003484221
0.003801444
0.004108466
0.003234329
0.002541751
0.0005639735
-0.0002561041
-0.001460722
-0.001013959
0.0006466031
0.002840626
0.005059128
0.006694189
0.007952871
0.009327835
0.009924537
0.00902286
0.007437781
0.005499783
0.005131566
0.005354948
0.00626887
0.007368433
0.007536735
0.006975737
0.006008779
0.006202582
0.006024084
0.005347826
0.005310088
0.00454815
0.004206453
0.003733175
0.001918597
-0.0007038206
-0.003187519
-0.004272797
-0.004671614
-0.004024932
-0.00285601
-0.0007996879
0.002733594
0.006268916
0.008256899
0.009344221
0.009655322
0.01005925
0.01064371
0.01198602
0.01298971
0.01143421
0.009224895
0.005943556
0.003293598
0.00199514
0.001480042
0.001965564
0.002290946
0.002423548
0.00147291
0.0008017516
-0.0002437465
-0.002421445
-0.004320683
-0.005646681
-0.005331499
-0.004485918
-0.002872276
-0.0008159537
0.0009690482
0.001457629
0.001130211
0.0003366534
-0.001380004
-0.003235383
-0.005945521
-0.007724399
-0.008448598
-0.008280296
-0.007626474
-0.008448593
-0.008470011
-0.007890649
-0.007220508
-0.006520786
-0.006488145
-0.006428983
-0.007082801
-0.00752548
-0.007440818
-0.007411237
-0.008064035
-0.007990593
-0.006610531
-0.00479901
-0.002716168
-0.0009862474
0.000184714
0.001653516
0.001752457
0.0007793784
0.0001785999
-0.0005119386
-0.0006057773
-0.0005231558
-0.0006190344
-0.0003915731
0.0008212084
0.0006529097
0.001412811
0.001240432
0.0004795137
-0.0001549249
-0.0006414636
-0.0005037622
-0.000548641
-0.00106986
-0.002197979
-0.003067017
-0.004161476
-0.004497054
-0.004450133
-0.003963592
-0.002604951
-0.00151151
-0.0009841688
0.0001765924
0.0004948336
-5.392527e-05
-0.001273844
-0.0009280631
-0.0003221819
0.0006080591
0.00142406
0.001507701
0.0007661624
-0.001303417
-0.003134316
-0.005816914
-0.007140874
-0.006961352
-0.006605371
-0.00553845
-0.00389013
-0.003108809
-0.002652868
-0.001573707
-0.001054525
-0.001488025
0.0003153359
0.001543417
0.001422038
0.001577078
0.0007692394
-0.001235059
-0.003177139
-0.004663278
-0.005043737
-0.003298517
-0.001804216
0.0009181651
0.003316186
0.004605467
0.005568346
0.005898828
0.005090988
0.004738069
0.005279689
0.006319071
0.009155691
0.01055003
0.01129361
0.01134257
0.01132625
0.01132115
0.0113793
0.01073976
0.01028586
0.009874796
0.008664058
0.007875598
0.006693418
0.006463918
0.006358858
0.00718302
0.008630401
0.009461701
0.01047252
0.009727922
0.009359703
0.009392342
0.009537182
0.01041439
0.0103236
0.01050108
0.009210784
0.007708324
0.006898444
0.005709125
0.003733385
0.001989185
0.0003622854
-0.001090194
-0.001950054
-0.002563074
-0.003428033
-0.004322573
-0.004301154
-0.003773814
-0.002636513
-0.001767473
-0.0006750529
-0.0002986729
-0.0009412726
-0.001589993
-0.002277473
-0.002346833
-0.002307052
-0.002333572
-0.002302973
-0.002418232
-0.003977812
-0.006056573
-0.007395832
-0.008300572
-0.009223674
-0.009086993
-0.009400132
-0.009956033
-0.009193074
-0.009145134
-0.009202254
-0.009002335
-0.008176134
-0.008219995
-0.007616154
-0.006551275
-0.005594514
-0.005130415
-0.005307895
-0.005140615
-0.005346655
-0.004469456
-0.002538597
-0.0009830965
-0.001040217
-0.0007229973
-0.0002578777
0.0002225419
0.0008131215
0.0005652611
0.0008722807
0.00174234
0.00279498
0.003743579
0.004603438
0.005111399
0.005901898
0.006424137
0.006827037
0.007423736
0.008243815
0.007921495
0.005724414
0.004092414
0.002794973
0.002042212
0.001941232
0.002716431
0.003836391
0.00459323
0.004614649
0.005176669
0.005761128
0.005460227
0.006296626
0.006584265
0.006757665
0.007559384
0.007603243
0.007051422
0.005803961
0.003947561
0.00136186
-0.001250361
-0.003894202
-0.005954602
-0.007326504
-0.008069065
-0.008055806
-0.006242246
-0.003944187
-0.002779349
-0.0004833294
0.0004958697
0.0008957086
0.001717827
0.001686206
0.001767805
0.001129284
0.0006152033
0.0009456822
0.001692321
0.001625
0.0005641987
-0.0003109624
-0.001422763
-0.002136765
-0.002259166
-0.002120447
-0.002313228
-0.00151457
-0.001331991
-0.002187772
-0.002305073
-0.003329155
-0.004244096
-0.005323258
-0.006036239
-0.006726779
-0.007150081
-0.007495862
-0.007190884
-0.007069505
-0.006956286
-0.006514628
-0.00623515
-0.006034211
-0.006158653
-0.006063793
-0.006137236
-0.006079097
-0.006117859
-0.006108681
-0.005972002
-0.005485464
-0.005444665
-0.005458947
-0.004532788
-0.003468931
-0.003012992
-0.001997074
-0.001259615
-0.001002577
-0.0002630787
-0.0001325204
-0.0008526422
-0.000807764
-0.001103565
-0.0006996475
0.0004998706
0.0008997088
0.002311387
0.003469085
0.005505003
0.006712682
0.006609659
0.006712678
0.006184316
0.006603534
0.006661672
0.006676969
0.006614748
0.006835066
0.007605163
0.007782642
0.008651681
0.008472157
0.007132896
0.005835454
0.00462267
0.005205089
0.004206508
0.003524125
0.005142863
0.003870921
0.004245258
0.004832777
0.004607355
0.004794013
0.00409531
0.003500648
0.002778486
0.002694843
0.003317041
0.003840299
0.003615897
0.003850494
0.003031432
0.00278357
0.002001228
0.0005844449
-0.0003498774
-0.0006313999
-5.714226e-05
-0.0003396847
0.0004497928
0.0008373904
0.000238648
-0.0009996349
-0.002867257
-0.005035779
-0.007833642
-0.009633944
-0.01066721
-0.01096607
-0.009772673
-0.009172915
-0.008247777
-0.00701766
-0.006698403
-0.006914645
-0.007618448
-0.00696667
-0.005986454
-0.004554376
-0.003484399
-0.003072321
-0.003226344
-0.003066207
-0.00337425
-0.004055613
-0.004347335
-0.004948118
-0.004148441
-0.003649664
-0.001986047
-0.00212171
-0.002039092
-0.001205755
-0.001589278
-0.001803481
-0.0006345643
0.0003476928
0.00121061
0.002049047
0.001717544
0.001591061
0.0007801578
0.0002242549
-0.0009303883
-0.0008161513
-0.001085435
-0.001286378
-0.001126241
-0.001411844
-0.001758647
-0.00155669
-0.000600953
0.0004017038
0.0009280205
0.001857238
0.002707914
0.002704851
0.002688528
0.002833365
0.003824801
0.004690777
0.004495954
0.003692191
0.003677908
0.003684024
0.003666681
0.003705438
0.003152594
0.001478771
-1.145213e-05
-0.0002460555
-0.0002827789
-0.0001858824
-0.0008621458
-0.001315029
-0.001578192
-0.001957636
-0.002229979
-0.002252423
-0.001654707
-0.00100395
-0.0002817939
-0.0007877174
-0.001532321
-0.002109645
-0.002851188
-0.003306112
-0.002617616
-0.002002559
-0.001283463
-0.001255927
-0.00112843
-0.0002267538
-0.0003675175
0.0003658588
0.000738155
0.0007381513
0.0001026876
-0.0003410162
-0.00039202
-0.001270243
-0.001781267
-0.002529951
-0.003154195
-0.003259259
-0.003639723
-0.003336786
-0.00320725
-0.002717654
-0.001973058
-0.001352902
-0.001235607
-0.0009092104
-0.0006042342
-0.0001085182
0.0006574978
0.0007003338
0.0005442698
-0.0004298342
-0.001441678
-0.001840502
-0.002162827
-0.002238311
-0.001046954
-0.0003502985
0.001159297
0.001347993
0.000555449
0.0006707049
0.001213341
0.001873276
0.002607672
0.002566868
0.002832064
0.003386939
0.002791256
0.003167631
0.003477707
0.003664362
0.003516459
0.003693934
0.00292893
0.002608646
0.002016021
0.001540697
0.001646773
0.001629428
0.001493764
8.639685e-06
-0.002220065
-0.003319629
-0.005026093
-0.004854738
-0.004503862
-0.005448387
-0.004630351
-0.004067315
-0.00284128
-0.001525485
-0.001558129
-0.001794774
-0.002441459
-0.003297243
-0.003311527
-0.003319691
-0.002464936
-0.00309224
-0.003443125
-0.00311265
-0.001830514
-0.00109408
9.217599e-05
0.0009040913
0.001594626
0.002792102
0.003491817
0.003049133
0.001857768
0.0009316033
-0.001260382
-0.002452766
-0.003421771
-0.003090275
-0.002465021
-0.002119245
-0.00148787
-0.0007228747
-0.0003842395
-0.0002434843
0.0005572109
0.000712246
0.001685321
0.002684916
0.003521311
0.003482547
0.004076181
0.004656557
0.004222032
0.004051687
0.003480482
0.004144497
0.004495372
0.005071667
0.005540862
0.005478638
0.004784012
0.003232587
0.002508382
0.0008875974
0.0005050924
0.001007947
0.0006132023
0.001070158
0.001795372
0.002967347
0.003828222
0.004320877
0.004627892
0.003767006
0.003521181
0.003287597
0.002583792
0.001892226
0.001437301
0.001588256
0.0009415709
0.0002918257
-0.0003701594
-0.001006644
-0.00210519
-0.002448935
-0.00241018
-0.002294925
-0.001287171
-0.0003375559
0.0006579588
0.001654493
0.002465388
0.003022303
0.004057598
0.003318092
0.002504127
0.002470462
0.002499017
0.002374572
0.000894546
0.0004671606
1.631528e-05
-0.00118117
-0.001462695
-0.00114446
-0.001981886
-0.001725872
-0.001474957
-0.0008384823
-0.0004478277
0.0001009268
0.0005752214
0.001025036
0.00164621
0.0009536251
0.001464639
0.001467694
0.001503389
0.001456463
0.001521738
0.001317733
0.0008944269
0.001184102
0.001539056
0.00140849
0.002082704
0.002535579
0.002507013
0.004056388
0.004990702
0.005678177
0.006244271
0.006645126
0.0066951
0.006356456
0.005830129
0.004742803
0.003798278
0.002827232
0.001768467
0.001550181
0.002124435
0.00116665
0.0002955645
0.001168678
0.001463454
0.001610328
0.002450802
0.002403876
0.002619091
0.002880205
0.002247799
0.002742493
0.003250448
0.003735962
0.003684956
0.003464631
0.003191265
0.002573139
0.001640854
0.000348508
-0.0008204177
-0.002421823
-0.003018529
-0.004107895
-0.005014681
-0.006083647
-0.006437592
-0.006391696
-0.006278483
-0.005271749
-0.004309895
-0.00333988
-0.001904746
-0.001276432
-0.0005042983
-0.000681784
-0.001449849
-0.001665076
-0.002042482
-0.001961908
-0.002375013
-0.003087999
-0.003535785
-0.00341237
-0.003488876
-0.003430742
-0.003482768
-0.003431773
-0.00349094
-0.003403226
-0.004031551
-0.005084197
-0.005608482
-0.006513228
-0.007416955
-0.00732924
-0.007452666
-0.007201752
-0.006316398
-0.005257644
-0.00393981
-0.003154415
-0.002601582
-0.002360867
-0.002329253
-0.002694419
-0.002504705
-0.002410871
-0.002686276
-0.003391103
-0.003641008
-0.004420294
-0.00445192
-0.004434586
-0.004436631
-0.004562098
-0.005470922
-0.00534343
-0.005540295
-0.004749801
-0.004457067
-0.003854253
-0.002890359
-0.001619445
-0.00146033
-0.001791837
-0.0007483826
-0.0005749884
8.90256e-05
0.0006428796
0.001977034
0.002688988
0.003312202
0.004009876
0.00448417
0.004300564
0.004583099
0.005337891
0.004980887
0.0051043
0.004437215
0.004773809
0.004538183
0.004257677
0.004641191
0.005247065
0.005634659
0.005682594
0.006168107
0.005612202
0.005128717
0.00392919
0.002676624
0.001917738
0.001185373
0.002375707
0.00288774
0.003572155
0.004266769
0.004838983
0.005026657
0.003054991
0.002585785
0.00180752
0.000828314
0.0003774681
0.0001612223
-0.0003997836
-0.00113521
-0.0007731152
-0.0004916011
-0.0004936469
-0.0005497527
-2.751853e-05
-0.0004885644
-0.0003294502
-3.055983e-06
0.0005518182
0.001454513
0.002005307
0.002568341
0.002351075
0.002506109
0.002383703
0.002484677
0.002406131
0.002449986
0.00294876
0.003749454
0.003730069
0.003378163
0.003752497
0.002773291
0.001986866
0.00150542
0.001492154
0.0008770887
0.0004027829
1.925724e-05
-0.001257788
-0.001425074
-0.001673959
-0.002404285
-0.002524651
-0.001857577
-0.001270063
-0.0004867082
-0.000559134
0.0001293605
0.0005475548
0.0004781891
0.0004761435
0.0005383579
0.0003088523
-0.0004510533
-0.0005326588
-0.0004112845
-0.0007060701
-0.001368056
-0.002106541
-0.002476807
-0.002576772
-0.003445818
-0.003390743
-0.003483569
-0.002837914
-0.00223816
-0.001349745
-0.000462351
-0.0005011165
-0.000468482
-0.0004878675
-7.681295e-05
8.638159e-05
-0.0004868639
-0.0003991493
-0.0006337547
0.0003923598
0.0008992944
0.000542289
0.001669384
0.002472118
0.002404793
0.002706707
0.002738322
0.0007105568
-0.001091789
-0.002037333
-0.002712579
-0.003184844
-0.00248513
-0.002382115
-0.00248616
-0.002353566
-0.002537171
-0.002161816
-0.002098581
-0.002470887
-0.002419891
-0.002409697
-0.002460702
-0.002350547
-0.003047212
-0.003447058
-0.003515402
-0.004416068
-0.004342633
-0.004417097
-0.004347743
-0.004421188
-0.003856113
-0.002158838
-0.001157204
-0.0004054683
0.0007124467
0.001508042
0.0009521367
0.0003085118
-0.0009654731
-0.001674378
-0.002904503
-0.003670528
-0.004326393
-0.003864337
-0.002705623
-0.001837607
-0.0007819122
-0.000217857
-5.56819e-05
-0.0005667067
-0.0003514914
-0.0005483562
-0.000214821
0.0004410342
0.001162169
0.001582405
0.00149672
0.001127476
0.000879611
-0.0001067338
-0.0004882184
-0.000539223
-0.001477628
-0.001331772
-0.001628596
-0.002344641
-0.002449705
-0.002329351
-0.002509895
-0.001714299
-0.001549064
-0.002352828
-0.002599672
-0.002767977
-0.002726161
-0.002560925
-0.00219781
-0.0008911945
-0.0002740987
-0.0009717829
-0.0004281273
-0.0004974915
-0.0002159758
-1.707996e-05
-0.001105424
-0.001455288
-0.001390012
-0.001016696
-0.00116256
-0.0003537049
0.001033491
0.0006040669
0.000530623
0.001088559
0.001827035
0.002393131
0.002763387
0.002889863
0.002389039
0.003164235
0.003540611
0.003522247
0.002918403
0.00244002
0.002041196
0.001217032
0.0006896886
0.0004367249
0.0008100413
0.001033418
0.001503634
0.00153015
0.001567887
0.001891223
0.002295139
0.001969755
0.001419973
0.001645389
0.001010945
0.001292462
0.001289399
0.0003367152
0.0008824118
0.0008620085
0.0001439251
-0.0001202582
-0.0004589014
-0.0004028047
-0.0004272879
-0.0003161111
0.0007661057
0.001443382
0.0022859
0.003733276
0.004448293
0.00449317
0.004498267
0.004456444
0.004556401
0.003869938
0.003444595
0.003526192
0.003515989
0.003464987
0.003690404
0.004430921
0.005077599
0.005571275
0.005397873
0.00554781
0.005269348
0.004546165
0.003926002
0.00324974
0.002619377
0.001925775
0.001445353
0.00163201
0.001439227
0.002194025
0.002584682
0.0019992
0.001220938
0.000773156
-0.0003223262
-0.001189329
-0.00113221
-0.002631612
-0.003270134
-0.003943337
-0.004468639
-0.004208541
-0.004910303
-0.004148365
-0.003967827
-0.004448249
-0.00372303
-0.003272192
-0.003403774
-0.003344615
-0.002520458
-0.00314674
-0.003061061
-0.003038623
-0.002458244
-0.002758126
-0.002500067
-0.002730589
-0.00254903
-0.001758531
-0.0007579131
4.074549e-05
0.0002396441
0.0006129629
0.0006660016
0.001598281
0.00106482
0.001489138
0.001550337
0.001558496
0.001498315
0.001730874
0.002455073
0.003141532
0.003537291
0.00405851
0.004603189
0.004322688
0.003340428
0.002600927
0.001881826
0.001549306
0.0009230253
0.0005629646
-7.657589e-05
-0.0002662964
-0.0005590369
-0.001753458
-0.002388917
-0.003562938
-0.004844058
-0.005517258
-0.004634958
-0.004327939
-0.004332019
-0.004387099
-0.003769999
-0.003233479
-0.003501739
-0.002676559
-0.002503159
-0.003373218
-0.003354859
-0.003383418
-0.003239598
-0.002335878
-0.002482757
-0.002144117
-0.001544356
-0.000992536
-0.0005029356
-0.000611055
-0.0003234143
-0.0005070137
-0.000349933
-0.0005253722
0.0002069886
0.0006149894
0.0005201302
0.0005874512
0.0001029521
0.0004691331
0.0005905141
0.0005231953
0.0005803164
0.0005099376
0.0007067988
0.00154524
0.001479961
0.001708443
0.002486705
0.002533625
0.002473447
0.002584629
0.00188695
0.001468752
0.001547294
0.001529956
0.001509557
0.001571779
0.001355541
0.000563003
0.0005405649
0.0005528069
0.0005395491
0.0005426112
0.0009648935
0.0006568556
0.0004793779
0.0001826991
-0.0002191427
-0.0004637075
-0.000510197
0.0001017391
0.0007566691
0.001427646
0.001535283
0.001402144
0.001704724
0.001842414
0.001268731
0.0003647209
-0.0006003629
-0.00165906
-0.002352327
-0.003072286
-0.003013394
-0.003699184
-0.00393059
-0.003426805
-0.002775808
-0.002257545
-0.002447713
-0.002242223
-0.002569678
-0.002764588
-0.003278112
-0.002596343
-0.002794687
-0.002766094
-0.001934769
-0.0008090178
-0.0001035554
-0.0004592879
1.250756e-05
2.757066e-05
-0.0003184605
0.0001766837
-0.0001724283
-0.0002542781
-0.000335107
-0.001190075
-0.00104195
-0.001694428
-0.002065441
-0.001943103
-0.001967033
-0.002279452
-0.002410986
-0.001858793
-0.001879081
-0.001613942
-0.001296606
-0.0009142835
-0.0008057899
-0.0008011154
-0.0008023229
-0.0006159739
0.000140458
0.0001500619
0.0001696155
0.0001899413
0.0001841908
-0.0001088916
-0.00039599
-0.000604581
-0.000623584
-4.035253e-05
0.0004729988
0.00117518
0.0007377868
0.00116594
0.0009812193
0.0005418194
0.0006453004
0.0007459522
0.001451009
0.001866358
0.00249275
0.002887392
0.003542137
0.00307349
0.00343253
0.003315826
0.003907392
0.003605513
0.003329078
0.003954012
0.004068432
0.004132636
0.003765952
0.00329686
0.002957382
0.00368997
0.00347753
0.003673105
0.003702141
0.003279903
0.003369705
0.003072776
0.002503834
0.002659343
0.002859795
0.00300562
0.00254415
0.001960292
0.001551693
0.0009429433
0.0007113642
0.0006339759
0.001084702
0.001280049
0.001608071
0.001887617
0.001733665
0.001728277
0.001657754
0.001511773
0.001177332
0.0009974634
0.0004279682
0.0002037982
0.0001040478
-0.000441575
-0.0004063383
-0.0005499153
-0.001025045
-0.001019669
-0.001036374
-0.0009319042
-0.0004480749
-0.0004878466
-0.0004443857
-0.0005829264
-0.001014904
-0.00102245
-0.001217616
-0.001365544
-0.001526342
-0.001463286
-0.001470257
-0.001411684
-0.001494018
-0.001873337
-0.001834851
-0.001802841
-0.001763193
-0.001722646
-0.001693808
-0.001822137
-0.001942476
-0.002004014
-0.002230031
-0.002377792
-0.00244156
-0.002315641
-0.002563297
-0.002236807
-0.001952253
-0.001955498
-0.001850975
-0.001814225
-0.001732573
-0.0016828
-0.001609971
-0.001564797
-0.00128291
-0.0009569021
-0.0006927924
-0.0005434662
-0.0002086473
0.000223228
0.0004574136
0.0005658963
0.000781525
0.0008686388
0.001067329
0.001277143
0.001362475
0.001298854
0.00124013
0.001228361
0.0009562499
0.0008099051
0.0006069179
0.0003129016
0.0002556736
0.0002408655
0.000184014
0.0001967965
0.0003809657
0.000483037
0.0003110246
0.0005050188
0.0005772309
0.0005620347
0.0007733096
0.0006865255
0.0008409947
0.0008718073
0.0008372385
0.0006226888
0.0004994947
0.0004296908
0.0003170596
0.000198041
0.0001997535
0.0002310668
8.653493e-05
0.0001241544
-5.987436e-05
-0.0001365331
-0.0002532375
-0.0003616685
-0.0003911452
-0.0004728135
-0.000516065
-0.0007143283
-0.0006976163
-0.00061956
-0.0005967187
-0.0005950962
-0.0005266611
-0.0004203994
-0.0005270777
-0.0005157746
-0.0004907615
-0.0004809485
-0.0005095721
-0.0005428425
-0.0004954391
-0.0005214723
-0.0004939679
-0.0003491469
-0.000350062
-0.0003139693
-0.0003274384
-0.0002107625
-0.0001911451
-0.0002510704
-0.0002194788
-0.0002606632
-0.0002323859
-0.0002248035
-0.0002244653
-0.0002995734
-0.0002733063
-0.0002662079
-0.0001858975
-0.0001284472
-0.0001370014
-6.363477e-05
-1.196973e-05
5.852515e-05
4.607492e-05
0.0001039545
0.0001127326
4.282436e-05
-1.263424e-06
-4.723962e-05
-9.180438e-05
-8.212163e-05
-0.0001160524
-0.0001328047
-0.0001223126
-0.0001646218
-0.0001431527
-0.0001313115
-0.0001132476
-9.459465e-05
-2.884396e-06
5.331557e-05
9.366221e-05
0.0001459352
0.000155011
0.0001763248
0.0001443608
0.0001612715
0.0001732507
0.0001542092
0.000152103
0.0001134679
9.325568e-05
8.866823e-05
8.513204e-05
7.55241e-05
8.273437e-05
6.156697e-05
3.016199e-05
3.812031e-05
2.735379e-05
6.873167e-06
8.108509e-06
7.972645e-06
2.55911e-05
3.531787e-05
4.20803e-05
3.054885e-05
1.620386e-05
2.602362e-05
2.906914e-05
3.010328e-05
2.590995e-05
3.896258e-05
3.938502e-05
2.463162e-05
1.556676e-05
3.169668e-05
2.325617e-05
1.815227e-05
2.373793e-05
1.900979e-05
2.869998e-05
3.081019e-05
2.882727e-05
2.736757e-05
2.445686e-05
1.531142e-05
1.251163e-05
9.924399e-06
8.627071e-06
9.86094e-06
1.108636e-05
1.183951e-05
1.305513e-05
1.36158e-05
1.46701e-05
1.745317e-05
1.644918e-05
1.582668e-05
1.547137e-05
1.649782e-05
1.970042e-05
1.912601e-05
1.95127e-05
2.119909e-05
2.105735e-05
2.003725e-05
1.865978e-05
1.876913e-05
1.678949e-05
1.750783e-05
1.768238e-05
1.524529e-05
1.545643e-05
1.636028e-05
1.582033e-05
1.698283e-05
1.812204e-05
1.729897e-05
1.860911e-05
1.979784e-05
1.966234e-05
2.063115e-05
2.062661e-05
2.070104e-05
2.091313e-05
1.999784e-05
1.949512e-05
1.901421e-05
1.848606e-05
1.786184e-05
1.707992e-05
1.632724e-05
1.559681e-05
1.486247e-05
1.420941e-05
1.366979e-05
1.294535e-05
1.224915e-05
1.160508e-05
1.090892e-05
1.035117e-05
9.807459e-06
9.299368e-06
8.826487e-06
8.378853e-06
7.973841e-06
7.603163e-06
7.254208e-06
6.922399e-06
6.622395e-06
6.325319e-06
6.061695e-06
5.824455e-06
5.599006e-06
5.400395e-06
5.218563e-06
5.057511e-06
4.917174e-06
4.795121e-06
4.690801e-06
4.601558e-06
4.525166e-06
4.458734e-06
4.399555e-06
4.345141e-06
4.293474e-06
4.242741e-06
