-0.002800133
-0.0003325792
0.0005662013
0.00100191
0.0006175376
-0.001962904
-0.0004919145
0.000641469
0.001380109
0.000313351
-0.003487013
-0.004016262
-0.0006817445
0.001016716
0.001652324
0.001093522
-4.466158e-05
0.004100765
0.002051746
-0.0008765393
-0.003007182
-0.004113758
-0.001650341
6.645534e-05
0.001448693
-0.0001750146
0.00271272
0.005517874
0.003817691
-0.0006854916
-0.0002518901
0.001748461
0.001894452
0.002032268
-0.0003452179
-0.002679894
-0.0008407282
0.001665535
-0.001830885
-0.005067264
-0.002710976
0.001284484
0.002862545
0.001479544
0.0005473614
0.002070316
0.005198782
0.001673796
-0.002651936
-0.003213865
-0.00426541
0.0008713956
0.002305637
-0.0002636435
0.000297445
0.0001598542
-0.003797643
-0.006347572
-0.006020094
-0.003220125
0.0003305744
0.001128331
0.0001053484
0.001415114
0.005508456
0.0075822
0.007113102
0.004108272
-0.0005010148
-0.002236998
-0.001465796
-0.002578553
-0.00248567
0.001211904
0.001738321
-0.0009166688
-0.002055932
-0.00503734
-0.00271374
-0.0005553441
-0.004126288
-0.005355338
-0.001349756
0.0007147947
0.003808511
0.006797216
-0.001232117
-0.005486536
-0.004811262
-0.004011535
-0.001316659
0.002313575
0.006503803
0.008195051
0.004379361
-0.00402849
-0.002968722
0.002207851
0.002210968
0.0006218677
0.00078103
0.0003006665
-0.001284369
-0.001896333
-0.002352238
0.0009525986
0.0037944
-0.003601548
-0.009193214
-0.004497138
-0.0003283723
0.001286347
0.002572607
0.004109794
0.004109851
0.0008367225
-0.001225704
0.0003900083
-0.00170198
-0.0003321223
0.003047175
0.00418657
0.002283322
-0.0005451305
0.001367403
-0.0008245328
-0.002794138
-0.002821692
-0.002019961
-0.00240548
-0.002384052
-0.001421151
0.002763911
0.008307666
0.003091459
-0.005641786
-0.006282383
0.001324795
0.0065615
0.004374679
0.000668001
0.003812665
0.005591591
0.00106793
-0.003755654
-0.001957401
0.00238475
0.001631014
-0.002561181
-0.002718275
3.366452e-05
0.00480933
0.005851814
0.003736351
0.0001592515
-0.004674557
-0.00195424
-0.002137812
-0.002812062
0.0009507235
0.001970748
0.002145174
0.0006682368
-0.002087805
-0.001983764
-0.004407275
-0.006343259
-0.003577038
-0.002752864
-0.00422575
0.0005590405
0.001846318
-0.0006424959
0.00178816
0.002509313
0.001099689
-0.002697781
-0.002282673
0.0009282567
0.005916065
0.007012616
0.001057862
0.001186358
0.000944639
-0.005374267
-0.00727664
9.993333e-05
0.006945215
0.002901001
-0.005592568
-0.006563698
-0.00202882
0.001085239
0.001027106
0.0004926135
0.001932856
-0.00156266
-0.008189634
-0.00744713
-0.004042412
0.003118974
0.006549281
0.002864031
0.00149927
-0.003046884
-0.004682021
0.003177009
0.008541258
0.007025577
0.00175522
-0.002129981
-0.001897462
-0.001041697
-0.002036198
-0.007091351
-0.00443534
-0.005779689
-0.01010149
-0.005784933
-0.0001310992
0.005062725
0.007571959
0.006092985
0.002667826
-0.002864681
-0.005549396
0.0007378138
0.005602197
0.009096733
0.004223184
0.001917924
0.005292082
0.002117849
0.0006795817
0.004385187
0.008115313
0.01246765
0.01424044
0.01174965
0.007937924
0.004014014
-0.003609499
-0.01327911
-0.01995107
-0.0217464
-0.01550921
-0.01023994
-0.007016766
-0.006569021
-0.005877483
-0.002791047
0.002251831
0.004777319
0.01059744
0.01348206
0.01058637
0.01131258
0.01226312
0.01055464
0.002400721
-0.00503815
-0.006481532
-0.004112079
-0.01085434
-0.01059433
-0.001402118
0.001796571
0.003738636
0.004797368
0.008967111
0.005859227
-0.004311248
-0.01054047
-0.01210827
-0.004254361
0.005958895
0.007957065
0.01090688
0.01276229
0.0078153
0.002296081
-0.003741369
-0.00449724
-0.001948316
-0.001955444
-0.006430205
-0.01553067
-0.01895603
-0.01040039
0.003089162
0.003490017
-0.0008286805
0.001500941
0.005484033
0.006377572
-0.001635547
-0.008939839
-0.009751828
-0.003394283
0.005804091
0.003313262
-0.001943878
0.003956702
0.01336625
0.01741773
0.01433015
0.01265838
0.01203209
0.00456984
-0.004359301
-0.01434102
-0.02290413
-0.01961274
-0.01048071
-0.001782199
0.002542639
-0.0003133138
-0.008201004
-0.01417215
-0.01520763
-0.01250168
-0.004841437
0.0003166518
0.001239764
0.003007387
0.0006766919
-0.002654671
-0.005422999
-0.005752559
-0.001272763
0.009661532
0.01850705
0.01681386
0.01292867
0.01282252
0.01769408
0.01921902
0.01616101
0.009336215
0.003291632
-0.001734963
-0.002438853
-0.003256946
-0.0006642005
0.007730365
0.01307518
0.01367703
0.01141367
0.003258861
-0.007711322
-0.01673527
-0.02514135
-0.02962438
-0.02499767
-0.01653687
-0.01076267
-0.004003195
-0.001502121
-0.00249153
-0.008563617
-0.01109945
-0.005590481
0.002165496
0.01149344
0.01377523
0.007809285
0.001807562
-2.034696e-05
0.001815579
0.00690943
0.01042232
0.007412328
0.004506349
-0.001909471
-0.006300663
-0.00343761
0.001515495
-0.001105848
-0.01017572
-0.01286966
-0.01328286
-0.01123784
-0.003408476
0.006976209
0.01528925
0.01544325
0.01002094
0.004656725
0.002240306
0.005265562
0.01180988
0.00980052
0.005091175
0.003446884
0.0009978662
0.0003378827
-0.003674757
-0.01192354
-0.01927062
-0.02884962
-0.03573069
-0.03247794
-0.02361838
-0.01148145
0.0009787497
0.01366148
0.02275473
0.03252854
0.0316484
0.02185843
0.01447263
0.006030075
-0.002404358
-0.002283098
0.001960055
0.002823976
0.006803986
0.009761974
0.007001883
0.002151755
-0.001264223
-0.008222707
-0.01273626
-0.01339734
-0.01070261
-0.001107512
0.01083156
0.01588578
0.007455581
-0.003615533
-0.01252938
-0.01541514
-0.01133019
-1.53592e-05
0.01469913
0.017285
0.008362083
0.001372992
-2.448385e-05
0.003436333
0.006816625
0.003993279
-4.897521e-05
-0.00562434
-0.008305008
-0.00447497
-0.001133521
0.005158869
0.01201942
0.01426648
0.01064657
0.0009086302
-0.01074487
-0.01972301
-0.0201556
-0.01463549
-0.009427437
-0.004088765
0.002682945
0.01264939
0.01898062
0.01325135
0.005566724
-0.003449097
-0.01344212
-0.01364419
-0.007577326
-0.0001742045
0.009119
0.01069598
0.01020332
0.01018093
0.006243773
0.001782262
-0.0006259755
-0.0009595502
-0.004472412
-0.008589219
-0.005729184
-0.006837939
-0.01445838
-0.02261025
-0.02499416
-0.01325203
-0.001600595
0.0005618999
-0.007025904
-0.008952816
0.00255161
0.01626453
0.02422055
0.02835167
0.03237767
0.03100485
0.02335391
0.01563353
0.01856287
0.03026321
0.04423226
0.04276992
0.02241205
-0.002253601
-0.02893264
-0.04969103
-0.06393859
-0.07253334
-0.06584253
-0.05255622
-0.03896907
-0.01910355
0.001739054
0.01550433
0.009859809
-0.004013276
-0.01565453
-0.01735187
-0.005614827
0.009965692
0.02675996
0.03487016
0.02451729
0.006670301
-0.01167944
-0.02990901
-0.03499488
-0.02507342
-0.006436133
0.01008286
0.02336937
0.03039619
0.02803797
0.0286602
0.03242607
0.03179063
0.02544527
0.01914781
0.01776265
0.02117752
0.02766481
0.02366955
0.01171425
-0.001365283
-0.01076151
-0.01467746
-0.02333825
-0.02935423
-0.03189097
-0.03742557
-0.04057947
-0.03935043
-0.03481356
-0.02938624
-0.01893646
-0.005529495
0.007414243
0.01648626
0.0123635
0.00204317
-0.004006539
0.0007527403
0.01033356
0.01076406
0.01028665
0.01492562
0.02322023
0.03158022
0.02999219
0.0261673
0.01767794
0.005822442
-0.005828998
-0.01696754
-0.01267047
0.001823678
0.01713898
0.02437613
0.02364392
0.0133347
-0.005499468
-0.02417679
-0.04141479
-0.05168631
-0.05415384
-0.04287388
-0.02413251
-0.006798544
0.006756207
0.01016414
0.01271717
0.01912384
0.02279892
0.02452898
0.02153022
0.02454322
0.03024001
0.02448119
0.01120291
0.001777004
0.001284363
-0.003777908
-0.01536202
-0.02939532
-0.02157116
0.002394696
0.0247725
0.03682606
0.03099698
0.0212898
0.005298323
-0.008214748
-0.02260487
-0.02917896
-0.02377912
-0.02236643
-0.02544683
-0.03028379
-0.02807665
-0.01761655
-0.00347433
0.004855076
0.01127188
0.0199328
0.0214711
0.01256459
0.004671861
-0.003489177
-0.01199188
-0.02265913
-0.02659754
-0.01456675
0.0005372938
0.01361993
0.02148928
0.02813773
0.02887636
0.01993518
0.009278232
0.005345042
0.01078665
0.02148865
0.03148785
0.02597264
0.008923493
-0.008406392
-0.02363089
-0.03029364
-0.02597607
-0.01544874
-0.00487642
0.002046377
0.002778825
-0.002689356
-0.01263023
-0.01844838
-0.01752325
-0.02060271
-0.02606486
-0.0265371
-0.01777748
-0.002796732
0.0119963
0.02433129
0.02474453
0.01371948
0.004048866
-0.003172766
-0.00692033
-0.0003148791
0.0113855
0.01971085
0.02108998
0.01979982
0.01722337
0.01427756
0.005376128
-0.004817811
-0.007874758
-0.007649383
-0.0054584
-0.007206699
-0.004254839
0.001564316
-0.002822615
-0.01060217
-0.01470975
-0.01595113
-0.01076248
-0.003558201
-0.001200938
-0.0006490673
-0.00245239
-0.006127441
-0.00956284
-0.007078162
-0.0004237039
0.003014778
0.003947072
0.005701499
0.006725604
0.00738763
0.007562076
0.00967248
0.01092817
0.008545536
0.006193466
-0.0009526741
-0.008556756
-0.01326615
-0.01433211
-0.007861271
0.003720822
0.008224241
0.005281603
0.001687142
-0.002340833
-0.0005670929
0.005652894
0.006459792
0.001128325
-0.003337254
-0.005627139
-0.008800334
-0.01458679
-0.01589143
-0.01278967
-0.007972194
-0.007035808
-0.0100183
-0.01014587
-0.006282109
0.001919635
0.01016132
0.01530316
0.01793382
0.02324905
0.02848497
0.02398996
0.01764855
0.01103494
0.008807218
0.01027505
0.009519246
0.006111518
0.0002883428
-0.005359372
-0.008653004
-0.008895795
-0.006876266
0.00135204
0.008564522
0.01194695
0.00924613
0.0002947122
-0.008962831
-0.01799495
-0.01844695
-0.01479438
-0.009901456
-0.004705578
0.0008259254
0.003338296
-0.0005233514
-0.005362154
-0.01105685
-0.01347937
-0.01336314
-0.01151188
-0.007986823
-0.004827873
-0.003728222
-0.001822876
0.001644146
0.005842457
0.01193394
0.01658315
0.01467688
0.01115282
0.01112324
0.008395815
0.00377523
0.001454733
0.0029888
0.006601655
0.008420381
0.008188895
0.006426328
0.006336619
0.003764202
0.0004716698
-0.0004004443
0.0003951669
0.002687118
0.004627198
0.007727005
0.006427637
0.0006146926
-0.005718418
-0.01380297
-0.0196068
-0.01748331
-0.01026477
-0.004157932
-0.003838621
-0.007431007
-0.0150463
-0.02059409
-0.02006173
-0.01572778
-0.0102963
-0.007720728
-0.00537578
-0.0009142685
0.003069839
0.007040753
0.01107283
0.0147633
0.01933705
0.01789073
0.01120778
0.005155105
0.003121234
0.001533091
0.0003641626
0.003683236
0.007671478
0.008953651
0.00999513
0.009260782
0.008827348
0.006094806
0.001640529
-0.002032525
-0.003926662
-0.002647572
-0.003250357
-0.004595731
-0.006367444
-0.005819688
-0.009425349
-0.01039644
-0.007290511
-0.009080565
-0.01072886
-0.01197839
-0.01147961
-0.01202019
-0.01168566
-0.009243806
-0.006941681
-0.00340631
-3.114029e-05
0.00522293
0.009116327
0.008156588
0.00340956
-0.0007734669
0.0006810206
0.004585594
0.01032619
0.01022533
0.005573152
0.003266943
0.001071917
0.000947473
0.002240858
0.003018127
0.002278683
-0.002241921
-0.007093036
-0.009676719
-0.008935242
-0.002484771
0.0008455624
0.004070831
0.007140054
0.007965293
0.007700139
0.007395186
0.005957056
0.001856675
0.0008387129
0.001023335
0.001844446
0.003325506
0.004041596
0.002770712
-0.0003881804
-0.00303306
-0.003864373
-0.002622036
0.001995509
0.005591073
0.006239885
0.00323197
-0.001900612
-0.005730791
-0.004629219
-0.004014116
-0.003347037
-0.003487766
-0.004513886
-0.002812507
-0.0008153413
0.0008625979
-0.0007693596
-0.004256726
-0.004215958
0.0005494919
0.003758453
0.003260751
-0.0003020647
-0.003500801
-0.002960217
0.0003476721
0.001983779
0.002584587
0.004755162
0.006625875
0.007267512
0.004284065
0.001388295
0.001087402
-1.913501e-06
-0.003131259
-0.005849559
-0.006420776
-0.004757178
-0.002189836
-0.0001436896
0.0005734116
0.0004081907
0.001185464
0.0004633528
-0.003322852
-0.006924473
-0.006656239
-0.00595549
-0.004967083
-0.004854881
-0.00458765
-0.001762258
-0.0006157373
0.00038285
0.001287635
0.001021437
0.0006705874
-0.0004493572
-0.002788221
-0.002282357
0.00215465
0.007095517
0.01319522
0.01336465
0.01021698
0.005149693
-0.001069262
-0.002718648
-0.001169296
0.00257612
0.006478712
0.009376586
0.009046109
0.007244837
0.004876405
0.00466019
0.005446618
0.006390176
0.005237634
0.0003610761
-0.004224858
-0.008105951
-0.009419777
-0.008319229
-0.003078501
0.002040959
-0.003305823
-0.00911476
-0.007059481
-0.002277729
0.0002376399
-0.0009955048
-0.003263989
-0.002331741
0.0002539607
0.004485939
0.008403821
0.008184594
0.006999409
0.004576964
0.001014099
0.001064058
0.003106128
0.001957661
3.904982e-05
-0.003101479
-0.006950979
-0.008767617
-0.008663621
-0.006053455
-0.004557108
-0.002847582
-0.001373648
-0.001162511
0.001411971
0.004099703
0.004525086
0.003771365
-0.0002055797
-0.005189306
-0.007526167
-0.004863023
0.001900596
0.004709728
0.005057595
0.00475166
0.002057892
-0.001118355
-0.003621433
-0.005989855
-0.007832018
-0.006408145
-0.00320943
-2.395972e-05
0.00100322
-0.0006787432
-0.00135703
-0.0008184613
-0.0007286875
0.0008553745
0.002408853
0.002048809
0.001395008
0.001536799
0.001704092
0.0003240541
-0.001920961
-0.003780418
-0.002787963
-0.0009621606
-4.312541e-05
-0.0002532339
0.0002047548
0.001295144
0.0020979
0.001751121
7.833234e-05
-0.001801516
-0.00225951
-7.976796e-05
0.0005710184
-0.0005662641
-0.002130939
-0.00323356
-0.003417163
-0.001573019
0.0005475804
0.002528432
0.002372392
0.0003466889
-0.001141486
-0.001505625
-0.0006467803
-0.0004101278
-0.001534155
-0.002736737
-0.001805467
-0.002161451
-0.001265887
-0.0009088928
0.001156616
0.001152552
0.0002549588
0.0006364291
0.002132767
0.00558343
0.006650377
0.0080223
0.00715941
0.003508864
9.6956e-05
-0.001819635
-0.001468772
0.0007548262
0.001175079
0.002126742
0.00246234
0.002161452
0.001995208
-0.0003783214
-0.002799813
-0.0032935
-0.00288959
-0.0005945976
0.0007966992
0.0007120403
0.001449517
-0.0003385322
-0.002266342
-0.0004762683
0.002103316
0.005170445
0.008381435
0.008253954
0.008698718
0.007579811
0.005066513
0.001490415
0.000117466
0.001594427
0.002521606
0.001422073
-1.001504e-05
-0.0005577411
-0.002697701
-0.004199145
-0.004014553
-0.003138382
-0.001703247
-0.001273817
-0.001423769
-0.001665504
-0.002087782
-0.0007954428
-0.000685279
0.0002133483
-0.00137988
-0.002379499
-3.962432e-05
0.001594434
0.001192567
5.018089e-05
-0.001867429
-0.00149005
0.0003163737
-0.0006526227
0.0003459479
0.0004816264
-0.0001874917
-0.002719116
-0.004329735
-0.00204699
-0.0009147866
0.0004652748
0.001696439
0.0003164191
-0.00362588
-0.006184043
-0.007823223
-0.006740014
-0.005743462
-0.007945654
-0.007244998
-0.003517936
-0.0005435678
-0.0005884453
-0.001827735
-0.002005223
-0.001718593
-0.002619262
-0.002576427
-0.002652937
-0.002866116
-0.001008722
0.00120979
0.001616766
0.001707554
0.001268941
0.002869327
0.00430142
0.0034028
0.003232465
0.003538476
0.0008018335
-0.002098049
-0.002584606
-0.002896756
-0.0007955769
-0.0007415086
0.0001183297
0.001843162
0.001767684
0.001420887
0.001451472
0.002821341
0.002318497
0.0006915847
-0.001014876
-0.00158813
-0.003003883
-0.00494496
-0.005261173
-0.006277121
-0.006383234
-0.004190242
-0.0008926096
0.001300399
0.002967074
0.002398946
0.0030405
0.004587865
0.00448995
0.004094183
0.003249614
0.003407711
0.002557027
0.002032729
0.002146955
0.002859922
0.005250789
0.006226935
0.006073945
0.005145748
0.006011722
0.006075989
0.005908714
0.005538482
0.003238381
0.002621234
0.001739953
0.001384969
0.002132628
0.002319287
2.939526e-05
0.000242548
-0.0001205615
-0.001751562
-0.002445164
-0.003487642
-0.0009203304
0.001417523
-0.001552702
-0.00280225
-0.002541141
-0.001997497
6.086517e-05
-0.0005847968
-0.0006398773
-0.002241286
-0.002700304
-0.002818643
-0.003679539
-0.003887631
-0.002741176
-0.002195483
-0.001573311
-0.0005961503
-0.001105154
0.0003707679
0.000992958
0.002575991
0.003247158
0.002491341
0.002185332
0.002749369
0.004373221
0.002523968
0.004599658
0.004712907
0.0002545077
-0.003442019
-0.003548145
-0.003517574
-0.001980489
0.0002645273
0.0007122966
0.002566656
0.002079091
0.003467303
0.003020553
0.003215363
0.002319814
0.00165171
-0.0009360219
-0.002592549
-0.001508302
-0.001622564
2.574637e-05
-0.000178261
0.001514915
0.002766476
0.001482303
0.0003541568
-0.00222338
-0.003673851
-0.005168157
-0.006206544
-0.005363024
-0.004997899
-0.003262898
-0.0008179598
0.0001500177
-0.0005986685
-0.001203536
-0.002088913
-0.001353506
-0.00192268
-0.002968194
-0.004226878
-0.004885824
-0.002747923
-0.002741817
-0.002461328
-0.003203911
-0.001998306
0.0007872964
0.002722239
0.003511719
0.003578023
0.003661672
0.001503354
-0.001515846
-0.002815369
-0.003772145
-0.004025115
-0.004596341
-0.004059847
-0.002771606
-0.002291202
0.0005494831
0.0003220327
0.001379759
0.0009799346
-0.002408517
-0.002974657
-0.00162829
-0.0003777801
0.0009206627
0.001605085
0.00246187
0.003424745
0.001936567
0.00010667
-0.0008613363
-0.0001351212
0.001467284
0.001321432
0.00102052
0.001145971
0.0006563542
0.001217339
0.0009939444
0.002314824
0.003066576
0.001130614
0.002531048
0.002790117
0.0030502
0.002766637
0.002367798
0.004180327
0.004329259
0.002626889
-0.0005667439
-0.0004107162
-0.0001139044
-3.766288e-06
0.000462363
0.0002104104
-0.0003495794
-0.0006729455
-0.0006943844
0.0002460341
0.001558758
0.002623631
0.003876181
0.00522462
0.004487172
0.003908837
0.001752568
0.001367992
0.001223164
-0.0004088643
-0.0008311463
-0.002385661
-0.001472771
-0.002813079
-0.001975684
-0.001962413
-0.002090952
-0.001474874
-0.003179302
-0.002537753
-0.0006803371
-0.001098537
-0.001205635
-0.001921675
-0.002807044
-0.003249747
-0.004101461
-0.005134746
-0.005002181
-0.003846551
-0.003036678
-0.004116843
-0.005423496
-0.004560605
-0.003850717
-0.002034108
-0.0001144811
0.00081986
0.0002364193
-0.0001430208
-0.001428231
-0.001210996
0.0001710933
-0.0002297663
0.001166589
0.002071351
0.001956083
0.002042764
0.001409328
0.002305897
0.003097418
0.002447677
0.002251831
0.001128803
0.001354204
0.002356854
0.003300347
0.003566572
0.003241184
0.003784838
0.003003524
0.002374177
0.003302384
0.002156921
0.00159796
0.00111243
0.002012054
0.003071833
0.002289498
0.00169177
-0.0003206948
-0.0009184365
-0.001505964
-0.001202031
-0.0003799055
-0.0002483316
-9.837616e-05
-0.002580053
-0.003801023
-0.003626606
-0.003341037
-0.001723325
-0.0009695529
-0.0006360179
0.0008286943
0.001072491
0.002069026
0.002864642
0.002145534
0.00243011
0.001957837
0.003493946
0.004734277
0.005030108
0.003807142
0.00381732
0.003949933
0.003377708
0.002454628
0.0006614516
0.0005155966
-0.0002585998
0.0004717196
-0.0005472589
-0.0005901051
-0.0003004127
-0.002965655
-0.003689879
-0.004975074
-0.005643236
-0.006535755
-0.005837051
-0.004637546
-0.004327472
-0.002607767
-0.00103185
3.304227e-05
-7.505786e-05
-0.0006074964
-0.0006941957
-0.0003116945
-0.0008145566
0.0008266013
0.002363763
0.002241367
0.002548411
0.001099015
-0.001500962
-0.002331253
-0.001397965
-0.0007359833
-0.0005074982
-0.0007573877
-0.001612147
-0.002271074
-0.002548508
-0.002879002
-0.001460196
0.0002177034
0.0007481182
0.001196923
0.001469272
0.002216932
0.002555581
0.003864251
0.004922024
0.005057719
0.003137072
0.001492847
4.668473e-06
0.0008828817
0.002374142
0.001613236
0.002007984
0.001585727
-0.0001125758
-0.0001340109
0.001026761
-0.0001900644
-0.001829201
-0.003134806
-0.002112793
-0.001363082
-0.001406937
-0.001121321
-0.001512992
-0.0007418624
-0.0006959118
-0.002388075
-0.002294235
-0.001894379
-0.001492485
-0.001187497
-0.0004510628
-0.0008539466
-0.002352311
-0.002932674
-0.002750078
-0.002174779
-0.001714741
-0.001536231
-0.001423007
-0.001093543
-0.0009262428
-0.00209718
-0.003661849
-0.003125323
-0.001412711
-0.0005518082
-0.0009526477
-0.0007211079
0.001788113
0.001704494
0.001196553
0.002314489
0.00184735
0.001508728
0.0009049096
0.0008957458
0.001194622
0.002504315
0.002391124
0.002120837
0.002928703
0.003042975
0.002951212
0.002565683
0.002198502
0.0005716336
0.0006287725
-0.000846107
-0.001562137
-5.046678e-05
-0.0005502344
0.0001138171
-0.00107139
-0.001268241
0.0007360833
-0.0005643861
-0.0006592384
2.216285e-05
-0.001652656
-6.553051e-05
0.002192789
0.001927633
0.0008913489
-0.0006294373
-0.001909529
-0.0005019246
0.001145407
0.001408603
0.00139232
0.0006987588
0.0006120888
0.001354701
0.000573421
0.0006723871
0.0007019995
-1.605374e-05
-9.865439e-05
-6.394351e-05
0.0007184325
0.0003992314
-0.001531586
-0.002813675
-0.002795285
-0.00262082
-0.003310299
-0.003105243
-0.00404769
-0.005621522
-0.005793876
-0.005952977
-0.004906449
-0.004099603
-0.002814344
-0.002942845
-0.0007375691
0.0003281643
0.0003751845
0.0004806102
0.0003075929
0.003337954
0.002885515
0.003377999
0.002784432
0.002449095
0.002488892
0.001814525
0.001428606
0.001960904
0.001786767
0.0007524013
0.001753399
0.001227397
0.001145741
0.001021002
0.0008309451
0.0007467179
0.001117095
0.001183542
0.000535399
0.0007745619
0.0005138558
-0.0003855764
-0.000241066
-0.0003150792
0.001715518
0.003190004
0.004209886
0.003598808
0.003512479
0.004270338
0.002367196
0.00204434
0.001845337
0.003002839
0.00371428
0.003901126
0.004104352
0.003056045
0.003113396
0.002314353
0.001402582
0.00168293
0.001187818
0.0009060103
0.0007412739
-0.0006362783
-0.001460661
-0.002226512
-0.003313698
-0.002882151
-0.002884056
-0.002489301
-0.002194006
-0.001234526
-0.001000234
-0.002683324
-0.00338532
-0.003303615
-0.003620091
-0.003333352
-0.002973169
-0.002593696
-0.002022917
-0.001669294
-0.001569329
-0.001611338
-0.001020784
-0.001069152
-0.000261446
0.0001530513
0.0004689079
0.0003744586
-0.0002130443
-0.0004957427
-0.0004231359
-0.0004766745
-0.0005429936
-0.0003791322
-0.0004964055
-5.520348e-05
-0.0003187999
-0.0003228783
-0.0002279622
1.464087e-05
0.0003166401
0.0003738129
0.0002661769
0.0002965031
0.0002190167
0.0001810304
0.000312823
0.0002442698
0.0003374492
0.000213565
0.0002450428
-0.000147225
-0.00021882
-0.0002124918
-0.0001905695
0.000117894
0.0002567838
0.0003149258
0.0001940039
0.0002875808
0.0002315989
9.966586e-06
-3.631317e-06
-2.87522e-07
-3.919309e-05
4.758644e-05
3.669044e-05
4.35788e-05
5.981957e-05
0.000113588
0.0001934749
0.0001507026
0.0002098459
0.0002049096
0.0001197832
0.0001014359
0.0001072487
0.0001175295
0.0001029496
0.0001276471
0.0001778861
0.0001494667
0.0001198089
7.673534e-05
3.674383e-05
1.304101e-05
-1.047196e-05
4.147206e-06
1.276289e-05
1.444286e-05
9.078898e-06
-4.343799e-06
7.780508e-07
-8.412219e-06
-1.306622e-05
9.964097e-07
8.931708e-06
1.323446e-05
1.740403e-05
2.543245e-05
2.804194e-05
2.458499e-05
2.340741e-05
2.283449e-05
2.693055e-05
2.927251e-05
2.853652e-05
2.731184e-05
2.506128e-05
2.27949e-05
1.921573e-05
1.660386e-05
1.497655e-05
1.343933e-05
1.195113e-05
1.032074e-05
9.137322e-06
8.139751e-06
7.257635e-06
6.572612e-06
5.80225e-06
5.298652e-06
4.876696e-06
4.569952e-06
4.320967e-06
4.134478e-06
4.015765e-06
3.950414e-06
3.919769e-06
3.906709e-06
3.895998e-06
