-0.00208016
-0.002007448
-0.001845853
-0.003899553
-0.003108331
-0.003745987
-0.006445941
-0.01011884
-0.01134869
-0.002075464
0.00303528
-0.0004391776
-0.003524879
-0.002785443
0.001247709
0.008164536
0.01276916
0.01603771
0.0174908
0.01896034
0.0226883
0.02591046
0.02730084
0.02512338
0.02184955
0.01494976
0.008895672
0.005873151
0.002720196
-0.000465272
-0.002329714
-0.009234872
-0.01471293
-0.02005723
-0.02259949
-0.01751098
-0.01194502
-0.008560695
-0.003493255
-0.0007370177
-0.007395259
-0.01657788
-0.01875809
-0.008344239
0.003649709
-0.002135846
-0.0151439
-0.01845064
-0.01347892
5.172045e-05
0.01160776
0.0202365
0.02548509
0.02964544
0.0330817
0.02865591
0.01515224
0.005367587
0.004059248
0.01068865
0.01499563
0.01217087
0.005995521
-3.284492e-05
-0.0008927664
-0.002154463
-0.005572335
-0.0005955056
0.008662368
0.01722776
0.01373889
-0.01136264
-0.0342313
-0.03566355
-0.01983729
-0.009053811
-0.007746035
-0.02012044
-0.02414605
-0.01801645
-0.01516197
-0.01113846
-0.00519319
0.006750798
0.01746986
0.0189213
0.007003685
0.002278186
0.007595699
0.008312083
0.006983458
0.008884243
0.01582392
0.01834913
0.0136518
0.006007779
0.006944089
0.01730325
0.02483097
0.01916508
-0.004718944
-0.02574485
-0.02440511
-0.009019908
0.005629966
0.01244326
0.01540002
0.02170451
0.02506739
0.02756131
0.01355376
-0.01290384
-0.02668071
-0.026458
-0.02030086
-0.02585426
-0.0272368
-0.02715555
-0.03394393
-0.03732953
-0.03425946
-0.02505912
-0.02184406
-0.02258754
-0.02387053
-0.01378658
-0.007706039
-0.008313571
-0.001946272
0.001179541
0.001433104
-0.002774741
0.005333984
0.02732395
0.03155784
0.01224204
-0.004159558
0.006277154
0.02070723
0.01494852
0.003977675
-0.02014192
-0.03763554
-0.0323127
-0.02102178
-0.01462476
-0.02261172
-0.03371674
-0.0248756
0.00141065
0.01110463
0.001452336
-0.01007058
-0.008759791
-0.002487662
-0.003498272
-0.007739162
0.005252907
0.02195478
0.02943897
0.05043107
0.07283186
0.07897696
0.0782463
0.0679277
0.04037524
0.001962889
-0.05761338
-0.08344086
-0.07451178
-0.05671069
-0.03457964
-0.03410722
-0.0461583
-0.0475534
-0.04785397
-0.0529689
-0.0537906
-0.01452114
0.02813783
0.04078233
0.05656237
0.06260348
0.05004495
0.0179953
-0.002338592
0.005379607
0.02573158
0.002549991
-0.02444941
-0.02123228
-0.03004804
-0.03667585
-0.03223254
-0.008193962
0.01790098
0.02013001
0.0009186806
-0.0142585
-0.00743424
-0.01297336
-0.009087624
-0.003434191
-0.002165696
0.02549738
0.04932224
0.05315922
0.05260005
0.05774476
0.06318632
0.04814939
0.03204762
0.02107546
0.00329791
-0.008128064
-0.02804651
-0.04426437
-0.04701718
-0.04737701
-0.05788071
-0.05800077
-0.05359608
-0.03586302
-0.006649811
0.002630592
0.02207737
0.0567844
0.08972891
0.09521201
0.08102441
0.06703577
0.03872635
0.03079147
0.0339277
0.04873889
0.04770645
-0.002254333
-0.04773626
-0.07101175
-0.0722195
-0.05200212
-0.03492325
-0.0320458
-0.0402384
-0.06377175
-0.0866329
-0.08748752
-0.0676208
-0.05627922
-0.06181657
-0.04744758
-0.01064569
0.02863075
0.05613947
0.06997104
0.08137913
0.08555542
0.08926562
0.09222511
0.09701656
0.07212909
0.02987921
-0.0001857267
-0.03070454
-0.05332037
-0.07923587
-0.1073393
-0.1216002
-0.1198154
-0.1166374
-0.1051086
-0.07852151
-0.04414872
0.001822503
0.04347915
0.07367
0.112996
0.1450535
0.1576729
0.1548606
0.129888
0.1001265
0.07855141
0.04899594
0.01646513
-0.03026201
-0.08479519
-0.1117353
-0.1160651
-0.09531811
-0.07900916
-0.09023101
-0.1030624
-0.09640872
-0.07112673
-0.05426282
-0.05930439
-0.04149387
-0.009517577
0.02211092
0.04188906
0.05125507
0.06643816
0.07818793
0.06911035
0.03472658
-0.01141675
-0.04736212
-0.05581438
-0.04992951
-0.03903846
-0.02793831
-0.01892404
0.01697031
0.07768635
0.1052667
0.08725512
0.06163537
0.04812403
0.04711181
0.04281314
0.01655797
0.008994312
0.01283324
0.00972395
0.01606394
0.0285566
0.03439477
0.03295935
0.02703899
0.0175721
0.009130323
-0.001135206
-0.02269824
-0.03842585
-0.04566807
-0.04825907
-0.04069292
-0.02764526
-0.02074719
-0.01910005
-0.01710918
-0.02746539
-0.04147727
-0.04916617
-0.04338903
-0.02148975
0.01690396
0.06149315
0.08941248
0.09221638
0.08971832
0.09548328
0.09175001
0.07287076
0.04219216
0.02233679
0.01815984
0.01383602
0.01187452
0.005070075
-0.01206391
-0.03987423
-0.07692369
-0.1013966
-0.1074044
-0.1025574
-0.1069464
-0.1281267
-0.1413122
-0.1303053
-0.08142898
-0.001762866
0.0690323
0.1059951
0.1318093
0.126338
0.0826872
0.02373635
-0.02372725
-0.03802352
-0.02720738
-0.02084559
-0.01179303
0.0195496
0.05996206
0.09526943
0.1039283
0.09172814
0.07221559
0.05833041
0.03863531
0.01477656
0.0005170425
0.001882901
0.004087201
0.003328402
0.005903982
0.005386924
-0.004459054
-0.03248653
-0.04610039
-0.03342681
-0.01607958
-0.03137134
-0.0445823
-0.0309183
-0.001190316
0.03875807
0.06468245
0.07205612
0.06705106
0.07383413
0.08900876
0.1055971
0.1031818
0.06414341
0.009726485
-0.03777076
-0.06295347
-0.06662745
-0.06000351
-0.05209029
-0.05239623
-0.05634561
-0.06826527
-0.0834867
-0.1058114
-0.132314
-0.1546245
-0.1686341
-0.1632984
-0.1392713
-0.1104093
-0.09372208
-0.08880258
-0.08132699
-0.07289666
-0.06171542
-0.03830742
-0.003186773
0.05139037
0.09928448
0.126649
0.1335687
0.1325079
0.1279627
0.1172874
0.1091661
0.1048045
0.1105787
0.1194782
0.1302545
0.1413103
0.1450974
0.1359215
0.1210273
0.09663093
0.08278538
0.08101866
0.07073494
0.04662205
0.01006108
-0.0301617
-0.06422166
-0.08640574
-0.0972352
-0.09963437
-0.1088777
-0.1180303
-0.1167228
-0.1039934
-0.08562231
-0.07303667
-0.07687306
-0.08721502
-0.08143996
-0.06627985
-0.06083122
-0.0622278
-0.05448824
-0.03891917
-0.02048288
-0.006817147
0.007396323
0.0284397
0.04722786
0.06512351
0.0772378
0.09061176
0.1007646
0.09179238
0.07900741
0.07343384
0.07363244
0.06783548
0.04901412
0.02615356
0.005805246
-0.00514479
-0.009780016
-0.01137055
-0.00878827
-0.01715876
-0.03701139
-0.06291672
-0.0899002
-0.1068897
-0.1156713
-0.1233768
-0.1366311
-0.1462134
-0.1468921
-0.1397567
-0.1233668
-0.1111792
-0.1086032
-0.1100898
-0.1107145
-0.09493359
-0.06402606
-0.02565621
0.01262998
0.03582016
0.05040869
0.05498998
0.05147042
0.05259595
0.04985258
0.04766614
0.05043892
0.06218261
0.08646616
0.1047572
0.1141987
0.1137819
0.105097
0.09493714
0.09001599
0.09010814
0.09181188
0.0848395
0.06941537
0.05933809
0.04603147
0.02631415
0.001899707
-0.02080726
-0.03267367
-0.03261731
-0.03277211
-0.03467416
-0.03146502
-0.03419738
-0.03542218
-0.0292469
-0.01368967
-0.001480088
0.002308365
0.00996057
0.01685694
0.01375527
-0.003462193
-0.02798083
-0.03786247
-0.03176072
-0.0288169
-0.02072413
-0.005788194
0.008501056
0.01574618
0.02619817
0.03691636
0.03936746
0.04261618
0.04563233
0.05449715
0.06563861
0.07002459
0.06502963
0.05397279
0.03695201
0.01820945
0.005608311
0.0001716366
0.001373113
0.00188812
-0.003475142
-0.02029607
-0.03021059
-0.03046368
-0.01588497
0.0005654394
0.009248539
0.02724831
0.03698301
0.03781004
0.02774856
0.008811032
-0.01441867
-0.03648353
-0.04594019
-0.04733579
-0.04422098
-0.03679565
-0.03501602
-0.03798247
-0.04026654
-0.04064731
-0.0398867
-0.03365891
-0.02160386
-0.01373694
-0.01278258
-0.008141941
0.003097065
0.01233993
0.01747013
0.01079281
0.002457979
-0.001367442
-0.0001765115
-0.001678391
-0.00879028
-0.0135215
-0.02915857
-0.05156233
-0.06976164
-0.07547822
-0.06538787
-0.04743231
-0.02395447
0.00205703
0.02079899
0.02578623
0.01293979
-0.009392661
-0.02647926
-0.03525797
-0.02923139
-0.01457358
0.0008920575
0.01867309
0.04202535
0.0689731
0.08840039
0.0943657
0.08343165
0.06104604
0.0428914
0.04381073
0.059466
0.07877489
0.08461469
0.07825731
0.06307488
0.04983861
0.04261624
0.03186263
0.0206857
0.00624069
-0.006700851
-0.01092447
-0.007018682
-0.00398807
0.001747573
0.006914047
0.002964771
-0.004687113
-0.01446366
-0.03282863
-0.04716256
-0.0491239
-0.03655841
-0.01914078
-0.01815537
-0.02966292
-0.04606036
-0.06158469
-0.07164285
-0.08091359
-0.09041075
-0.09289035
-0.09636342
-0.09781384
-0.08697531
-0.07020855
-0.0608674
-0.05930579
-0.05998105
-0.05887643
-0.05209959
-0.03472393
-0.001809612
0.02784988
0.0400337
0.03912787
0.03095656
0.01226191
0.003136875
0.007566622
0.02250338
0.03630385
0.03992675
0.04521429
0.05197164
0.0577712
0.0561329
0.04736889
0.03379658
0.02312822
0.01854413
0.02677329
0.04926305
0.07270548
0.08388855
0.08242663
0.07355749
0.06221076
0.05029894
0.03259147
0.006510817
-0.02135688
-0.04585961
-0.0581152
-0.05907023
-0.05665824
-0.05375462
-0.05504116
-0.05987936
-0.06664638
-0.07104802
-0.06733865
-0.06040504
-0.05202101
-0.03956718
-0.03228375
-0.03617033
-0.04330767
-0.0467006
-0.05070552
-0.0480876
-0.037632
-0.02509357
-0.01086807
0.001211353
0.01630793
0.03236125
0.04747616
0.05636806
0.04640933
0.0333355
0.02161012
0.007895726
-0.005590194
-0.009538099
0.00648151
0.02918517
0.03216815
0.02033358
0.001565041
-0.008204042
0.001631271
0.01948887
0.03051553
0.03176039
0.03031449
0.03077902
0.03388536
0.02663359
0.01767637
0.004676899
-0.01056557
-0.01668618
-0.01029649
-0.007731815
-0.01446036
-0.02446108
-0.03869989
-0.04732157
-0.05154706
-0.04849894
-0.04140141
-0.03992104
-0.03317441
-0.01591974
0.005231317
0.02385482
0.03827488
0.04571202
0.04425681
0.03544636
0.01529862
-0.01337531
-0.03914123
-0.04971221
-0.0347934
-0.004812253
0.03040149
0.05872003
0.07166105
0.07875337
0.08817845
0.09122442
0.08062893
0.06079323
0.03223042
0.003723706
-0.006300613
0.01062245
0.03512103
0.05088434
0.05604985
0.05569612
0.05763842
0.05720207
0.04232966
0.02133214
0.001940112
-0.008837011
-0.01504045
-0.02201707
-0.03014526
-0.03290927
-0.03282239
-0.03780696
-0.04423075
-0.0499436
-0.05095322
-0.04544099
-0.03410965
-0.02208777
0.001232638
0.0151925
0.01961231
0.01852106
0.01721253
0.01528794
0.01693028
0.02144288
0.01475488
0.004268379
-0.002667498
-0.009750257
-0.01543358
-0.01987046
-0.03254895
-0.04138713
-0.04548947
-0.03014856
0.0007626352
0.02242141
0.02854457
0.02789595
0.02959332
0.03368463
0.03877656
0.02937225
0.004120194
-0.009724183
-0.01381124
-0.01889688
-0.02832365
-0.03822879
-0.04289725
-0.04237188
-0.03508086
-0.01717877
-0.0004129657
-0.0001048616
-0.006816398
-0.01843209
-0.03157168
-0.04046398
-0.0445786
-0.04635437
-0.04116863
-0.03103183
-0.02300845
-0.01857038
-0.01853668
-0.01921492
-0.0213783
-0.02108858
-0.02143737
-0.02014091
-0.01835587
-0.01300797
-0.0009341894
0.01291643
0.02661813
0.03649687
0.03488632
0.02119184
0.01367855
0.008123666
0.009860761
0.02079213
0.03729066
0.05961645
0.07394953
0.07322434
0.06412393
0.05211244
0.04369441
0.03021515
0.005963655
-0.01791758
-0.0368773
-0.04284632
-0.02919562
-0.003268218
0.02434117
0.04778998
0.06319099
0.07062376
0.07443553
0.07505164
0.06007705
0.04046554
0.01054387
-0.02120156
-0.04740125
-0.06273487
-0.0678226
-0.05995531
-0.04816305
-0.04673706
-0.04739289
-0.05131271
-0.05110051
-0.04612594
-0.04175418
-0.04682048
-0.05965919
-0.07323637
-0.08147079
-0.08568233
-0.08006923
-0.06394196
-0.04044417
-0.01822139
0.002120518
0.01831918
0.03791547
0.06334208
0.08299958
0.09290281
0.08363413
0.06572196
0.05215194
0.04142465
0.03593814
0.02859521
0.01342073
-0.004253759
-0.02158146
-0.03100006
-0.02872846
-0.01092837
0.005574286
0.03043992
0.05705791
0.07772931
0.09458897
0.09981247
0.09039185
0.06287436
0.03294459
0.0130353
0.00497739
0.004352224
0.008591439
0.002548037
-0.01271208
-0.02757746
-0.03221427
-0.02642057
-0.01392444
-0.00449953
-0.001336398
-0.003107001
-0.007375583
-0.01191344
-0.01958678
-0.02633701
-0.0287451
-0.02713643
-0.01604278
0.001971575
0.01567439
0.01930778
0.01087252
-0.001777374
-0.01297785
-0.01956995
-0.02548784
-0.03151384
-0.03474503
-0.03802826
-0.0414716
-0.03746998
-0.0272239
-0.01441865
-0.01316183
-0.03230093
-0.05293534
-0.06490383
-0.06350522
-0.04445857
-0.02566895
-0.01426515
-0.006095764
0.003160943
0.01217184
0.01307883
0.008343186
0.002948627
0.001340312
0.0056276
0.02437135
0.05232979
0.07869397
0.08949294
0.0829193
0.07009406
0.05703118
0.04624595
0.03571063
0.02179605
0.005936344
-0.008804425
-0.02531999
-0.04267603
-0.05966078
-0.0780613
-0.092544
-0.09276811
-0.07063684
-0.04232747
-0.02439251
-0.01724302
-0.01581572
-0.01929258
-0.02196466
-0.02100656
-0.01361735
0.001027127
0.01784523
0.02910739
0.03137928
0.03814631
0.04648822
0.05607454
0.06453275
0.06374466
0.0503004
0.03696122
0.02853743
0.02872957
0.03252946
0.03164449
0.03317183
0.03583851
0.0388622
0.03012019
0.005620213
-0.01947035
-0.04292074
-0.05895369
-0.05750996
-0.04362731
-0.02809839
-0.02077435
-0.02171229
-0.02019
-0.007712892
0.01156251
0.03009843
0.04033766
0.04058906
0.03343629
0.01531444
-0.003081784
-0.01441349
-0.02068087
-0.02619142
-0.03761185
-0.04472481
-0.03662855
-0.02479704
-0.01894987
-0.02176146
-0.02793498
-0.04004897
-0.05814016
-0.0780194
-0.09151447
-0.0866689
-0.06283296
-0.030377
-0.0002180756
0.02207155
0.02948143
0.03391189
0.04657171
0.06361855
0.07771659
0.08522339
0.08182945
0.06453394
0.0481034
0.04429026
0.05021404
0.05491893
0.04988997
0.03766287
0.02587744
0.02090968
0.0193161
0.02223908
0.0129496
-0.007701642
-0.02589469
-0.034718
-0.03328623
-0.01910957
0.002083693
0.01382054
0.02215568
0.02114356
0.01735194
0.008338941
-0.005307909
-0.01462077
-0.02304623
-0.03043435
-0.03360782
-0.03316028
-0.03307994
-0.03215606
-0.03500412
-0.04470862
-0.05973854
-0.06955318
-0.06759092
-0.06013594
-0.04450055
-0.02838985
-0.01587871
-0.008269691
-0.005348585
-0.007497894
-0.0267271
-0.04108171
-0.03247
-0.02324323
-0.01996101
-0.02158398
-0.02495622
-0.01767865
-0.009483069
-0.008407085
-0.006895553
0.005298443
0.01382555
0.004692371
-0.006028936
0.007522702
0.04074913
0.07243025
0.0943653
0.1040899
0.1115542
0.1185462
0.1251547
0.1274059
0.1257525
0.1196191
0.1022792
0.08061025
0.06499403
0.04254791
0.02510182
0.01566173
-0.004205824
-0.02644079
-0.0589043
-0.08713686
-0.09712468
-0.07830563
-0.05258527
-0.0415223
-0.04705473
-0.06202419
-0.0656237
-0.05454236
-0.03229812
-0.01303943
-0.002370139
-0.01165613
-0.03400322
-0.04917153
-0.05066368
-0.04307681
-0.03075203
-0.02092116
-0.01673291
-0.01771095
-0.02809442
-0.04377677
-0.05392562
-0.0486235
-0.03219829
-0.02588127
-0.02697964
-0.02715592
-0.02207308
-0.008426314
0.01085086
0.03210887
0.04209385
0.03646876
0.01679726
0.0009038272
-0.007990351
-0.005759384
0.006795007
0.02203098
0.04597573
0.06619645
0.08378152
0.1061075
0.1253776
0.1364704
0.1325865
0.1160036
0.09809474
0.08249108
0.06616014
0.04075632
0.005154544
-0.02738417
-0.04995747
-0.05776526
-0.05105741
-0.03677198
-0.02096982
-0.008661142
-0.002541821
-0.002513934
-0.001596603
-0.004098307
-0.01377469
-0.02828484
-0.03422801
-0.02286994
-0.01664756
-0.03044369
-0.05021905
-0.06497093
-0.07557649
-0.08236317
-0.08738422
-0.09222881
-0.09957648
-0.1044873
-0.09508559
-0.06790011
-0.04049941
-0.02470835
-0.02259141
-0.03086928
-0.03536499
-0.02354273
0.00173639
0.03384748
0.06309032
0.07215044
0.0669275
0.06078555
0.04642749
0.01916747
-0.005716976
-0.02913058
-0.04430359
-0.0642604
-0.09390517
-0.1149707
-0.1314768
-0.1339712
-0.1201314
-0.07606886
-0.01656458
0.05317132
0.1184029
0.1775206
0.2216056
0.2528436
0.2735839
0.2691352
0.2541815
0.2075681
0.1366216
0.05360843
-0.02649363
-0.0852022
-0.1084403
-0.1086416
-0.08245457
-0.02849086
0.01572165
0.0282295
0.01460495
-0.01327205
-0.04566356
-0.0677337
-0.09104926
-0.118252
-0.1435035
-0.164623
-0.1762748
-0.171826
-0.1519466
-0.1182064
-0.07724756
-0.03373983
0.02102362
0.06656728
0.08877539
0.09158616
0.07503836
0.05192074
0.02296975
-0.0004314305
-0.0198495
-0.04788554
-0.06526463
-0.06907363
-0.05409321
-0.03338447
-0.0153573
0.006415304
0.03278811
0.05761563
0.06895467
0.06897068
0.06435897
0.05459116
0.0540319
0.05997924
0.07365511
0.09496568
0.1038955
0.1041758
0.09253727
0.07270002
0.05201925
0.03522978
0.02620149
0.02998136
0.0428892
0.05781766
0.07351009
0.08864971
0.1012383
0.1079486
0.1035379
0.08695143
0.07076072
0.06110516
0.06155576
0.05490409
0.02911419
-0.007438765
-0.05057888
-0.09340891
-0.1285869
-0.1563648
-0.167278
-0.1674006
-0.158229
-0.1354148
-0.1106158
-0.08805568
-0.07413187
-0.06635867
-0.06123847
-0.0567721
-0.04828999
-0.03371951
-0.01642256
0.003489683
0.02155572
0.03401176
0.0422909
0.03849528
0.0237163
0.002437885
-0.00756851
-0.0008652657
0.02179384
0.03836151
0.02866519
0.007728486
-0.02078784
-0.03717739
-0.043115
-0.05338353
-0.06220875
-0.06677242
-0.06443272
-0.05128817
-0.02771716
0.002236987
0.03292248
0.0568464
0.07585596
0.08593644
0.08857705
0.08846467
0.08148463
0.06581622
0.0477957
0.03075744
0.01487586
0.009799149
0.008889131
0.008120894
0.006980356
0.003948739
0.002034022
-0.0007915558
-0.005417433
-0.008744851
-0.00979053
-0.01110141
-0.01754289
-0.02775836
-0.04044326
-0.05148902
-0.0543656
-0.05330804
-0.0486968
-0.04624694
-0.04626854
-0.04982138
-0.06303158
-0.07793192
-0.08562596
-0.08351474
-0.06675533
-0.04394728
-0.02332714
0.001995186
0.02639135
0.04911371
0.0681508
0.0826489
0.09160839
0.09074628
0.07982699
0.05902084
0.03790766
0.02346325
0.01906991
0.01672881
0.0185126
0.01786265
0.01240952
0.004699143
-0.005270542
-0.01235261
-0.02129006
-0.02924422
-0.03858764
-0.04056053
-0.03318003
-0.02486725
-0.01826806
-0.01086614
-0.0004389037
0.008168654
0.01743819
0.02509408
0.03013367
0.03534564
0.03875629
0.04194967
0.04286744
0.0387413
0.03227527
0.02831539
0.02535306
0.02336891
0.02206816
0.02066439
0.01567532
0.00788022
0.002285262
0.000136879
0.007471434
0.01994985
0.02792394
0.02886206
0.02155145
0.01020775
-0.003806309
-0.01968085
-0.03251274
-0.04275892
-0.0513211
-0.05641833
-0.05981421
-0.06570808
-0.07509645
-0.08384326
-0.08806025
-0.08718541
-0.07552711
-0.05534776
-0.0324195
-0.01006142
0.007990205
0.02424969
0.04100388
0.05771114
0.07327396
0.07974755
0.07811928
0.07186939
0.06468415
0.05621779
0.04557271
0.03462672
0.02307893
0.01246444
0.005302639
-0.002006044
-0.01190451
-0.01919892
-0.02707167
-0.03267391
-0.03338219
-0.03318471
-0.03412047
-0.03631184
-0.03513619
-0.0308771
-0.02463921
-0.01754146
-0.007498972
0.006227749
0.01590507
0.01912578
0.01210059
0.0002365099
-0.01277303
-0.02781033
-0.03487838
-0.03583664
-0.03547807
-0.03887618
-0.04706726
-0.05781754
-0.06607596
-0.07022174
-0.07383407
-0.07152122
-0.06585665
-0.05647318
-0.04804952
-0.03501241
-0.01681309
0.006941148
0.0311452
0.04952301
0.06655442
0.07635911
0.08062418
0.07680167
0.0689726
0.06123939
0.05519735
0.05112594
0.0500574
0.04536582
0.03466337
0.02668738
0.02101964
0.01659731
0.01455975
0.01374719
0.01075182
0.006570199
4.868751e-05
-0.00268353
-0.003652173
-0.005109402
-0.006271857
-0.0112022
-0.0197158
-0.02787956
-0.03381462
-0.03575535
-0.03587846
-0.0378233
-0.03895724
-0.03713114
-0.02590372
-0.009028562
0.01012323
0.024225
0.03206805
0.0375151
0.04165247
0.04726985
0.05161326
0.05261308
0.04593231
0.0343484
0.02836834
0.02824105
0.02603397
0.02159513
0.0141228
0.007342024
0.00462798
0.0004665492
-0.003780567
-0.008324511
-0.01125177
-0.01249194
-0.0138433
-0.01295475
-0.01111353
-0.01080332
-0.006861936
0.001079889
0.008109826
0.01294166
0.01630978
0.01728906
0.01495537
0.008666117
-0.0006862061
-0.006271675
-0.01134919
-0.01495383
-0.01579632
-0.01783936
-0.01575956
-0.01151227
-0.007772947
-0.003806171
-0.001261281
-0.0007257978
-0.001218482
-0.004947633
-0.008352431
-0.01102997
-0.01125341
-0.01145441
-0.01080167
-0.006906365
-0.005628385
-0.006857571
-0.0138416
-0.02306251
-0.03271793
-0.04153085
-0.04563647
-0.04678104
-0.04449332
-0.03462394
-0.02239735
-0.01296761
-0.005296354
0.0001023333
0.005530594
0.009559408
0.01397072
0.02073209
0.02188652
0.02096423
0.02366496
0.02852912
0.03316886
0.03205478
0.02832438
0.02252033
0.01703348
0.006812809
-0.001683051
-0.002794119
0.005086106
0.01778582
0.02637289
0.03416844
0.04041051
0.04099158
0.03937046
0.03796149
0.0304876
0.01794022
0.003819998
-0.004263876
-0.004354018
0.0001733728
0.003503276
0.004381093
0.003331101
0.004924942
0.007782558
0.005647264
0.002131904
-0.001595623
-0.005193617
-0.006027419
-0.007973028
-0.01534913
-0.02256611
-0.02641302
-0.02563117
-0.02026546
-0.01684388
-0.01500737
-0.009952783
-0.004312714
0.001142725
0.005674036
0.0058428
-0.0004409612
-0.01416461
-0.02741396
-0.03855397
-0.04691346
-0.04928759
-0.04559988
-0.04003129
-0.03611613
-0.0345225
-0.03030646
-0.02449003
-0.01833703
-0.0116016
-0.007724218
-0.005453346
-0.001993161
0.005955017
0.01506394
0.02344867
0.02925891
0.03300466
0.03635465
0.0388621
0.03998133
0.04194613
0.04293581
0.04605932
0.04832296
0.04812738
0.04835917
0.04499648
0.03996505
0.03427674
0.02827631
0.02359166
0.01875912
0.01350632
0.007078482
-0.001995246
-0.01361388
-0.02386266
-0.0331404
-0.03985082
-0.04479052
-0.04451905
-0.04339791
-0.04525418
-0.04839156
-0.05202162
-0.05289971
-0.05331983
-0.04636638
-0.03274316
-0.01975438
-0.01289172
-0.01265295
-0.01349336
-0.01192247
-0.008397287
-0.004217263
0.0002860961
0.002189469
0.007012077
0.01710808
0.02783749
0.04037333
0.04679629
0.0468463
0.03932992
0.02515805
0.01042315
0.001504261
-0.0004816842
0.001786785
0.009067529
0.01382173
0.01586068
0.01416643
0.01148686
0.008872554
0.008468589
0.008094199
0.004641443
-0.0001332364
-0.0076201
-0.01374323
-0.02093023
-0.02663108
-0.02997065
-0.03236161
-0.03328276
-0.03173551
-0.02419578
-0.01217926
0.0005094384
0.008543867
0.01305521
0.01526033
0.01343748
0.005241646
-0.007707383
-0.0167998
-0.01958861
-0.01408279
-0.003403538
0.009435054
0.02110983
0.02973785
0.03481219
0.03506091
0.02871533
0.01932403
0.01197068
0.004473505
0.0003729313
-0.0001056256
0.0007275351
0.002266533
0.004861229
0.008604442
0.0126965
0.01792482
0.02111213
0.02427801
0.02757955
0.02753958
0.02762403
0.02750041
0.02368337
0.02072108
0.01876554
0.01513106
0.009896216
0.003931044
-0.004045569
-0.008280823
-0.01296182
-0.01965936
-0.02637117
-0.03762198
-0.04708678
-0.05688105
-0.06499332
-0.06940402
-0.06938384
-0.06897912
-0.0657337
-0.05787685
-0.0490959
-0.0415675
-0.0369206
-0.02896176
-0.01778379
-0.004150695
0.009677227
0.02109183
0.03099989
0.03803666
0.0443176
0.05007019
0.0554362
0.05955577
0.06117023
0.06065185
0.05769875
0.04858995
0.03461983
0.02121785
0.01048419
0.005170819
9.510711e-05
-0.004997943
-0.009601391
-0.01053997
-0.007519936
-0.005361794
-0.004979471
-0.007943763
-0.01195457
-0.01698232
-0.02227322
-0.02642069
-0.03214204
-0.03682398
-0.04080111
-0.04186103
-0.0398477
-0.03273537
-0.02145939
-0.01009162
-0.002027621
0.0007874634
0.0007292132
-0.001816812
-0.005328773
-0.01004739
-0.01456811
-0.01557902
-0.01201012
-0.004686586
0.002230989
0.007758309
0.01337539
0.01855083
0.02378441
0.02802962
0.03211571
0.03437091
0.03716264
0.03957392
0.04162615
0.04290525
0.03937505
0.03317144
0.02461674
0.014632
0.006064053
0.001704634
-0.0005484766
-0.0005422785
1.574879e-05
0.0007981853
0.000714651
-0.002931734
-0.007480809
-0.01353233
-0.02121687
-0.02496929
-0.02550055
-0.02186714
-0.01416493
-0.008578189
-0.004555102
-0.001528542
0.002207948
0.007582571
0.01100493
0.01360211
0.01544144
0.01624754
0.01433636
0.01316061
0.01239288
0.008210202
0.003084035
-0.006925878
-0.01657266
-0.02298836
-0.02439146
-0.01854095
-0.009901269
-0.003764452
-0.002740033
-0.003328529
-0.003173042
-0.000731684
0.002641819
0.001938774
0.001132279
0.002140876
0.003816859
0.005449853
0.005033384
0.004568174
0.003722627
0.005119532
0.009006014
0.01298342
0.01814499
0.0222669
0.02170033
0.01944621
0.0156636
0.01276535
0.01133351
0.008103701
0.003447707
-0.0009308394
-0.004280356
-0.003555687
-0.001446469
-0.0007580663
-0.002493707
-0.006430839
-0.00900618
-0.009537683
-0.009008615
-0.01028442
-0.01184744
-0.01501557
-0.01765816
-0.02015497
-0.02303236
-0.02445271
-0.02433346
-0.02262207
-0.01952027
-0.01613935
-0.01232342
-0.010061
-0.01117716
-0.01241179
-0.01265176
-0.009809387
-0.005184048
-0.001986696
-0.001710182
-0.002911593
-0.002841596
0.0006424595
0.005704773
0.01060168
0.01272209
0.01303398
0.01420707
0.01654656
0.01899246
0.01816266
0.01611899
0.01268041
0.008649767
0.006363903
0.004608484
0.004327607
0.003182593
0.002264813
0.003246709
0.003916943
0.004560862
0.003893244
0.002393603
-0.0003878691
-0.004512674
-0.008523774
-0.01175568
-0.01357692
-0.01338721
-0.01099678
-0.006624241
-0.001945112
0.002131926
0.005440895
0.006343699
0.005525159
0.003665024
-0.0001343903
-0.00260914
-0.003720864
-0.004671674
-0.005143537
-0.006113387
-0.006492652
-0.006173535
-0.004724764
-0.003209246
-0.00243572
-0.002796012
-0.004003247
-0.004929668
-0.005259753
-0.005096044
-0.005082435
-0.004873486
-0.004990619
-0.004542973
-0.003303431
-0.002036763
-0.001580066
-0.001786692
-0.002003843
-0.001637222
-0.0002420992
0.001565053
0.003046869
0.003641694
0.003658345
0.003460241
0.002826804
0.001973903
0.001356752
0.001201271
0.001382959
0.001708864
0.002068815
0.002243674
0.001905218
0.001299952
0.000872556
0.000803671
0.0008339765
0.0009668716
0.001223286
0.001428658
0.001640594
0.001831723
0.001992707
0.002090525
0.00212851
0.002011378
0.001867909
0.001646881
0.001470021
0.001309438
0.001165183
0.00108593
0.001046468
0.001023525
0.0009332871
0.0008601909
0.0007691645
0.0006374299
0.0005043762
0.0004170945
0.0003739945
0.00038125
0.0003987477
0.000379044
0.0003815982
0.0003816455
0.0003755564
0.0003720545
0.0003746071
0.000383317
0.0003916355
0.0003973381
0.0003768776
0.0003581137
0.000342358
0.000326775
0.0003323853
0.0003447397
0.0003670343
0.0003906589
0.000404973
0.0004154312
0.0004222897
0.0004326285
0.0004360252
0.0004352165
0.0004315473
0.0004205944
0.0004035017
0.0003799863
0.0003567418
0.0003330091
0.0003099825
0.0002890791
0.0002705448
0.0002549358
0.0002412609
0.0002284952
0.0002169991
0.0002063494
0.0001961821
0.0001866727
0.0001777661
0.0001694794
0.0001616531
0.0001542389
0.0001471816
0.0001404459
0.0001339875
0.0001277505
0.0001216731
0.000115684
0.0001097154
0.0001037205
