0.002993323
-0.01042113
-0.01511273
-0.005970244
0.003203669
0.002874058
-0.01682043
-0.02398135
-0.01195931
-0.00232118
-0.008641135
-0.02015511
-0.02326547
-0.01939106
-0.01419695
-0.006771251
-0.000161724
0.002764409
0.01025079
0.009712663
0.005431978
0.003682766
0.01082676
0.0190518
0.01681044
0.01738412
0.01779239
0.01491201
0.005192375
-0.003906247
-0.008274271
-0.009602858
-0.008210244
-0.002113552
0.001006621
0.0001894352
0.000984712
0.003928972
-0.001127805
-0.01967627
-0.03481402
-0.03294342
-0.008272918
0.01057324
-0.001969221
-0.02191193
-0.02789303
-0.01090694
0.01079039
0.0202292
0.01871104
0.01579225
0.02106394
0.0214721
0.01781646
0.009380943
0.005263967
0.01359288
0.02004181
0.008065311
-0.01100441
-0.02930519
-0.02810269
-0.007590694
0.005422116
0.01315833
0.01412875
0.01597012
0.01720139
0.009169906
-0.01307643
-0.0302892
-0.02639421
-0.009885015
-0.002327472
-0.006606136
-0.01331661
-0.01811573
-0.02790992
-0.03198713
-0.01797579
0.004920652
0.02743243
0.02936149
0.0129845
0.00563847
0.01009677
0.01834324
0.015238
-0.001918871
-0.004495984
0.0191061
0.03136568
0.01691847
-0.004111929
-0.01384085
-0.0004546358
0.0239495
0.03288726
0.007020471
-0.01855369
-0.02026098
-0.01196831
-0.006698004
-0.01165127
-0.0230847
-0.02749962
-0.02145149
-0.009110068
-0.01308671
-0.03077837
-0.03809573
-0.003499347
0.03184969
0.01070695
-0.007756359
-0.003322808
0.000783221
-0.00320761
0.02089022
0.05418732
0.04607335
0.02980439
0.0325216
0.03034169
0.01271992
0.006549581
0.01980913
0.01855195
-0.01214968
-0.02320926
0.01469312
0.03689147
0.0243108
0.003724059
-0.04097864
-0.06628408
-0.06982995
-0.04165698
-0.004761055
-0.008276596
-0.02440351
0.02188126
0.09490319
0.1251177
0.1059702
0.06416437
0.03961176
0.04565088
0.06456233
0.03528075
-0.01355433
-0.0399709
-0.0399461
-0.0623675
-0.08824575
-0.09208088
-0.07515193
-0.04435311
-0.0001841994
0.04799527
0.05729838
0.03742432
0.037839
0.04154005
0.01468487
-0.02670537
-0.0497112
-0.04080845
-0.02227902
-0.0136712
-0.02164252
-0.03556154
-0.05592805
-0.05150047
-0.006654444
0.03917786
0.08735915
0.06748802
-0.006486035
-0.03686841
-0.01078773
0.0371117
0.01013389
-0.03752143
-0.02951643
0.008651942
0.01305519
-0.008208906
-0.01055308
-0.02494557
-0.03901885
-0.02772174
0.03633379
0.07823996
0.03879393
-0.001735395
-0.005883423
0.02575825
0.04485182
0.03157053
0.002788251
-0.00606737
0.02252217
0.0388176
0.0384482
0.05297586
0.05558373
0.04451029
0.04483429
0.05614056
0.06058626
0.05464525
0.03863576
0.006639769
-0.01625584
-0.0214953
-0.03260491
-0.06573127
-0.07504987
-0.05086151
-0.01953626
-0.002238107
-0.0363072
-0.0922533
-0.1219732
-0.1219917
-0.1007036
-0.04340033
0.005695997
-0.001243463
-0.006318409
0.01162086
0.04063116
0.07257392
0.08339856
0.07617118
0.07200377
0.07688678
0.08149027
0.07484209
0.05359155
0.01324147
-0.03500855
-0.06061972
-0.06217116
-0.0539582
-0.05418372
-0.05592602
-0.04604954
-0.03086502
-0.03166394
-0.04272512
-0.05439222
-0.06947736
-0.06938699
-0.07368878
-0.08231337
-0.07444049
-0.07050181
-0.07366644
-0.06440138
-0.03578186
0.009403452
0.05504364
0.1068548
0.1352141
0.1329927
0.08934609
0.0212561
-0.01214267
-0.01190902
0.008119735
0.04049453
0.05826597
0.05551192
0.04982228
0.04380009
0.03383658
0.01014589
-0.01970461
-0.04961532
-0.06622628
-0.07300752
-0.08137899
-0.04321907
0.009352381
0.03295377
0.006013108
-0.06616254
-0.1273661
-0.1591386
-0.1591788
-0.1455705
-0.1208769
-0.09688711
-0.04480551
0.0366796
0.1197773
0.1682755
0.1805374
0.1808753
0.1762691
0.1632634
0.1213263
0.08355999
0.04012755
-0.01600595
-0.03633543
-0.01272741
0.01326738
0.01957616
0.03028214
0.05648393
0.06464191
0.02417036
-0.02892271
-0.05013364
-0.05656989
-0.0597646
-0.06344894
-0.05327046
-0.02327137
-0.02999025
-0.05825257
-0.0852348
-0.1075067
-0.1277815
-0.1357152
-0.1029887
-0.02602797
0.08106666
0.1514994
0.1978693
0.2028242
0.1506264
0.1059521
0.09144431
0.07490871
0.05275189
0.05570543
0.06554497
0.06475914
0.04131199
0.0270652
0.0221912
0.01431633
0.003689508
-0.007291274
-0.01952259
-0.04071563
-0.06389463
-0.09741949
-0.1304038
-0.1694652
-0.2003452
-0.1930977
-0.144942
-0.06233177
0.02151061
0.07250084
0.06607117
0.03408336
-0.0183269
-0.06668369
-0.08612451
-0.0788199
-0.04539108
-0.02368716
-0.01433748
0.01180954
0.05575047
0.110584
0.1689915
0.195672
0.1778356
0.1097264
0.03277996
-0.01548206
-0.04069208
-0.04934444
-0.05621589
-0.07131773
-0.06813402
-0.03486034
-0.01340946
-0.009291451
-0.01554276
-0.03919732
-0.06291717
-0.08839956
-0.09726413
-0.0825871
-0.07256434
-0.06463154
-0.04196282
-0.01761314
-0.00667952
-0.02167022
-0.0628892
-0.07971795
-0.06548871
-0.05236618
-0.02602751
0.01146997
0.04543313
0.08851511
0.1367531
0.1633265
0.1728351
0.1563837
0.1321488
0.1244633
0.1240729
0.1165751
0.09318471
0.05820302
0.0369077
0.04560446
0.06302731
0.06593354
0.03042961
-0.003231162
-0.01268733
0.01315563
0.05069494
0.05265154
0.01347565
-0.03172947
-0.06714259
-0.09671418
-0.1232573
-0.1589132
-0.1912868
-0.2128033
-0.2139996
-0.2071112
-0.1685101
-0.09853471
-0.02411215
0.05785942
0.1217678
0.1400853
0.1081453
0.04890711
-0.009468194
-0.06115433
-0.09766082
-0.1113509
-0.1083498
-0.09189578
-0.06540808
-0.03712924
-0.009894878
-0.0004717533
-0.006632181
-0.01953684
-0.01325224
0.007379688
0.0225281
0.01320774
-0.02683092
-0.06202051
-0.08617369
-0.09079897
-0.08659818
-0.09261472
-0.106724
-0.1051843
-0.07486025
-0.04269408
-0.03014251
-0.02610385
-0.02390219
-0.02063566
-0.00396733
0.01786629
0.02623794
0.03178319
0.05611787
0.08898688
0.1222568
0.1474646
0.1638648
0.18175
0.2050076
0.2352307
0.2636996
0.2823488
0.2839498
0.2321008
0.1606198
0.1159099
0.09068283
0.07736842
0.05450374
0.03082817
0.007881931
-0.01200941
-0.02619078
-0.03391554
-0.04037039
-0.05671617
-0.07982352
-0.09551752
-0.09851249
-0.08666951
-0.06891257
-0.0598154
-0.05808977
-0.0673118
-0.07598301
-0.07596279
-0.05660133
-0.02916145
-0.01589447
-0.02704831
-0.05285444
-0.06223653
-0.04495375
-0.01282283
0.003766355
0.004692436
0.002180107
0.003368349
0.006906682
0.01150276
-0.0001242391
-0.01629533
-0.01538243
0.001285391
0.02358159
0.02618976
0.00921904
-0.01618706
-0.02760794
-0.009660969
0.02605645
0.04617095
0.04850483
0.04084576
0.02426783
0.01207898
0.01020029
0.0106768
0.007396656
0.006711405
0.004164667
-0.00684704
-0.02604628
-0.04954072
-0.08288121
-0.1168908
-0.1308186
-0.1311876
-0.1071347
-0.06493391
-0.02270763
0.01230216
0.03577474
0.03589954
0.01939835
0.006376385
-0.009248604
-0.006214719
-0.0001187827
0.004550185
0.02172845
0.03497666
0.03672642
0.04093542
0.04747309
0.04978797
0.06555973
0.09559314
0.13177
0.1554723
0.1617448
0.15285
0.1315122
0.1015554
0.07010635
0.05330961
0.04473103
0.03321894
0.007483982
-0.0221647
-0.04438574
-0.05977173
-0.07068808
-0.07901055
-0.06736957
-0.03788471
-0.006550562
0.01297913
0.02701716
0.0266477
-0.007746903
-0.04955485
-0.08273972
-0.1020251
-0.1135695
-0.1163288
-0.1107678
-0.1050907
-0.09710418
-0.08939206
-0.0802458
-0.07398816
-0.06548652
-0.04510288
-0.02325349
-0.00858693
0.01203033
0.02850742
0.03110639
0.01938152
0.00126025
-0.009364011
-0.01631728
-0.0175157
-0.01802152
-0.02535012
-0.0393189
-0.05978812
-0.07722079
-0.07649847
-0.06008651
-0.03321136
-0.001758447
0.03281772
0.05525488
0.06087735
0.05825823
0.04213943
0.02658572
0.01888195
0.02522359
0.04494151
0.06134751
0.0677463
0.07188273
0.07795619
0.08390827
0.07528453
0.06411797
0.06355125
0.07527759
0.09707032
0.1115282
0.1206026
0.1131275
0.07562768
0.03177226
0.005185444
-0.0111932
-0.02185882
-0.02251924
-0.01721264
-0.01263738
-0.01367006
-0.0237685
-0.03987676
-0.05586974
-0.0596472
-0.05321036
-0.04059028
-0.0188167
-0.0009772495
0.001601993
-0.01274362
-0.02781239
-0.02649179
-0.00436828
0.02830918
0.05430055
0.05730726
0.04055453
0.0212865
0.01351184
0.008702329
-0.01382049
-0.03575068
-0.04272357
-0.02697799
-6.340852e-05
0.01970812
0.00470482
-0.03695618
-0.07208407
-0.09235565
-0.09720378
-0.07644176
-0.04221776
-0.02346818
-0.01324476
-0.00703095
-0.01249511
-0.03996269
-0.06086963
-0.05808604
-0.0401942
-0.01014598
0.02062746
0.0365793
0.04616431
0.05079825
0.04844112
0.02567379
-0.008574637
-0.02660812
-0.01966689
0.002253055
0.01049276
0.006690367
0.0007500597
0.005496302
0.01917775
0.02957277
0.03267277
0.02845734
0.02142569
0.01440119
0.01560504
0.0219038
0.01071468
-0.02011964
-0.05013999
-0.06849662
-0.07926445
-0.08699776
-0.0851441
-0.07776814
-0.06515446
-0.04293952
-0.01608357
0.007096308
0.01803517
0.02179224
0.01769734
0.0105139
-0.004627573
-0.01879391
-0.01724307
-0.005934898
0.003622965
0.0001003567
-0.01239824
-0.02137579
-0.0125268
0.02438445
0.05866818
0.0710556
0.06923951
0.05602188
0.04694545
0.03138591
-0.003727025
-0.04732839
-0.07968832
-0.09292529
-0.08148845
-0.05489541
-0.03084524
-0.01416353
-0.007688954
-0.01094517
-0.0116218
-0.005293058
0.007207708
0.01954427
0.03241939
0.03896338
0.02785627
0.002803745
-0.02940612
-0.05404145
-0.05097767
-0.01162125
0.03108995
0.06869097
0.09755466
0.1070394
0.09454314
0.06219053
0.02811108
0.0004494757
-0.01404698
-0.02394731
-0.03020318
-0.02591733
-0.01709044
-0.00887962
-0.009649895
-0.01756833
-0.01672494
0.01058642
0.04055796
0.04884123
0.03396235
0.01746781
0.0166068
0.02552251
0.03823976
0.04224213
0.03717366
0.01930623
0.004841523
0.005096443
0.00560331
-0.002482296
-0.01606672
-0.01445109
0.001029399
0.007702195
0.005371457
0.008283526
0.01951573
0.03171798
0.03725248
0.03742791
0.03496868
0.03014409
0.02107935
0.01452586
0.01164438
0.001743261
-0.01225825
-0.02458186
-0.02444922
-0.006736882
0.02476892
0.04229869
0.04085851
0.009774071
-0.02620024
-0.04466625
-0.04182038
-0.02021772
-0.003643658
0.01344755
0.0194228
0.01961261
0.008747677
-0.01195617
-0.04873523
-0.076065
-0.07896474
-0.05312291
-0.004483074
0.02619661
0.02986875
0.01024001
0.0001013418
0.003088045
0.01068005
0.009849923
-0.004019883
-0.01239087
-0.002082585
0.01249542
0.01386443
0.004569338
-0.01271847
-0.02626185
-0.02729187
-0.01829834
-0.008879483
-0.01739629
-0.0326451
-0.03672185
-0.03598724
-0.02241595
-0.0007693066
0.01471959
0.01987081
0.009448658
-0.01365719
-0.0379034
-0.05529213
-0.06004002
-0.05464603
-0.0340255
-0.004521765
0.02989531
0.05603507
0.06547745
0.05976364
0.02946273
-0.006278846
-0.02741607
-0.03201807
-0.0346076
-0.041372
-0.04686139
-0.03736494
-0.006469913
0.02471276
0.04070865
0.03819358
0.02939226
0.03192619
0.05402475
0.07955152
0.0842285
0.05698454
0.009680267
-0.03946613
-0.07675401
-0.09334711
-0.08434636
-0.05451619
-0.0326298
-0.01806801
-0.0007828191
0.007112247
0.007194115
0.002618663
-0.001206069
-0.02234734
-0.04799701
-0.0517687
-0.04892365
-0.05169064
-0.06319598
-0.07001542
-0.06946436
-0.05279933
-0.0198347
0.01051669
0.02750302
0.03492378
0.03632145
0.03918281
0.04516028
0.05030645
0.04677548
0.03943889
0.03748381
0.04083681
0.04295766
0.035057
0.01699102
-0.004732682
-0.01893083
-0.0182594
0.008940174
0.05024839
0.08738277
0.107017
0.1130505
0.120352
0.1171861
0.102325
0.08760664
0.0494905
-0.003227959
-0.02950801
-0.01509721
0.01319681
0.02429261
0.02134198
0.01553433
0.01754499
0.02400692
0.03196212
0.03597198
0.03408417
0.04036352
0.05513743
0.0663454
0.0584345
0.01555697
-0.03201052
-0.06476149
-0.08972068
-0.1012617
-0.1027058
-0.1004862
-0.09774828
-0.09021234
-0.08482552
-0.08395528
-0.08025351
-0.0809969
-0.08280416
-0.09237361
-0.103215
-0.1049519
-0.08040851
-0.03284982
0.01085429
0.04221843
0.05459323
0.05261865
0.03767173
0.0313948
0.03073296
0.02689689
0.02415833
0.02816196
0.03797755
0.04779212
0.04770147
0.02696397
0.0006276865
-0.01488945
-0.01549523
0.008236197
0.03800295
0.04347128
0.03538073
0.03091118
0.03771875
0.04605427
0.04536279
0.02982317
0.004533363
-0.01697326
-0.02657752
-0.02951201
-0.03706709
-0.05299842
-0.06202436
-0.05914179
-0.03935478
-0.006412821
0.01236847
0.02102829
0.03465245
0.05635704
0.06881329
0.04882641
0.007857087
-0.0286681
-0.04821844
-0.04116108
-0.02055301
-0.01010926
-0.01721868
-0.02752173
-0.03011971
-0.02637227
-0.02717709
-0.03603483
-0.03793718
-0.03153572
-0.01850733
0.0003381201
0.01001478
0.01556351
0.02048593
0.02245036
0.02446477
0.02041424
0.009158438
-0.007545196
-0.01165081
0.005278001
0.01571451
0.002040257
-0.02571511
-0.03815619
-0.02673846
-0.006251917
0.004832261
-0.009737588
-0.03278772
-0.0423759
-0.02720665
0.002759744
0.02261691
0.01704546
-0.01601703
-0.03911718
-0.03957435
-0.01633286
0.02017679
0.03946679
0.0421981
0.03108903
0.009029239
-0.006731043
-0.004473031
0.003352134
0.005011395
0.0008760288
0.0003392165
0.02552782
0.06052372
0.0789701
0.08242962
0.0777067
0.05292547
0.02209666
0.01017863
0.02084749
0.04717231
0.07014439
0.08229222
0.08125248
0.0609857
0.01438764
-0.03374349
-0.05513329
-0.05791116
-0.04338167
-0.02287805
-0.01218378
-0.01424155
-0.02576595
-0.03108978
-0.02083209
0.007189907
0.02760474
0.03452598
0.03431844
0.03799302
0.05701655
0.07506392
0.0747717
0.05343992
0.0259453
-0.006868622
-0.03321066
-0.03695256
-0.02641956
-0.0139547
-0.003848082
0.0004904282
-0.007516127
-0.03009339
-0.0490262
-0.05584652
-0.05980064
-0.06593757
-0.07427057
-0.07951195
-0.08749918
-0.09554354
-0.09747097
-0.0878979
-0.06579822
-0.05354766
-0.04935206
-0.05142028
-0.0557009
-0.05895743
-0.06450387
-0.06233912
-0.03699284
-0.002748086
0.01373949
0.02285754
0.03706335
0.0600738
0.087101
0.1273831
0.1513483
0.148366
0.1119767
0.06288841
0.03479681
0.02926964
0.02897302
0.01909961
0.01114686
0.02377566
0.05600681
0.07303078
0.08755063
0.09797722
0.09224702
0.07045689
0.04514367
0.02407875
0.01139007
0.01143608
0.02335283
0.03382628
0.04513715
0.03495049
9.613962e-05
-0.02933896
-0.05268466
-0.07204013
-0.09821227
-0.1114263
-0.1021913
-0.0518583
0.006746836
0.03805268
0.0378956
2.196569e-05
-0.03786289
-0.05018554
-0.04297009
-0.03106571
-0.02512935
-0.03121881
-0.04182075
-0.0624493
-0.08862973
-0.1129436
-0.1244401
-0.1210506
-0.1044217
-0.09060086
-0.07956354
-0.0678806
-0.05563665
-0.03099564
-0.009413607
-0.002275803
-0.006358007
-0.009713978
-0.008682938
0.008757858
0.04045212
0.07457705
0.0988253
0.09881182
0.05688246
0.01422175
-0.002411624
0.002363773
0.02238204
0.03239819
0.04203488
0.04390223
0.04911619
0.06897836
0.09014205
0.1054387
0.1080333
0.1019813
0.09202577
0.08208147
0.07956886
0.06639216
0.01970029
-0.02863888
-0.05712784
-0.05462309
-0.02574625
0.005950878
0.02482865
0.02677645
0.01671783
0.0005463321
-0.007860927
-0.01773189
-0.02572402
-0.03436284
-0.04110345
-0.02799181
-0.01753726
-0.02656575
-0.05245382
-0.08513307
-0.1178735
-0.1506252
-0.1710583
-0.1777174
-0.1627576
-0.1131014
-0.05476917
0.0002490959
0.05055394
0.07672047
0.06379447
0.006273057
-0.05264067
-0.0935922
-0.1137082
-0.1189006
-0.1083625
-0.09453296
-0.09312799
-0.0864109
-0.05775052
-0.01285891
0.02151344
0.03940462
0.04347786
0.04288561
0.02948113
0.01918256
0.02010805
0.02354172
0.0310564
0.0546575
0.08011599
0.09235328
0.08871218
0.08236912
0.08124641
0.07744923
0.1001966
0.1132661
0.1164294
0.1262003
0.1319472
0.1246627
0.09418835
0.05550713
0.02386596
-0.001930618
-0.02914806
-0.05384509
-0.08092791
-0.1168245
-0.1483464
-0.1601435
-0.1502779
-0.1043552
-0.04740744
-0.01938887
-0.02288525
-0.05888496
-0.1104346
-0.1550777
-0.1922117
-0.2228799
-0.2464346
-0.2551065
-0.214389
-0.1352644
-0.04024006
0.05395706
0.1237884
0.1699394
0.188168
0.1795287
0.1571357
0.1324222
0.1110737
0.104401
0.1165472
0.1445442
0.1719058
0.1899915
0.1945826
0.1866531
0.170684
0.1607014
0.144767
0.1189519
0.09526339
0.06978892
0.05241121
0.04500195
0.04040891
0.0384699
0.03183074
0.01923884
0.001156278
-0.01168859
-0.01961093
-0.03126648
-0.03768638
-0.03684388
-0.02863596
-0.02499867
-0.01794744
-0.01489054
-0.02369011
-0.03707153
-0.03631372
-0.00840555
0.02321032
0.03737194
0.03901408
0.04163746
0.03956985
0.03033776
0.02295493
0.02170433
0.02307615
0.01715803
0.007615842
0.006475393
0.01061344
0.01054908
-0.003595353
-0.03001345
-0.05248722
-0.07200909
-0.09010198
-0.1072269
-0.1287898
-0.1461432
-0.1518481
-0.1508507
-0.1463312
-0.1435427
-0.1256663
-0.08736744
-0.04295168
-0.00872572
0.0062304
-0.0005700827
-0.02612939
-0.03745256
-0.04138276
-0.02403373
0.01871941
0.07044345
0.1172878
0.1604632
0.1979184
0.214117
0.2110486
0.1869377
0.1517189
0.1215105
0.1007656
0.08563776
0.06644322
0.03953647
0.004971554
-0.03305116
-0.06942047
-0.1017159
-0.1211511
-0.1294092
-0.1317972
-0.1438558
-0.1590591
-0.1652426
-0.1688383
-0.1733928
-0.1753452
-0.1715949
-0.1562094
-0.1253434
-0.09566056
-0.06618785
-0.03363677
0.001417366
0.03244659
0.06081056
0.07817076
0.07907938
0.0800951
0.08666168
0.09996126
0.1103477
0.1120785
0.1060215
0.08670557
0.06463563
0.04944559
0.04095389
0.02689096
0.009311067
-0.00635021
-0.02041416
-0.03235346
-0.05073405
-0.06497446
-0.08448929
-0.1031066
-0.1114717
-0.1186252
-0.122484
-0.1236501
-0.1104903
-0.07432326
-0.02854891
0.01632274
0.04774162
0.05876661
0.06048819
0.06477508
0.07987599
0.09845819
0.1186203
0.1373576
0.144837
0.1429071
0.1352732
0.1316153
0.133137
0.1365365
0.1362017
0.1298134
0.1099385
0.07225237
0.02799646
-0.007649626
-0.02357708
-0.02289587
-0.006763692
0.01639731
0.02633706
0.02241298
0.01311045
0.004042519
-0.005766952
-0.01322838
-0.01684543
-0.01857955
-0.01516267
-0.009471184
0.003346021
0.01896211
0.03483525
0.04624384
0.04811543
0.04384052
0.0369289
0.02548849
0.008218783
-0.0113194
-0.03406855
-0.05285701
-0.06870687
-0.08182618
-0.09315029
-0.1002506
-0.1026283
-0.1017858
-0.0907821
-0.07623488
-0.06301777
-0.05241287
-0.04439775
-0.03615108
-0.02629893
-0.01652531
-0.01434559
-0.0158093
-0.01044819
-0.00146506
0.005541319
0.008951184
0.01042101
0.01254773
0.01448166
0.01532727
0.01476324
0.007480466
-0.007877636
-0.02037157
-0.02414756
-0.01638429
-0.007503094
-0.002951791
-0.002393782
-0.003451448
-0.003959328
-0.006865223
-0.01784136
-0.04005175
-0.06049143
-0.06943978
-0.06924587
-0.06576551
-0.06139264
-0.05470335
-0.05351187
-0.05142786
-0.04194069
-0.02507075
-0.003587356
0.01322445
0.02664681
0.03273026
0.03883107
0.04600594
0.05256169
0.05663882
0.05332302
0.04002856
0.02186973
0.005867178
-0.008467664
-0.01732816
-0.027686
-0.03966054
-0.05152389
-0.06619836
-0.0784034
-0.08643969
-0.08737576
-0.07324234
-0.05581635
-0.04608931
-0.04106956
-0.03855901
-0.03426957
-0.0259909
-0.01409837
-0.003221746
0.005027364
0.009635083
0.01243027
0.02285914
0.0439205
0.05954833
0.06491701
0.06366589
0.05643759
0.05062811
0.04701266
0.04208959
0.03540701
0.03238114
0.03363521
0.039006
0.04205834
0.03536255
0.02236215
0.01081322
0.006366553
0.01223923
0.02107707
0.02277594
0.01711346
0.008721485
-0.0006405069
-0.01081849
-0.02187162
-0.03060221
-0.03326378
-0.03075803
-0.02573082
-0.02193475
-0.0217464
-0.02361743
-0.02415735
-0.02382517
-0.02298806
-0.02403285
-0.02309475
-0.0118577
0.008672579
0.02680587
0.0360774
0.04617822
0.05745713
0.06386556
0.06513524
0.05938732
0.05131281
0.0444368
0.04031378
0.03971385
0.03722795
0.03435446
0.03124536
0.02850755
0.02660615
0.02225065
0.01612646
0.005622416
-0.0067268
-0.01727366
-0.03004514
-0.03896712
-0.04603984
-0.05413458
-0.05983333
-0.06397045
-0.0657687
-0.0659176
-0.06737209
-0.07060545
-0.07479249
-0.07822983
-0.07599085
-0.06321017
-0.03426654
-0.006959
0.00520054
0.004037873
-0.003452863
-0.006443348
-0.004307301
0.001812877
0.0121477
0.01944295
0.02934124
0.04508006
0.0673724
0.0929818
0.1022365
0.102501
0.1014639
0.0968181
0.08070955
0.05358704
0.02825669
0.01162593
0.004640312
0.01589842
0.03814091
0.04904612
0.04344162
0.03147235
0.02085151
0.01608549
0.01653271
0.01360984
0.01280555
0.01390763
0.01912951
0.02561213
0.02675607
0.01804479
0.0059206
0.001356663
0.001202198
0.004453526
0.01217349
0.01821148
0.02003689
0.01912972
0.01404057
0.008646459
0.008468634
0.00986162
0.004832705
-0.003543841
-0.009083754
-0.01006221
-0.01297152
-0.01908769
-0.02309348
-0.02476956
-0.02913844
-0.03290958
-0.03226309
-0.02879832
-0.02778257
-0.03181478
-0.03471274
-0.03466798
-0.03279946
-0.03049844
-0.02615026
-0.02410115
-0.02090147
-0.01437862
-0.009455114
-0.007897593
-0.01197658
-0.01645335
-0.02117083
-0.02058328
-0.01673375
-0.01035665
-0.002539303
0.003478782
0.003529881
-0.006014147
-0.01584784
-0.02484309
-0.03138419
-0.03287119
-0.03011089
-0.019977
-0.006812669
0.00333145
0.01054819
0.01224163
0.008140467
-0.002914022
-0.01523737
-0.02516984
-0.02788375
-0.0229558
-0.009556742
0.00734705
0.0176433
0.02178487
0.01800005
0.007141533
-0.01222275
-0.02967044
-0.04259849
-0.04967785
-0.04595336
-0.03705031
-0.02776985
-0.02346698
-0.01834402
-0.01192666
-0.007343244
-0.0005545781
0.004416461
0.006341793
0.003360939
0.001489858
0.00826125
0.01709407
0.02288425
0.02011563
0.006954231
-0.00615003
-0.01635544
-0.02005732
-0.01440679
-0.005798264
-0.0002588991
0.0006221385
0.0001404692
0.000512553
-3.233004e-05
0.00185754
0.005698683
0.006293179
0.004461108
0.0007165505
-0.0006554745
0.0007856736
0.006271134
0.01287861
0.01763887
0.0184232
0.01315383
0.009341032
0.01431759
0.02269586
0.02889338
0.02569468
0.01582519
0.01002246
0.01256027
0.02220545
0.02835206
0.0269629
0.02285139
0.02149695
0.02254972
0.02320266
0.02088742
0.02108546
0.02589902
0.03040455
0.03268241
0.03277953
0.02679848
0.01451384
0.003917314
-0.002256481
-0.006051624
-0.006603155
-0.005918435
-0.001465822
0.002711401
0.004385558
0.004159465
0.0008468654
5.77566e-05
-0.0003243604
0.0002319342
-7.875976e-05
-0.002925162
-0.007946192
-0.008937193
-0.007497521
-0.0004580378
0.007666737
0.009014642
0.009725059
0.009037067
0.006730346
0.001885875
-0.005169944
-0.01353747
-0.01855735
-0.02330997
-0.02443343
-0.01972044
-0.01148334
-0.001836578
0.007007449
0.01388289
0.009518951
-0.003577191
-0.01661927
-0.02326899
-0.02977895
-0.03305654
-0.02876469
-0.02087325
-0.01092651
-0.004964892
-0.001440046
-0.00193195
-0.002228005
-0.00283617
-0.005507785
-0.008028431
-0.01022675
-0.01091953
-0.01008231
-0.005341544
0.002153235
0.002716102
-0.004268001
-0.01301874
-0.01710296
-0.012457
-0.002945629
0.00606289
0.01132802
0.01509885
0.0162075
0.01516803
0.01583808
0.01302078
0.005193231
-0.003203466
-0.007268215
-0.005363918
-0.000676033
0.003175459
0.004468799
0.002905126
0.002215599
0.004427979
0.005474507
0.008502902
0.01044092
0.01130591
0.01088366
0.01044306
0.01254635
0.01216899
0.009733297
0.01057384
0.01122977
0.01062193
0.0103211
0.01146359
0.01368524
0.01520412
0.01552654
0.013709
0.01578788
0.01653056
0.01487318
0.01395428
0.01015695
-0.0002703781
-0.01376586
-0.02270602
-0.02923999
-0.0352558
-0.04275163
-0.04485675
-0.04019825
-0.03424333
-0.02945121
-0.02572191
-0.0229555
-0.01971887
-0.01569683
-0.01238062
-0.007413047
-0.0003799625
0.004699824
0.004620452
0.003938263
0.004155715
0.006176528
0.009755904
0.0118012
0.009269758
0.003061215
0.000232954
-0.0002401264
0.001446134
0.004400254
0.005513274
0.007832954
0.01156432
0.01435909
0.01591326
0.0107013
0.001308886
-0.007368901
-0.01014125
-0.002132574
0.009342208
0.02070813
0.02407061
0.02000321
0.0135742
0.006697029
0.002763047
-0.001712101
-0.005033314
-0.006742889
-0.00582299
-0.0004951851
0.006474387
0.01073819
0.007805188
0.003669987
0.003063993
0.000916947
-0.000238526
-0.00126322
-0.001609089
6.800598e-05
-0.002315331
-0.006235929
-0.008578497
-0.01146224
-0.01416461
-0.01792294
-0.02072833
-0.02117617
-0.02239534
-0.02119416
-0.01968974
-0.01836544
-0.01492956
-0.01202708
-0.009213095
-0.009029507
-0.009620981
-0.01118591
-0.01405039
-0.01505524
-0.01531786
-0.01421681
-0.0125108
-0.009707764
-0.003289706
0.006369483
0.01560843
0.01982609
0.02065029
0.01929169
0.01614749
0.01249688
0.01114119
0.01118969
0.0103215
0.006848896
0.002371365
0.0003856354
0.002047362
0.00527114
0.009917536
0.01443877
0.01621245
0.01753168
0.01912083
0.01811729
0.01510269
0.00967149
0.004112414
0.001673454
-0.0003029002
-0.0007647695
-0.0002464835
0.0006734135
0.0005805105
0.0005736068
0.0008347284
-0.000495575
-0.003460866
-0.006092169
-0.007360097
-0.007859792
-0.008205179
-0.008072595
-0.006628334
-0.004151349
-0.001370906
0.0008085542
0.001013795
0.0001866574
-0.0005281845
-0.001012086
-0.001661943
-0.003313637
-0.00615182
-0.008830347
-0.009411428
-0.008414154
-0.006603424
-0.004720696
-0.002084494
0.001026424
0.003810713
0.005519273
0.005874903
0.005521371
0.004618484
0.003365027
0.002285421
0.0006231917
-0.001076848
-0.001816918
-0.001641241
-0.0006757657
0.0007865644
0.002661811
0.004029176
0.004888566
0.00508617
0.004582919
0.003227387
0.001614965
0.0008938825
0.00092879
0.0009577843
0.0006977376
0.0004776073
0.0004529503
0.0006201439
0.001013846
0.001796405
0.002467929
0.002902816
0.003114613
0.003318396
0.003526601
0.003590681
0.003488384
0.003101256
0.002741905
0.002360616
0.001990458
0.001631357
0.001209497
0.0007457817
0.0002962588
-6.601894e-05
-0.0002306126
-0.0003764588
-0.00058585
-0.0007934156
-0.001004828
-0.001160765
-0.001240617
-0.001259621
-0.001254437
-0.001190395
-0.001134935
-0.001149553
-0.001167898
-0.001143294
-0.001115274
-0.001106976
-0.001112835
-0.001064055
-0.0009620944
-0.0008299264
-0.0007094853
-0.000624791
-0.000567368
-0.000528179
-0.0004867123
-0.0004365551
-0.000393595
-0.00037935
-0.0003806275
-0.0003908244
-0.0004014543
-0.0004106858
-0.0004241079
-0.0004395685
-0.0004478517
-0.0004486177
-0.0004419604
-0.0004328509
-0.0004319578
-0.0004327946
-0.0004354225
-0.0004380246
-0.0004348535
-0.0004274746
-0.0004155948
-0.0004016234
-0.0003844049
-0.0003641575
-0.0003426179
-0.0003205099
-0.0002982562
-0.000275797
-0.0002535621
-0.0002315532
-0.0002098413
-0.0001884873
-0.0001674683
-0.0001467806
-0.0001263691
-0.0001062186
-8.628912e-05
-6.651552e-05
-4.680811e-05
-2.704593e-05
