0.001394908
0.00140172
0.00140856
0.001415407
0.001422306
0.001429218
0.001436153
0.001443079
0.001450042
0.001457006
0.001463989
0.001470807
0.001477433
0.00148388
0.001490086
0.00149612
0.001501885
0.001507411
0.001512624
0.001517434
0.001521997
0.001525832
0.001528885
0.001532097
0.001536388
0.001540855
0.00154418
0.001549208
0.001556336
0.001565726
0.001577157
0.001590003
0.001601135
0.001614447
0.001632947
0.001654521
0.001679284
0.001698958
0.001708354
0.00171509
0.001728654
0.001753804
0.001781474
0.001805211
0.001813905
0.001814584
0.001825469
0.001847094
0.00186736
0.00188126
0.001893717
0.001915741
0.001949405
0.001968092
0.001998659
0.002068594
0.002151839
0.002217523
0.002305725
0.002433402
0.002584202
0.002707877
0.002789948
0.002899772
0.003033291
0.003151782
0.003248294
0.003369187
0.003489961
0.003582648
0.003715871
0.003848657
0.003954429
0.004069461
0.00420092
0.004344444
0.004478888
0.004582036
0.004608798
0.004595842
0.004558456
0.004493619
0.004359826
0.004112396
0.003732425
0.003288719
0.00285381
0.002328667
0.001788547
0.001355207
0.0009776079
0.0006081751
0.0002797745
4.288965e-05
-0.0001569822
-0.0003856231
-0.0005814926
-0.0006465062
-0.0005043338
-0.0001370208
0.0003403696
0.0008590969
0.001372263
0.001969113
0.002640413
0.00325997
0.003672284
0.003703359
0.003506154
0.003259591
0.002976921
0.002533383
0.001921089
0.00133053
0.0008393272
0.0004660899
0.0001697007
-0.0002266486
-0.0006474606
-0.001101028
-0.001694146
-0.002222697
-0.002622292
-0.00325036
-0.004170286
-0.005177712
-0.006040242
-0.006740507
-0.007412297
-0.007982594
-0.008197321
-0.007777462
-0.006724547
-0.005634252
-0.004662517
-0.003454952
-0.001820198
4.273016e-05
0.002304098
0.005036097
0.007581857
0.009365032
0.0108004
0.01249846
0.01412214
0.01527394
0.01575232
0.01589448
0.01571583
0.01487913
0.01342546
0.01141791
0.009008001
0.006649602
0.004502143
0.002343985
0.0001438324
-0.001758779
-0.003604912
-0.005830896
-0.008327817
-0.01081296
-0.01277193
-0.01369683
-0.01373329
-0.01341374
-0.01284893
-0.01219196
-0.01135914
-0.009976514
-0.008019009
-0.005415032
-0.002557753
0.0004998497
0.003548284
0.006382309
0.009380453
0.01226537
0.0143362
0.01575567
0.01741589
0.01969929
0.02169219
0.02300756
0.02436554
0.02597699
0.02759471
0.02866253
0.02888828
0.02883285
0.02907364
0.02968541
0.02903533
0.02585477
0.02093906
0.01527486
0.01037835
0.007191259
0.005268189
0.003611757
0.00207713
0.001064319
0.001006858
0.001898162
0.003752943
0.007246787
0.01148827
0.01573691
0.01941558
0.0213832
0.02139973
0.02023944
0.01802115
0.01443482
0.009623347
0.003961509
-0.002387733
-0.008919247
-0.01496213
-0.01920167
-0.02178369
-0.02363375
-0.0243458
-0.02260731
-0.01874991
-0.01398638
-0.009127645
-0.00452134
-0.0009201303
0.0006276721
0.000467032
-4.440132e-05
-0.0007905004
-0.002210749
-0.003926861
-0.004538173
-0.002951541
0.0003986141
0.003591246
0.005674766
0.007639282
0.009528184
0.01115842
0.01242454
0.01328511
0.01343688
0.01267223
0.01116544
0.008585362
0.005319414
0.003168442
0.002208532
0.001578278
0.001157872
0.000979313
0.0006109044
-0.0006396655
-0.002595751
-0.004643059
-0.006678527
-0.008617684
-0.01044343
-0.01118793
-0.01090372
-0.01008263
-0.008505025
-0.006359186
-0.003938985
-0.001626072
5.970837e-05
0.001405608
0.001780869
0.0006350548
-0.001091659
-0.003002575
-0.005050103
-0.007155296
-0.008592471
-0.009076657
-0.008936423
-0.007663213
-0.004957019
-0.00177537
0.00102846
0.003955631
0.006973992
0.009138565
0.01056229
0.01134105
0.0106831
0.009151841
0.005990061
-7.201474e-05
-0.006937457
-0.01231961
-0.01561463
-0.01740363
-0.01837628
-0.01893274
-0.0203976
-0.02325092
-0.02594145
-0.0277157
-0.02887228
-0.02895295
-0.02807567
-0.02633423
-0.0232244
-0.01781139
-0.010612
-0.002945816
0.004844286
0.01197378
0.01804291
0.02324922
0.02751534
0.03058939
0.03217908
0.03186789
0.03037598
0.02919556
0.02907435
0.02921317
0.02938951
0.02908848
0.02799227
0.02556927
0.02121823
0.01442196
0.005185865
-0.00480599
-0.01234672
-0.01606287
-0.01639557
-0.01551232
-0.01424288
-0.01038121
-0.002316539
0.008721109
0.01953952
0.02813685
0.03356511
0.03568501
0.03557128
0.03256443
0.02644826
0.01727885
0.005346361
-0.008196807
-0.02173882
-0.03294966
-0.04086153
-0.04538136
-0.04728166
-0.04768927
-0.04699956
-0.04447784
-0.03974307
-0.03287638
-0.02384487
-0.01224621
0.002295861
0.01775994
0.03190415
0.0425911
0.0487273
0.05022321
0.04778461
0.0439291
0.03921013
0.03116025
0.01910992
0.004726579
-0.00979142
-0.02350733
-0.03614654
-0.04591748
-0.05115762
-0.05165065
-0.04828692
-0.04227251
-0.03364774
-0.02174617
-0.004442444
0.01590391
0.0314191
0.03708516
0.03369827
0.0249922
0.01364112
0.0001993582
-0.01478407
-0.02989584
-0.04261177
-0.05134113
-0.05631547
-0.05883608
-0.05885096
-0.0558322
-0.04912616
-0.03879214
-0.0255455
-0.00997682
0.007323108
0.02601979
0.04589868
0.06628718
0.08485421
0.09727917
0.1035788
0.1066754
0.1092311
0.1109734
0.1101471
0.1047546
0.09294929
0.07719092
0.06286436
0.05375327
0.05003188
0.05020032
0.05413651
0.06195113
0.07310969
0.08515366
0.09475844
0.1024074
0.1119518
0.123738
0.1355674
0.1448171
0.1492955
0.1493831
0.1479081
0.1473838
0.1469137
0.1453274
0.1437919
0.1426289
0.1412347
0.1394804
0.1379033
0.1375912
0.1380939
0.138335
0.1378614
0.1359738
0.1319672
0.1255379
0.1163203
0.1035648
0.08691783
0.06758128
0.04710189
0.02668339
0.003805483
-0.02327592
-0.05243104
-0.0837026
-0.1170155
-0.1527685
-0.1865701
-0.215719
-0.2426839
-0.2687094
-0.2941734
-0.3170436
-0.3382031
-0.3586262
-0.3774476
-0.3943765
-0.4111668
-0.4282694
-0.4447332
-0.4599305
-0.4725418
-0.4827023
-0.4896095
-0.4922923
-0.4920126
-0.4907369
-0.4897266
-0.487969
-0.4831595
-0.4758215
-0.4685197
-0.4624019
-0.4571682
-0.4512608
-0.4437649
-0.4352903
-0.4275723
-0.4213333
-0.4162172
-0.4115698
-0.4050283
-0.39464
-0.3786864
-0.3526996
-0.312472
-0.2555382
-0.187108
-0.1252688
-0.07622159
-0.03109131
0.01138286
0.05236494
0.09356587
0.1349998
0.1813204
0.2316983
0.288166
0.3495597
0.4134731
0.4782716
0.5292764
0.5602179
0.5795385
0.5941865
0.6048205
0.6098018
0.6118714
0.6164902
0.6260759
0.6372164
0.6447264
0.6443628
0.6303171
0.6008893
0.5547783
0.4947608
0.4238741
0.3557713
0.3024616
0.2568595
0.2132959
0.1692849
0.1264416
0.08822085
0.05463313
0.02096261
-0.01548267
-0.05596946
-0.103559
-0.1601675
-0.2145869
-0.2569778
-0.2780087
-0.262347
-0.2144775
-0.1671794
-0.1478758
-0.1595016
-0.1924121
-0.2232786
-0.231762
-0.2201228
-0.2085236
-0.2130654
-0.2275509
-0.2302446
-0.2075805
-0.1626211
-0.1068832
-0.05522343
-0.007235335
0.04764478
0.1099868
0.1733805
0.2271871
0.2661475
0.2958651
0.3169801
0.3263162
0.3277264
0.328493
0.3306861
0.332534
0.3332353
0.3341721
0.3355019
0.3370864
0.3380965
0.3376996
0.3350234
0.3283981
0.3131615
0.2811353
0.2348964
0.1839122
0.123565
0.05291408
-0.02563532
-0.09603149
-0.149692
-0.195663
-0.2417604
-0.291557
-0.3399473
-0.3810681
-0.4146867
-0.4445738
-0.4704673
-0.491617
-0.5062214
-0.5112294
-0.506967
-0.4961673
-0.4804896
-0.4607315
-0.437135
-0.409523
-0.3768908
-0.337508
-0.2930632
-0.2457224
-0.1991657
-0.1522071
-0.0948405
-0.02176619
0.04714438
0.09255075
0.1174765
0.1322841
0.1446767
0.1549577
0.1596577
0.1583868
0.1547751
0.1530612
0.1540015
0.157347
0.1622268
0.1675248
0.1726582
0.1767938
0.1785133
0.1767797
0.1733063
0.1708106
0.168453
0.1629796
0.1516371
0.1377775
0.1271153
0.1211676
0.1177181
0.1154031
0.1137471
0.1135861
0.1165047
0.1215035
0.1265408
0.1326159
0.1431523
0.1570541
0.1706967
0.18341
0.195933
0.2087984
0.2211603
0.2282783
0.2215001
0.194477
0.1492326
0.09595202
0.0461525
0.01059817
-0.008075871
-0.01830703
-0.02658855
-0.03348852
-0.03706469
-0.03703694
-0.03435583
-0.03011147
-0.02510316
-0.0193629
-0.01274621
-0.007604278
-0.006407662
-0.008488911
-0.01200332
-0.01623881
-0.02288435
-0.03302052
-0.04492662
-0.05511661
-0.0619434
-0.06724722
-0.07450741
-0.08431874
-0.09469507
-0.1050875
-0.1151046
-0.1225656
-0.1246176
-0.1221351
-0.11877
-0.115919
-0.1096286
-0.09815902
-0.08384829
-0.07112565
-0.06096773
-0.05049202
-0.03974813
-0.02864202
-0.01833825
-0.009326674
-0.0005126073
0.007761995
0.01451776
0.01916498
0.02364283
0.02982038
0.03777362
0.04846479
0.06151103
0.0746712
0.08452163
0.08930071
0.08909196
0.08527395
0.0798943
0.07394447
0.06657805
0.05684707
0.04484093
0.03250655
0.02155169
0.01196491
0.002920646
-0.005002595
-0.01110787
-0.01553247
-0.01857255
-0.02045671
-0.02249107
-0.02660805
-0.03188862
-0.03671266
-0.03915546
-0.03869734
-0.03774495
-0.03874618
-0.04206233
-0.04705098
-0.05533032
-0.06849676
-0.0850024
-0.1029671
-0.1199878
-0.1350656
-0.1480574
-0.1593554
-0.1669305
-0.1684932
-0.1661591
-0.1631439
-0.159576
-0.1547952
-0.1496632
-0.1448047
-0.1412893
-0.1405333
-0.1422594
-0.1448859
-0.1468338
-0.1484619
-0.151155
-0.1562386
-0.1636952
-0.1717323
-0.1796535
-0.1891878
-0.2005361
-0.2111732
-0.2136885
-0.2000479
-0.1638509
-0.1073115
-0.0438782
0.01438042
0.05544916
0.07983417
0.1006436
0.1246485
0.1509278
0.1732355
0.1888293
0.2005568
0.2106161
0.2186668
0.2236683
0.2252604
0.2238129
0.2196703
0.2151204
0.2102045
0.1949523
0.1675917
0.1409429
0.1215036
0.1037103
0.07888181
0.04560311
0.0114373
-0.01832414
-0.04914069
-0.08539812
-0.1215493
-0.1480528
-0.1664218
-0.1811195
-0.1937165
-0.2075757
-0.224307
-0.2413557
-0.2553037
-0.2654366
-0.2714908
-0.2701125
-0.2585416
-0.2402729
-0.2211156
-0.2012267
-0.1806584
-0.1594771
-0.1371271
-0.1153882
-0.09348059
-0.07167423
-0.05058831
-0.02995336
-0.01232717
0.002954118
0.01814826
0.0333312
0.0461103
0.05504002
0.06266592
0.07224123
0.08484502
0.09828235
0.109675
0.1197096
0.1316558
0.1460493
0.1614258
0.1780675
0.1970689
0.2165831
0.2326234
0.2428808
0.2444667
0.2344624
0.21504
0.190948
0.1676455
0.1509667
0.1425698
0.1385758
0.1354423
0.1324107
0.1310495
0.1339269
0.1387253
0.1396388
0.1345992
0.1270164
0.1205864
0.1149146
0.1076348
0.09852292
0.09012975
0.0851863
0.08177894
0.07789688
0.074239
0.07120704
0.06968434
0.06772549
0.06084836
0.0480453
0.03263028
0.02109504
0.01588933
0.0143837
0.01143637
0.003507174
-0.009168776
-0.02458829
-0.04215774
-0.06270614
-0.08507943
-0.1057011
-0.1243366
-0.1444062
-0.1693357
-0.1959524
-0.2187995
-0.2350595
-0.2450341
-0.2516268
-0.2568937
-0.2621082
-0.2665089
-0.2696054
-0.2711997
-0.2702493
-0.2675156
-0.2644589
-0.2618738
-0.2594891
-0.2564386
-0.2519283
-0.2477209
-0.245322
-0.2431876
-0.2381627
-0.2258447
-0.2055866
-0.1794725
-0.1497027
-0.1212343
-0.09553001
-0.0720737
-0.05101183
-0.0325518
-0.01751594
-0.005516437
0.003833777
0.01075571
0.01619414
0.02005316
0.0251154
0.03311043
0.04155124
0.04941888
0.05834588
0.07043362
0.08435342
0.09745658
0.1093783
0.1200089
0.130737
0.1427681
0.153887
0.1617212
0.1659107
0.1681103
0.1701581
0.1724951
0.1743796
0.1742832
0.1721799
0.1695389
0.1687862
0.1714382
0.1762336
0.180053
0.1807999
0.1774035
0.168564
0.1541744
0.1349076
0.1114702
0.0851778
0.05817964
0.03323293
0.01874106
0.02002151
0.03389103
0.05066968
0.06516568
0.07578665
0.08467329
0.09516968
0.109029
0.1254636
0.1427338
0.1575474
0.1663071
0.1703725
0.1718868
0.171445
0.1694818
0.1666848
0.1628564
0.1577882
0.1529539
0.150533
0.1512787
0.1526488
0.1519783
0.1485629
0.1437401
0.138472
0.132196
0.1245017
0.1139464
0.09850833
0.07923784
0.05916003
0.04126694
0.02648124
0.01406199
0.003368153
-0.005737532
-0.01236855
-0.01763449
-0.02428469
-0.0329235
-0.04140466
-0.04749889
-0.05105313
-0.05182092
-0.04916238
-0.04190311
-0.02925518
-0.0119046
0.008831998
0.03112024
0.05412603
0.07567504
0.09479761
0.1130037
0.1308541
0.1470845
0.1581114
0.1642843
0.1672101
0.1662358
0.1609047
0.1507154
0.1353384
0.1152831
0.09209125
0.06680743
0.04272678
0.02183175
0.003355775
-0.01240435
-0.02666878
-0.04105528
-0.05697985
-0.0738466
-0.09054937
-0.1073975
-0.1241135
-0.1401664
-0.156106
-0.1735686
-0.1928787
-0.2118324
-0.2284163
-0.2428503
-0.2559223
-0.2651755
-0.2696473
-0.2717976
-0.2728689
-0.2717264
-0.2678156
-0.2618478
-0.2544739
-0.2467554
-0.2370095
-0.2244655
-0.2105224
-0.1978341
-0.1875345
-0.1778252
-0.1675519
-0.1553652
-0.1409965
-0.1266859
-0.111953
-0.09541006
-0.07627391
-0.05584654
-0.03726052
-0.01984603
-0.002504697
0.012993
0.02663992
0.03987931
0.05323799
0.06612062
0.07877096
0.09181364
0.1053325
0.1193359
0.1332601
0.1469225
0.1595997
0.1709524
0.1813605
0.1912018
0.1996445
0.2058967
0.2102798
0.2136108
0.2161663
0.215927
0.2111204
0.2014146
0.1853953
0.160613
0.1276964
0.08670728
0.0434589
0.001333011
-0.0341539
-0.06249224
-0.08326925
-0.09563119
-0.1000673
-0.09928592
-0.09659768
-0.09451208
-0.09193904
-0.08610657
-0.07732099
-0.06715078
-0.05610514
-0.0442494
-0.03146654
-0.01666983
0.002997715
0.02873508
0.05972557
0.09461489
0.129317
0.1607087
0.1860946
0.2009894
0.2062296
0.205522
0.2012937
0.196252
0.1941637
0.1966753
0.2010758
0.2048394
0.2087644
0.2131525
0.2163133
0.2180005
0.2196901
0.2212763
0.2206898
0.2149367
0.2028449
0.1841643
0.1594026
0.1281816
0.09232477
0.05546311
0.01931031
-0.01414139
-0.04694229
-0.08133001
-0.1151877
-0.1428095
-0.1640456
-0.1809986
-0.1932155
-0.2011861
-0.205954
-0.2068081
-0.2044562
-0.1996113
-0.1914959
-0.18107
-0.1707239
-0.1621455
-0.1567192
-0.1557948
-0.1581113
-0.1614814
-0.1657603
-0.1715705
-0.1778447
-0.1824474
-0.184521
-0.1855916
-0.185865
-0.1845569
-0.1805954
-0.1724402
-0.1609545
-0.1475481
-0.133761
-0.1214743
-0.1089662
-0.09752037
-0.08825025
-0.07988362
-0.07183559
-0.06432475
-0.05797074
-0.05344201
-0.05129843
-0.05111882
-0.05168909
-0.05315833
-0.05581384
-0.05842762
-0.05792783
-0.05206359
-0.04250307
-0.03100617
-0.0175383
-0.002234142
0.01349987
0.02846795
0.0434514
0.05889347
0.07354538
0.08752742
0.1013715
0.1140989
0.1248188
0.1324212
0.1365118
0.1374191
0.1347468
0.1274244
0.1146831
0.09840299
0.08230011
0.06694903
0.05412475
0.04456262
0.03764432
0.03253577
0.02953959
0.02925601
0.03152041
0.03564698
0.04163007
0.05023064
0.0605631
0.07250507
0.08642081
0.1012351
0.1150024
0.1266501
0.1371312
0.1461895
0.1525862
0.1556784
0.1547442
0.15027
0.1425455
0.1294033
0.1083641
0.07889864
0.04422853
0.01173721
-0.01442431
-0.03476603
-0.05098543
-0.06481346
-0.07762296
-0.09072481
-0.1032344
-0.1130814
-0.1196129
-0.1237999
-0.1265429
-0.1282094
-0.1285981
-0.1280459
-0.127265
-0.1265991
-0.1253521
-0.1238406
-0.121865
-0.1188593
-0.1141334
-0.1059524
-0.09442289
-0.07955319
-0.06062941
-0.03857678
-0.01496198
0.00790129
0.02691087
0.04158606
0.05264609
0.06068719
0.06619342
0.06947575
0.07035819
0.07030242
0.07010086
0.0698433
0.06878613
0.06619483
0.06250957
0.0580828
0.05248914
0.04601316
0.04038142
0.03575082
0.03144568
0.02701244
0.02214093
0.01593001
0.007823627
-0.0008340867
-0.009616326
-0.01992437
-0.03227944
-0.04445913
-0.05432556
-0.06195667
-0.06889162
-0.07668818
-0.08519295
-0.0944013
-0.1045936
-0.113072
-0.1186021
-0.1237749
-0.1315162
-0.1409263
-0.1497362
-0.1573098
-0.1647114
-0.1728124
-0.1816931
-0.1901424
-0.1973137
-0.203476
-0.2097449
-0.2163629
-0.2219523
-0.2257218
-0.2291414
-0.2327803
-0.235344
-0.2364739
-0.2365339
-0.2357807
-0.234559
-0.2313339
-0.2260374
-0.2203414
-0.215676
-0.2114311
-0.2051967
-0.1975476
-0.1900816
-0.1826264
-0.1740356
-0.1652622
-0.1566562
-0.1476913
-0.1389438
-0.1299703
-0.1205047
-0.1100625
-0.09811975
-0.0854241
-0.07249301
-0.05838361
-0.04130048
-0.0218402
-0.002393317
0.01446759
0.02638027
0.03242496
0.03279916
0.02837159
0.01961177
0.008673519
0.0001439444
-0.003425933
-0.003484386
-0.00209246
-8.638837e-06
0.003326818
0.009103205
0.01771533
0.02875514
0.04223542
0.05866832
0.07672244
0.09409034
0.1096496
0.1251804
0.1409342
0.1549206
0.1667713
0.1773173
0.1871391
0.1948184
0.1999515
0.2041119
0.2076172
0.2102154
0.2110315
0.2092421
0.2065711
0.2051652
0.2052372
0.2050371
0.2034557
0.2007698
0.1965236
0.1911226
0.1846522
0.1771525
0.1687689
0.1597189
0.1496451
0.1375521
0.1234304
0.1108444
0.1018872
0.09651995
0.09436954
0.09487857
0.09646293
0.09782943
0.1005026
0.1060986
0.1147597
0.1248656
0.1345064
0.1413143
0.1448728
0.1460375
0.1455775
0.1444292
0.1423996
0.1401786
0.1387151
0.1381735
0.1378346
0.1379167
0.1395132
0.1414254
0.1422475
0.1423063
0.1427273
0.1434943
0.1430917
0.1409703
0.1370787
0.1314509
0.1240503
0.1137721
0.100096
0.08415529
0.06613844
0.04850614
0.03318144
0.01913043
0.004414581
-0.01052092
-0.0251524
-0.03936937
-0.05161149
-0.06073858
-0.06850398
-0.07567818
-0.08076862
-0.08452751
-0.08840546
-0.09249819
-0.09626626
-0.09954029
-0.1029092
-0.1066665
-0.1110559
-0.1155973
-0.1189994
-0.1214376
-0.1245421
-0.1288675
-0.1333558
-0.1365942
-0.1389342
-0.1413903
-0.1437246
-0.1449174
-0.1454757
-0.1464727
-0.1470136
-0.1463478
-0.1449197
-0.1432459
-0.1410555
-0.138176
-0.1349458
-0.1313441
-0.1277296
-0.1242785
-0.1214106
-0.1183771
-0.1154958
-0.1133731
-0.1119617
-0.1091106
-0.1042291
-0.09875063
-0.09338531
-0.08793997
-0.08112784
-0.0716388
-0.06161155
-0.05317746
-0.0469134
-0.04121558
-0.03580887
-0.03119143
-0.02711627
-0.02309204
-0.01731758
-0.01007541
-0.002163505
0.005297318
0.0111569
0.01567747
0.01885839
0.02153982
0.02515552
0.02997263
0.03547096
0.04126941
0.048041
0.05611489
0.06518684
0.07481786
0.08495517
0.0957703
0.1068974
0.1184448
0.1300487
0.141312
0.1531192
0.1650523
0.1761919
0.1863027
0.1963231
0.2056175
0.2130492
0.2187658
0.2236273
0.2286743
0.2331467
0.2362697
0.2388133
0.2415228
0.2438308
0.2451869
0.2452462
0.2432191
0.2382607
0.2309892
0.2210542
0.2073892
0.1901539
0.169794
0.1472528
0.122427
0.09775973
0.07376332
0.04841626
0.02065697
-0.008963701
-0.03969261
-0.06989642
-0.09423929
-0.1127909
-0.1271911
-0.1382196
-0.1468761
-0.1536298
-0.1576893
-0.1586032
-0.1548779
-0.1449315
-0.1289445
-0.1083259
-0.08565616
-0.06032756
-0.03498378
-0.01474371
0.0009950273
0.01422838
0.02435897
0.03101624
0.0344184
0.03432078
0.02970142
0.0201428
0.006781622
-0.009771853
-0.02751527
-0.04350004
-0.05631761
-0.06620733
-0.07428534
-0.08176106
-0.08737528
-0.090858
-0.09302933
-0.09547654
-0.09882453
-0.1015716
-0.1013283
-0.09859789
-0.09514845
-0.09192229
-0.08960615
-0.08820519
-0.08718996
-0.08609744
-0.08630572
-0.08802977
-0.09068758
-0.09409475
-0.09768977
-0.101144
-0.1033481
-0.1029637
-0.09920628
-0.0919939
-0.08245601
-0.07227733
-0.0615448
-0.0492316
-0.03574808
-0.02143295
-0.007296664
0.005160098
0.0146862
0.0200966
0.02247314
0.02339346
0.02390987
0.02372443
0.02115193
0.01581463
0.009922984
0.005188455
0.002416209
0.001473798
0.001334631
0.001881456
0.003882766
0.008383452
0.01609012
0.0267367
0.03865443
0.05023298
0.06127911
0.07093982
0.07808928
0.08217437
0.08430555
0.08525886
0.08471875
0.08251661
0.07945944
0.07625589
0.07193153
0.06604981
0.05999368
0.0559312
0.05456142
0.0535285
0.05015066
0.04529298
0.04062902
0.0358052
0.02815752
0.01646441
0.002394835
-0.01151579
-0.02342326
-0.03242039
-0.03719721
-0.0389843
-0.04001791
-0.04065786
-0.04013622
-0.03792042
-0.03384269
-0.02899682
-0.02421842
-0.01907587
-0.0132984
-0.006935084
0.0001209848
0.007089437
0.01343687
0.01824052
0.02193188
0.0251251
0.02880111
0.03665378
0.04391094
0.04670705
0.04946966
0.05384509
0.05842891
0.06032601
0.05942343
0.0575137
0.05428397
0.04821345
0.0367808
0.01863761
-0.003605762
-0.02520591
-0.0414105
-0.05173695
-0.06007749
-0.0699536
-0.0810783
-0.09065955
-0.09803
-0.1033312
-0.1068756
-0.1083493
-0.1081297
-0.1068175
-0.1040481
-0.09993635
-0.09354809
-0.08514242
-0.07593859
-0.06820757
-0.06417817
-0.06299326
-0.06339592
-0.06490504
-0.06767344
-0.07170597
-0.07487102
-0.07684034
-0.07907544
-0.08195189
-0.08430998
-0.08544279
-0.08520659
-0.08333491
-0.07953188
-0.07409567
-0.06654863
-0.05732588
-0.047887
-0.04007416
-0.03405245
-0.02929314
-0.02506873
-0.02046086
-0.01600443
-0.01176605
-0.007459011
-0.003063316
0.001317737
0.005291284
0.008399953
0.01066166
0.01186138
0.0119759
0.01102759
0.008312405
0.004133399
-0.0001110312
-0.003087734
-0.005680176
-0.009089869
-0.01177491
-0.01396736
-0.01570066
-0.0160759
-0.01568826
-0.0155599
-0.01692816
-0.02011151
-0.02409877
-0.02629816
-0.02622174
-0.02527552
-0.02420202
-0.02418878
-0.0248084
-0.02537579
-0.02612158
-0.02565717
-0.0238468
-0.02173859
-0.01968067
-0.01701175
-0.01317432
-0.007031405
0.001880813
0.01219383
0.02282754
0.03266162
0.04165023
0.05099724
0.06164077
0.07182449
0.0789546
0.08347247
0.08650864
0.08814119
0.08954219
0.09031247
0.08994464
0.0885794
0.08617272
0.08300092
0.07916527
0.07474662
0.07041231
0.06791801
0.06685135
0.06510242
0.06265192
0.06013072
0.05688965
0.05333051
0.05006544
0.04617169
0.04068797
0.03434782
0.02734859
0.01859717
0.008336846
-0.002587976
-0.01302516
-0.02275689
-0.03141824
-0.03754607
-0.04008365
-0.03978258
-0.0390136
-0.03750076
-0.03439215
-0.02907749
-0.02134807
-0.0127958
-0.00533841
0.001096846
0.007779153
0.0141338
0.01844729
0.02001526
0.02112259
0.02248212
0.02222983
0.02035861
0.01772886
0.01473437
0.01193264
0.009965116
0.008900547
0.008638887
0.0097508
0.01146117
0.01304771
0.01475027
0.01691755
0.01968588
0.0221188
0.02358409
0.02463427
0.02530144
0.02542297
0.02519774
0.02439497
0.02294337
0.02100589
0.01795559
0.01416879
0.01035017
0.007113269
0.004481612
0.001782954
-0.001264992
-0.003637913
-0.00447572
-0.003403752
-0.001195525
0.001385511
0.004038433
0.007232434
0.01216567
0.01875831
0.02657421
0.03499392
0.04163248
0.04696802
0.05247189
0.05734159
0.05942954
0.05894838
0.05714536
0.05383012
0.04944283
0.04470322
0.03947395
0.03373533
0.02820864
0.02325463
0.01805972
0.01218976
0.005532731
-0.00175124
-0.008144464
-0.01254245
-0.01657888
-0.02115229
-0.02453108
-0.02636488
-0.02703659
-0.02647173
-0.02430675
-0.0205904
-0.01715441
-0.0146207
-0.01172479
-0.007892963
-0.003239213
0.00136969
0.006298837
0.01445641
0.02299808
0.02885446
0.03356545
0.03827236
0.04274361
0.04578459
0.04758527
0.04839947
0.04814153
0.04648544
0.04436902
0.04229678
0.03795271
0.03151772
0.02580432
0.02184701
0.01968725
0.01820658
0.01753084
0.01835416
0.02027727
0.02268904
0.02534596
0.02829928
0.03153071
0.03562056
0.03948236
0.04268627
0.04596815
0.048894
0.05070045
0.05182406
0.05240333
0.05154225
0.04962416
0.04793756
0.04636623
0.04391229
0.04075645
0.03814749
0.03629516
0.03450099
0.03271497
0.02978819
0.02486288
0.01906431
0.0138875
0.009255799
0.004218841
-0.0005574265
-0.005014476
-0.009844968
-0.01509172
-0.01999827
-0.02540339
-0.03122033
-0.03636548
-0.0419187
-0.04860994
-0.05652327
-0.06446442
-0.07098724
-0.07653666
-0.08088478
-0.08360379
-0.08442921
-0.08420665
-0.08370351
-0.08250736
-0.08091738
-0.07788296
-0.07318902
-0.06779755
-0.0619587
-0.0569567
-0.05299206
-0.04961688
-0.04721157
-0.04470649
-0.04194928
-0.03907477
-0.03680787
-0.03556481
-0.03413858
-0.03297184
-0.03292531
-0.03334384
-0.03388599
-0.03449418
-0.03513894
-0.03534639
-0.0352017
-0.03510145
-0.03516356
-0.03478908
-0.03349491
-0.03265731
-0.03246784
-0.0322286
-0.03307273
-0.03502111
-0.03752469
-0.04039195
-0.04372068
-0.0466586
-0.0485797
-0.04909618
-0.04887738
-0.04863131
-0.04837449
-0.0479774
-0.04833372
-0.04973831
-0.05037865
-0.04868677
-0.04666162
-0.04616179
-0.04550955
-0.04317986
-0.03883662
-0.03444448
-0.0308473
-0.02718087
-0.0228806
-0.01822822
-0.01346764
-0.008605488
-0.00425201
0.0004609522
0.005520255
0.009102233
0.01134103
0.0122492
0.01248009
0.01284807
0.01244399
0.01054202
0.007131674
0.002702815
-0.002513089
-0.008319846
-0.01361163
-0.01760309
-0.01998744
-0.02093799
-0.02092439
-0.02039888
-0.01877998
-0.01596445
-0.01229743
-0.008507967
-0.004048894
0.0005944274
0.003431204
0.004764458
0.005492095
0.005829722
0.005670014
0.003816912
-0.000106267
-0.005172805
-0.01158286
-0.01933414
-0.0271534
-0.03529625
-0.04369831
-0.05083514
-0.05507536
-0.05727771
-0.05975047
-0.06265559
-0.06311668
-0.06071902
-0.05572233
-0.0500383
-0.04542342
-0.04047431
-0.0339331
-0.02598541
-0.01906083
-0.01416656
-0.009443989
-0.004870161
-0.0006209585
0.003264663
0.006205265
0.008967922
0.01188137
0.01563418
0.02027053
0.02568409
0.03238135
0.03863379
0.04398048
0.04937443
0.05334724
0.05407089
0.05304788
0.05201932
0.05040923
0.04809165
0.04547667
0.04260924
0.04055416
0.03979952
0.03987609
0.03964778
0.03897213
0.03871061
0.03916563
0.04058611
0.04153277
0.04178865
0.04213626
0.04243261
0.04245319
0.04189379
0.04052339
0.03881909
0.03683887
0.03417376
0.03108564
0.02763787
0.02394806
0.02006772
0.01619689
0.01294797
0.009620246
0.005457706
0.001254769
-0.002414279
-0.005734966
-0.009439932
-0.01445345
-0.0197847
-0.02300509
-0.02386322
-0.02438586
-0.02537076
-0.02608884
-0.02619334
-0.02587916
-0.02492077
-0.02335275
-0.02160275
-0.01953694
-0.01750529
-0.01570567
-0.01273261
-0.008136254
-0.003027965
0.002216759
0.007802912
0.01361208
0.01959519
0.02628279
0.03370673
0.04137936
0.04914269
0.05611871
0.06221782
0.06720304
0.07092833
0.07310213
0.0743468
0.07528736
0.07504042
0.07323386
0.07061959
0.06791713
0.06397052
0.05923808
0.05513603
0.05114455
0.04681849
0.0414398
0.03531316
0.0284323
0.021024
0.01329625
0.005670303
-0.001423358
-0.009244752
-0.01825695
-0.02709686
-0.03422151
-0.0400492
-0.04585454
-0.05182535
-0.05676797
-0.0593212
-0.06019062
-0.06022796
-0.05978553
-0.0587169
-0.05678215
-0.0535125
-0.05001235
-0.04708031
-0.04212374
-0.03483535
-0.0270312
-0.01946198
-0.01335734
-0.007870781
-0.003040641
0.0002451545
0.002284666
0.003738862
0.005235836
0.005963986
0.005841612
0.005588621
0.005479502
0.004493317
0.002897419
0.001703453
0.0007495176
0.0001154513
5.59439e-05
0.0003235337
0.0008492964
0.001007243
0.001530615
0.003397924
0.005565388
0.006860049
0.006750944
0.006909399
0.00822929
0.009181416
0.008748116
0.006816805
0.005276941
0.005283385
0.005270945
0.00405296
0.002839949
0.002459736
0.001529831
0.0004275729
0.000801977
0.002113122
0.003351696
0.004638918
0.006638983
0.008984675
0.01148065
0.01412961
0.01621985
0.01774034
0.01989301
0.02254383
0.02507944
0.02714462
0.02896436
0.03031797
0.03202943
0.03383334
0.03476299
0.03498722
0.03420604
0.03280034
0.03122211
0.02740773
0.02082442
0.01289929
0.004633741
-0.00346329
-0.01107499
-0.01907258
-0.02769156
-0.03533616
-0.04075757
-0.04428475
-0.04708306
-0.04974638
-0.05182687
-0.05223034
-0.05028837
-0.04709348
-0.04287664
-0.03748308
-0.03122944
-0.02503176
-0.0202661
-0.01658871
-0.01340126
-0.01158263
-0.01182561
-0.01360124
-0.01647647
-0.02047318
-0.02488947
-0.02860072
-0.03126612
-0.03371902
-0.03616771
-0.03804091
-0.03895128
-0.03891421
-0.03819654
-0.03739722
-0.03678177
-0.03481693
-0.03142523
-0.02800708
-0.02434799
-0.02065434
-0.01769141
-0.01613719
-0.01616642
-0.01680562
-0.01803115
-0.01976414
-0.02086539
-0.02177865
-0.02296459
-0.02405884
-0.02479376
-0.02541014
-0.02609947
-0.0269714
-0.02773911
-0.02796513
-0.02830614
-0.02896709
-0.02910449
-0.02752504
-0.0242165
-0.01995057
-0.01446487
-0.007899398
-0.0003500712
0.007447043
0.01484629
0.0226478
0.0310796
0.03857883
0.04460298
0.04873737
0.05144096
0.05414729
0.05719289
0.05906192
0.05959671
0.05951348
0.05889965
0.05823418
0.05728786
0.05510995
0.05186121
0.04836381
0.04451587
0.04047624
0.03579626
0.03115736
0.02805612
0.02620171
0.02364776
0.0210699
0.0197781
0.01874556
0.01816537
0.01906819
0.02066935
0.02098842
0.01961508
0.01821864
0.01758691
0.01801559
0.01996332
0.02265977
0.02452692
0.02616055
0.02918684
0.03294951
0.03648815
0.03952507
0.04143615
0.04291062
0.04498636
0.04677623
0.04678007
0.04465317
0.04107142
0.03718649
0.03346185
0.02906514
0.02429798
0.02020088
0.017278
0.01506616
0.01324112
0.01210295
0.01149403
0.01134507
0.01232284
0.0136255
0.01487151
0.01711777
0.0202946
0.02303481
0.0253945
0.0280432
0.03011115
0.03181541
0.03292185
0.03353671
0.0347447
0.03653555
0.03823877
0.038664
0.03862996
0.03914389
0.03915256
0.03727457
0.03358564
0.02906736
0.02400879
0.01800392
0.01213586
0.007675307
0.004045268
0.0005018572
-0.003254475
-0.006560039
-0.009443892
-0.01204338
-0.01388668
-0.0157182
-0.01807396
-0.02125889
-0.02495197
-0.02812981
-0.03085416
-0.03473701
-0.04046768
-0.04632843
-0.051229
-0.05470215
-0.05750329
-0.06130201
-0.06452009
-0.06623921
-0.06707842
-0.06844564
-0.06988947
-0.07025992
-0.06987147
-0.06964473
-0.06984383
-0.07011314
-0.07015882
-0.06973152
-0.06818048
-0.06673832
-0.06668032
-0.06686617
-0.06549961
-0.06366664
-0.06238678
-0.06158936
-0.06086766
-0.05887256
-0.05549329
-0.05179687
-0.04796675
-0.04405282
-0.04050303
-0.03628055
-0.0302379
-0.02355401
-0.01680003
-0.01087439
-0.005343853
-0.0002743064
0.004142443
0.008152156
0.01128673
0.01308813
0.01422935
0.01564659
0.01694006
0.01713263
0.01676279
0.01579114
0.01429391
0.01279567
0.01189076
0.01188158
0.0121705
0.0121924
0.01270434
0.01465769
0.01691224
0.01797617
0.01770202
0.01758182
0.01888026
0.02064969
0.02158949
0.02229656
0.02388795
0.0260307
0.02725863
0.02727238
0.02713843
0.02837073
0.02969699
0.02985717
0.02974904
0.02982603
0.02899302
0.02723089
0.02546377
0.02371108
0.02167143
0.01947377
0.01780675
0.01758189
0.01816301
0.01933127
0.02128166
0.02357205
0.02617681
0.02899177
0.03139872
0.03339431
0.03584681
0.03798029
0.0389053
0.03963134
0.03958799
0.03770949
0.03495213
0.03176006
0.02733748
0.02150108
0.01542983
0.01044331
0.006521728
0.00266816
-0.001249293
-0.005041621
-0.007995549
-0.009567941
-0.01048403
-0.01098533
-0.01009477
-0.008480631
-0.007309134
-0.005739172
-0.003075818
-0.0003052907
0.002509934
0.00580821
0.009034319
0.01182069
0.01430913
0.01598329
0.01733904
0.01926437
0.02105089
0.02108145
0.01997391
0.01948578
0.01992896
0.02013348
0.01868054
0.01692554
0.01677256
0.01835653
0.02021952
0.02106968
0.02217451
0.02487017
0.02826243
0.03053235
0.03147581
0.03235199
0.0335867
0.03369463
0.03210753
0.02979624
0.02661869
0.0223728
0.0173398
0.01073756
0.0039781
-0.001060286
-0.005542248
-0.01112624
-0.01782526
-0.02517318
-0.03287732
-0.04109977
-0.04925518
-0.05557922
-0.0592617
-0.06134357
-0.06411549
-0.06666552
-0.06699708
-0.06608362
-0.06466619
-0.0631655
-0.06006587
-0.05418926
-0.04690919
-0.04059566
-0.03552565
-0.03081727
-0.0265738
-0.02326002
-0.02048282
-0.01830384
-0.01721838
-0.01630575
-0.01509286
-0.01371022
-0.01209762
-0.01059764
-0.008769144
-0.006571481
-0.003876048
-0.0008195094
0.002519561
0.005772768
0.007434236
0.007183974
0.006168582
0.005032182
0.003746071
0.001850067
-3.547153e-05
-0.001884794
-0.003984772
-0.005238588
-0.005638081
-0.006066135
-0.006949865
-0.007520829
-0.007889301
-0.008050083
-0.008006944
-0.008388036
-0.008306743
-0.006975072
-0.0055533
-0.005359133
-0.005476183
-0.004430238
-0.002422055
-8.449092e-05
0.002139271
0.004277242
0.006617408
0.009723156
0.01412536
0.01960925
0.02563821
0.03205089
0.0384301
0.04422314
0.04964922
0.05471376
0.05906036
0.06195207
0.06323508
0.06369412
0.06454298
0.06614628
0.06681932
0.06578286
0.06354395
0.06054176
0.0567288
0.05102826
0.04265376
0.0315842
0.01945576
0.008689708
-0.0006089749
-0.009732145
-0.0184885
-0.02647622
-0.03287929
-0.03853429
-0.04406742
-0.04954268
-0.05474841
-0.06005238
-0.06573587
-0.07092454
-0.07528572
-0.07979547
-0.08438485
-0.08794389
-0.09004057
-0.09052349
-0.09020254
-0.08942877
-0.08664352
-0.0818885
-0.07674084
-0.0718364
-0.06697025
-0.06077857
-0.0535909
-0.04789927
-0.04440163
-0.04140266
-0.03739867
-0.0335959
-0.02979806
-0.02597396
-0.02211159
-0.01811838
-0.01446652
-0.009732523
-0.003564503
0.002410899
0.006878244
0.0101735
0.01305186
0.01602605
0.01881487
0.02002574
0.01955115
0.01947388
0.01984123
0.0192128
0.01777397
0.01611152
0.01368019
0.01058357
0.007502522
0.004298463
0.001213091
-0.001053221
-0.002364816
-0.002561248
-0.002786244
-0.00327754
-0.003563337
-0.003976353
-0.003784149
-0.00329783
-0.003205854
-0.003883317
-0.005407574
-0.00609932
-0.00571238
-0.005882996
-0.00736851
-0.008725483
-0.008783615
-0.008172738
-0.00790456
-0.007980446
-0.007053925
-0.005164705
-0.002548561
0.001011784
0.00555708
0.01055444
0.01505502
0.01916206
0.02355891
0.02808005
0.03349283
0.03902523
0.04278148
0.04503996
0.04729356
0.04964396
0.05136514
0.05190048
0.05149753
0.05046502
0.04905927
0.04732178
0.0444006
0.04072058
0.0374533
0.03437469
0.0310198
0.0285178
0.02723777
0.02595984
0.02337244
0.01984487
0.01702947
0.01599542
0.01473019
0.01191891
0.008354895
0.005059202
0.002831668
0.0007467118
-0.002073342
-0.004626655
-0.005671647
-0.006239286
-0.007183522
-0.007840556
-0.007380437
-0.005755915
-0.003944321
-0.002577287
-0.00150107
-0.0007445268
-0.0006075793
-0.000858894
-0.001904853
-0.004457546
-0.007310842
-0.009456336
-0.01228038
-0.01572938
-0.01845431
-0.02018743
-0.02132462
-0.02200389
-0.02208068
-0.02136713
-0.01994168
-0.01825902
-0.01627179
-0.01395327
-0.01068883
-0.006847038
-0.003624271
-0.00111513
0.001454814
0.004153642
0.005861527
0.007130541
0.008115449
0.00835612
0.007988463
0.00691428
0.005087724
0.002503322
-0.0004866364
-0.003677998
-0.007514664
-0.01149874
-0.01415105
-0.01606215
-0.01843666
-0.020776
-0.02273965
-0.02496406
-0.02705618
-0.02926852
-0.03256148
-0.03617851
-0.03918331
-0.04175465
-0.04445751
-0.04745472
-0.05051314
-0.05320573
-0.05551932
-0.05760965
-0.05830801
-0.05738603
-0.05664715
-0.05642684
-0.05508978
-0.051603
-0.04769046
-0.04489033
-0.04304157
-0.04165193
-0.04040755
-0.03940548
-0.03883239
-0.0392897
-0.04040642
-0.0419961
-0.04393302
-0.04571489
-0.04816802
-0.05119404
-0.05331333
-0.05440106
-0.05548319
-0.05679558
-0.05685938
-0.05490169
-0.05061556
-0.04319236
-0.03388266
-0.02497566
-0.01727688
-0.009897266
-0.00129305
0.007716347
0.01634979
0.02459653
0.03248465
0.0396364
0.0451862
0.04985723
0.05477729
0.06028306
0.06500829
0.06796223
0.06944593
0.07059931
0.07225377
0.07319724
0.07301154
0.07163677
0.0698319
0.06888631
0.06819801
0.06738913
0.06703365
0.0671429
0.06724915
0.06714405
0.06707393
0.06762516
0.06836372
0.06785692
0.06590208
0.06364125
0.06135475
0.05857705
0.0547723
0.04987992
0.0435328
0.0354998
0.02536516
0.0153847
0.007875847
0.001818184
-0.00468346
-0.01148658
-0.01778612
-0.02305044
-0.02615037
-0.02688021
-0.02667448
-0.02632472
-0.02604556
-0.025593
-0.02500122
-0.02464094
-0.02473768
-0.02440325
-0.02297905
-0.02108108
-0.02003155
-0.0192618
-0.01701494
-0.01299554
-0.008636492
-0.003740821
0.001714418
0.006906042
0.01095742
0.01367829
0.01614732
0.0190772
0.02172598
0.0236101
0.02560834
0.02770869
0.02946791
0.03140394
0.03359986
0.03611184
0.03900728
0.04200483
0.04474921
0.04702992
0.04920729
0.05084992
0.05147537
0.05165187
0.05103409
0.04952426
0.04739784
0.04443362
0.04127218
0.03770045
0.03389264
0.02981949
0.02580803
0.02252918
0.01911944
0.01395211
0.008128555
0.003627023
-0.0001674452
-0.004323069
-0.008480186
-0.01224573
-0.01627769
-0.02029441
-0.02346447
-0.0256114
-0.02793096
-0.03051783
-0.03146213
-0.03071155
-0.02877971
-0.02599032
-0.02279627
-0.01810709
-0.01158576
-0.004441152
0.00273618
0.01039241
0.01794719
0.02372386
0.02828796
0.03271691
0.03691038
0.04126351
0.04489524
0.04800913
0.05137221
0.05526749
0.05903426
0.06226798
0.06490155
0.06691035
0.06900863
0.07128551
0.0734384
0.07456657
0.07498857
0.07517475
0.0750018
0.07421177
0.07251484
0.06889383
0.06323953
0.05572296
0.04700894
0.03715499
0.0258281
0.01372204
0.002165947
-0.007397461
-0.01541448
-0.02171562
-0.02630667
-0.03039471
-0.03353586
-0.03473569
-0.03488788
-0.03425336
-0.03239819
-0.02983118
-0.02623934
-0.02131391
-0.0156089
-0.008719121
-0.001173746
0.006777462
0.01449313
0.02110885
0.0265957
0.03049093
0.03324093
0.03573036
0.03692412
0.0353959
0.0323641
0.0288883
0.02470188
0.01836721
0.00920145
-0.0001571737
-0.0077209
-0.01337077
-0.0184986
-0.02413413
-0.0298005
-0.0351869
-0.03995917
-0.04393288
-0.04656598
-0.04779451
-0.04978159
-0.05261524
-0.05463955
-0.05583232
-0.05687627
-0.05876115
-0.06092259
-0.06252992
-0.06370761
-0.06461954
-0.06494933
-0.06520324
-0.06633819
-0.06782889
-0.06833383
-0.06789321
-0.06753452
-0.06814447
-0.06928689
-0.0691953
-0.06698843
-0.06446834
-0.06301772
-0.06121339
-0.05822846
-0.05433019
-0.05038846
-0.04685627
-0.04305552
-0.03910424
-0.03494018
-0.03105563
-0.02852848
-0.02612736
-0.02286542
-0.01956146
-0.01766622
-0.01615217
-0.01429859
-0.01283219
-0.0115697
-0.01001363
-0.007691048
-0.004649928
-0.001546649
0.001242098
0.003927013
0.00677534
0.009806364
0.01306461
0.01616319
0.01837556
0.02010793
0.02126073
0.02218789
0.02341733
0.02427522
0.02428965
0.02398294
0.0236257
0.02237762
0.02080611
0.01906806
0.0171014
0.01479342
0.01210527
0.008669958
0.005136797
0.001943787
-0.001688865
-0.005890969
-0.01000672
-0.01461255
-0.01951381
-0.02379597
-0.02691381
-0.02919267
-0.03140458
-0.03488753
-0.03875633
-0.04096808
-0.04133951
-0.04061689
-0.03971532
-0.03959057
-0.03933965
-0.03716904
-0.03351532
-0.02935135
-0.02463044
-0.01959182
-0.01385931
-0.007990096
-0.003329013
0.0009600904
0.005345031
0.009773359
0.01424076
0.01799263
0.02081369
0.02341131
0.02586467
0.02770882
0.02954944
0.03178827
0.03363392
0.03397607
0.0334414
0.03421131
0.03587849
0.03656546
0.03612533
0.03609226
0.03696866
0.03712156
0.03617529
0.03543683
0.0350105
0.03441454
0.03300392
0.03125505
0.02962022
0.02788406
0.02617696
0.0240702
0.02128742
0.01880551
0.01727803
0.01563502
0.01333524
0.01125458
0.01001843
0.009438303
0.008307174
0.007603317
0.007849448
0.007596683
0.006762869
0.006195627
0.005641195
0.005005146
0.00406985
0.002466913
9.139836e-05
-0.002357078
-0.004935015
-0.007612667
-0.0100606
-0.01291081
-0.01538591
-0.01655531
-0.01652976
-0.01673564
-0.0184841
-0.02011128
-0.01993281
-0.01841553
-0.01753387
-0.01817325
-0.01965188
-0.0204202
-0.02042192
-0.02069383
-0.0211152
-0.02161645
-0.02239925
-0.02285681
-0.02274189
-0.02248053
-0.02207586
-0.02096857
-0.01930377
-0.01735593
-0.01481872
-0.0118299
-0.009521515
-0.007419735
-0.004528655
-0.002125727
-0.0003184337
0.001143249
0.003011106
0.004958154
0.006473452
0.007775836
0.009192297
0.0112074
0.01263995
0.01315644
0.01400936
0.01566781
0.01751636
0.01853048
0.01846322
0.01869627
0.02011051
0.02157436
0.02244185
0.02334554
0.02421724
0.02504568
0.02632637
0.02800337
0.02950829
0.0301382
0.02991129
0.02950196
0.02890321
0.02824089
0.02735206
0.02629947
0.02600588
0.0252317
0.02327187
0.02136432
0.02052725
0.01960612
0.01815094
0.01617603
0.01498139
0.01467705
0.01312108
0.01025619
0.008491487
0.007940387
0.006838232
0.004586752
0.002635999
0.0007256529
-0.001745605
-0.003638048
-0.004504855
-0.006374771
-0.009470365
-0.01221097
-0.01384592
-0.0147362
-0.01595418
-0.01686026
-0.01689239
-0.01589323
-0.01417563
-0.0130013
-0.01185804
-0.009837611
-0.00763065
-0.005969418
-0.004724068
-0.003425647
-0.001928706
-0.0008403398
-0.0006990134
-0.0006220227
-0.00130001
-0.003390195
-0.005036944
-0.005941777
-0.007397393
-0.009779636
-0.01195766
-0.0134214
-0.01459658
-0.01586914
-0.01674319
-0.01672682
-0.01588825
-0.015098
-0.01493706
-0.01415476
-0.01253103
-0.01058204
-0.008591298
-0.006774824
-0.004668343
-0.002571607
-0.001152087
-0.0007890753
-0.001044118
-0.001142752
-0.001053031
-0.001542587
-0.002259139
-0.002425232
-0.00216092
-0.00199962
-0.002089087
-0.001959998
-0.001160049
-0.0002461765
0.0007629587
0.002375252
0.004975668
0.007631733
0.008977161
0.01014171
0.01191122
0.01376953
0.01506816
0.01560475
0.01572489
0.01498411
0.0144473
0.01461753
0.01315994
0.01084535
0.00898435
0.006769583
0.004299404
0.002002448
0.0003521193
-0.0009002938
-0.001969125
-0.002855206
-0.004117669
-0.00536887
-0.006636945
-0.008586448
-0.01100846
-0.01285572
-0.01347312
-0.01367545
-0.0138788
-0.01404587
-0.01366438
-0.01277984
-0.01145258
-0.009335555
-0.007284556
-0.005927896
-0.004764124
-0.002894934
-0.001016619
0.0004592299
0.001671089
0.003155603
0.005081717
0.00610266
0.005235824
0.003223174
0.001394924
0.0001918908
-0.0008498388
-0.002208563
-0.003666203
-0.004358796
-0.004330973
-0.004604735
-0.004838546
-0.005013601
-0.004766087
-0.004223326
-0.004033631
-0.004426919
-0.005678193
-0.007202035
-0.008178262
-0.009519713
-0.01141266
-0.01315435
-0.01449686
-0.01601217
-0.01828367
-0.02049873
-0.02218197
-0.02406993
-0.02611247
-0.02820451
-0.03042374
-0.03221801
-0.03314981
-0.03317227
-0.03256961
-0.03174544
-0.03112526
-0.03022581
-0.02876204
-0.02671936
-0.0240134
-0.02129857
-0.01854017
-0.01451936
-0.01013518
-0.00688196
-0.004107954
-0.001660599
5.687682e-05
0.001803448
0.003158385
0.003921771
0.004996923
0.006623061
0.007888373
0.008935577
0.009709525
0.009962393
0.01012629
0.00982301
0.009610299
0.009582517
0.009259444
0.008976819
0.008949656
0.009113652
0.009755802
0.010841
0.01261648
0.01463474
0.01630833
0.01814467
0.02042828
0.02336616
0.02553913
0.02684227
0.0275207
0.02753583
0.02713294
0.02614079
0.02462718
0.02302933
0.02140827
0.0190601
0.01567864
0.01165884
0.007936983
0.004473695
0.001207505
-0.001638887
-0.003532744
-0.004756609
-0.005694705
-0.006144669
-0.006194199
-0.006169477
-0.005902903
-0.00518112
-0.004342046
-0.003239742
-0.002160895
-0.001445678
-0.0008723023
-0.0001761667
0.001070792
0.002178299
0.001862262
0.0006007072
5.623238e-05
-9.345809e-06
-0.0009166712
-0.002661551
-0.004020267
-0.004582185
-0.004894556
-0.005592363
-0.006553729
-0.007528136
-0.008674437
-0.009553218
-0.01027039
-0.01150884
-0.01309328
-0.01409612
-0.0146026
-0.01509304
-0.01591917
-0.01676708
-0.0177121
-0.01924364
-0.02158145
-0.02377007
-0.02510383
-0.02631834
-0.02831084
-0.02971737
-0.02990261
-0.03015079
-0.03065907
-0.03063743
-0.02973097
-0.02871131
-0.02766912
-0.02584891
-0.02246106
-0.01838216
-0.01445512
-0.01110004
-0.008277326
-0.005172926
-0.001386482
0.001482164
0.002293611
0.002623585
0.002939431
0.002150372
0.0005524822
-0.001561691
-0.003517663
-0.005347305
-0.00785586
-0.01099387
-0.01359497
-0.0150108
-0.01646738
-0.01874551
-0.02045807
-0.02100029
-0.02126667
-0.02211659
-0.02374826
-0.0249019
-0.02482581
-0.02438327
-0.02480831
-0.02522315
-0.02425866
-0.02294818
-0.02262743
-0.0223928
-0.02067105
-0.01831555
-0.01627898
-0.01470676
-0.01327705
-0.01121341
-0.008983006
-0.007378008
-0.006167184
-0.004841109
-0.003306258
-0.001563791
0.0007118189
0.003050056
0.004935382
0.006634768
0.007949868
0.009659063
0.01194646
0.01395908
0.01354872
0.01159527
0.01265846
0.01662908
0.01996268
0.02014645
0.01753553
0.01395004
0.0119359
0.01191472
0.01260426
0.01274426
0.01188856
0.01018829
0.008759404
0.008171889
0.007908382
0.007824991
0.007754129
0.006699176
0.00420835
-0.0003015935
-0.003714351
0.0008358183
0.01086004
0.01415494
0.005235998
-0.007027694
-0.01265881
-0.01191732
-0.01122682
-0.011934
-0.0113382
-0.007336781
-0.001859531
0.001073901
0.001326981
0.001653053
0.003414343
0.005401691
0.007114699
0.008316808
0.009625839
0.01103397
0.01267779
0.01381339
0.01381881
0.01339251
0.01333926
0.01326332
0.01184655
0.009879428
0.007914943
0.006494476
0.006251502
0.00641539
0.005473684
0.003949967
0.004393256
0.007044502
0.008793055
0.008779464
0.009295627
0.01070633
0.01242043
0.01365274
0.01381142
0.01374834
0.01439696
0.01476295
0.01401389
0.01247134
0.009958131
0.006861793
0.003949362
0.001678944
0.0002172283
-0.0009575981
-0.002418188
-0.004119213
-0.005388312
-0.005600317
-0.005195221
-0.00447552
-0.002783183
-0.0003576993
0.002012603
0.004526862
0.007328401
0.009812304
0.01184094
0.0138441
0.01564378
0.01757984
0.01932794
0.01975573
0.01927654
0.01902476
0.01922335
0.01889454
0.01744582
0.01554512
0.01400973
0.01287605
0.01166957
0.01025058
0.009270392
0.008688964
0.008102853
0.007397997
0.007302404
0.007984019
0.008532271
0.009046398
0.009668452
0.01045132
0.01082964
0.009912442
0.008241336
0.007155763
0.00613988
0.004936522
0.00327894
0.001887906
0.0009823688
-0.0001575198
-0.001735712
-0.00345056
-0.005347537
-0.007142438
-0.0072307
-0.006214966
-0.005810601
-0.0058115
-0.004720624
-0.00326968
-0.002095403
-0.0009312014
0.0004499687
0.001977129
0.003460791
0.00462862
0.005445148
0.006853717
0.008588846
0.0103156
0.01133546
0.01182971
0.0123208
0.01313157
0.01365954
0.01363764
0.01378716
0.0146059
0.01560103
0.01640082
0.01656082
0.01625637
0.01607374
0.01654291
0.017541
0.01763199
0.01698193
0.01708408
0.01766915
0.01791705
0.01774148
0.01751488
0.01704393
0.01670583
0.01677497
0.01647647
0.01563477
0.01514298
0.01527868
0.01456008
0.01324105
0.01269281
0.01207086
0.01014816
0.00788131
0.00584868
0.003903757
0.00223245
0.0008021164
-0.0006043053
-0.00201694
-0.002975455
-0.0036318
-0.004166691
-0.004349922
-0.004171392
-0.003462522
-0.002694648
-0.00259188
-0.002833392
-0.002366798
-0.001298426
-0.0003958708
-0.0004038329
-0.0006015265
0.000248713
0.001045218
0.001422662
0.002286483
0.003300509
0.004324343
0.005630775
0.007176933
0.008716505
0.009956433
0.01057029
0.01112876
0.01170915
0.01191522
0.01182274
0.01175817
0.01183224
0.01192946
0.01194737
0.01191709
0.0117662
0.01101355
0.01021865
0.009638751
0.007857263
0.005081435
0.003296077
0.002080852
0.000547727
-0.001170195
-0.002747596
-0.003897422
-0.004212766
-0.003979712
-0.003860192
-0.00404206
-0.004027665
-0.003279936
-0.002343787
-0.001545714
-0.001205832
-0.001035543
-0.0003946653
0.0005569905
0.001427997
0.001670993
0.001423242
0.001249898
0.001383654
0.00194208
0.002501728
0.002463918
0.002980019
0.004240568
0.005281063
0.006249318
0.00792788
0.01001135
0.01122193
0.01196261
0.01320845
0.01494654
0.01628874
0.01692955
0.01737871
0.01800957
0.01890016
0.019252
0.01809122
0.01612053
0.01545528
0.01566861
0.01496147
0.01357763
0.01248255
0.01186112
0.01181146
0.01154641
0.01069241
0.009675291
0.008894354
0.008356421
0.007740137
0.006969229
0.006129484
0.005364519
0.004156374
0.002505206
0.0009283173
5.047566e-05
-0.0003611217
-0.00100468
-0.002476913
-0.004240506
-0.004951177
-0.005621817
-0.006871548
-0.008078663
-0.008797169
-0.009260796
-0.009313225
-0.00925379
-0.009145095
-0.00865339
-0.007731911
-0.006423204
-0.005466566
-0.004862245
-0.003990221
-0.003524087
-0.00295644
-0.001837655
-0.001252756
-0.001476172
-0.00180846
-0.001773319
-0.001531333
-0.001504563
-0.002320779
-0.003949631
-0.005093389
-0.005761049
-0.006848667
-0.008491436
-0.01005385
-0.0106257
-0.01030469
-0.009999988
-0.01047346
-0.01231065
-0.01393625
-0.01408674
-0.01415437
-0.01532532
-0.01666001
-0.01770111
-0.01875651
-0.01937308
-0.01945745
-0.02012963
-0.02167409
-0.02254051
-0.02145597
-0.01941077
-0.01822935
-0.01740106
-0.01640846
-0.01518249
-0.0136993
-0.01211549
-0.01085561
-0.01007365
-0.008803836
-0.007715792
-0.007123675
-0.005840466
-0.004650736
-0.004554049
-0.005009719
-0.004670346
-0.002793072
-0.001291049
-0.001431369
-0.002211751
-0.001911158
0.0001599002
0.00179092
0.001110103
-0.001426002
-0.002898002
-0.002278605
-0.001479948
-0.002705061
-0.005558777
-0.007131519
-0.006799901
-0.006639857
-0.00759152
-0.009318345
-0.01068972
-0.01117175
-0.01111407
-0.01051779
-0.01010882
-0.01025857
-0.01052084
-0.01014799
-0.008713777
-0.006806853
-0.004867486
-0.002838384
-0.0008063793
0.001001924
0.002336353
0.004029145
0.006005024
0.008062544
0.009899731
0.01082189
0.01122038
0.01176984
0.01273063
0.01332846
0.01324598
0.01297811
0.01296057
0.01313609
0.0132518
0.01322105
0.01311475
0.01309563
0.01360853
0.01401042
0.01346527
0.01329496
0.01369197
0.01345759
0.01288472
0.01222203
0.01097512
0.008808238
0.006310178
0.004559912
0.003088894
0.00152852
-4.225057e-05
-0.001565348
-0.002121001
-0.002338064
-0.003468876
-0.004433108
-0.003934675
-0.002649205
-0.001709151
-0.001304005
-0.0004542138
0.0006417162
0.0009899348
0.001070747
0.001113915
0.0007944719
0.001076004
0.001950963
0.00235108
0.001960184
0.0009893625
0.000181838
9.938805e-05
-0.0001273372
-0.0008389894
-0.001257426
-0.001242178
-0.001481803
-0.001091703
0.0001669206
0.0009781525
0.001849953
0.002997607
0.003413945
0.003072769
0.002767839
0.002709184
0.001761741
-7.159512e-05
-0.002080119
-0.003237805
-0.003801484
-0.004888724
-0.006477596
-0.007382439
-0.007038624
-0.005874756
-0.004855449
-0.003656695
-0.002388424
-0.0008415487
0.0005973648
0.002256883
0.004048925
0.004942378
0.005301685
0.005661325
0.005884496
0.005947285
0.005717475
0.004664303
0.003204504
0.002380645
0.001945468
0.001456983
0.0005739806
-0.0005619069
-0.002182606
-0.003676126
-0.005366877
-0.007217098
-0.00904277
-0.01142234
-0.01445901
-0.01758539
-0.02020882
-0.02188399
-0.02339638
-0.02544062
-0.02733013
-0.02887224
-0.02980891
-0.03075176
-0.03185669
-0.03233849
-0.03213508
-0.03191435
-0.03197085
-0.03145261
-0.02947167
-0.02714227
-0.02527785
-0.0238248
-0.02259675
-0.02040883
-0.01784845
-0.01623825
-0.01514391
-0.01373562
-0.01206218
-0.01141255
-0.01124868
-0.0101636
-0.008727637
-0.008254432
-0.007715834
-0.006297435
-0.005418182
-0.005079986
-0.004084485
-0.002815369
-0.002413303
-0.002742594
-0.002570147
-0.002060197
-0.002343463
-0.003379864
-0.004312425
-0.004364383
-0.004032901
-0.004492975
-0.005521091
-0.005942516
-0.00560869
-0.005235736
-0.005266431
-0.00531288
-0.004151341
-0.002417845
-0.001915038
-0.002526284
-0.002990854
-0.002795782
-0.002241452
-0.001397344
-0.0007964533
-0.001036944
-0.001957994
-0.002039283
-0.001184534
-0.0004965031
1.364657e-05
0.0003439809
0.0003290786
0.0001895148
0.0003745424
0.001531733
0.003623472
0.005865564
0.00715407
0.008431335
0.01046569
0.01305316
0.01512543
0.01638217
0.01726268
0.01791204
0.01868804
0.01925525
0.01930657
0.01912012
0.0187042
0.01791051
0.01707193
0.01600942
0.01490258
0.01380467
0.0123363
0.01085379
0.009363061
0.007779016
0.005231606
0.002897798
0.001602035
0.0006817949
0.0003041067
-0.0001209755
-0.001443008
-0.002845484
-0.003595835
-0.004473115
-0.005484378
-0.00626428
-0.006949278
-0.007836748
-0.009237802
-0.01079251
-0.01156141
-0.01131994
-0.01092197
-0.01116642
-0.01262652
-0.01367201
-0.01252101
-0.01075415
-0.01042833
-0.01121875
-0.01172907
-0.01146296
-0.01083116
-0.01010395
-0.01023857
-0.01104175
-0.01141055
-0.01114058
-0.01081254
-0.0108078
-0.01080508
-0.01031377
-0.009835731
-0.008748879
-0.007718581
-0.0076414
-0.008082241
-0.008247334
-0.008018861
-0.007759549
-0.007687598
-0.007761002
-0.007833428
-0.007829233
-0.007802074
-0.008136925
-0.008976583
-0.009817566
-0.01046819
-0.01066139
-0.01054177
-0.0104711
-0.01054474
-0.01061852
-0.01064925
-0.01067553
-0.01068206
-0.01066707
-0.01065507
-0.01065847
-0.01066767
-0.01067053
-0.01066633
-0.01066449
-0.01088626
-0.01217657
-0.01380917
-0.01422089
-0.01346671
-0.01175742
-0.009676043
-0.008287943
-0.008031142
-0.008171805
-0.006939218
-0.005102139
-0.00426141
-0.003447672
-0.002515871
-0.002289025
-0.00244208
-0.002045591
-0.001561299
-0.000515829
0.0006039264
0.0008621119
0.0006477251
0.001399606
0.003022687
0.004119652
0.005064259
0.007017109
0.009039073
0.0100166
0.01148121
0.01421075
0.0167134
0.01817018
0.01916243
0.02006599
0.02046501
0.02036305
0.02023627
0.01994889
0.01886417
0.01750377
0.01657058
0.01558305
0.0146141
0.0138374
0.01267299
0.0110828
0.009929674
0.009408003
0.008877067
0.007532091
0.005688601
0.004502093
0.004110901
0.003696514
0.002894529
0.0018837
0.001136371
0.0009897006
0.0006363423
-0.0002688446
-0.001397682
-0.002150812
-0.00270215
-0.003252721
-0.004218381
-0.005590325
-0.006661095
-0.007935885
-0.009204514
-0.01037676
-0.01149392
-0.01196099
-0.01177963
-0.01157584
-0.01142548
-0.0105626
-0.00871952
-0.006464025
-0.004786853
-0.003234719
-0.001579706
-9.907189e-06
0.00145008
0.00324981
0.005216193
0.006321692
0.006383127
0.006546843
0.007367
0.00707619
0.006242108
0.006045916
0.005887019
0.004762624
0.003415734
0.003587614
0.004034785
0.004016867
0.004211425
0.004903395
0.00523066
0.00527662
0.006079472
0.006781166
0.007446945
0.008697904
0.01053979
0.01187376
0.01185325
0.01112019
0.01024442
0.01000277
0.01097601
0.01204757
0.01169972
0.00950648
0.007580115
0.00679698
0.006322717
0.005487537
0.003732653
0.002437843
0.002519767
0.00336169
0.004330974
0.005015671
0.005554515
0.006101425
0.006840038
0.007609297
0.008358341
0.008662776
0.00854348
0.008796377
0.009205247
0.008832917
0.0082959
0.008219373
0.007908786
0.006626343
0.005758065
0.005965085
0.006405136
0.00638373
0.005700794
0.005650796
0.006001854
0.006285165
0.006639097
0.00677912
0.006752601
0.007304599
0.008276716
0.00936148
0.01063589
0.01204821
0.01348516
0.01487791
0.01639874
0.0183883
0.0197018
0.0198
0.02025768
0.02166225
0.02238633
0.02165546
0.02106209
0.02080848
0.02041546
0.01960249
0.01894273
0.01783895
0.01554291
0.01410172
0.01407104
0.01395604
0.01343052
0.01306301
0.0130603
0.01317841
0.01316453
0.01255166
0.01111823
0.009932198
0.009916875
0.01040631
0.009564075
0.007435227
0.005898925
0.005066257
0.004375666
0.003005668
0.001238742
-0.0004338635
-0.001756081
-0.003155495
-0.005089688
-0.006926667
-0.008416535
-0.01030716
-0.01265706
-0.01460777
-0.01574889
-0.01601946
-0.01568566
-0.01475116
-0.01319801
-0.0111388
-0.009472166
-0.007361135
-0.004648748
-0.00188331
9.786489e-05
0.001292539
0.002501693
0.004348703
0.006399958
0.006906004
0.00640627
0.005962816
0.006313141
0.00641971
0.005978292
0.005314742
0.004854432
0.00497048
0.004834335
0.004799341
0.005820758
0.00729641
0.008459438
0.009619074
0.01065095
0.01189532
0.01296553
0.01313172
0.01275328
0.01257305
0.01225338
0.01104334
0.009287979
0.007676355
0.005828937
0.002889889
-0.0006992904
-0.003683234
-0.005050044
-0.005881389
-0.007141898
-0.008466973
-0.00927007
-0.00928689
-0.008935301
-0.008434722
-0.008569448
-0.009169393
-0.008795286
-0.007808963
-0.007603957
-0.008541371
-0.00890547
-0.00819659
-0.007586457
-0.007834222
-0.0087654
-0.009082564
-0.00891294
-0.008565802
-0.009130833
-0.01036879
-0.01041826
-0.009740668
-0.01006143
-0.01096472
-0.01129053
-0.01097678
-0.01031907
-0.009189672
-0.008428301
-0.009066646
-0.0100243
-0.01041276
-0.009989578
-0.008817971
-0.008285194
-0.00776622
-0.006391125
-0.005101625
-0.004897947
-0.004402713
-0.00277956
-0.0008015799
0.0007540508
0.001004304
0.001421089
0.002948575
0.003993328
0.004360021
0.005287467
0.00634284
0.006113175
0.005375072
0.004541532
0.003698649
0.003949452
0.004331058
0.003276387
0.001705349
0.0006496797
-0.0003301448
-0.001966601
-0.004343339
-0.00610069
-0.007476186
-0.008955142
-0.009903354
-0.0106978
-0.01209267
-0.01374889
-0.01450087
-0.0142008
-0.01379633
-0.01386895
-0.01370921
-0.01223801
-0.01042381
-0.008865582
-0.007790927
-0.006445185
-0.004968505
-0.003066852
-0.001067873
0.000687627
0.002449342
0.003839954
0.005299903
0.006882493
0.008514068
0.009224204
0.009290309
0.009768943
0.01035542
0.01016409
0.009192844
0.008627737
0.008515744
0.007688635
0.006363216
0.005851639
0.006220838
0.006575766
0.00646718
0.006175727
0.00612913
0.006734755
0.00729301
0.007725147
0.00833378
0.008636467
0.008956933
0.008614728
0.007722729
0.006781615
0.005605121
0.004226305
0.003226941
0.001913022
-0.0005713077
-0.002542366
-0.002742312
-0.003212716
-0.005305664
-0.007954826
-0.0100862
-0.0103889
-0.009957365
-0.01018053
-0.0107614
-0.01116129
-0.01161345
-0.01144662
-0.01075223
-0.01044801
-0.01067988
-0.01068677
-0.009578902
-0.007947419
-0.007343413
-0.007584486
-0.006968643
-0.00535546
-0.004163292
-0.003398697
-0.002052967
7.85246e-05
0.001513977
0.002224717
0.003060505
0.004010383
0.00449917
0.003958475
0.00369977
0.004948912
0.006299958
0.006269608
0.00598846
0.006132145
0.006385514
0.00642811
0.006336374
0.006312124
0.006808158
0.008179249
0.009403541
0.009500647
0.009462933
0.01018629
0.01125816
0.01157303
0.01025751
0.009109189
0.009274185
0.0094657
0.008728625
0.006912709
0.004802362
0.002699749
0.0006553419
-0.001340365
-0.002845451
-0.004240168
-0.006159441
-0.008152559
-0.01025994
-0.01237993
-0.01388423
-0.01456195
-0.01558674
-0.01721372
-0.01857601
-0.01915998
-0.01958512
-0.01990971
-0.01922598
-0.01766631
-0.01680365
-0.01697816
-0.01664172
-0.01487288
-0.01229591
-0.01074184
-0.01010708
-0.009070883
-0.007335253
-0.005735482
-0.005050257
-0.004431317
-0.003259843
-0.001985654
-0.0006878931
-0.0003358377
-0.0002565352
7.017187e-05
0.0003410398
0.0003771656
0.0003121287
0.0002987104
0.0003431204
0.0003773889
0.0003718939
0.0003320649
-6.075054e-05
-0.0009063973
-0.001012411
3.850594e-05
0.0008449739
0.0006694737
0.0001585486
3.336603e-05
0.0002115851
-0.0006096402
-0.002439303
-0.003322686
-0.003802073
-0.005022423
-0.006783521
-0.008415485
-0.008788255
-0.008764684
-0.009382875
-0.0100088
-0.009999363
-0.009096356
-0.007501009
-0.005856859
-0.004534807
-0.003249274
-0.001364078
0.0003643334
0.001316356
0.002090355
0.002327107
0.002343958
0.002926981
0.004043825
0.004665351
0.003828965
0.002690374
0.00259367
0.003157693
0.00344895
0.003451414
0.003940298
0.004606674
0.004748628
0.004648833
0.005374208
0.006758811
0.007159466
0.007302083
0.008511964
0.01043436
0.0118996
0.01210674
0.01184576
0.0126713
0.01439628
0.01530525
0.01520386
0.01524302
0.01507201
0.01433575
0.01341486
0.01306412
0.01254368
0.01066606
0.008002702
0.005520052
0.003272758
0.000914639
-0.001223921
-0.003797523
-0.006447105
-0.009056285
-0.01119621
-0.01277039
-0.01503817
-0.017283
-0.01777421
-0.01704291
-0.01665568
-0.0170023
-0.01694581
-0.01563445
-0.01415872
-0.01296695
-0.01163053
-0.01003357
-0.008017431
-0.00613919
-0.004711988
-0.003563878
-0.002889372
-0.002845639
-0.002996149
-0.002945646
-0.002748412
-0.002731518
-0.003499232
-0.005035059
-0.006202841
-0.006929494
-0.008036176
-0.009315368
-0.00946469
-0.009435976
-0.01039191
-0.01100049
-0.01114408
-0.01135176
-0.01151226
-0.01152051
-0.01147913
-0.01131355
-0.01082628
-0.01072218
-0.01054845
-0.009936422
-0.008947348
-0.008391349
-0.008557101
-0.008870302
-0.008861389
-0.008382416
-0.007169328
-0.005532312
-0.003792408
-0.00164986
0.0004234559
0.001878733
0.002659493
0.003157463
0.003944149
0.004883363
0.005426861
0.00524006
0.005032793
0.004990084
0.005148502
0.004477616
0.003122065
0.002084844
0.001555592
0.001512046
0.001194873
0.0003405663
-0.000159899
-2.407891e-05
0.0006674261
0.0010749
0.0008524676
0.0005274669
9.064048e-06
-0.0002252865
3.545565e-05
0.0007688671
0.0009417378
0.0001758559
-0.0004085577
-0.0002724637
0.0001995902
0.0009315909
0.001683958
0.002336063
0.003003309
0.004335069
0.005940844
0.0070351
0.00802469
0.008702457
0.008894101
0.009402386
0.009962682
0.009804467
0.01037629
0.01163014
0.01211707
0.01172541
0.0113431
0.0112685
0.01098154
0.01090966
0.01090617
0.01131277
0.01181586
0.01212399
0.0127291
0.01349507
0.01429608
0.01468775
0.01482517
0.01572049
0.01745701
0.01924815
0.02041571
0.0209248
0.02175782
0.02301604
0.02398723
0.02428626
0.02398247
0.02387609
0.0236513
0.02299606
0.02170176
0.02043094
0.01941672
0.01804217
0.01622231
0.01356468
0.0104434
0.007965234
0.006634098
0.005214115
0.00293153
0.0007135134
-0.00123182
-0.002757814
-0.003548804
-0.004481983
-0.005570399
-0.005974715
-0.005842201
-0.006331498
-0.007820186
-0.009032075
-0.009043686
-0.008678319
-0.0097237
-0.01151756
-0.01168397
-0.01100347
-0.01167885
-0.01312929
-0.01365209
-0.01319656
-0.01277128
-0.01286651
-0.01301484
-0.01237502
-0.01152007
-0.01136609
-0.01175486
-0.01199406
-0.01183323
-0.01161418
-0.01135215
-0.01062127
-0.009803067
-0.009321237
-0.009600148
-0.00955849
-0.009481141
-0.01052028
-0.01109514
-0.01080037
-0.01104388
-0.01171919
-0.01202294
-0.01187266
-0.01173253
-0.01220168
-0.0132373
-0.01380179
-0.01388866
-0.01361533
-0.01278319
-0.01275537
-0.01342156
-0.01332434
-0.01178065
-0.01064573
-0.01041538
-0.009695283
-0.008551472
-0.00758525
-0.006948743
-0.00633286
-0.005588392
-0.004262817
-0.00211573
-0.0001937558
0.0001642534
0.0002552888
0.002092855
0.005014572
0.007093515
0.008053766
0.008952474
0.01036539
0.01156819
0.0123791
0.01338017
0.01360595
0.01237999
0.01166054
0.01177986
0.01155995
0.009970451
0.008202795
0.007133378
0.006301812
0.00549054
0.004055528
0.002770396
0.002624
0.003097256
0.003273345
0.003012294
0.002739866
0.002737454
0.003385259
0.005136871
0.006395922
0.006189041
0.005489885
0.005362881
0.005763826
0.006339556
0.00675455
0.006308466
0.005647119
0.005536438
0.005449623
0.004405991
0.003315109
0.003368075
0.00387138
0.004092061
0.003430538
0.00268496
0.002150393
0.001077162
-0.0005493152
-0.002163569
-0.003089223
-0.003960872
-0.005383337
-0.006553141
-0.0067206
-0.00636834
-0.007175372
-0.008225871
-0.008393525
-0.008343533
-0.007789843
-0.006570658
-0.006094932
-0.006337187
-0.006209871
-0.005738819
-0.005059491
-0.004947003
-0.005628805
-0.006132619
-0.005989603
-0.0056215
-0.005526363
-0.005692056
-0.005684596
-0.004962658
-0.004164216
-0.003880466
-0.00361784
-0.003622184
-0.003398878
-0.002838753
-0.002558819
-0.002441629
-0.002037817
-0.002216579
-0.002818974
-0.003027808
-0.002784276
-0.002322229
-0.001324092
-3.425532e-05
0.0004854894
0.0003760261
0.0008246605
0.001910004
0.003437752
0.005024946
0.00608614
0.006926873
0.008684383
0.01081501
0.01206923
0.01201428
0.01153164
0.01149819
0.01192376
0.01270192
0.01302904
0.01182746
0.01024698
0.009918453
0.01011194
0.009693839
0.009088799
0.007980826
0.006363683
0.005253846
0.004329981
0.00347988
0.003266855
0.003421175
0.002810878
0.001214182
4.234041e-05
0.0001462925
0.0007411519
0.0009815836
0.001394619
0.002578483
0.003584394
0.003755215
0.004517306
0.006312006
0.008434859
0.009536469
0.009258603
0.008841913
0.009757533
0.0113658
0.01107182
0.009918982
0.00989842
0.01075296
0.01150964
0.01052853
0.008648312
0.007318029
0.006535933
0.006243804
0.005934006
0.004411271
0.002877523
0.002717356
0.003347307
0.00362478
0.003338992
0.002997081
0.002723014
0.002104643
0.001841432
0.002661975
0.003516594
0.003497772
0.003027809
0.002835043
0.003028709
0.003563437
0.004760891
0.006052485
0.006793077
0.007284708
0.007846128
0.008667536
0.009151423
0.009099516
0.008950705
0.008974826
0.008752827
0.00831681
0.008253603
0.007649154
0.006460514
0.005889502
0.006139841
0.005741916
0.003515985
0.0008899462
-0.0001475651
0.0004236745
0.0005869349
-0.0009284934
-0.002721656
-0.003099993
-0.002923424
-0.003401461
-0.004442533
-0.005432242
-0.005615579
-0.005261983
-0.005127684
-0.006275126
-0.008244773
-0.008970205
-0.008335648
-0.007824994
-0.00869436
-0.01061714
-0.01183545
-0.01158545
-0.01089361
-0.01087038
-0.01176426
-0.01224412
-0.0117068
-0.0115551
-0.01185329
-0.01231359
-0.01320301
-0.01295573
-0.01141038
-0.01043103
-0.009998779
-0.009001816
-0.007462618
-0.006463599
-0.005966943
-0.005679228
-0.005600137
-0.005604264
-0.005560185
-0.005480261
-0.005128825
-0.003676929
-0.002256553
-0.002215845
-0.002920492
-0.003031167
-0.001784282
7.266844e-05
0.0008481061
0.0003297497
-0.0001012349
0.0008843561
0.00276842
0.003721644
0.003068674
0.001392505
0.0001464538
0.0005088901
0.0009521324
0.0005859101
5.843769e-05
-6.019261e-05
0.0001132501
0.0002309741
0.0001680811
3.967383e-05
3.071846e-05
0.0001271821
0.0006652354
0.00201162
0.002642364
0.002683496
0.002756825
0.002891339
0.002982807
0.003019512
0.003272949
0.003846016
0.003910737
0.003753386
0.003558069
0.003631512
0.003379965
0.002987361
0.002572748
0.001870646
0.001068692
0.0002772269
-0.0003823679
-0.001421296
-0.002962238
-0.004216858
-0.00476993
-0.005229206
-0.006275838
-0.008058252
-0.009028173
-0.008687589
-0.008102296
-0.008474188
-0.009737803
-0.01049129
-0.01057346
-0.01056642
-0.01052812
-0.01097453
-0.01149474
-0.01156943
-0.01135633
-0.01124199
-0.01128988
-0.01088873
-0.009972284
-0.009089024
-0.008455838
-0.008320524
-0.007974698
-0.006632184
-0.004814193
-0.003709564
-0.003333415
-0.002445576
-0.0007460701
0.001074592
0.00249748
0.003180038
0.003147247
0.003898122
0.005728706
0.006682439
0.00624251
0.005087791
0.004175342
0.003554249
0.001999031
8.633387e-05
-0.001536848
-0.002781916
-0.004097943
-0.005557578
-0.007148719
-0.008472758
-0.008607828
-0.007658121
-0.007291596
-0.00815093
-0.008871544
-0.008133321
-0.006282723
-0.005021396
-0.004568778
-0.003826508
-0.00291871
-0.002642409
-0.002896408
-0.003059895
-0.002918494
-0.002683985
-0.002599277
-0.00270341
-0.002794743
-0.002757914
-0.002684058
-0.002516415
-0.001987131
-0.002012779
-0.002504296
-0.001939453
-0.0002335879
0.0008490488
0.0005723274
-6.815449e-05
-0.0001462474
0.0002242072
0.0004863622
0.0004341085
0.0001206696
-0.0008156739
-0.002274181
-0.003059334
-0.002742552
-0.002221776
-0.00222817
-0.002420122
-0.002028335
-0.001797421
-0.00158949
-0.000928804
0.0003538492
0.001487655
0.001110057
0.0003187436
0.0006471408
0.0009682729
0.0006789679
0.000305203
-0.0002267634
-0.001446608
-0.002023621
-0.002071471
-0.002165226
-0.002553274
-0.003217421
-0.00304596
-0.002325529
-0.002061476
-0.002336009
-0.002587669
-0.002055736
-0.0002654598
0.001054916
0.0008570334
0.0001279669
-2.299602e-05
0.0003897173
0.001075381
0.001528717
0.0009913202
0.0006030082
0.001032242
0.001418759
0.001842742
0.00248235
0.003318432
0.004034912
0.004641739
0.00454674
0.004360028
0.00588722
0.008028444
0.00897404
0.009036015
0.008936488
0.009024693
0.009293309
0.00981254
0.01026339
0.01016874
0.01036372
0.01118028
0.01168211
0.01061747
0.009060189
0.008721416
0.009345486
0.009278391
0.008180462
0.006966789
0.006265051
0.006341733
0.006645061
0.006634893
0.005875926
0.004332468
0.003120117
0.002615536
0.00180387
0.001224605
0.00172042
0.00183102
0.0008558592
9.357154e-05
0.0001851947
0.0001377829
-0.0005996101
-0.001164051
-0.001587279
-0.002217624
-0.00253308
-0.002409607
-0.002243264
-0.002284515
-0.002427864
-0.002491783
-0.002361866
-0.001617907
-0.0001996883
0.0007950619
0.0006828993
0.0001354425
-1.631191e-05
0.0002687963
0.0005382726
0.0005734876
0.0005809084
0.001055784
0.001326464
0.001260638
0.0009625548
0.0004459285
0.0002681273
0.0004255344
0.0005414034
0.0004783549
0.0003643163
0.0003390788
0.0004153494
0.0004505343
0.0004127995
0.0004176821
0.0004725278
0.0006621667
0.001406861
0.002142423
0.002193919
0.001861885
0.001724906
0.00187996
0.002055607
0.001910772
0.001229379
0.001182063
0.002063885
0.003252854
0.003655397
0.002632599
0.001659745
0.002389147
0.00375513
0.004100589
0.003555514
0.003622285
0.005373327
0.006966329
0.006910918
0.006098305
0.006090014
0.00754889
0.009350272
0.009882391
0.009528007
0.009851793
0.01061607
0.01116374
0.0118073
0.01226502
0.01223734
0.01202267
0.01220469
0.01338919
0.01473023
0.01472741
0.01444367
0.01469187
0.01501819
0.01476804
0.01376963
0.01274216
0.0120419
0.01193081
0.01213598
0.01181829
0.01039151
0.008472764
0.006904855
0.006054042
0.0056755
0.004766727
0.003752537
0.003599691
0.003489595
0.002427733
0.0005125385
-0.0004381469
-3.25847e-05
0.0005111483
-0.000280355
-0.002345637
-0.003048232
-0.002184149
-0.00146005
-0.001116186
-0.00073657
-0.0001159686
0.000169984
7.031346e-05
0.0004392861
0.001406766
0.001931983
0.002150564
0.002191627
0.002113271
0.001648699
0.0003483318
-0.0003708647
-0.0001158667
-0.0006315298
-0.002426679
-0.003937196
-0.00496061
-0.006137377
-0.007749721
-0.009427343
-0.01039436
-0.01095472
-0.01207904
-0.0138192
-0.01544934
-0.01621811
-0.01671094
-0.01785464
-0.0189614
-0.01923296
-0.01945476
-0.02007154
-0.02049789
-0.02038908
-0.01950222
-0.01805576
-0.01699032
-0.01591948
-0.01474879
-0.01419757
-0.0132745
-0.01186883
-0.0112976
-0.01149392
-0.01113647
-0.01015915
-0.009054138
-0.008497043
-0.008625555
-0.009040768
-0.009776157
-0.01032703
-0.01040661
-0.01080515
-0.0114455
-0.01167365
-0.01150391
-0.01136044
-0.01142472
-0.01155558
-0.01159506
-0.01154711
-0.01150139
-0.01130399
-0.01026836
-0.008780265
-0.008179104
-0.008548343
-0.008475809
-0.006741586
-0.005124995
-0.005107039
-0.005620431
-0.005068547
-0.00432256
-0.004612509
-0.004743965
-0.004025478
-0.00284016
-0.002513882
-0.003360602
-0.003935929
-0.004100824
-0.004080958
-0.003992338
-0.003604624
-0.002803317
-0.002386775
-0.002958141
-0.004114572
-0.004620238
-0.004630092
-0.005080008
-0.005616496
-0.005699565
-0.005162669
-0.004576294
-0.004600854
-0.004882157
-0.00502382
-0.004425002
-0.003391466
-0.002525767
-0.001934398
-0.0008843963
0.0002334268
0.000521497
0.0006767872
0.001840813
0.003260444
0.003657462
0.004183039
0.00563931
0.006535415
0.007252661
0.008540896
0.00928857
0.009627316
0.01025685
0.0111472
0.01132247
0.01057722
0.0101712
0.01101001
0.01221882
0.01248465
0.01198572
0.01163794
0.01177512
0.01196128
0.01131806
0.009789909
0.008620391
0.00820945
0.008450251
0.008324012
0.0068498
0.005074995
0.004913695
0.005254648
0.004334286
0.002921653
0.002091233
0.002711592
0.004249402
0.004450969
0.003447675
0.003595128
0.005386737
0.006729256
0.006517665
0.005768514
0.00559999
0.005979219
0.006290714
0.006235237
0.005760231
0.004861067
0.004313907
0.0042347
0.003783891
0.003207327
0.003067176
0.003000413
0.002522475
0.002627741
0.003225441
0.003227054
0.001904528
-0.0001601879
-0.001138688
-0.000167641
0.0009654137
0.0005189295
-0.001425527
-0.002772192
-0.002353377
-0.001164185
0.0002448292
0.0003960254
-0.000964866
-0.00234194
-0.001988415
-0.0003864211
0.0003607646
0.0003486546
0.0001227884
5.387774e-05
0.000182091
0.0002659723
-0.0002717495
-0.001279582
-0.00213453
-0.002675706
-0.002803826
-0.003336018
-0.004733901
-0.005906289
-0.005967638
-0.00547599
-0.005301857
-0.005465564
-0.005229354
-0.005103228
-0.005801693
-0.007220053
-0.007197823
-0.005024086
-0.00358404
-0.004520976
-0.00552557
-0.005084131
-0.004216693
-0.004001344
-0.004169101
-0.003825901
-0.003771109
-0.004306062
-0.004644838
-0.004503778
-0.004267798
-0.004477628
-0.005151215
-0.00505169
-0.004114545
-0.003008507
-0.00260119
-0.002933794
-0.003235489
-0.00312041
-0.002851522
-0.002753198
-0.002836239
-0.002927277
-0.002910446
-0.002478475
-0.001581509
-0.0010761
-0.0009136953
-0.0004140934
7.884721e-05
0.0006145487
0.001838254
0.003041825
0.00324621
0.003324021
0.004525418
0.006011134
0.006359324
0.005836362
0.005499119
0.005724699
0.006499077
0.006972807
0.006808101
0.007051213
0.008128739
0.009708637
0.01060385
0.01026562
0.009223175
0.008921543
0.009255488
0.009067072
0.008014846
0.006451074
0.005281806
0.004077092
0.003010987
0.00252514
0.001400899
-0.0002646721
-0.002115637
-0.003194666
-0.00303146
-0.002533602
-0.002530025
-0.00290402
-0.003147689
-0.003083269
-0.002669797
-0.001775112
-0.0009218409
2.033202e-05
0.0008724296
0.0008754216
0.001260002
0.00250326
0.003276128
0.002752277
0.001871393
0.002184177
0.003094654
0.003750581
0.003858221
0.00362132
0.003470874
0.003059049
0.002796209
0.002865175
0.002500714
0.001089219
-0.0007076959
-0.00125761
-0.0006650588
-0.0006239437
-0.001264725
-0.002266846
-0.00303745
-0.003050738
-0.002693046
-0.00256534
-0.002743396
-0.002938417
-0.002997535
-0.002960201
-0.002914541
-0.002911251
-0.00293645
-0.002953906
-0.002950955
-0.002940386
-0.002936284
-0.003132096
-0.003955315
-0.004672257
-0.004651502
-0.004530367
-0.005202791
-0.006009625
-0.006423734
-0.00698175
-0.007479511
-0.007876218
-0.008184
-0.00781482
-0.007658491
-0.008116403
-0.008037163
-0.007166067
-0.006427308
-0.006518633
-0.006520826
-0.006261907
-0.006086653
-0.006103434
-0.006141616
-0.005665844
-0.004776916
-0.004422893
-0.00472888
-0.005163275
-0.005766504
-0.006370552
-0.006465275
-0.006032096
-0.004772359
-0.003794677
-0.003741414
-0.003783934
-0.003642471
-0.003323473
-0.002544106
-0.001698093
-0.0009610921
-0.0005741835
-0.0004865802
-5.657173e-05
0.0001207514
9.094607e-05
-0.0003233591
-0.0005720126
-4.8341e-05
-7.79631e-06
-0.000610687
-0.0009721727
-0.0008295602
-0.0006035267
-0.0006483822
-0.001310362
-0.002720123
-0.003431808
-0.003507737
-0.003470751
-0.003498926
-0.003269089
-0.002885789
-0.002892461
-0.002668869
-0.00194706
-0.001016312
-0.0005979345
0.0001457497
0.001678347
0.002914878
0.003488596
0.003904481
0.004603593
0.005501805
0.006770087
0.007830575
0.008402417
0.008889285
0.009642387
0.0105006
0.01073381
0.01035988
0.009573151
0.008877922
0.008730147
0.008510457
0.008358335
0.00819816
0.007820281
0.008045799
0.008323722
0.008620159
0.008991816
0.009216932
0.00994592
0.01131395
0.01214936
0.01226966
0.0131386
0.01405378
0.01474923
0.0156753
0.016
0.01532787
0.01526116
0.01597846
0.01594915
0.01418284
0.01261772
0.0123308
0.01227552
0.01167419
0.01055348
0.009594055
0.008941529
0.008416567
0.007712986
0.006941772
0.005824549
0.005076123
0.005092327
0.004446644
0.003166598
0.002128938
0.001552536
0.001552783
0.001730549
0.001263342
0.000242407
-0.0001831428
0.0006156403
0.001699159
0.001263861
-0.0005554101
-0.001387054
-0.0009653506
-0.0007910179
-0.001173112
-0.002093331
-0.002891192
-0.002479142
-0.002008947
-0.002927671
-0.00369173
-0.003035309
-0.001593354
-0.000832036
-0.001143922
-0.001464681
-0.0005688111
0.001204998
0.002145684
0.002120889
0.003035416
0.004500508
0.004803901
0.003596672
0.002680746
0.003358007
0.004151383
0.004553616
0.004641038
0.004512084
0.004414436
0.004462124
0.004322743
0.00378789
0.003951304
0.004634314
0.004898539
0.004648127
0.004397145
0.004426705
0.004589246
0.004662437
0.00461612
0.004554883
0.004548554
0.004577966
0.004577998
0.004187812
0.003304369
0.002802803
0.002986977
0.003283937
0.002904104
0.00182961
0.001208392
0.001398616
0.001345197
0.0009774677
0.000749993
-0.0001656507
-0.001363758
-0.001708436
-0.001336925
-0.001060889
-0.001197152
-0.001458516
-0.001538373
-0.001446257
-0.001446579
-0.001952164
-0.002180325
-0.001705304
-0.00171467
-0.002061618
-0.002276749
-0.002065786
-0.001437308
-0.00100411
-0.0006241667
-0.0006591755
-0.001264381
-0.001655359
-0.001417775
-0.0006347014
-0.0005454174
-0.001282106
-0.001754715
-0.001582804
-0.001253093
-0.001346454
-0.002373795
-0.003952952
-0.004732158
-0.004389175
-0.004035732
-0.004772467
-0.005829065
-0.00607902
-0.005931652
-0.006242221
-0.006404097
-0.006700547
-0.006900289
-0.006473797
-0.006510063
-0.007065659
-0.007125628
-0.005917888
-0.004475655
-0.004466465
-0.004824581
-0.004633065
-0.004216111
-0.004028753
-0.00376031
-0.00303247
-0.0021713
-0.00142342
-0.001180482
-0.0006310236
0.0005919843
0.000858676
0.0002040898
-0.0001923283
1.262555e-05
-3.034333e-06
-0.0003553656
-0.0001020486
0.0003683789
0.0004460973
0.0002569682
0.000604074
0.001518266
0.001962988
0.001726302
0.001420496
0.001473772
0.002158929
0.003141044
0.00393273
0.004495448
0.00457513
0.004383295
0.004294623
0.004423773
0.004604097
0.004647927
0.004576073
0.004420843
0.00388361
0.003594243
0.003499434
0.002710976
0.002246697
0.002727055
0.002724841
0.001886934
0.001336235
0.001642597
0.002536629
0.002729811
0.002603232
0.002815828
0.003080334
0.003121091
0.003035134
0.003162697
0.004128517
0.005690244
0.006678423
0.00712757
0.007297507
0.007296257
0.007310568
0.007425746
0.007579001
0.007642755
0.00759664
0.007282688
0.006204276
0.004807651
0.004286518
0.00418094
0.002882864
0.001169097
-0.0002028051
-0.001081534
-0.001610347
-0.002605276
-0.003887355
-0.0047625
-0.005691342
-0.007100915
-0.008375626
-0.008706578
-0.008718532
-0.009001807
-0.00880608
-0.008010576
-0.007061199
-0.006698828
-0.006006153
-0.004497922
-0.003707795
-0.004024625
-0.004485311
-0.004406106
-0.003622645
-0.003118358
-0.003744932
-0.004432698
-0.004441842
-0.00454073
-0.00476519
-0.004416076
-0.004012181
-0.004027327
-0.004256142
-0.004159526
-0.002835842
-0.001125845
-0.0007279467
-0.001382871
-0.001819319
-0.001591681
-0.001188012
-0.001081363
-0.00123454
-0.001368282
-0.001367003
-0.001341367
-0.001358768
-0.001384704
-0.001539567
-0.002239873
-0.002941057
-0.00315282
-0.003604748
-0.004276249
-0.00452262
-0.004348971
-0.00419826
-0.004267461
-0.004402834
-0.004196336
-0.003551906
-0.003180118
-0.002226094
-0.001224066
-0.0008856053
-0.0007710416
-0.0009204632
-0.0005823073
0.0003356042
0.001366312
0.001710671
0.001403747
0.001133496
0.001253091
0.001504723
0.001209895
0.0002773922
-0.0002809699
-9.78389e-05
0.0002481692
0.0002494876
-0.0003929116
-0.001378978
-0.001719066
-0.001418138
-0.001658875
-0.003152737
-0.004643395
-0.004835596
-0.004713247
-0.005773086
-0.007281691
-0.0077151
-0.007214596
-0.006842526
-0.007603457
-0.009443292
-0.01068974
-0.01048515
-0.009788328
-0.009610606
-0.009934962
-0.01022689
-0.01021606
-0.009965333
-0.009194334
-0.007822453
-0.006863776
-0.006962849
-0.007445085
-0.007532732
-0.00724097
-0.007006003
-0.007026769
-0.007158572
-0.007375852
-0.008244542
-0.009657702
-0.01040875
-0.01013573
-0.009697901
-0.009777542
-0.01040024
-0.01141231
-0.01170992
-0.01065964
-0.009633897
-0.009634658
-0.009918308
-0.00910342
-0.007457346
-0.006629947
-0.006766718
-0.006780462
-0.00629334
-0.00526921
-0.005133793
-0.006144506
-0.007375096
-0.007677184
-0.007201061
-0.006851482
-0.006990711
-0.007270633
-0.00698321
-0.005600041
-0.004087686
-0.003339726
-0.002584434
-0.001644473
-0.0007633114
0.0004313174
0.001539996
0.002699321
0.004096626
0.00463235
0.004291244
0.003978956
0.004120669
0.004394242
0.004479472
0.004374472
0.004155533
0.003540532
0.002724673
0.001937409
0.001297399
0.0006716454
1.648902e-06
-0.0007861386
-0.001475578
-0.001619293
-0.001456535
-0.001401237
-0.001491624
-0.001603405
-0.001606743
-0.001376824
-0.0007806436
-0.0005285586
0.0002513721
0.001373926
0.001663399
0.00126493
0.0009928598
0.001171794
0.001474805
0.001787102
0.002452289
0.002975257
0.002957665
0.002682758
0.002588241
0.002738105
0.002679125
0.00189012
0.001191486
0.001218657
0.001209275
0.0008343063
0.0006750902
0.0003207875
-7.18314e-05
-0.0004767193
-0.001136728
-0.00153459
-0.001418896
-0.0008082216
-0.0004378025
-0.001052904
-0.001713892
-0.001699097
-0.001335444
-0.001146408
-0.0007939909
-0.0005584117
-0.001125648
-0.001685635
-0.001631152
-0.001264208
-0.00109595
-0.001254652
-0.001463262
-0.001453631
-0.001306263
-0.001364969
-0.002187081
-0.003596015
-0.004054518
-0.003703371
-0.003662792
-0.003560528
-0.003591014
-0.003255423
-0.002042243
-0.00108815
-0.001357027
-0.002448564
-0.002567424
-0.001625927
-0.001020727
-0.001242007
-0.001710247
-0.001839859
-0.001642313
-0.001216165
-0.0004057735
0.0003402824
0.001015272
0.001350802
0.001244072
0.001041884
0.001049798
0.001208032
0.001303338
0.001268895
0.001173602
0.001095643
0.001088197
0.001106096
0.0007835575
0.0003170509
0.0006463805
0.001292741
0.001761854
0.001922245
0.002332058
0.003577551
0.004336626
0.004142578
0.003704294
0.003696108
0.004510506
0.005562044
0.00490133
0.003697358
0.004935635
0.007203534
0.007832253
0.006969104
0.006296572
0.006604093
0.007755246
0.008755424
0.008872994
0.008919334
0.00881618
0.008032993
0.008367848
0.009861987
0.01042182
0.00937427
0.008822111
0.009589353
0.01037926
0.01020543
0.009199101
0.008881201
0.009017785
0.008630515
0.007808139
0.007685848
0.007881086
0.00812003
0.007714179
0.006839451
0.006113831
0.006268215
0.006095036
0.004907802
0.003998092
0.004421256
0.006143059
0.007701936
0.007819376
0.007100193
0.006769477
0.007081428
0.007473736
0.007532098
0.007360997
0.007261938
0.007653883
0.008164781
0.007800168
0.007157594
0.007073981
0.007426695
0.007642299
0.00754637
0.007347389
0.006832807
0.006059894
0.005786785
0.00604055
0.006229907
0.005627534
0.004564498
0.00419973
0.004585136
0.004834288
0.004211779
0.003667475
0.003475497
0.002746332
0.002389587
0.002893636
0.002817376
0.001825119
0.0007672816
0.0008408363
0.001788219
0.002085671
0.001004797
-8.073467e-07
0.0003770343
0.0002319307
-0.0009033
-0.001553067
-0.001304918
-0.000908358
-0.0009106389
-0.001160574
-0.001293486
-0.0009838974
-0.0002837827
-0.0004157036
-0.001191359
-0.001539941
-0.001283647
-0.0009891823
-0.001242791
-0.002442543
-0.003919082
-0.00442226
-0.004014862
-0.003634288
-0.003707584
-0.00398843
-0.004119845
-0.004045791
-0.003918981
-0.003556736
-0.003129956
-0.003132592
-0.002559442
-0.001324795
-0.0007002734
-0.0009842203
-0.001349837
-0.0008356622
-0.0001654067
-0.000513367
-0.0002846989
0.0003992845
0.000134912
-0.0004729559
-0.0006301753
-0.0003681483
-0.0006329333
-0.0005903274
0.0001911108
0.0002179123
-0.0004591476
-0.0007263338
0.0001862228
0.001294847
0.001523318
0.001019988
0.000840731
0.001510957
0.002090938
0.002043598
0.001738676
0.001730509
0.002365655
0.002673186
0.002083809
0.001535567
0.001597383
0.001755772
0.000943065
-0.0007027835
-0.001640359
-0.00134728
-0.0007913153
-0.0007605784
-0.001067132
-0.001241861
-0.001174581
-0.0010478
-0.00101444
-0.001070081
-0.0008844815
0.0002099394
0.001706327
0.002258945
0.001832526
0.00192555
0.003720023
0.005355617
0.005348657
0.00479644
0.005302111
0.006269603
0.006576755
0.006514987
0.006829742
0.006470915
0.005161029
0.004336268
0.004203355
0.003461133
0.002128123
0.001498708
0.001786428
0.002155389
0.002091605
0.00180876
0.001677764
0.001755351
0.001863722
0.001896403
0.002207066
0.003006903
0.003866521
0.004592838
0.004785789
0.004190939
0.003688829
0.00381246
0.003639532
0.002813911
0.001806824
0.00153958
0.001880377
0.002118277
0.001991113
0.001734643
0.001162419
-0.0001114888
-0.001271734
-0.001336889
-0.0003561135
0.0002363464
-0.0005683872
-0.001484044
-0.001507338
-0.001032879
-0.0008023461
-0.0009554922
-0.001164509
-0.001289297
-0.001735006
-0.001963125
-0.001892739
-0.001614061
-0.001195276
-0.001527077
-0.001895945
-0.00144631
-0.0008979689
-0.0008674715
-0.001131284
-0.001094771
-0.0004016931
-0.0002840854
-0.0009747268
-0.001427044
-0.001423568
-0.002019996
-0.003436575
-0.004350469
-0.004166092
-0.003677801
-0.003942434
-0.005714855
-0.007385605
-0.007440007
-0.006642808
-0.006514147
-0.00769253
-0.009063628
-0.009909277
-0.01000541
-0.009706497
-0.009578776
-0.009505994
-0.009125944
-0.009095152
-0.008886171
-0.008191317
-0.00717455
-0.006649095
-0.006844618
-0.007156042
-0.007136566
-0.006913095
-0.00678865
-0.006837473
-0.006927666
-0.006948951
-0.006913336
-0.006884653
-0.00688906
-0.006906561
-0.006913419
-0.0068892
-0.006480782
-0.005249872
-0.00394038
-0.003654987
-0.004132318
-0.004426767
-0.004230503
-0.003921844
-0.003848242
-0.003969034
-0.004069838
-0.00405906
-0.004001742
-0.003978852
-0.004026912
-0.004559152
-0.005888503
-0.006601205
-0.005779893
-0.004858269
-0.004447505
-0.004146385
-0.004046621
-0.004121454
-0.004155066
-0.004106498
-0.004497056
-0.004873794
-0.004358883
-0.003752507
-0.003782648
-0.004652044
-0.00622049
-0.007956497
-0.009200618
-0.008415833
-0.005838578
-0.00386368
-0.004253098
-0.005907586
-0.006427461
-0.005103509
-0.003551482
-0.003353204
-0.004064593
-0.004486093
-0.004186933
-0.003326259
-0.003063007
-0.003607616
-0.002974923
-0.001258554
-0.0004986921
-0.0009971868
-0.001563246
-0.001492333
-0.001103203
-0.000762695
-0.0002738014
-0.0004280295
-0.001152688
-0.001480565
-0.001235627
-0.0009471012
-0.0006440924
0.0006499418
0.002019015
0.00216047
0.001564291
0.001460354
0.002655199
0.004496797
0.005340145
0.004901836
0.004556717
0.005387779
0.006650037
0.007631756
0.007856285
0.007304499
0.006070372
0.005007153
0.005433847
0.006255825
0.005736107
0.004638316
0.004309061
0.004701977
0.005024506
0.004684512
0.003360312
0.001795868
0.001304344
0.001805695
0.002224746
0.002068642
0.001702445
0.001571002
0.001671792
0.001440994
0.0006311019
8.112374e-05
-0.0001538173
-0.0003535301
-0.0003354845
-0.0006939177
-0.0008198548
-0.0004134493
-0.0002354631
-0.0003171495
-0.0008910977
-0.001368284
-0.001316027
-0.00104583
-0.0009677466
-0.001097684
-0.0012185
-0.001216165
-0.001152611
-0.001121722
-0.001139566
-0.00116505
-0.001137732
-0.0006135344
0.0003289306
0.001158828
0.001748884
0.002311505
0.003052469
0.003904035
0.005126539
0.005762426
0.006023637
0.007050629
0.007882375
0.008333925
0.009328857
0.01050505
0.01081363
0.0104356
0.01019023
0.01035443
0.01061262
0.01057622
0.009747192
0.008237868
0.007173434
0.006619783
0.005717265
0.004617161
0.003149081
0.001752087
0.001377572
0.001152348
-2.030912e-05
-0.001282366
-0.001503195
-0.001044697
-0.0008045996
-0.001101478
-0.00209471
-0.003562034
-0.004422905
-0.004127114
-0.002929963
-0.001407922
-0.0007335611
-0.001130966
-0.001786504
-0.002321547
-0.001945633
-0.001208544
-0.001658532
-0.002759217
-0.00298112
-0.001841737
-0.0007344268
-0.0007480727
-0.0013338
-0.001574234
-0.001340624
-0.001070911
-0.00104873
-0.00117808
-0.001256362
-0.001229295
-0.001015049
-0.0003937597
-0.0003688909
-0.00104118
-0.001447948
-0.001299092
-0.0009913496
-0.0009311548
-0.001125449
-0.001287976
-0.001278573
-0.00144341
-0.002245563
-0.002917478
-0.002628586
-0.00171331
-0.002053334
-0.003733529
-0.004763372
-0.004412396
-0.003503289
-0.002643682
-0.002411347
-0.002729415
-0.002734978
-0.001805916
-0.0009341701
-0.0009152193
-0.001038902
-0.0006401204
-0.0001228836
0.001061809
0.002009794
0.002301904
0.002337904
0.002223537
0.00229323
0.002008653
0.001620309
0.001570119
0.001741014
0.001784854
0.0009629034
-0.0008181017
-0.001795429
-0.001407124
-0.0007778132
-0.0007766805
-0.001184995
-0.001426448
-0.001343775
-0.001157132
-0.0007484975
-0.0003088068
-0.0003345458
0.0002244365
0.001435957
0.002043369
0.001795275
0.001468803
0.001526361
0.00177791
0.001897605
0.001831922
0.001704173
0.001629151
0.001646239
0.001692544
0.001703182
0.001679941
0.001659624
0.001660011
0.001670052
0.001674337
0.001670647
0.001636723
0.001185788
0.0008202315
0.001336853
0.001960002
0.002430016
0.002534097
0.002394046
0.002311223
0.002381058
0.002510822
0.003189451
0.003882918
0.003451306
0.002182603
0.001259464
0.001374145
0.001893333
0.002031169
0.001767106
0.001527495
0.001532668
0.001658448
0.001719582
0.00168483
0.001634941
0.001627293
0.001648831
0.001662994
0.001568851
0.001054476
0.0008693206
0.001458893
0.001942467
0.001846638
0.001554175
0.001672824
0.002566862
0.003555196
0.004330107
0.00468713
0.004584562
0.004419303
0.004470828
0.004640991
0.004726341
0.004836989
0.005330809
0.005463805
0.005390619
0.005037735
0.004563936
0.004463765
0.004667391
0.004799101
0.004568191
0.003686163
0.002737637
0.001973823
0.001602694
0.001690652
0.001853012
0.001805252
0.00163086
0.001303543
0.0005515571
-0.0002443822
-0.0009978523
-0.001348242
-0.001223424
-0.001052853
-0.001118284
-0.001546665
-0.00246797
-0.003302242
-0.003705449
-0.003179436
-0.002700669
-0.003439847
-0.004443443
-0.004592323
-0.004150393
-0.003889722
-0.004033317
-0.004509327
-0.005138147
-0.00485317
-0.004068732
-0.004136394
-0.005661753
-0.006999695
-0.006808815
-0.006451786
-0.006319312
-0.005882673
-0.005511822
-0.005193178
-0.004547075
-0.004441137
-0.00499408
-0.005177902
-0.004973822
-0.004350087
-0.00392358
-0.004025952
-0.004276066
-0.003949624
-0.002611411
-0.001163747
-0.0008443067
-0.001376306
-0.001716957
-0.001513707
-0.001151527
-0.0005997819
0.0001833387
0.0004761377
0.0002266383
-3.798977e-05
-0.0004781819
-0.001185154
-0.001491287
-0.001781602
-0.00247583
-0.00289467
-0.002819748
-0.0030552
-0.003453688
-0.003561688
-0.003892897
-0.004186159
-0.004177756
-0.004039034
-0.004001149
-0.003881774
-0.002680404
-0.001119645
-0.001309477
-0.00254891
-0.001955623
0.0002492334
0.001864959
0.002087911
0.001544111
0.001263703
0.00151402
0.001860875
0.001938673
0.001805543
0.001697049
0.001709421
0.001770224
0.00169848
0.001050778
6.312099e-05
-0.0005267088
0.0005427579
0.002143536
0.00244149
0.001708745
0.001503808
0.002992879
0.004271756
0.004338102
0.003620538
0.003426116
0.003480219
0.00341113
0.003790424
0.003795902
0.003188478
0.002957379
0.003667589
0.003754298
0.002369773
0.001150728
0.001200514
0.002045902
0.002805791
0.002334963
0.001375568
0.00139929
0.002842069
0.004549551
0.00500478
0.004385907
0.003906917
0.004076375
0.004465294
0.00458807
0.004441657
0.004307418
0.004348128
0.004448436
0.004467309
0.004396823
0.003988991
0.002839945
0.001600018
0.001321511
0.001402714
0.0005053167
-0.0009398018
-0.001483512
-0.001038924
-0.0006086709
-0.0007105604
-0.001012055
-0.001117384
-0.001683877
-0.003162524
-0.004054217
-0.003723549
-0.003136192
-0.003077505
-0.003376503
-0.003567588
-0.003503645
-0.003356411
-0.003240897
-0.002741312
-0.001909238
-0.001559336
-0.001725758
-0.001465446
-0.000563633
-1.702384e-05
-0.0001415056
-0.0003962841
-0.0003701438
-0.0003529133
-0.001384545
-0.002865438
-0.003235056
-0.00266737
-0.002272839
-0.002557759
-0.003362292
-0.003438032
-0.002699706
-0.002234624
-0.002399644
-0.002561766
-0.001898861
-0.0008651383
-1.555002e-05
0.0002903654
0.0001174723
0.0001710202
0.001004573
0.001766388
0.00176135
0.001177649
0.0003374589
-4.263472e-05
0.0001847035
0.0002469372
-0.0005315851
-0.001523693
-0.00225668
-0.002431728
-0.0022123
-0.002068183
-0.002168321
-0.002327615
-0.002363759
-0.002277418
-0.001878584
-0.0008165919
0.0003348396
0.0006384362
0.0006795001
0.001572566
0.002755553
0.003073809
0.002705158
0.002468988
0.002586361
0.002757966
0.002776943
0.002688715
0.002619981
0.00261522
0.00263371
0.002714265
0.003153749
0.003376041
0.003284001
0.003081767
0.003080128
0.003058248
0.002634542
0.002316845
0.002355933
0.00248332
0.002477263
0.002374214
0.002302076
0.002031973
0.0007825676
-0.0004774436
-0.0005758314
-1.293415e-05
0.000224772
-3.48453e-05
-0.0003476306
-0.0004100045
-0.0002748392
-0.0001951013
-0.0002442244
-0.000319078
-0.0005274284
-0.001157725
-0.001883388
-0.002542743
-0.002803536
-0.002640306
-0.002183935
-0.001841576
-0.002284616
-0.0028811
-0.002928923
-0.002613016
-0.002428009
-0.002454822
-0.001815463
-0.0008448323
-0.001320766
-0.002710061
-0.003249264
-0.002748713
-0.002227884
-0.00226505
-0.002576952
-0.002714282
-0.002538168
-0.001932704
-0.001222955
-0.0006238162
-0.0002844355
-0.000676216
-0.0009916024
-0.0004154689
0.0005655582
0.0005795339
-0.0002522615
-0.0007138316
-0.0004755696
-0.0001127986
-7.169005e-05
-0.0002535278
-0.0003711686
-0.0003349877
-0.0002531616
-0.0002405183
-0.0003093831
-0.0003654445
-0.0003565885
-0.000321455
-0.0003085217
-0.0003343034
-0.0003882415
-0.0004323224
-0.0004576797
-0.0004449186
-0.0001681234
0.0004459149
0.001043997
0.001279299
0.001104709
0.001222913
0.00150536
0.001578587
0.001472092
0.001390834
0.00138424
0.001407463
0.001756975
0.002420851
0.003052484
0.003373069
0.003269518
0.003072714
0.003057085
0.003142841
0.003163476
0.003187723
0.003505193
0.003716936
0.00405724
0.003757549
0.002902609
0.002543087
0.002807575
0.003081224
0.003013618
0.002618773
0.002096481
0.002061853
0.00203563
0.001763475
0.001413679
0.001232216
0.001989559
0.002888113
0.00295048
0.00249102
0.002249698
0.002389417
0.002584717
0.002592227
0.00246872
0.002359998
0.002069229
0.001811098
0.001757986
0.0006674291
-0.000316261
0.0003677513
0.001369115
0.001733111
0.001440962
0.001080443
0.0008033159
0.001131555
0.002132745
0.002615569
0.002185641
0.001013141
-1.548914e-05
-6.369663e-05
0.0004206967
0.0006176892
0.0003873095
0.0001190591
7.892412e-05
9.50124e-05
-0.0003608017
-0.001166963
-0.001335558
-0.001186331
-0.001298591
-0.001519945
-0.001618571
-0.001581699
-0.001610001
-0.001912312
-0.001894901
-0.00169597
-0.001848162
-0.001942018
-0.001963247
-0.001849874
-0.002023151
-0.002211678
-0.00182099
-0.001317329
-0.001255801
-0.001467486
-0.001354796
-0.000582644
0.0002583355
0.0004266041
0.0001028848
-0.000102481
6.322991e-06
0.0001895112
0.0002276486
0.0001448801
7.399908e-05
7.174505e-05
8.264627e-05
-0.0001666862
-0.0006486811
-0.001107631
-0.001442736
-0.001477371
-0.001369891
-0.001564482
-0.001769264
-0.001659335
-0.002026816
-0.002824019
-0.003127046
-0.002849743
-0.002570661
-0.002597677
-0.002759229
-0.002811071
-0.00288376
-0.003515916
-0.004196162
-0.004232358
-0.003879302
-0.003694373
-0.003788614
-0.003911923
-0.003887848
-0.003767419
-0.0036733
-0.003642386
-0.003629774
-0.00359361
-0.003535998
-0.003476768
-0.003320362
-0.002917876
-0.002486277
-0.0020998
-0.001920562
-0.00195866
-0.00199893
-0.001769157
-0.001130853
-0.0004881903
-0.000354808
-0.0005811417
-0.0007113223
-0.0006067917
-0.0004517995
-0.0004087177
-0.0004555914
-0.0004919278
-0.0004765154
-0.000440279
-0.0004201287
-0.0004188024
-0.000417813
-0.0004074196
-0.0005874707
-0.001116565
-0.001399547
-0.001053484
-0.000672926
-0.0006773953
-0.000862448
-0.000740674
-0.0003091779
-8.962098e-05
-0.0003561245
-0.000617283
-0.0004024587
-9.001092e-05
-4.244146e-05
-0.000172355
-0.0002453174
-0.0001987065
-0.0001252978
-0.0001026821
-0.0001203419
-0.0001321978
-0.0001203756
-0.000101801
-0.0001027586
-5.533559e-05
0.0003078335
0.0006675741
0.0007796538
0.0007675097
0.0007446817
0.000769066
0.0008134284
0.0008280207
0.0008091137
0.0007850926
0.0007740489
0.0007714153
0.0007660748
0.0007550186
0.0007425173
0.0007322761
0.0007239477
0.0007154672
0.0007042101
0.0006252326
0.000394231
0.0002214513
0.0002425421
0.000330672
0.0002872971
4.343234e-05
-8.137684e-05
0.0001399508
0.0003916215
0.0004595777
0.0005269823
0.0005531044
0.0003797401
0.000271815
0.0003893463
0.0004175951
0.0003087742
0.0002321671
0.0002523662
0.0003682178
0.000404261
0.0002129474
0.0002052228
0.0004049936
0.0003511019
4.224448e-05
-0.0001257665
-3.821574e-05
0.0002246188
0.0005462593
0.000651258
0.0005374671
0.0004441713
0.0006325378
0.0009186234
0.0009808086
0.0009386097
0.0009120978
0.0009839679
0.001051007
0.001036856
0.001053478
0.001073586
0.001052933
0.001005826
0.0009620666
0.0008637498
0.0007369891
0.0006876291
0.0007057829
0.0007139306
0.0006827672
0.0006406071
0.000603667
0.000526509
0.0004829605
0.0004573548
0.0003303662
0.0001900308
0.000162463
0.0002072415
0.0002239745
0.0002132599
0.0002446363
0.0002350912
0.0001676557
0.0001249709
0.0001343906
0.0001594398
0.0001469647
5.66708e-05
-4.333578e-05
-0.0001015007
-5.98987e-05
7.082863e-06
-4.042955e-05
-0.0001400774
-0.0001677911
-0.0001079279
1.427372e-05
0.0001053115
7.849576e-05
4.919816e-05
7.6964e-05
0.0001106288
0.0001127744
9.616712e-05
8.547379e-05
8.612759e-05
8.867513e-05
8.511938e-05
7.569648e-05
6.768151e-05
4.818064e-05
1.841543e-05
1.11066e-05
-2.464746e-05
-8.826467e-05
-9.71228e-05
-5.539551e-05
-5.542151e-05
-9.017278e-05
-0.0001059607
-9.293058e-05
-7.502496e-05
-6.837096e-05
-7.065952e-05
-7.207205e-05
-6.937764e-05
-8.427379e-05
-0.0001352663
-0.0001610808
-0.0001241011
-8.25312e-05
-6.164299e-05
-6.241919e-05
-8.529185e-05
-8.02304e-05
-3.850876e-05
-1.148539e-05
-1.681064e-05
-2.978627e-05
-2.968717e-05
-1.980123e-05
-1.233701e-05
-1.386676e-05
-2.866225e-05
-3.424193e-05
-2.790161e-05
-1.61981e-05
1.401098e-06
2.21909e-05
3.52581e-05
2.360173e-05
1.319605e-05
2.762116e-05
5.550153e-05
7.244343e-05
6.738618e-05
5.587061e-05
5.480186e-05
7.341746e-05
9.844947e-05
9.910412e-05
8.600333e-05
7.258802e-05
6.510083e-05
6.29562e-05
5.345422e-05
3.90075e-05
2.519435e-05
1.867985e-05
2.050316e-05
2.090421e-05
1.069589e-05
9.830941e-07
1.466334e-06
6.741557e-06
6.887316e-06
5.242145e-07
-2.75771e-06
-9.703767e-06
-1.559994e-05
-1.350747e-05
-7.823213e-06
-4.518543e-06
-3.867545e-06
-3.059306e-06
-8.959075e-07
1.464172e-06
1.002179e-06
-4.449206e-06
-7.731852e-06
-3.654567e-06
-7.409665e-08
6.557219e-07
1.643795e-06
4.33877e-06
7.557757e-06
1.01885e-05
1.248569e-05
1.478107e-05
1.696172e-05
1.897005e-05
2.112109e-05
2.330277e-05
2.527661e-05
2.715687e-05
2.893947e-05
3.0602e-05
3.226789e-05
3.518274e-05
3.899169e-05
4.207253e-05
4.322747e-05
4.354049e-05
4.503894e-05
4.676051e-05
4.763583e-05
4.789549e-05
4.816301e-05
4.880661e-05
5.030121e-05
5.187893e-05
5.231576e-05
5.180079e-05
5.07645e-05
5.008743e-05
5.03952e-05
5.104093e-05
5.128777e-05
5.115725e-05
5.105407e-05
5.116676e-05
5.131125e-05
5.159197e-05
5.266843e-05
5.358394e-05
5.339037e-05
5.265932e-05
5.223545e-05
5.233278e-05
5.28251e-05
5.307236e-05
5.243166e-05
5.141244e-05
5.07277e-05
5.079807e-05
5.11637e-05
5.102062e-05
5.034695e-05
4.974628e-05
4.949967e-05
4.915467e-05
4.860719e-05
4.809002e-05
4.76906e-05
4.732125e-05
4.690865e-05
4.64713e-05
4.604977e-05
4.564939e-05
4.52539e-05
4.485211e-05
4.444657e-05
4.404356e-05
4.364482e-05
4.32455e-05
4.281244e-05
4.239026e-05
4.203591e-05
4.168366e-05
4.128989e-05
4.087797e-05
4.047651e-05
4.005414e-05
3.963145e-05
3.927895e-05
3.895059e-05
3.857553e-05
3.816446e-05
3.776126e-05
3.737964e-05
3.700561e-05
3.663201e-05
3.62522e-05
3.586312e-05
3.54761e-05
3.509301e-05
3.470605e-05
3.431498e-05
3.392455e-05
3.353653e-05
3.314964e-05
3.27628e-05
3.237585e-05
3.198917e-05
3.16031e-05
3.121734e-05
3.083174e-05
3.044639e-05
3.00617e-05
2.967602e-05
2.929002e-05
2.890488e-05
2.852006e-05
2.81347e-05
2.774905e-05
2.736319e-05
2.697709e-05
2.659081e-05
2.62044e-05
2.581787e-05
2.543106e-05
2.504401e-05
2.465669e-05
2.426906e-05
2.388112e-05
2.349285e-05
2.31042e-05
2.271518e-05
2.232576e-05
2.193593e-05
2.154567e-05
2.115496e-05
2.076379e-05
2.037215e-05
1.998003e-05
1.95874e-05
1.919427e-05
1.880061e-05
1.840642e-05
1.801168e-05
1.761638e-05
1.722051e-05
