-0.0007456447
-0.0007452624
-0.0007448723
-0.0007445128
-0.0007441633
-0.0007438388
-0.0007435227
-0.0007432366
-0.0007429616
-0.0007427104
-0.0007424689
-0.0007422657
-0.0007421049
-0.0007420264
-0.0007420617
-0.0007422309
-0.0007424405
-0.0007425645
-0.0007424896
-0.0007421513
-0.0007415778
-0.0007407067
-0.0007394419
-0.0007380489
-0.0007366341
-0.0007351254
-0.0007339779
-0.0007337025
-0.0007339222
-0.0007333968
-0.0007318562
-0.0007304912
-0.0007299433
-0.0007299734
-0.0007311146
-0.0007350057
-0.0007418254
-0.00075164
-0.0007640801
-0.0007755298
-0.0007807324
-0.0007762661
-0.0007652711
-0.0007556109
-0.0007526536
-0.0007559051
-0.0007607327
-0.0007594947
-0.0007445961
-0.0007118381
-0.0006678528
-0.0006296412
-0.0006085397
-0.0006026971
-0.0006045548
-0.0006202098
-0.0006656121
-0.0007443904
-0.0008341712
-0.0009150846
-0.0009775143
-0.001012672
-0.001007189
-0.0009690321
-0.0009308396
-0.0009155219
-0.0009130083
-0.0009079732
-0.0009098577
-0.0009284104
-0.0009608102
-0.00101884
-0.001100003
-0.001174073
-0.001211163
-0.001183649
-0.001099529
-0.0009847698
-0.0008726495
-0.0007813665
-0.0007008808
-0.0006288532
-0.0005733828
-0.0005187024
-0.0004383887
-0.0003417832
-0.0002642916
-0.0002266491
-0.0002210962
-0.0002166233
-0.0001546387
-2.66523e-05
0.0001061306
0.0001867685
0.0002071101
0.0001893994
0.0001365023
2.970908e-05
-0.0001624786
-0.0004357454
-0.000698632
-0.0008707514
-0.0009889202
-0.001117283
-0.001305035
-0.001520714
-0.001683643
-0.001753421
-0.001753314
-0.001735635
-0.00174878
-0.001839046
-0.002013829
-0.002205347
-0.002322746
-0.002300118
-0.002145465
-0.001962416
-0.001859212
-0.001839221
-0.001783732
-0.001645448
-0.001493597
-0.001406284
-0.001401656
-0.0014439
-0.001484099
-0.001456649
-0.001297047
-0.001066659
-0.0008469904
-0.0006262576
-0.0004224371
-0.0002402855
-1.730621e-05
0.0002263625
0.0004088763
0.0004881643
0.0004898844
0.0004705551
0.0004714634
0.0004987323
0.0005079933
0.0004102078
0.0001862314
-5.867223e-05
-0.0002605517
-0.0004863538
-0.0008033414
-0.001217732
-0.001668758
-0.002115225
-0.002454118
-0.002618744
-0.002642791
-0.002616879
-0.002610248
-0.002558461
-0.002344684
-0.001966499
-0.001488517
-0.001004358
-0.0005464665
-0.0002062155
-4.504738e-05
-2.742475e-05
-6.681175e-05
-0.0001828052
-0.0004558683
-0.000781844
-0.0009376563
-0.0007608536
-0.0003441929
9.966333e-05
0.0004308821
0.0006523088
0.0008390255
0.001002742
0.001119568
0.001162724
0.001005347
0.0004651814
-0.0004813504
-0.001658943
-0.002721931
-0.003345582
-0.003473015
-0.003191953
-0.002685957
-0.0021851
-0.001782949
-0.001623807
-0.001836425
-0.002415207
-0.003241764
-0.004085544
-0.004701628
-0.004939943
-0.004680226
-0.003880724
-0.002681426
-0.001353011
-0.000245058
0.0005433728
0.001082337
0.001408838
0.001529509
0.001295391
0.0005357914
-0.0007219359
-0.002347711
-0.004108024
-0.005636513
-0.006604018
-0.006916689
-0.006622354
-0.005993398
-0.005338058
-0.004794502
-0.004442035
-0.004300092
-0.004228192
-0.003847067
-0.002864033
-0.001342539
0.000341411
0.001625974
0.002146282
0.001930111
0.001398044
0.0009907644
0.0007912865
0.0007051853
0.0006557037
0.0005690143
0.0003260448
-7.012382e-05
-0.0005525764
-0.00105743
-0.001682423
-0.002484763
-0.0034372
-0.004277744
-0.004613645
-0.0040911
-0.002713051
-0.0007703464
0.001491292
0.003811572
0.005714535
0.006733517
0.006787184
0.006199116
0.005196871
0.003848031
0.002218657
0.0005472123
-0.000704696
-0.00126503
-0.001273144
-0.001090038
-0.001002534
-0.001081662
-0.001235145
-0.001348045
-0.001462443
-0.001613911
-0.001630089
-0.001474135
-0.001082106
-0.000370034
0.0003935855
0.001065494
0.001770242
0.00240754
0.002696909
0.002499191
0.002167339
0.002175039
0.002741164
0.003789653
0.004805956
0.005342019
0.005363255
0.005147715
0.004993945
0.004988307
0.004791633
0.003911935
0.002443083
0.0008525469
-0.000492325
-0.001531251
-0.002393816
-0.002998527
-0.003032297
-0.002422415
-0.001628721
-0.001178799
-0.001451224
-0.002374174
-0.003347611
-0.003817839
-0.003475483
-0.002482598
-0.001491593
-0.001017863
-0.001088604
-0.001387704
-0.001590543
-0.001577548
-0.001462707
-0.001581722
-0.002182256
-0.00305039
-0.003762666
-0.004191304
-0.004289057
-0.00402561
-0.003308745
-0.00224799
-0.001001315
0.0002028618
0.001202816
0.002078493
0.002832717
0.003339566
0.003552283
0.003563379
0.003517669
0.003443231
0.00303252
0.002221547
0.001412482
0.0009786198
0.0009614209
0.001076292
0.0006892389
-0.0006885706
-0.002821827
-0.005152698
-0.007215346
-0.008794987
-0.009971004
-0.01087948
-0.01183897
-0.01293798
-0.01379959
-0.01382399
-0.01296151
-0.01164681
-0.01012102
-0.008483085
-0.00669513
-0.004611072
-0.002155115
0.0006866475
0.003596117
0.00614678
0.007876932
0.008231128
0.007193153
0.005411079
0.003445047
0.001413014
-0.0007175449
-0.002649944
-0.00401762
-0.00454799
-0.004255849
-0.003277736
-0.002048175
-0.0009346406
1.602176e-07
0.0006946298
0.001075591
0.001191381
0.001301648
0.00188304
0.003013977
0.004570506
0.006181009
0.00714671
0.007083757
0.005914682
0.003938962
0.001980138
0.0005926765
-0.0002669678
-0.0007869758
-0.001212691
-0.001993159
-0.003097768
-0.004031145
-0.004319991
-0.00359891
-0.00201327
-9.888671e-05
0.001748235
0.003003564
0.00293436
0.001288958
-0.001428701
-0.004413426
-0.00702064
-0.008727143
-0.009262452
-0.008569067
-0.007041949
-0.005283528
-0.003482773
-0.001456892
0.0009396385
0.00352006
0.005620982
0.006699246
0.006833274
0.00654393
0.006331626
0.006385812
0.00660682
0.00685816
0.007138551
0.007253764
0.007094601
0.006931678
0.007312167
0.008353201
0.009984181
0.01214966
0.01456122
0.0165922
0.01793452
0.01873133
0.01896743
0.01856867
0.01770369
0.01631212
0.01426634
0.01169459
0.00880815
0.005605686
0.00212513
-0.001215668
-0.003669125
-0.004648567
-0.004329592
-0.003496022
-0.003081775
-0.003557233
-0.005043026
-0.007344372
-0.01004447
-0.01276768
-0.01535394
-0.01766187
-0.01931259
-0.02018141
-0.02062942
-0.0208784
-0.02083093
-0.02044302
-0.01967575
-0.01827474
-0.01580288
-0.0124816
-0.009033305
-0.005996185
-0.003329683
-0.0004909637
0.003047488
0.007331763
0.01167237
0.01532225
0.01792396
0.01935606
0.01982641
0.01980462
0.01954054
0.01872307
0.01701498
0.01450683
0.01162364
0.008781922
0.006142288
0.003621728
0.0009738245
-0.002127055
-0.005617666
-0.008822464
-0.01091274
-0.01133913
-0.01020305
-0.008016785
-0.005410786
-0.003081159
-0.001682492
-0.001315233
-0.001529641
-0.001770805
-0.001756033
-0.001533521
-0.001302686
-0.001209094
-0.001259686
-0.001353864
-0.001136016
-4.066085e-05
0.002100605
0.004923944
0.008122786
0.01151228
0.01448203
0.01645855
0.01728712
0.01706001
0.01579257
0.01366141
0.01104804
0.008326292
0.005684111
0.003115356
0.0005425268
-0.001838033
-0.003609062
-0.004650516
-0.004943059
-0.004343816
-0.002711422
-0.0004182659
0.001430596
0.001673844
-1.716447e-05
-0.003151736
-0.007150658
-0.01167389
-0.01635316
-0.02059759
-0.02367894
-0.02514751
-0.02501995
-0.02385281
-0.02232772
-0.020631
-0.01881418
-0.01706589
-0.01552061
-0.01417562
-0.01310485
-0.01262706
-0.01298944
-0.01386874
-0.01441945
-0.0138931
-0.01174862
-0.007949434
-0.002752541
0.003018124
0.0080431
0.0113241
0.01239948
0.0110874
0.008006275
0.004516623
0.002081016
0.001729087
0.003514539
0.006725104
0.01047467
0.01392514
0.01629712
0.01721125
0.01672064
0.01541283
0.01376007
0.0118141
0.009667451
0.007722635
0.006125858
0.00489403
0.00394476
0.003316373
0.003473945
0.005275486
0.009228292
0.01519407
0.02225743
0.02906969
0.03451147
0.03804185
0.03987611
0.04051436
0.04009252
0.03842967
0.03505919
0.02982865
0.02313959
0.01549942
0.007681902
0.0004486702
-0.00582669
-0.01130581
-0.01637314
-0.0212826
-0.0259702
-0.0296069
-0.03093395
-0.02913512
-0.02455571
-0.01824887
-0.01142401
-0.005353512
-0.0007190865
0.002495037
0.004572089
0.005765113
0.006516548
0.007513413
0.009056913
0.01105364
0.01335993
0.01571147
0.01759732
0.01846622
0.01796938
0.0159152
0.01253001
0.00876574
0.00574008
0.00407379
0.003617872
0.003923795
0.004631886
0.005860802
0.007776123
0.01013368
0.0122249
0.01338872
0.01339283
0.01223831
0.009845488
0.006426011
0.002657159
-0.0005057256
-0.002113996
-0.002046445
-0.0008341556
0.001049759
0.003278084
0.005503552
0.007372445
0.008657961
0.009448633
0.01003051
0.01070446
0.01174963
0.01340609
0.0158777
0.01897798
0.02226219
0.02568682
0.02923806
0.03270927
0.03623476
0.0398359
0.04299132
0.04496936
0.04513482
0.04323697
0.03951851
0.03458087
0.0289582
0.02297336
0.01698573
0.01134701
0.006368834
0.002240547
-0.001255543
-0.004490866
-0.007734204
-0.01075645
-0.01306608
-0.01433419
-0.01454396
-0.01367846
-0.01181773
-0.009303337
-0.006628574
-0.004255094
-0.002161729
-2.240963e-05
0.002238437
0.004422989
0.005843256
0.005581966
0.003164566
-0.001155881
-0.006726812
-0.01306341
-0.01965781
-0.02593063
-0.03141571
-0.03566473
-0.03848163
-0.0400883
-0.040861
-0.0410867
-0.04090888
-0.04070639
-0.04113687
-0.04266606
-0.04516613
-0.04809845
-0.05095213
-0.05328026
-0.05465352
-0.05505422
-0.05464258
-0.05337568
-0.05130634
-0.0487329
-0.04627879
-0.04483459
-0.04489849
-0.04596781
-0.04662205
-0.04529176
-0.04101299
-0.03353478
-0.02337992
-0.01212406
-0.002149194
0.004659289
0.008059271
0.009023404
0.009082737
0.009976741
0.01291171
0.01825719
0.02580975
0.0351343
0.04541477
0.0557712
0.06542703
0.07364523
0.08018023
0.08531074
0.08933458
0.09208454
0.09296498
0.09148202
0.08730543
0.08013115
0.06946764
0.05533391
0.03916461
0.02370333
0.0118422
0.00476011
0.001628014
0.0005643264
-0.0005567948
-0.003210349
-0.007824228
-0.01411579
-0.021242
-0.02824161
-0.03446264
-0.0395353
-0.04294659
-0.04416268
-0.04301259
-0.03973244
-0.03490043
-0.02901443
-0.02217757
-0.01419251
-0.005087824
0.00457934
0.01435693
0.02381514
0.03235912
0.03922631
0.04354894
0.04498388
0.04380653
0.0406707
0.03630599
0.03162512
0.02759293
0.02455462
0.02227805
0.02044436
0.01869255
0.01661064
0.01380894
0.01014086
0.006153546
0.002620356
0.000204675
-0.0004995016
0.0006432962
0.00290158
0.005161866
0.006773469
0.00779604
0.008681763
0.009872193
0.01192504
0.01525394
0.01975546
0.02527626
0.03136051
0.03695539
0.04132176
0.04429939
0.04589253
0.0459135
0.04401654
0.04034804
0.03537437
0.02946863
0.02280402
0.01553942
0.008272563
0.001676987
-0.004173219
-0.00924306
-0.01335423
-0.01665572
-0.01934195
-0.02089368
-0.02041302
-0.01765562
-0.01311207
-0.007510624
-0.001758834
0.003009438
0.005726303
0.005877594
0.003806123
0.0001093316
-0.004766739
-0.01039539
-0.01668995
-0.02362677
-0.03064554
-0.03700786
-0.0423198
-0.04660008
-0.04952403
-0.05028834
-0.04844255
-0.04435388
-0.03883104
-0.03238035
-0.02523076
-0.01758532
-0.009856261
-0.002638512
0.003645241
0.00848923
0.01122712
0.01109352
0.00782363
0.001667415
-0.006921812
-0.01725977
-0.02864709
-0.04063516
-0.0522822
-0.0624136
-0.07054425
-0.07696673
-0.08215863
-0.08651976
-0.09021406
-0.09310939
-0.09486213
-0.09545552
-0.09493176
-0.09289849
-0.08885327
-0.08228156
-0.07282104
-0.06058256
-0.04614034
-0.03055878
-0.01499916
-5.576517e-05
0.01425047
0.02808938
0.04166742
0.05498247
0.0676659
0.07919166
0.08899424
0.09625319
0.100153
0.1006031
0.09804677
0.09280465
0.08496113
0.0746297
0.06216182
0.0480373
0.0327737
0.01690676
0.0008825504
-0.01488551
-0.02970808
-0.04288952
-0.0541791
-0.06370237
-0.07137425
-0.07690328
-0.07998098
-0.07995724
-0.07580901
-0.0665935
-0.05196617
-0.03301577
-0.0125123
0.006583921
0.02244371
0.03449246
0.04307646
0.04887669
0.05243682
0.05441687
0.05549597
0.05608682
0.05644171
0.05698967
0.05860577
0.06189007
0.06706052
0.0741035
0.08240761
0.09092774
0.09852403
0.1041288
0.1066412
0.104987
0.09861267
0.08781693
0.07341995
0.05678817
0.03985171
0.02428618
0.01103531
0.0007129601
-0.007012375
-0.01343607
-0.01990643
-0.02713119
-0.03468939
-0.04095172
-0.04372878
-0.04120188
-0.03240837
-0.01792605
8.578296e-05
0.01889767
0.03605924
0.05050481
0.06248282
0.072639
0.08153545
0.08925499
0.09556287
0.1003883
0.1036288
0.1050442
0.104521
0.1017795
0.09659462
0.08866501
0.0778412
0.06420752
0.04772978
0.0283952
0.006788285
-0.01574773
-0.03714481
-0.05557597
-0.07027005
-0.08115648
-0.08846608
-0.09230403
-0.09236737
-0.0885111
-0.08127477
-0.07175641
-0.06166087
-0.05247949
-0.04476346
-0.03819061
-0.03215607
-0.02603781
-0.01948467
-0.01244578
-0.004740832
0.003742646
0.01282235
0.022235
0.03157784
0.04069937
0.04975082
0.05882593
0.06744978
0.07463529
0.07955566
0.08150988
0.07986662
0.07380628
0.06248291
0.04566658
0.02463456
0.001949445
-0.01954831
-0.03809973
-0.05340383
-0.06595132
-0.07679305
-0.0868398
-0.09638091
-0.1051691
-0.1125994
-0.1182197
-0.1221083
-0.1247043
-0.126095
-0.1260579
-0.1246562
-0.1220673
-0.1184956
-0.1140051
-0.1082978
-0.100942
-0.09156254
-0.07954091
-0.06477529
-0.04803653
-0.03021908
-0.0123611
0.004290668
0.01883152
0.03061074
0.03916852
0.04450124
0.04702138
0.04746117
0.04668831
0.04565597
0.04478399
0.0440871
0.04344754
0.04222675
0.03956926
0.03483627
0.02707333
0.01564781
0.001214264
-0.01444272
-0.0293638
-0.04224434
-0.05293091
-0.06223115
-0.07144381
-0.0810638
-0.09044068
-0.0985253
-0.1045415
-0.1082472
-0.1098201
-0.1097561
-0.108936
-0.1081241
-0.107649
-0.1076884
-0.1081686
-0.1086561
-0.1084146
-0.1063254
-0.1009291
-0.09029664
-0.07190693
-0.04420919
-0.009527607
0.02630292
0.05776589
0.0824963
0.1013168
0.1164565
0.1299064
0.1422008
0.1523994
0.1588616
0.1604253
0.1575613
0.1516119
0.1434471
0.133095
0.1198089
0.1017869
0.07789914
0.04925565
0.01837836
-0.01174662
-0.03814461
-0.05881132
-0.07338764
-0.08228215
-0.08601896
-0.08535907
-0.08113553
-0.07381075
-0.06368906
-0.05148442
-0.03842865
-0.02564048
-0.01355762
-0.002135663
0.008856814
0.01964935
0.03014076
0.03969141
0.04760148
0.05372615
0.05793645
0.05949169
0.05807281
0.05398874
0.0477749
0.03986689
0.03038724
0.01970005
0.008930274
-0.0008319666
-0.008758939
-0.01430134
-0.01734424
-0.01777965
-0.01535302
-0.01017632
-0.002506329
0.007374775
0.01911588
0.03226842
0.04609805
0.05970818
0.07201518
0.08217767
0.08979948
0.0945268
0.09572606
0.0929133
0.08633911
0.07696286
0.06577662
0.0532628
0.0397584
0.0259409
0.01290403
0.001946109
-0.00612748
-0.01120689
-0.01352743
-0.01379263
-0.01289989
-0.0117999
-0.01092872
-0.01014443
-0.008972418
-0.006783526
-0.002948831
0.00334118
0.01263721
0.02488072
0.03911688
0.05365744
0.06666206
0.07682444
0.08330321
0.08561948
0.08364732
0.0775514
0.067507
0.05410943
0.03835955
0.02109461
0.002981069
-0.0152386
-0.03276645
-0.04906419
-0.0636631
-0.07635965
-0.08697388
-0.09497896
-0.09959434
-0.1000344
-0.09585777
-0.08748191
-0.07610526
-0.06274395
-0.04815304
-0.03358552
-0.02084816
-0.01159303
-0.006899335
-0.006752495
-0.009947864
-0.01479292
-0.01991427
-0.02461591
-0.02890845
-0.03296939
-0.03669491
-0.0399416
-0.04257717
-0.04441289
-0.04550761
-0.04612784
-0.04646988
-0.04669091
-0.04700644
-0.04721846
-0.04662821
-0.04451395
-0.04033083
-0.03435968
-0.02745599
-0.02059725
-0.01443944
-0.008881432
-0.003572892
0.002111166
0.008888
0.01719409
0.02676834
0.0367405
0.04608592
0.05365757
0.05825682
0.05888342
0.05521014
0.04756041
0.03648036
0.02232239
0.005645347
-0.01169129
-0.02700649
-0.03831262
-0.0451155
-0.04781931
-0.0470815
-0.04333302
-0.03636474
-0.0258526
-0.01208982
0.004090238
0.02178123
0.03962405
0.05589451
0.06916366
0.07888972
0.08526382
0.08833668
0.08786982
0.08390863
0.07663079
0.0660322
0.05215917
0.03542052
0.01652849
-0.003344218
-0.0226588
-0.03953214
-0.05293473
-0.06312222
-0.07097389
-0.07761342
-0.08373457
-0.08935616
-0.09428897
-0.09856572
-0.1023761
-0.1057732
-0.1085976
-0.1105608
-0.1115969
-0.1116702
-0.1107127
-0.1085549
-0.1051661
-0.1007288
-0.09562937
-0.09027995
-0.08484873
-0.07927494
-0.07376725
-0.06887389
-0.06528516
-0.06345
-0.06334738
-0.06472152
-0.06704372
-0.06969
-0.0719857
-0.07306775
-0.07234858
-0.07007828
-0.06683437
-0.06284482
-0.05819663
-0.05308042
-0.04800487
-0.04368937
-0.0402786
-0.03718751
-0.03389564
-0.03044453
-0.02688387
-0.02287053
-0.01815001
-0.01273072
-0.006859131
-0.0009758867
0.004610899
0.009898965
0.01515437
0.02107389
0.02847807
0.03782645
0.04941233
0.06297638
0.07765545
0.09231011
0.1057263
0.1172362
0.1266821
0.133692
0.1375887
0.137858
0.1344397
0.1278069
0.1181728
0.104992
0.08796173
0.06821401
0.04756361
0.02781605
0.01009444
-0.005459437
-0.01938496
-0.03224688
-0.04443982
-0.0558669
-0.06564487
-0.07282558
-0.07680679
-0.07711874
-0.07377371
-0.0673014
-0.05834034
-0.04803145
-0.03735084
-0.02709107
-0.01783795
-0.01018719
-0.004355189
-0.0004548182
0.001257913
0.0007243722
-0.00176253
-0.005725727
-0.01065442
-0.01624461
-0.02241205
-0.0291305
-0.03600815
-0.04262109
-0.04861021
-0.05329684
-0.05555811
-0.05442492
-0.04962293
-0.04177937
-0.03187111
-0.02062966
-0.008715025
0.003239155
0.01464694
0.02514364
0.03473065
0.04358885
0.051974
0.06004981
0.06773851
0.07475157
0.08064426
0.08485478
0.08636396
0.08432685
0.07865729
0.06964953
0.05788178
0.04498006
0.03285324
0.02272332
0.01514724
0.0101347
0.007018223
0.004672451
0.001869984
-0.002307776
-0.008376607
-0.01615767
-0.02515411
-0.03480748
-0.04439879
-0.05331794
-0.06109291
-0.06716269
-0.07103984
-0.07237509
-0.07116077
-0.06767603
-0.06239836
-0.05592904
-0.04907986
-0.04288504
-0.03808956
-0.03474009
-0.03240026
-0.03064759
-0.02948508
-0.02926203
-0.03017628
-0.03182785
-0.03358861
-0.0350495
-0.03606865
-0.03689892
-0.03789176
-0.03925724
-0.04111375
-0.0435312
-0.0466844
-0.05044742
-0.05454435
-0.0585245
-0.06166281
-0.06315282
-0.06229692
-0.05853573
-0.05163229
-0.04189459
-0.02996715
-0.01691945
-0.003819685
0.008543877
0.01968487
0.02966022
0.03896325
0.04806153
0.05740459
0.06693437
0.076351
0.08536623
0.09370898
0.1010376
0.1071941
0.1122254
0.11623
0.1193244
0.1214628
0.1227603
0.1235117
0.1240471
0.124282
0.1239657
0.1232796
0.1226772
0.1223189
0.1218198
0.120929
0.1195977
0.1180223
0.1163287
0.1146446
0.1130977
0.1116118
0.1097646
0.1069655
0.1027864
0.0970949
0.08980913
0.08075715
0.07019768
0.05869454
0.04678445
0.03452962
0.02156568
0.008151444
-0.005199159
-0.01783074
-0.02850402
-0.03633209
-0.0409873
-0.04248894
-0.04101855
-0.03694888
-0.03081738
-0.02366845
-0.0168328
-0.01126084
-0.007423118
-0.00556638
-0.006082307
-0.00908006
-0.01403103
-0.02025716
-0.02731097
-0.03488064
-0.04245795
-0.04922853
-0.05422088
-0.0567577
-0.0568524
-0.05480514
-0.05114351
-0.04626361
-0.04013018
-0.03267457
-0.02406814
-0.01472434
-0.00484438
0.005405319
0.01541807
0.02457116
0.03263701
0.03976443
0.04601869
0.05092913
0.05371887
0.05380549
0.05115587
0.04612056
0.03895881
0.02979568
0.0189705
0.007192118
-0.004465145
-0.01473128
-0.02264431
-0.02798496
-0.03094037
-0.03169232
-0.0308031
-0.02923285
-0.02774791
-0.02662362
-0.02582579
-0.02489655
-0.02326441
-0.02082032
-0.01798921
-0.01559639
-0.01426155
-0.01453301
-0.01674133
-0.02070462
-0.02598663
-0.03201767
-0.03786189
-0.0422952
-0.04424331
-0.04281455
-0.03739284
-0.02799646
-0.01516653
0.0002778958
0.01650208
0.0313117
0.04333589
0.05228962
0.05840568
0.06165875
0.06203043
0.05991711
0.05597157
0.05082015
0.04508686
0.03905197
0.03255955
0.02561399
0.01851819
0.01162406
0.005245439
-0.0005286623
-0.005893611
-0.0110183
-0.01562642
-0.01924906
-0.0213473
-0.02158297
-0.02046069
-0.01866104
-0.0165848
-0.01462121
-0.01320336
-0.01279924
-0.01358953
-0.01560408
-0.01876435
-0.02262269
-0.0267107
-0.03049575
-0.03356552
-0.0357615
-0.03717559
-0.03786381
-0.03776456
-0.03686034
-0.03535476
-0.03372019
-0.03204267
-0.03018031
-0.02833923
-0.0271349
-0.02699321
-0.02781903
-0.02921669
-0.0306977
-0.03228725
-0.03399247
-0.03549651
-0.03657506
-0.03711685
-0.03709927
-0.03650725
-0.03544355
-0.03413003
-0.03291811
-0.03230716
-0.03277253
-0.0344758
-0.03733933
-0.04142766
-0.04660291
-0.05230652
-0.05790022
-0.06262921
-0.06584397
-0.06742219
-0.0674446
-0.06590206
-0.06276061
-0.05790259
-0.0511889
-0.0426806
-0.03281239
-0.02256829
-0.01289434
-0.00409524
0.003873358
0.01115331
0.01782532
0.02375982
0.02880436
0.0324822
0.03406276
0.03291339
0.0288992
0.02254355
0.01462363
0.005855607
-0.003235728
-0.01231999
-0.02090548
-0.02835885
-0.03427942
-0.03854513
-0.04088525
-0.04100582
-0.03888099
-0.03424312
-0.02660023
-0.01589602
-0.002582489
0.01240243
0.02720516
0.039548
0.04783136
0.05179038
0.05253457
0.05144497
0.04924796
0.04602141
0.0417398
0.03663521
0.03107392
0.0252593
0.01945823
0.01418451
0.01006336
0.007660846
0.007274322
0.00890208
0.01221039
0.016886
0.0225286
0.02846244
0.03404753
0.03881414
0.04246051
0.04494785
0.04658647
0.04778297
0.04876997
0.0496639
0.05036282
0.05053352
0.04976964
0.04800255
0.04526622
0.04154862
0.03659193
0.02999426
0.02141668
0.01101383
-0.0004969372
-0.01198127
-0.02207868
-0.03045019
-0.03746863
-0.04331382
-0.04791931
-0.05096751
-0.0518515
-0.04968274
-0.04397894
-0.03503959
-0.0237826
-0.01136459
0.001258428
0.01345619
0.02472385
0.03469121
0.04272741
0.04858709
0.05261358
0.05514961
0.05659238
0.05745457
0.05786435
0.05778512
0.05727344
0.05635019
0.0549537
0.05314344
0.05109023
0.04885834
0.04661858
0.04467673
0.04329631
0.04245779
0.04190025
0.04133547
0.04062914
0.03977531
0.03857157
0.03678105
0.03452812
0.03200148
0.02921523
0.02614285
0.02276346
0.01910406
0.01522361
0.01117669
0.006922969
0.002628235
-0.00166945
-0.006190164
-0.01091294
-0.01558692
-0.02012057
-0.02432868
-0.02793164
-0.03091046
-0.03349483
-0.03576208
-0.03744518
-0.0383102
-0.03844519
-0.03804939
-0.03745028
-0.03706189
-0.03721421
-0.03780542
-0.03834161
-0.03820198
-0.03675037
-0.03321611
-0.02713724
-0.01898279
-0.009623776
-0.000113664
0.008335853
0.01512891
0.02017316
0.02384796
0.02699304
0.03017867
0.03350251
0.03694432
0.04025633
0.04290183
0.04423001
0.0434436
0.03986699
0.03326948
0.02375071
0.01157625
-0.002316623
-0.01657576
-0.02979373
-0.04142384
-0.05127913
-0.05910074
-0.06464602
-0.06757359
-0.06768253
-0.06498313
-0.0594387
-0.05121622
-0.04059773
-0.02820447
-0.01501728
-0.002122923
0.00984221
0.02085948
0.03076023
0.03899844
0.0448885
0.04819883
0.04932672
0.04889769
0.047128
0.04355719
0.03771457
0.02965245
0.0199258
0.00935466
-0.001273433
-0.01128836
-0.02004104
-0.02691817
-0.03166439
-0.03417447
-0.03454858
-0.03320868
-0.03068337
-0.02736164
-0.02383129
-0.02063456
-0.01810035
-0.01661162
-0.01645517
-0.01758884
-0.01968462
-0.02225517
-0.0248928
-0.02744727
-0.03009224
-0.03294025
-0.03571625
-0.03815076
-0.03994135
-0.04087792
-0.04109533
-0.04098062
-0.04088632
-0.04094158
-0.04095103
-0.04039783
-0.03883987
-0.03620435
-0.03230463
-0.02659476
-0.0187566
-0.009080976
0.001482259
0.01169237
0.02074834
0.0286092
0.03552623
0.04159224
0.04663952
0.05027466
0.05193305
0.05135058
0.04879787
0.04448052
0.03831649
0.03014481
0.01999134
0.00840994
-0.003542834
-0.01454058
-0.02348516
-0.02980249
-0.03342144
-0.03466793
-0.03403676
-0.03160698
-0.02690748
-0.0196868
-0.01028933
0.0002934646
0.010594
0.01939257
0.02579499
0.02912333
0.02919117
0.02629065
0.02111048
0.014367
0.006495253
-0.001987377
-0.01029679
-0.01767791
-0.02383305
-0.02877987
-0.03216591
-0.03332133
-0.03191908
-0.02824182
-0.02274043
-0.01586734
-0.008221939
-0.0006548083
0.005652152
0.0097939
0.0118664
0.01264607
0.01288993
0.0128932
0.01275114
0.01258981
0.01253784
0.01284566
0.01396535
0.01647617
0.02056005
0.02557839
0.03069654
0.03552866
0.03987363
0.04332281
0.04559357
0.04660454
0.04634294
0.04524602
0.04375088
0.04209911
0.04026934
0.03798687
0.03480243
0.03052435
0.02495075
0.01804461
0.01013842
0.001594153
-0.007223044
-0.01561125
-0.02284405
-0.02867918
-0.03303553
-0.03555861
-0.0356179
-0.03284969
-0.02756725
-0.02057489
-0.01279259
-0.004892444
0.002790165
0.009985215
0.01635741
0.02167335
0.02598711
0.02950636
0.03260432
0.03562277
0.03839238
0.04047943
0.04148395
0.04126977
0.03994792
0.03765027
0.03467303
0.03146557
0.02854079
0.0260883
0.02401649
0.02194145
0.01954549
0.01680051
0.01375805
0.0102201
0.00591809
0.0008885324
-0.004537216
-0.009746218
-0.01401585
-0.01690364
-0.01829797
-0.01846325
-0.01766242
-0.01590805
-0.01324729
-0.009755065
-0.005359194
-0.0005487873
0.003906694
0.007578766
0.01029024
0.01176745
0.01150224
0.009233822
0.005151893
-0.000174804
-0.005936678
-0.01170262
-0.01756196
-0.02356589
-0.02947722
-0.03479754
-0.03879921
-0.04096745
-0.04128687
-0.04010128
-0.03788153
-0.03485712
-0.03133539
-0.02770757
-0.0243261
-0.02153744
-0.01929058
-0.01718171
-0.015051
-0.01302344
-0.01108585
-0.009206456
-0.007433115
-0.005815391
-0.004366234
-0.00309761
-0.002103668
-0.001338399
-0.0007543806
-0.0003253372
0.0001832719
0.001044602
0.002355524
0.004237891
0.006973914
0.01074739
0.01522266
0.01997328
0.0250605
0.03026369
0.0350111
0.03865309
0.04042414
0.03949767
0.03550312
0.02875385
0.01993649
0.0100922
0.0003952935
-0.008489435
-0.01634184
-0.02325758
-0.02935043
-0.03469632
-0.03938471
-0.04358796
-0.04758763
-0.05116726
-0.05386561
-0.05547018
-0.05597203
-0.05549444
-0.05422846
-0.05204875
-0.04859451
-0.04402416
-0.03898866
-0.03405467
-0.02955904
-0.02559886
-0.02232614
-0.01991606
-0.01824782
-0.0169507
-0.01565258
-0.01401702
-0.01167334
-0.008396645
-0.004062532
0.001389067
0.007712114
0.01442167
0.02093738
0.02669727
0.03148315
0.03565586
0.03973694
0.04391816
0.04793489
0.05140998
0.05420506
0.05616274
0.05712617
0.0570408
0.05581032
0.05314319
0.0487623
0.04278972
0.03550604
0.02736959
0.01899932
0.01081473
0.002958768
-0.00408679
-0.009348286
-0.01227325
-0.0130048
-0.01206669
-0.009711717
-0.006180606
-0.001856367
0.002781419
0.007318421
0.01104979
0.01325046
0.0137155
0.01235847
0.009164915
0.004471552
-0.001152851
-0.007003248
-0.01257364
-0.01761504
-0.02204581
-0.02630318
-0.03077036
-0.03531133
-0.03973434
-0.04370844
-0.04699466
-0.04950848
-0.05109117
-0.05174772
-0.05153885
-0.05036095
-0.04827124
-0.04533794
-0.04145782
-0.03695225
-0.03243619
-0.0281063
-0.02395569
-0.02004299
-0.01656338
-0.01356403
-0.01087391
-0.008271525
-0.005750336
-0.003550833
-0.001949718
-0.001098485
-0.0007224349
-0.0004035257
-3.669839e-06
0.0005050707
0.0009360032
0.0009762468
0.000507488
-0.0004672786
-0.001971295
-0.004181068
-0.007112092
-0.01068589
-0.0150144
-0.0203593
-0.02674119
-0.03353539
-0.04010018
-0.04615119
-0.05167884
-0.05666924
-0.06093772
-0.06435738
-0.06684763
-0.06813422
-0.06799336
-0.06626588
-0.0626652
-0.05700328
-0.0494197
-0.04032627
-0.03045059
-0.02063627
-0.01178956
-0.004530823
0.001287221
0.006276469
0.01069423
0.01447111
0.01756558
0.02000883
0.02193996
0.02315637
0.02347036
0.02281611
0.02092118
0.01751166
0.01264365
0.006426317
-0.0007945876
-0.008382918
-0.0157768
-0.0224761
-0.02803781
-0.03188663
-0.03366979
-0.03332895
-0.0309243
-0.02677721
-0.02108239
-0.01410044
-0.006413517
0.001205262
0.008392948
0.01522175
0.0216064
0.02708674
0.03109167
0.03356339
0.03485789
0.03545895
0.03557711
0.03533188
0.03469568
0.03366227
0.03236074
0.03096807
0.02958541
0.02809153
0.02596678
0.02258455
0.01786124
0.01237926
0.007164571
0.003099454
0.0004320912
-0.001041111
-0.001852211
-0.002650295
-0.003641112
-0.004532088
-0.005013342
-0.005039676
-0.004636882
-0.003567907
-0.001178615
0.002894617
0.008073699
0.01357415
0.01861938
0.0228025
0.02636561
0.02962185
0.03249703
0.0347738
0.03641093
0.03743608
0.03791765
0.03796439
0.0374207
0.03620806
0.0345586
0.03258345
0.03038751
0.02838991
0.02664301
0.02475998
0.02238177
0.01936889
0.01600961
0.01277823
0.009921901
0.007419908
0.00527369
0.00356902
0.002397316
0.001603911
0.001035897
0.0006752646
0.000614904
0.001146415
0.002483208
0.004427547
0.006702789
0.009050325
0.01122516
0.0131151
0.01455703
0.01536147
0.01516937
0.01400821
0.01217721
0.009784616
0.006918875
0.003625112
4.568342e-05
-0.003544646
-0.00700396
-0.01002999
-0.01206061
-0.01273747
-0.01200832
-0.009854137
-0.006238482
-0.001464888
0.003881162
0.00903495
0.0133555
0.01654574
0.0181121
0.01780615
0.01610709
0.01345857
0.00985389
0.005429923
0.0007331888
-0.003848933
-0.008436874
-0.01329508
-0.01838355
-0.02330063
-0.0275165
-0.03051368
-0.031923
-0.03139397
-0.02876646
-0.02437547
-0.01883626
-0.01251923
-0.005532288
0.00183471
0.008950048
0.0152896
0.02080658
0.02559058
0.02986445
0.03390385
0.03777399
0.04139717
0.04447025
0.04670697
0.04802877
0.04856985
0.04865559
0.04862717
0.04867226
0.04876196
0.04864535
0.04820632
0.04743081
0.04612915
0.04414313
0.04155984
0.03852706
0.03526932
0.03190748
0.02839325
0.02485909
0.02157973
0.01863516
0.01578137
0.01297478
0.01033841
0.007830509
0.00530847
0.002716108
0.0002165891
-0.002114617
-0.004335927
-0.006761706
-0.009504472
-0.01221658
-0.01460794
-0.01663191
-0.01850038
-0.02026619
-0.02168259
-0.02260862
-0.02284442
-0.0222062
-0.02058621
-0.01799111
-0.0147034
-0.01082853
-0.006304898
-0.001274736
0.003778292
0.008456896
0.01279785
0.01681512
0.0204166
0.0231194
0.0243831
0.02389004
0.02171003
0.01822021
0.01372398
0.008333286
0.002206329
-0.004182062
-0.01001714
-0.01472732
-0.01816865
-0.02039345
-0.02145511
-0.02141968
-0.02044608
-0.01869446
-0.0162025
-0.01291484
-0.009065024
-0.004944862
-0.000855895
0.00313899
0.006948667
0.01054236
0.01375751
0.01629083
0.01797406
0.01881562
0.01886317
0.01805971
0.01651689
0.01423745
0.01091073
0.006220061
0.0002440686
-0.006063613
-0.01144322
-0.01511608
-0.01701649
-0.01761076
-0.01735026
-0.01614649
-0.01385657
-0.01059796
-0.006436091
-0.001542388
0.003756301
0.008899177
0.01343206
0.0174116
0.02089706
0.02383306
0.02610093
0.02762452
0.0282627
0.02792658
0.02669746
0.02458692
0.02156868
0.0177096
0.01311552
0.008010438
0.002675784
-0.002548869
-0.007320275
-0.01148926
-0.01502038
-0.01786121
-0.01996644
-0.0213509
-0.02222277
-0.02284386
-0.02313004
-0.02297069
-0.02256176
-0.0220485
-0.02130523
-0.02000811
-0.01767238
-0.01422868
-0.01005676
-0.005452037
-0.0008678951
0.003232899
0.006727894
0.009704312
0.01220055
0.01399827
0.01477553
0.01457974
0.01378464
0.01255871
0.01099044
0.009333463
0.007824662
0.006667607
0.005876826
0.00551265
0.005614844
0.006122728
0.006823471
0.007574624
0.008445067
0.009534725
0.01086759
0.01254761
0.01465662
0.01688305
0.01862293
0.01965525
0.02011542
0.02005883
0.01954262
0.01851248
0.01704455
0.01537412
0.01351929
0.0113464
0.008770843
0.00574983
0.002440281
-0.0009776371
-0.004342653
-0.007645753
-0.01079061
-0.0135009
-0.01580745
-0.01805565
-0.02052948
-0.02321721
-0.02585772
-0.02824624
-0.03023463
-0.03170666
-0.03247194
-0.03234472
-0.03141162
-0.03003615
-0.02859649
-0.02729299
-0.02620557
-0.02537135
-0.02459198
-0.02360087
-0.02232226
-0.02096508
-0.01995038
-0.01952815
-0.01971558
-0.02047136
-0.0217577
-0.02347927
-0.0252985
-0.02689863
-0.02794691
-0.02792138
-0.02651495
-0.02376212
-0.01990918
-0.01554627
-0.01110943
-0.006563862
-0.001723138
0.003338713
0.00824101
0.01278932
0.01706272
0.02101681
0.02448526
0.02741797
0.02966829
0.03096551
0.03119624
0.03047457
0.02900228
0.02696487
0.02472346
0.02275611
0.02143326
0.02088439
0.02105895
0.02181258
0.02275326
0.02336321
0.02327628
0.02256609
0.02134493
0.01952896
0.01698021
0.01387575
0.01066001
0.007469431
0.0041393
0.0006743303
-0.002833162
-0.006235932
-0.009361883
-0.01214675
-0.01446355
-0.01603628
-0.01666144
-0.01609475
-0.01429847
-0.01168252
-0.008882207
-0.006509174
-0.004882237
-0.004098007
-0.004127825
-0.004659576
-0.005476545
-0.006693246
-0.008284292
-0.00990739
-0.01101918
-0.01114773
-0.01020154
-0.008364264
-0.005931254
-0.003092257
6.173884e-05
0.003183181
0.005842095
0.007978571
0.009620911
0.01067336
0.0111352
0.0112017
0.01104358
0.01066713
0.01003293
0.009046907
0.007895747
0.006752041
0.005720433
0.005082991
0.005225925
0.006361386
0.008403782
0.01100631
0.01388263
0.01680432
0.01945931
0.02185266
0.02408275
0.02592873
0.02691721
0.02673955
0.0254584
0.02322103
0.02014949
0.01647847
0.01265129
0.009195317
0.006378289
0.004134851
0.00251345
0.001569288
0.0008907456
-1.007789e-05
-0.001301783
-0.002844269
-0.004539937
-0.006353672
-0.008280191
-0.01041748
-0.01265821
-0.0147078
-0.01651627
-0.01808773
-0.0193395
-0.02021199
-0.02045866
-0.01985083
-0.01838242
-0.0163955
-0.01423806
-0.01202016
-0.009853562
-0.007765702
-0.005794853
-0.004053879
-0.002598248
-0.001577207
-0.001273085
-0.001654442
-0.002455786
-0.003479655
-0.004631153
-0.005828022
-0.00689677
-0.00789989
-0.009143333
-0.0106003
-0.01221242
-0.01388929
-0.01540393
-0.01638054
-0.01644085
-0.01551056
-0.01373422
-0.01137634
-0.008636897
-0.005468712
-0.002210638
0.0006570337
0.002798066
0.004083376
0.004805154
0.005348888
0.005939512
0.006299091
0.005965409
0.004822738
0.003102107
0.001096996
-0.0008357604
-0.002538179
-0.004091854
-0.005425877
-0.00656626
-0.00769192
-0.008940129
-0.01032331
-0.01185324
-0.01370369
-0.01609026
-0.01917005
-0.02287319
-0.02683638
-0.03060893
-0.03412583
-0.03745673
-0.04032984
-0.04237544
-0.04341329
-0.04338292
-0.04217882
-0.03973205
-0.03609356
-0.0315182
-0.02634774
-0.02085777
-0.01485853
-0.008435321
-0.002094394
0.003743187
0.008686686
0.01234837
0.01471231
0.01579098
0.01565585
0.01452476
0.01275732
0.01076946
0.008664988
0.006361831
0.003822752
0.001215489
-0.001119952
-0.00310239
-0.004889213
-0.006532031
-0.007866669
-0.008659618
-0.008882936
-0.008594251
-0.007824751
-0.006683943
-0.00535715
-0.004013685
-0.002718054
-0.001467897
-0.0004121232
6.09973e-05
-0.0003447515
-0.001530292
-0.003247521
-0.005340148
-0.00755567
-0.009711101
-0.01197532
-0.01454221
-0.01736189
-0.02020585
-0.02274181
-0.02487949
-0.02672129
-0.02834457
-0.02981989
-0.03118056
-0.03223123
-0.03249378
-0.03137507
-0.02879699
-0.02501254
-0.02013271
-0.01423777
-0.007472652
-0.0003206443
0.006457945
0.01228849
0.01677845
0.0197105
0.02104288
0.02080945
0.01935871
0.0169798
0.01375822
0.00968538
0.004858717
-0.0003509833
-0.005301824
-0.009434528
-0.01238122
-0.01403857
-0.01450029
-0.01416285
-0.01339305
-0.01229946
-0.0107177
-0.008533618
-0.005791536
-0.002520044
0.00127228
0.005480409
0.009687484
0.0134912
0.01687084
0.01992359
0.02262508
0.02468338
0.02580867
0.02596287
0.0251641
0.02344596
0.02091055
0.0175417
0.01343215
0.008929389
0.004502773
0.0005381357
-0.002878939
-0.005661747
-0.007606427
-0.008701575
-0.008931365
-0.008218208
-0.006841912
-0.005254223
-0.003604359
-0.001668202
0.0005282231
0.002656767
0.004581486
0.006196341
0.007619758
0.009062383
0.01039093
0.01140663
0.01187556
0.01169502
0.01080593
0.009297079
0.007284258
0.004613026
0.001467155
-0.001497832
-0.003900828
-0.005670276
-0.006757042
-0.007223213
-0.007306766
-0.007281579
-0.007245276
-0.007029439
-0.006614061
-0.006048295
-0.004785365
-0.002182031
0.001619099
0.006193467
0.01117816
0.01612942
0.02042651
0.02367434
0.02577242
0.02680817
0.02701253
0.02647844
0.0251201
0.02304682
0.02063741
0.01816596
0.0156958
0.0133047
0.01121784
0.009567353
0.008374559
0.007549286
0.006887405
0.006508008
0.006754624
0.007568031
0.008438326
0.009063446
0.00951151
0.01015615
0.01140849
0.01347848
0.01629797
0.01942388
0.02244972
0.02551797
0.0289959
0.03288821
0.03677775
0.04015337
0.04270279
0.04441648
0.04538592
0.04554014
0.0446366
0.04242576
0.03869139
0.03305402
0.02562914
0.017321
0.009326597
0.002614392
-0.002301925
-0.005575718
-0.007752363
-0.009416744
-0.01096915
-0.01254876
-0.01397574
-0.01476015
-0.01476527
-0.01426285
-0.01346056
-0.01235004
-0.01082537
-0.00904387
-0.007227425
-0.005300548
-0.003077926
-0.0006214745
0.001703266
0.003604849
0.004933942
0.005620308
0.005671147
0.005095118
0.004028656
0.002830753
0.001723371
0.0005162148
-0.0007740209
-0.001915291
-0.002753722
-0.003076036
-0.00297279
-0.002743606
-0.002670759
-0.003071172
-0.003895005
-0.004910442
-0.00631156
-0.008303402
-0.01070401
-0.01333254
-0.01607863
-0.01885148
-0.02155869
-0.02400896
-0.02616959
-0.02802334
-0.02919342
-0.02943606
-0.02882687
-0.02742755
-0.02533185
-0.02294098
-0.0205131
-0.01794102
-0.01525636
-0.01248433
-0.009861602
-0.007672843
-0.005813099
-0.004099754
-0.00248253
-0.0009687983
0.0005422104
0.002299583
0.004331554
0.006404227
0.007979416
0.00870765
0.008821426
0.008817135
0.00871875
0.008247051
0.007264024
0.005802195
0.003957226
0.002032755
0.0004404607
-0.0004880889
-0.000749407
-0.000637469
-0.0003580639
0.0001844767
0.001099239
0.002337479
0.00374354
0.005266443
0.006829236
0.008031084
0.008577728
0.008324363
0.00720595
0.005425698
0.00310804
8.707082e-05
-0.003608402
-0.007694257
-0.01184674
-0.0158855
-0.01977563
-0.02329706
-0.02615937
-0.02821168
-0.02945903
-0.02985541
-0.02938103
-0.02810968
-0.02626153
-0.02397696
-0.0216169
-0.01958319
-0.01813963
-0.01741885
-0.01726834
-0.01733028
-0.01711847
-0.01634888
-0.0152688
-0.01421443
-0.01322691
-0.01219511
-0.01101643
-0.009653023
-0.008184307
-0.006734387
-0.00529938
-0.003747178
-0.002203086
-0.0006101985
0.001246507
0.003258234
0.0051759
0.006995452
0.00873286
0.01038698
0.01217375
0.01421761
0.01625526
0.01813231
0.01980975
0.02138972
0.02308422
0.02487069
0.02646667
0.02749348
0.02783815
0.02763768
0.02689418
0.02534931
0.02281758
0.01945793
0.01539712
0.01086285
0.006174342
0.001642974
-0.002301899
-0.005485352
-0.008001259
-0.009972683
-0.01156471
-0.0128304
-0.01352775
-0.01347657
-0.01272478
-0.01121204
-0.008938464
-0.006148959
-0.003422899
-0.001318739
-7.214337e-05
0.0003987917
0.0004038959
0.0001475545
-0.0002569428
-0.000607309
-0.0007226635
-0.0002809343
0.001130965
0.003727743
0.00719751
0.01097215
0.01469813
0.01814557
0.02116287
0.02359496
0.02524241
0.02617463
0.02646542
0.02606206
0.02502284
0.02340723
0.02124059
0.0185374
0.01534742
0.01192392
0.008415997
0.004710146
0.0006372781
-0.003609382
-0.007854536
-0.01194244
-0.01594178
-0.01977175
-0.02324117
-0.02649579
-0.02965147
-0.03249924
-0.03481424
-0.03631513
-0.03693563
-0.0369541
-0.03669398
-0.03620054
-0.03527493
-0.03365749
-0.0313327
-0.02839522
-0.0246847
-0.02001111
-0.01435465
-0.008213618
-0.002401916
0.002548695
0.006508899
0.009700249
0.01219767
0.01394385
0.0147509
0.01464608
0.01411127
0.01356202
0.01307725
0.01256519
0.01197255
0.01145643
0.01117283
0.01114416
0.01139659
0.01189743
0.01256118
0.01341781
0.01450107
0.01577144
0.01713838
0.01854008
0.01995328
0.0213478
0.02269907
0.02400957
0.02526605
0.02624915
0.0265358
0.02584249
0.02397284
0.02092667
0.01699641
0.01232238
0.007030473
0.001543975
-0.003503571
-0.007598455
-0.01072679
-0.01325817
-0.01544558
-0.01733486
-0.01889497
-0.02003028
-0.02082579
-0.02144573
-0.02201645
-0.02228813
-0.02188787
-0.02075262
-0.01901152
-0.01665204
-0.01382546
-0.01069539
-0.007204807
-0.003421379
0.0005725107
0.004416304
0.007742355
0.01062968
0.01352151
0.01675753
0.02039989
0.02404863
0.0272877
0.0300307
0.03236087
0.03417885
0.03538326
0.03600995
0.03605514
0.03550257
0.03402145
0.03120055
0.0270716
0.02196009
0.01614308
0.01015917
0.00449703
-0.0004451638
-0.004550683
-0.008153074
-0.01143311
-0.01431268
-0.01672704
-0.01864077
-0.02010102
-0.02099586
-0.02116783
-0.02064665
-0.01960918
-0.0182726
-0.01660316
-0.0143067
-0.0113384
-0.007930262
-0.004471983
-0.00132145
0.001405575
0.003668289
0.005436118
0.006634198
0.007232357
0.007382772
0.007280727
0.006945159
0.006424362
0.005701271
0.00471312
0.003485313
0.002061616
0.000323269
-0.001872033
-0.004407469
-0.00682308
-0.008593927
-0.009287108
-0.008870808
-0.007455882
-0.005096361
-0.001845834
0.001772159
0.005015319
0.007364858
0.008657059
0.008833711
0.007985911
0.006278567
0.003803035
0.0006684953
-0.002666044
-0.005619895
-0.007663406
-0.008592077
-0.008699428
-0.00851529
-0.008301349
-0.007889005
-0.007191418
-0.00634655
-0.005373274
-0.004110038
-0.002430567
-0.0004409496
0.001797038
0.004176137
0.006531251
0.008705582
0.01052178
0.01180024
0.01242609
0.01239212
0.01190972
0.01138665
0.01099193
0.01080835
0.01093884
0.01123775
0.01149095
0.01176154
0.01231841
0.01313691
0.01385906
0.01423072
0.01439536
0.01449981
0.01465384
0.01493611
0.0152408
0.01542951
0.01546396
0.01537104
0.01503435
0.01427503
0.01306331
0.01141789
0.00950116
0.007441221
0.005230944
0.00299162
0.0007863942
-0.001460615
-0.003692372
-0.00581918
-0.007544969
-0.008458799
-0.008219643
-0.006569385
-0.003811141
-0.0005630843
0.002942808
0.006480042
0.009733496
0.01253343
0.01471796
0.01607551
0.01649264
0.01586246
0.01430976
0.01203461
0.009425468
0.006672188
0.003891004
0.001407854
-0.0005230616
-0.001894607
-0.002728741
-0.003100857
-0.003191926
-0.003118554
-0.002839525
-0.002454248
-0.002163373
-0.002159237
-0.002634089
-0.003526257
-0.004506224
-0.005443422
-0.006524034
-0.008021843
-0.009947307
-0.01230764
-0.0152484
-0.01870602
-0.02227233
-0.02544432
-0.02781714
-0.02940268
-0.03044151
-0.03107533
-0.03139201
-0.03136858
-0.0308497
-0.02982134
-0.02858987
-0.02754318
-0.02667572
-0.02561526
-0.02391755
-0.02148294
-0.01835334
-0.01464678
-0.01090408
-0.007389519
-0.003986149
-0.0008027677
0.002063596
0.004527398
0.006458371
0.007578918
0.00760196
0.006643413
0.005169119
0.003659399
0.002340982
0.001192622
0.000212447
-0.0006378405
-0.001539267
-0.002493733
-0.003406862
-0.004391279
-0.005810958
-0.007872399
-0.01009517
-0.01199978
-0.01337145
-0.01426446
-0.01480957
-0.01492524
-0.01458096
-0.01364979
-0.01194243
-0.009536804
-0.006763201
-0.003994552
-0.001556499
0.0004929272
0.002104257
0.003267479
0.004033507
0.004383866
0.004242751
0.003725333
0.002945593
0.001930161
0.000657783
-0.000957744
-0.002791109
-0.004607453
-0.006468438
-0.008607871
-0.0111172
-0.01399906
-0.01740876
-0.02112591
-0.02462687
-0.02764559
-0.03025578
-0.03246724
-0.03417182
-0.03521459
-0.03561487
-0.0355246
-0.0350779
-0.03446552
-0.03371423
-0.0327291
-0.03130123
-0.02901883
-0.02580889
-0.02203757
-0.01785647
-0.01320648
-0.008105905
-0.002638526
0.002975883
0.008224763
0.01290922
0.01716626
0.02093848
0.0241629
0.02683519
0.02892132
0.03051233
0.03170815
0.03232144
0.03195884
0.03040969
0.02779497
0.02437687
0.02037315
0.01577081
0.01084329
0.00608514
0.001845378
-0.00149109
-0.003740932
-0.005009453
-0.005543519
-0.005532597
-0.005171232
-0.004766287
-0.004404505
-0.004020367
-0.003647587
-0.003181519
-0.002416882
-0.001462554
-0.0005353525
0.0001740255
0.0005360195
0.0005953864
0.0005592691
0.0007635508
0.001317575
0.002156308
0.00318632
0.004170981
0.005047441
0.005878905
0.006394726
0.006295981
0.00537338
0.003730166
0.001614173
-0.0007095159
-0.002872645
-0.004611206
-0.005907059
-0.006825722
-0.007458598
-0.007609786
-0.007057991
-0.005896873
-0.004447661
-0.002910554
-0.001156806
0.001102706
0.00402049
0.007289398
0.01044431
0.01326209
0.01586227
0.01850813
0.02130165
0.02416462
0.02684644
0.02903235
0.03078437
0.032452
0.03415226
0.03568133
0.03680266
0.03741746
0.03741628
0.03685418
0.03571491
0.03405612
0.03206508
0.02983234
0.02738731
0.02480332
0.02231194
0.02007893
0.01808004
0.01613798
0.01390258
0.0112182
0.008272121
0.005397627
0.002953643
0.001125192
-0.000220304
-0.001402621
-0.002634791
-0.003799589
-0.004759671
-0.005440766
-0.005792266
-0.005875166
-0.005830865
-0.00578078
-0.005786224
-0.005826985
-0.005857888
-0.005981549
-0.006622827
-0.00795123
-0.009648387
-0.01128252
-0.01266545
-0.01390472
-0.01507139
-0.01608216
-0.01701933
-0.01805925
-0.01919022
-0.02020219
-0.02100489
-0.02172104
-0.02264946
-0.02366749
-0.02439638
-0.02464712
-0.02430803
-0.02308424
-0.02094216
-0.0182278
-0.01537368
-0.01239018
-0.009022288
-0.00548818
-0.002077187
0.001308313
0.004785759
0.008176215
0.0113137
0.01422311
0.01699646
0.01967701
0.02199344
0.02361018
0.02448238
0.02459621
0.02382636
0.02227752
0.02039982
0.01831764
0.01569285
0.01245735
0.008972564
0.005625694
0.002496509
-0.0003290123
-0.002827225
-0.005140236
-0.007153643
-0.008835768
-0.01016033
-0.01100903
-0.01150479
-0.01168464
-0.01156836
-0.01134403
-0.01106915
-0.01045867
-0.009493164
-0.00835196
-0.007209112
-0.006334967
-0.005916893
-0.005944418
-0.006417941
-0.007332428
-0.00855706
-0.009837086
-0.0109245
-0.01195321
-0.01293357
-0.01363373
-0.01393289
-0.01401947
-0.01415996
-0.01425424
-0.01418596
-0.01392162
-0.01341885
-0.01276302
-0.012051
-0.01137131
-0.01060273
-0.009674729
-0.00860372
-0.007250937
-0.005675398
-0.00408834
-0.002637003
-0.001333888
-9.623295e-05
0.001051007
0.001996469
0.002739598
0.003235245
0.003596786
0.004023919
0.004299872
0.004018845
0.003178401
0.001988386
0.0006928451
-0.0004498756
-0.001463228
-0.002527587
-0.003784401
-0.005368968
-0.007247384
-0.009135661
-0.01093324
-0.01274146
-0.014486
-0.01583406
-0.01652282
-0.01659952
-0.01621592
-0.01560522
-0.0149367
-0.01435426
-0.01400615
-0.01390953
-0.01399042
-0.01425771
-0.01448065
-0.01441076
-0.0140384
-0.01322374
-0.01202688
-0.0104867
-0.008624609
-0.006797935
-0.005081305
-0.003169713
-0.0008982996
0.001438155
0.003427837
0.004938096
0.006089317
0.006917231
0.007443524
0.007892354
0.008364205
0.008747246
0.008845965
0.008519809
0.007869439
0.006977776
0.005872282
0.004614236
0.003191781
0.00150218
-0.000222204
-0.001556145
-0.002399471
-0.002844128
-0.003213606
-0.003965796
-0.004999757
-0.006063087
-0.0071774
-0.008364187
-0.009647317
-0.01072695
-0.01143132
-0.01190079
-0.01209778
-0.01190188
-0.01149612
-0.01104702
-0.01043888
-0.009512115
-0.008401533
-0.007396809
-0.006487278
-0.005446522
-0.004137738
-0.002632942
-0.0009361506
0.001079015
0.003299753
0.005375765
0.007234906
0.00916206
0.01125606
0.01329833
0.01520834
0.01704327
0.01878126
0.02052521
0.02239948
0.02432478
0.02622792
0.02784076
0.02884168
0.02940643
0.03001203
0.03078279
0.03142659
0.03150331
0.03078451
0.02941827
0.02763206
0.02568026
0.02371283
0.02182945
0.02014301
0.0186921
0.01756265
0.01671663
0.01611707
0.0157729
0.01563357
0.01555156
0.01525697
0.01467324
0.01388833
0.01304231
0.01198016
0.01059197
0.00896902
0.007078017
0.004830669
0.002200158
-0.0008235549
-0.003984694
-0.006813999
-0.009166949
-0.01108215
-0.01257038
-0.01352713
-0.01392948
-0.0139621
-0.01379816
-0.01334438
-0.0123774
-0.0106915
-0.008327107
-0.005577856
-0.002768406
2.267651e-05
0.003045574
0.006443362
0.009939632
0.01316134
0.01598923
0.01860929
0.02117042
0.02347154
0.02518509
0.02608593
0.02628553
0.02601603
0.02534713
0.02419709
0.02240941
0.02002071
0.01728607
0.01449217
0.01179282
0.009189943
0.006738438
0.00464579
0.003123301
0.002302633
0.001946843
0.001619815
0.001180119
0.0006062502
-6.604005e-05
-0.0007835792
-0.001634821
-0.002714468
-0.004004064
-0.00539719
-0.006767494
-0.007925632
-0.008813227
-0.009632576
-0.01046929
-0.01114771
-0.01152303
-0.01174154
-0.01189073
-0.01186053
-0.01168642
-0.01148444
-0.01114123
-0.0103591
-0.008964068
-0.007272285
-0.005542837
-0.003683219
-0.001731314
5.61533e-05
0.001407405
0.002490456
0.003489995
0.004302081
0.004943654
0.005431511
0.005535145
0.005208248
0.004714321
0.004157689
0.003430778
0.0026335
0.002050978
0.001828181
0.001880946
0.002141872
0.002804779
0.003859376
0.005210433
0.006617924
0.00811969
0.009942334
0.01196834
0.01392312
0.01585151
0.0179368
0.01999249
0.02144172
0.02181641
0.02134256
0.02063947
0.01997743
0.01923742
0.01819355
0.01664155
0.01466637
0.01243165
0.01002502
0.007496232
0.005004458
0.002936072
0.001226259
-0.0006187192
-0.002827392
-0.005070824
-0.007090882
-0.008807408
-0.0103577
-0.01193843
-0.01350088
-0.01500709
-0.01621118
-0.01704949
-0.01787209
-0.01873362
-0.01938873
-0.01967718
-0.01965983
-0.01934269
-0.01856642
-0.01739904
-0.01590546
-0.01425487
-0.01257688
-0.01090733
-0.009371606
-0.007864029
-0.006305237
-0.004668696
-0.002960733
-0.001351207
0.0003013688
0.002127225
0.003968731
0.005887263
0.007826422
0.009592245
0.01112535
0.01233503
0.01335874
0.01429569
0.01488255
0.01485739
0.01442503
0.01386927
0.01317211
0.01221545
0.01098855
0.009619016
0.008371596
0.007437582
0.006638379
0.005816666
0.005119075
0.00472822
0.004646497
0.0047244
0.004800115
0.004799192
0.004740413
0.004680728
0.00465884
0.004668251
0.004560027
0.004296056
0.004052165
0.003771611
0.003341448
0.002754029
0.002245726
0.002134082
0.002349727
0.002487409
0.002377021
0.00213253
0.001939105
0.001866514
0.001716133
0.001174403
0.0002549887
-0.0009045611
-0.002165398
-0.00344834
-0.004689623
-0.00564536
-0.006459832
-0.007564609
-0.009033307
-0.0104642
-0.01135925
-0.01158943
-0.01137534
-0.01079241
-0.009874166
-0.008829787
-0.007769284
-0.006793948
-0.005985931
-0.005571151
-0.005653482
-0.005983959
-0.006313043
-0.006845437
-0.007672574
-0.008495961
-0.009199507
-0.009948873
-0.01072885
-0.01131032
-0.01155753
-0.01154203
-0.01144114
-0.01139221
-0.01138855
-0.01120381
-0.01072988
-0.01002293
-0.009299124
-0.008793437
-0.008376384
-0.007739859
-0.006879382
-0.00587595
-0.00479478
-0.003893023
-0.003413862
-0.003402406
-0.003814167
-0.004448457
-0.005150261
-0.005743755
-0.00619384
-0.006977267
-0.008490445
-0.01039076
-0.01222635
-0.01369128
-0.01488547
-0.0159889
-0.01728841
-0.01888736
-0.02059982
-0.0222006
-0.02353631
-0.02443477
-0.02495047
-0.02551705
-0.02604483
-0.02606968
-0.02549116
-0.02446939
-0.02311193
-0.02133748
-0.01918954
-0.01704422
-0.01516464
-0.01333955
-0.01121924
-0.008872971
-0.006854444
-0.005424549
-0.00426915
-0.002871808
-0.001126081
0.0006965257
0.002320411
0.003579586
0.00433845
0.004609664
0.004496953
0.003988812
0.003151007
0.002145931
0.0008035118
-0.001152886
-0.003513703
-0.005681499
-0.007356177
-0.008591223
-0.009705599
-0.01065719
-0.01124326
-0.01130038
-0.01071069
-0.009454603
-0.007800809
-0.006184944
-0.004792182
-0.003852774
-0.003328998
-0.002791464
-0.00198361
-0.001017453
3.021595e-05
0.001044428
0.001767218
0.002185215
0.002562866
0.003099122
0.003632327
0.003810501
0.003603212
0.003099715
0.002285959
0.001173405
-0.0001349442
-0.001526582
-0.003039965
-0.004609059
-0.006119124
-0.007519235
-0.008842669
-0.01013021
-0.01126896
-0.01212019
-0.01243074
-0.01215908
-0.01163999
-0.01109074
-0.01038178
-0.009236021
-0.007678721
-0.005941657
-0.004333284
-0.00285695
-0.001204995
0.0004772962
0.001747141
0.002700879
0.003637495
0.004820738
0.00614359
0.007146444
0.007593933
0.007736869
0.007743454
0.007624633
0.007469314
0.007337561
0.007039128
0.006351551
0.005455334
0.004696986
0.003953048
0.003096704
0.002234249
0.001240803
8.317046e-05
-0.001256541
-0.002519265
-0.003370123
-0.003814498
-0.00391322
-0.003958271
-0.004110711
-0.004117871
-0.003853004
-0.003491678
-0.003252039
-0.003206575
-0.003280083
-0.003238992
-0.002615449
-0.001262926
0.0004653425
0.002068236
0.003176231
0.003834018
0.004209593
0.004323303
0.004001824
0.003233866
0.00240008
0.001899501
0.001720471
0.001420499
0.0007164575
-0.0001470572
-0.0008503551
-0.001388184
-0.0018728
-0.002433121
-0.002986129
-0.003352908
-0.00347125
-0.003425943
-0.003358202
-0.0035385
-0.004275649
-0.005214271
-0.005637341
-0.005286532
-0.004404213
-0.003453693
-0.002606345
-0.001818102
-0.001176843
-0.0007226203
-0.0003854003
-0.0002875634
-0.0004382246
-0.0006710685
-0.001038668
-0.001787173
-0.002685075
-0.003316152
-0.003633213
-0.003785985
-0.003715686
-0.00349462
-0.003298144
-0.003231132
-0.003274578
-0.003345399
-0.003377974
-0.003369925
-0.00335986
-0.003368795
-0.003391318
-0.003412282
-0.003415814
-0.003274313
-0.00273493
-0.001816256
-0.0006927894
0.0005438496
0.001543536
0.002035593
0.002189032
0.002283519
0.00227493
0.002159745
0.002024361
0.001808382
0.001258598
0.0003818125
-0.0004319996
-0.0008487805
-0.0008575377
-0.0006822466
-0.0005542476
-0.0005643275
-0.0006583169
-0.0006106799
-9.07407e-05
0.0008630968
0.001923678
0.002968007
0.003883889
0.004475349
0.004685411
0.004693762
0.0049973
0.005862619
0.006885059
0.007538185
0.007658312
0.007475359
0.007434295
0.007634445
0.007794804
0.007934414
0.008354424
0.009078502
0.009763839
0.01011455
0.01011726
0.009963638
0.009852223
0.00986057
0.009925959
0.00984199
0.009590079
0.009153691
0.008454629
0.007703597
0.006900147
0.005958178
0.005127241
0.004672371
0.004580926
0.004480783
0.003962668
0.003243898
0.003021757
0.003536766
0.004282852
0.004395477
0.003585714
0.002412945
0.001390436
0.0005682267
-3.882349e-05
-0.0001880785
0.0001384229
0.0006349876
0.00113699
0.001577989
0.001861938
0.001962729
0.001875009
0.001347455
0.000407688
-0.0004689273
-0.0008989341
-0.0008798999
-0.0006714874
-0.0005310065
-0.0004774088
-0.0001015796
0.0007345956
0.001688556
0.002670246
0.003629463
0.004322305
0.004611302
0.004594291
0.004519655
0.00471259
0.005217102
0.005709371
0.005752034
0.005280799
0.004632742
0.003986242
0.003251174
0.002492522
0.001874006
0.001167414
0.0002543587
-0.0005835018
-0.001164366
-0.001631975
-0.002032993
-0.002304012
-0.002417005
-0.002419634
-0.002389496
-0.002379269
-0.002397644
-0.002426842
-0.002455731
-0.002451707
-0.002236748
-0.001584187
-0.0004724683
0.0008928812
0.002160313
0.003254969
0.004300802
0.005314196
0.00638139
0.007585605
0.008911317
0.01027899
0.01160874
0.01276576
0.01382248
0.01490229
0.01579317
0.01629184
0.01659265
0.01712269
0.01794941
0.01872108
0.01912284
0.01911207
0.01870334
0.01792006
0.01698297
0.01610281
0.0153998
0.01481349
0.01425164
0.01358685
0.01268645
0.01165789
0.01051925
0.00939322
0.00856614
0.008011457
0.0075417
0.006974296
0.006327887
0.005821044
0.005598125
0.005576288
0.005422645
0.004993647
0.004537786
0.00448793
0.004975121
0.0059009
0.007064939
0.008057266
0.008554816
0.008640314
0.008814676
0.009477301
0.01048761
0.01158196
0.0126287
0.01343083
0.01383134
0.01388435
0.01379082
0.0137316
0.01376632
0.01378767
0.01348758
0.0126475
0.01140213
0.01018517
0.009277663
0.008786057
0.008646721
0.008580772
0.008253859
0.007705065
0.007227042
0.007027668
0.007089398
0.007235076
0.007317211
0.007307736
0.007157615
0.006765786
0.006273968
0.005840973
0.005417331
0.005018148
0.004631907
0.004150485
0.003653016
0.00331564
0.003213497
0.003396725
0.003754286
0.004021704
0.004239993
0.00443488
0.004439111
0.004098356
0.003606937
0.003243047
0.003001532
0.002558704
0.001785003
0.0007381559
-0.0005225465
-0.00189351
-0.003433721
-0.005029853
-0.006533426
-0.007911031
-0.009372125
-0.01100975
-0.01267994
-0.01418661
-0.01534303
-0.01610321
-0.01631107
-0.01579882
-0.01465729
-0.01305626
-0.0111954
-0.009374366
-0.007673504
-0.006138514
-0.004884351
-0.003818817
-0.002894474
-0.002245581
-0.001952676
-0.001928942
-0.002001589
-0.002076666
-0.002338258
-0.003019049
-0.004010418
-0.005217822
-0.006423784
-0.007231485
-0.007520445
-0.007618657
-0.007669941
-0.007645477
-0.007802118
-0.008431259
-0.009352183
-0.01008584
-0.01029853
-0.009907538
-0.009223904
-0.008698522
-0.008560687
-0.008778981
-0.009279038
-0.009838763
-0.01019153
-0.01025632
-0.01014895
-0.01003933
-0.01002251
-0.01014973
-0.01053644
-0.01107561
-0.01148024
-0.01159655
-0.01141173
-0.01103476
-0.01074839
-0.01056352
-0.0104986
-0.01070422
-0.01110311
-0.01153759
-0.01199675
-0.01239824
-0.01272438
-0.01321443
-0.01401149
-0.01485797
-0.01552717
-0.01616906
-0.01691824
-0.01773211
-0.01866022
-0.01963848
-0.02038297
-0.02070138
-0.0206601
-0.02049277
-0.02039857
-0.02041655
-0.02034584
-0.0198608
-0.01896444
-0.01806596
-0.01739837
-0.01675805
-0.01602533
-0.01538791
-0.01504103
-0.01498605
-0.01507384
-0.01514827
-0.01514277
-0.01508156
-0.01502285
-0.01500366
-0.01502163
-0.01505114
-0.01509466
-0.0152719
-0.01546572
-0.01545432
-0.01526047
-0.01505282
-0.01495728
-0.01494321
-0.01472415
-0.01401096
-0.01280665
-0.01138102
-0.01016121
-0.00928865
-0.00853213
-0.007797099
-0.007231071
-0.006909356
-0.006609573
-0.006142319
-0.005448632
-0.004721288
-0.004183718
-0.003747501
-0.003275469
-0.002668998
-0.002037395
-0.001604924
-0.001457747
-0.001490574
-0.001473951
-0.001057353
-0.0001586109
0.0008097897
0.001389268
0.001472042
0.001276486
0.001097604
0.00109557
0.001234708
0.001388478
0.001558364
0.00189767
0.002348331
0.002700355
0.002835001
0.00279664
0.002709839
0.002670065
0.002689051
0.00259899
0.002226518
0.001739779
0.001404952
0.001318165
0.00127864
0.00112991
0.001070564
0.001184835
0.001369597
0.001495668
0.001537775
0.001700404
0.002273531
0.003195557
0.004193638
0.005164739
0.006032486
0.006798146
0.007632916
0.008542296
0.009412738
0.01014479
0.01061661
0.0108051
0.01079446
0.0106823
0.01040522
0.009939957
0.009276552
0.008341602
0.007140125
0.005777777
0.004384723
0.00303265
0.001726057
0.0004752522
-0.0005431275
-0.001168245
-0.001537218
-0.001653699
-0.001516413
-0.001277802
-0.0009847395
-0.0002912531
0.0009901488
0.002691015
0.00469004
0.006975121
0.009443711
0.01176072
0.01362096
0.01502111
0.01614859
0.01702235
0.01755491
0.01775816
0.01766094
0.01726358
0.01677034
0.0163645
0.01597938
0.01550773
0.01478259
0.01371213
0.01237796
0.01105134
0.01002533
0.009206147
0.008383327
0.007652071
0.007071099
0.006539828
0.006110474
0.005873843
0.005823227
0.005867272
0.005919172
0.005945791
0.005946692
0.005936517
0.005930349
0.005933982
0.00594299
0.00591911
0.005705052
0.005244313
0.004755581
0.004472054
0.004440095
0.004522032
0.004427938
0.004015927
0.003500482
0.003163134
0.003098414
0.003204906
0.003321709
0.003353899
0.003305951
0.003237339
0.003200167
0.003244789
0.003527379
0.004024342
0.004486377
0.004721083
0.004723999
0.004623345
0.004550836
0.004557791
0.004616193
0.004670802
0.004688058
0.004671017
0.004643815
0.004627957
0.0046293
0.00464027
0.004649949
0.004652474
0.004648875
0.004643811
0.004641126
0.004641563
0.004644822
0.004706186
0.004934588
0.005116755
0.00505208
0.004818055
0.004531412
0.00403994
0.003241295
0.002410543
0.001801709
0.001255217
0.0005408373
-0.0003010809
-0.001147598
-0.001880971
-0.002515963
-0.003014047
-0.003310022
-0.00332306
-0.002978714
-0.002352735
-0.00158206
-0.0008388096
-4.214192e-05
0.0008516642
0.001733505
0.002536746
0.0032299
0.003861617
0.004343274
0.004457998
0.00397282
0.003024182
0.002141142
0.001723891
0.001767069
0.001995427
0.002142358
0.002116898
0.001967297
0.0016784
0.001394697
0.001392297
0.001648151
0.001934272
0.002071401
0.002041511
0.001940003
0.001868884
0.00184526
0.001712243
0.00148029
0.001253196
0.0009853864
0.0007229885
0.0005551199
0.0005082416
0.0005066797
0.0003326287
-0.0001297897
-0.0008376758
-0.00157362
-0.002066739
-0.002188901
-0.001871776
-0.001282247
-0.0007828756
-0.0005947242
-0.000672964
-0.0008283204
-0.0009054303
-0.0008346771
-0.0005088811
9.796812e-06
0.0004965361
0.0009471443
0.001398607
0.001752548
0.001891377
0.001672444
0.001136328
0.0004106634
-0.0004164567
-0.001514124
-0.002959923
-0.004510628
-0.005760901
-0.006652968
-0.007435426
-0.008156153
-0.008666547
-0.008887533
-0.008952557
-0.009238594
-0.009989367
-0.01093363
-0.01159813
-0.01176832
-0.01159205
-0.01142837
-0.01165486
-0.01217605
-0.01244899
-0.01222634
-0.01176214
-0.01135544
-0.01090739
-0.01021457
-0.009444322
-0.00891675
-0.008756447
-0.008843114
-0.008970524
-0.009007744
-0.008942363
-0.008831401
-0.008747159
-0.008721806
-0.008650629
-0.008342907
-0.007784195
-0.007069564
-0.006447093
-0.006121492
-0.005992098
-0.005737169
-0.00529845
-0.004756608
-0.004162965
-0.003817319
-0.004116316
-0.005010335
-0.005941041
-0.006425365
-0.006408363
-0.006164722
-0.006118789
-0.006652318
-0.007680925
-0.008653201
-0.009127904
-0.009093784
-0.008841451
-0.00865966
-0.008522351
-0.008101206
-0.007315773
-0.00651233
-0.005902417
-0.005395887
-0.004836613
-0.004183004
-0.003605439
-0.003131388
-0.002659977
-0.002102999
-0.001473742
-0.001007636
-0.001138722
-0.00200045
-0.003235013
-0.004541554
-0.005937389
-0.007359435
-0.008473067
-0.009337191
-0.01021561
-0.01101081
-0.01150216
-0.01163131
-0.01154851
-0.01145572
-0.01141594
-0.01119644
-0.0105467
-0.009612894
-0.008583685
-0.007305807
-0.005741975
-0.004243577
-0.002927472
-0.001749119
-0.0005314332
0.0007421466
0.001982261
0.003216099
0.004491421
0.005763107
0.006773051
0.007295525
0.007375146
0.007253776
0.007162442
0.007189494
0.007288925
0.007310249
0.007020884
0.006420009
0.005640216
0.00486934
0.004109752
0.003249234
0.002333136
0.001367265
0.0003745328
-0.0004108986
-0.0007958884
-0.0008272903
-0.0007080448
-0.0005311651
-0.0001146313
0.0006417967
0.001456246
0.002064597
0.00260847
0.003295348
0.004005038
0.004580736
0.005092116
0.00553778
0.005828636
0.005935359
0.005920908
0.005873168
0.005729658
0.005366418
0.004913097
0.004455637
0.00381996
0.002962972
0.002053605
0.001241967
0.0007089438
0.0005135557
0.0005426218
0.0006215196
0.0006387493
0.0005631711
0.000292109
-0.0002006008
-0.000689425
-0.0009429351
-0.0009271401
-0.0007845894
-0.000677572
-0.0006531218
-0.0005343794
-0.0001804633
0.0002793799
0.0007752707
0.001301766
0.001760262
0.002206054
0.002713183
0.003344667
0.004053346
0.004780146
0.005459936
0.006117816
0.006732227
0.007200747
0.007668551
0.008385578
0.009249931
0.009968054
0.01045386
0.01063561
0.01064186
0.01049637
0.01016777
0.009573305
0.008633997
0.007395399
0.006073726
0.005050795
0.00445511
0.003914943
0.003313059
0.002694557
0.002190966
0.001921953
0.001876681
0.001940789
0.001996518
0.001992666
0.001946472
0.001905305
0.001994003
0.002369526
0.0030203
0.00381169
0.004447524
0.004853749
0.005219616
0.005702315
0.006363747
0.007123406
0.00788044
0.008437457
0.008801179
0.009173405
0.00956072
0.009866963
0.01018149
0.01061054
0.01103504
0.01131216
0.01155137
0.01192072
0.01233403
0.01263688
0.01290595
0.01330521
0.01392407
0.01465466
0.01521036
0.0154294
0.01538257
0.01525733
0.01516305
0.01492463
0.01429475
0.01338735
0.01240901
0.0113987
0.01052494
0.009951579
0.009533088
0.009142156
0.008821452
0.008580623
0.008253361
0.007892127
0.007841182
0.008230536
0.008952522
0.00968215
0.01010585
0.0102633
0.01048647
0.01087794
0.01136287
0.01192222
0.01243015
0.01282332
0.01314686
0.01333225
0.01351267
0.01376567
0.01401831
0.01418586
0.0142374
0.01407812
0.0136269
0.01309104
0.01262062
0.01216951
0.01178519
0.01142042
0.01069686
0.009428359
0.007988028
0.006786025
0.005969101
0.005439462
0.005099468
0.004741661
0.004237197
0.003744974
0.003459485
0.003415735
0.003504336
0.003588044
0.003566387
0.00330237
0.002790927
0.002284271
0.00201508
0.00197011
0.001796781
0.00116191
0.0001994591
-0.0008232393
-0.001822028
-0.002695759
-0.003429717
-0.004060618
-0.004696409
-0.005337449
-0.005817948
-0.006093482
-0.006335042
-0.006453443
-0.006405839
-0.006424835
-0.006451573
-0.006344208
-0.006148865
-0.005988902
-0.005934823
-0.005900895
-0.005544257
-0.00471807
-0.003783797
-0.003193332
-0.00307926
-0.003251483
-0.003433952
-0.003472507
-0.003382206
-0.003265821
-0.003208001
-0.00322396
-0.003275282
-0.003321193
-0.003461706
-0.00383356
-0.00429448
-0.004611346
-0.004693622
-0.004619039
-0.004521371
-0.00460062
-0.004884748
-0.005153172
-0.005292308
-0.005277162
-0.005157074
-0.004929181
-0.004840119
-0.005091741
-0.0055235
-0.00583138
-0.005736153
-0.005226162
-0.004630371
-0.004271867
-0.004231283
-0.004405457
-0.004737308
-0.005010008
-0.005166032
-0.005323729
-0.005497928
-0.005634227
-0.005697822
-0.005733706
-0.005933475
-0.006340186
-0.006752206
-0.00703888
-0.007295647
-0.007464077
-0.007630091
-0.007820275
-0.007773476
-0.007487275
-0.007370051
-0.007671436
-0.00842013
-0.009468817
-0.01042793
-0.01095017
-0.01109307
-0.01125194
-0.01149934
-0.01163059
-0.01173193
-0.01189899
-0.01215538
-0.01248469
-0.01271635
-0.01290286
-0.01310799
-0.01328919
-0.01339636
-0.01352904
-0.01374585
-0.01394076
-0.01431642
-0.01498247
-0.01566965
-0.01606633
-0.01597442
-0.01529754
-0.01439587
-0.01379855
-0.01340879
-0.01292065
-0.0122468
-0.01145707
-0.01078357
-0.01026415
-0.009772943
-0.009192406
-0.008531889
-0.007996765
-0.007741981
-0.007715973
-0.007625304
-0.007242283
-0.006563789
-0.005771442
-0.005158835
-0.004729641
-0.004350862
-0.004020938
-0.003797222
-0.003703882
-0.003713003
-0.003751526
-0.003794095
-0.004001997
-0.004416954
-0.004835814
-0.005064715
-0.005121661
-0.005293924
-0.005689395
-0.006116186
-0.006367875
-0.006463915
-0.006685263
-0.007105561
-0.007511332
-0.007774623
-0.008072192
-0.008540363
-0.009212936
-0.009892449
-0.0103125
-0.01040091
-0.01020221
-0.009741679
-0.009122475
-0.008436907
-0.007774921
-0.007122941
-0.006480947
-0.005823855
-0.005261599
-0.004935727
-0.004856054
-0.004902162
-0.004942926
-0.00493555
-0.004889232
-0.004827885
-0.004783256
-0.004771294
-0.004777034
-0.004643862
-0.004098012
-0.003194041
-0.002364356
-0.001814506
-0.001290705
-0.0005956433
9.041029e-05
0.0005298977
0.0008298874
0.001379144
0.002223504
0.003022275
0.003616662
0.004066371
0.004376678
0.004558352
0.004801993
0.005250025
0.005721174
0.005857648
0.005647796
0.005320328
0.004970394
0.004706538
0.004595305
0.00464206
0.004894337
0.005167065
0.005369803
0.00557061
0.005759261
0.00593368
0.006247599
0.006726058
0.00716547
0.007389142
0.007393201
0.007298807
0.007229973
0.0072351
0.007288317
0.007300164
0.007059746
0.006554375
0.00599506
0.005446769
0.004911296
0.004312459
0.003657885
0.002959699
0.002280343
0.00161657
0.000978755
0.0003156699
-0.0003595661
-0.001049379
-0.001660398
-0.002110187
-0.002478469
-0.002642201
-0.002526077
-0.002277833
-0.001905289
-0.001172251
-0.0001511126
0.0009854643
0.00217269
0.003405478
0.004600929
0.005587197
0.006341484
0.006852266
0.007201901
0.007605867
0.008066424
0.008330218
0.008136975
0.007602776
0.006853282
0.005874192
0.00496694
0.004324302
0.003836965
0.003464816
0.003229551
0.003003947
0.002605231
0.002127803
0.001655142
0.001155109
0.0008701217
0.001172156
0.002018295
0.002896735
0.003498635
0.004045804
0.004749689
0.005554259
0.006362987
0.007111643
0.007813205
0.008503396
0.009201048
0.009919663
0.01075745
0.01149869
0.01177688
0.01158846
0.01108387
0.01045793
0.009968865
0.009616158
0.009213282
0.008483165
0.007355006
0.006105037
0.00492589
0.003960004
0.003226573
0.002636987
0.002212686
0.001991421
0.001945187
0.002007911
0.002257021
0.002706979
0.00318412
0.003709951
0.004448201
0.005281915
0.005929076
0.006395443
0.006828263
0.007390069
0.008049427
0.008570592
0.008798741
0.008779382
0.008672237
0.008611616
0.008637616
0.008719503
0.00878763
0.008795602
0.008755991
0.008710494
0.008689772
0.008696767
0.008679993
0.008454246
0.007945878
0.007215587
0.0064871
0.005970892
0.005566029
0.005167413
0.004833088
0.004647548
0.004623393
0.004688938
0.004751719
0.004765734
0.004798712
0.005058341
0.00553517
0.006031742
0.006531947
0.007000998
0.007318065
0.007433929
0.00741267
0.007360844
0.007346433
0.007316742
0.007070903
0.00662287
0.006215794
0.006041826
0.006017302
0.005826231
0.0055153
0.005456252
0.005732052
0.006112952
0.006365909
0.006417612
0.006338091
0.006155946
0.005790031
0.005252423
0.004601275
0.003946643
0.003301009
0.002673095
0.002029836
0.001383417
0.0007196075
6.449155e-05
-0.000591076
-0.001138466
-0.001446385
-0.001505277
-0.001429225
-0.001357012
-0.00134335
-0.001367322
-0.001258841
-0.0008517958
-0.0003142145
0.0001926017
0.0006904438
0.001109727
0.001471172
0.001918375
0.002378284
0.002694967
0.002809373
0.002771068
0.002689627
0.00262908
0.0024623
0.002084039
0.001641847
0.001326992
0.001067062
0.0006814955
9.912224e-05
-0.0005938525
-0.001151545
-0.001437916
-0.001633269
-0.001961981
-0.00236481
-0.002664257
-0.002783487
-0.002776073
-0.002699681
-0.002448819
-0.002021946
-0.00163714
-0.001468783
-0.001503854
-0.001611913
-0.001675245
-0.001662208
-0.001622228
-0.001645109
-0.001909739
-0.002416208
-0.002897703
-0.003165131
-0.003394472
-0.003750592
-0.004173691
-0.004681626
-0.00523797
-0.00572182
-0.006194229
-0.006665611
-0.007009903
-0.007157635
-0.007146161
-0.007078625
-0.007055739
-0.00710167
-0.007172805
-0.007214001
-0.007194883
-0.007135072
-0.007080281
-0.007059215
-0.007064719
-0.007067339
-0.007064845
-0.007063676
-0.006967102
-0.006609898
-0.006107317
-0.005737402
-0.00563102
-0.005616557
-0.005380409
-0.004926969
-0.004405071
-0.003851113
-0.003371914
-0.00299906
-0.002579553
-0.002118726
-0.00167796
-0.001196263
-0.0007349021
-0.0004272396
-0.0001985306
0.0001525823
0.0005740892
0.0008856575
0.0009964316
0.0009470482
0.0008405512
0.0007798982
0.0007978335
0.0008450378
0.00087028
0.0008602066
0.0008259943
0.0006632149
0.0001159187
-0.0009381842
-0.002207885
-0.003148832
-0.00350699
-0.003554423
-0.003580888
-0.003712198
-0.004008916
-0.004194518
-0.004013336
-0.003599192
-0.003226826
-0.002916858
-0.002550553
-0.002178909
-0.001928653
-0.001846235
-0.001836888
-0.001629869
-0.001192465
-0.0009492506
-0.001119965
-0.00131848
-0.001226998
-0.001106629
-0.001246199
-0.001562315
-0.001861267
-0.002196783
-0.002606179
-0.002986331
-0.003389784
-0.003844421
-0.004219056
-0.004358066
-0.004085497
-0.003518369
-0.003013722
-0.002748509
-0.002582961
-0.002486873
-0.002323241
-0.002020739
-0.00170779
-0.001526272
-0.001504034
-0.001568314
-0.001627794
-0.001636794
-0.001604961
-0.001566116
-0.00148365
-0.001182924
-0.0007889697
-0.000700743
-0.0009891156
-0.001389803
-0.001730544
-0.002101403
-0.002497384
-0.002883513
-0.003340002
-0.003804406
-0.004118052
-0.004128196
-0.003752402
-0.003208598
-0.002808526
-0.002587595
-0.002315785
-0.001941068
-0.00160624
-0.001423901
-0.001376416
-0.001267201
-0.0008990085
-0.0004142741
-0.0002025869
-0.0005180242
-0.001112922
-0.001572754
-0.00169812
-0.001571955
-0.001390969
-0.001294343
-0.00118927
-0.0008633505
-0.0003972771
8.438961e-05
0.0004749776
0.0006666668
0.0008303313
0.001038736
0.001231506
0.001340813
0.001380279
0.001536867
0.001930492
0.002389786
0.002695122
0.002770501
0.002709795
0.002780716
0.00299666
0.003086561
0.002976556
0.002756453
0.002414268
0.001941456
0.001511516
0.00128588
0.001270104
0.001351393
0.001409432
0.001384312
0.001298323
0.001216979
0.001184782
0.001199986
0.001231912
0.001251679
0.001252912
0.001254515
0.001258482
0.00125388
0.001241882
0.001230946
0.001226631
0.001228268
0.001231809
0.001269182
0.001506469
0.001958128
0.002358073
0.002365959
0.002132476
0.001980192
0.001884071
0.001915735
0.002072689
0.002104433
0.002017372
0.001797856
0.001472062
0.001192123
0.001066677
0.00101916
0.0007767117
0.0002440441
-0.0005143506
-0.001237026
-0.001721107
-0.002096644
-0.002470423
-0.002782025
-0.003019024
-0.003367262
-0.00384509
-0.004255669
-0.004446179
-0.004356435
-0.003927831
-0.003353361
-0.00294191
-0.002824748
-0.002826245
-0.002707505
-0.002514404
-0.002239162
-0.002024753
-0.002229664
-0.002870156
-0.003402991
-0.003373214
-0.002732006
-0.001907919
-0.001380831
-0.001203932
-0.001037295
-0.0007177804
-0.0002628903
0.0003296253
0.000899828
0.001244376
0.001318066
0.001235785
0.001148476
0.001136504
0.001183198
0.001111976
0.0007511248
0.0002582895
-9.615492e-05
-0.0001945504
-9.539417e-05
0.0001942629
0.0006544166
0.0009355276
0.0007671669
0.0003037338
-0.0002327491
-0.0005815347
-0.0005230003
-0.0001920547
0.0001143259
0.000217029
0.0001171952
-0.0001769748
-0.0005067604
-0.0007412754
-0.0009026166
-0.0008310281
-0.0004842592
-8.575479e-05
0.0001756196
0.0003859459
0.0005324191
0.0006696984
0.0009020997
0.00116643
0.001307653
0.001101467
0.0005764018
4.732738e-05
-0.0002957307
-0.0006012413
-0.0009641191
-0.001351939
-0.001843518
-0.002444255
-0.003134836
-0.003781837
-0.004252568
-0.004663318
-0.005081517
-0.005365835
-0.005258873
-0.004819429
-0.004277461
-0.003621763
-0.002813265
-0.00197854
-0.001116461
-0.0002001768
0.0006626402
0.001512361
0.002392871
0.003132129
0.003673476
0.004164288
0.004601285
0.005010511
0.005494618
0.00595625
0.006239667
0.006301668
0.006093699
0.005473804
0.004553133
0.003741385
0.003213871
0.002800508
0.002290736
0.001635009
0.001049971
0.0007175712
0.0004786882
-2.81618e-05
-0.0008401726
-0.001618987
-0.002218092
-0.002850079
-0.003600927
-0.004250573
-0.00459178
-0.004629997
-0.004527469
-0.004448095
-0.004457463
-0.004525181
-0.004587749
-0.004606758
-0.004624397
-0.004845987
-0.00529785
-0.005776405
-0.006255191
-0.00673665
-0.007099663
-0.007199053
-0.006895223
-0.006353032
-0.005856108
-0.005406007
-0.004928221
-0.004282189
-0.00339266
-0.002508058
-0.00195778
-0.001826312
-0.001943276
-0.00201597
-0.001671815
-0.0007823529
0.0003375815
0.001426723
0.002391338
0.003170232
0.003826605
0.004433454
0.005073931
0.005656877
0.006114553
0.006475057
0.006569027
0.006378582
0.006100668
0.005808661
0.00540647
0.004849639
0.004170545
0.003598381
0.003202884
0.002932067
0.002794942
0.002611737
0.002349641
0.00211586
0.001997462
0.002105993
0.00237926
0.002656463
0.002943507
0.003191173
0.00333242
0.003363253
0.003337043
0.003312901
0.003317349
0.003342168
0.003365534
0.003337961
0.003128828
0.002866376
0.00259746
0.002101733
0.001367121
0.0005190209
-0.0002736979
-0.000961203
-0.001524739
-0.001919114
-0.002294564
-0.00278278
-0.003442766
-0.004154767
-0.0046585
-0.004818401
-0.004723589
-0.004515139
-0.00416633
-0.003738161
-0.003352814
-0.002939439
-0.00243851
-0.001812426
-0.001127226
-0.000410831
0.0002899332
0.0009763036
0.001462491
0.001560089
0.001612475
0.002037694
0.002740471
0.003429902
0.004026781
0.004465264
0.004771141
0.005148716
0.005696915
0.006404171
0.007171821
0.007933926
0.008515868
0.008914015
0.009302741
0.009679573
0.009946707
0.009934558
0.009542365
0.00887899
0.008116431
0.007411476
0.006655946
0.005802469
0.004946275
0.004031644
0.003078022
0.002193691
0.001171917
-0.0001642392
-0.001579752
-0.002731207
-0.003537417
-0.004267215
-0.005048916
-0.005726658
-0.006275738
-0.006781396
-0.00717496
-0.007365851
-0.007377662
-0.007317283
-0.007290776
-0.00733524
-0.007390236
-0.00724573
-0.006780981
-0.006056131
-0.005099734
-0.00395144
-0.002840038
-0.001888534
-0.0009905172
-0.0001429889
0.0006421644
0.001343211
0.002004986
0.002625089
0.003075098
0.003237458
0.002986893
0.002435587
0.001892054
0.001416817
0.0009794243
0.0006154099
0.0002018558
-0.0003077306
-0.0007879907
-0.001271617
-0.001778568
-0.00223457
-0.002712523
-0.003212561
-0.003654094
-0.004113389
-0.00458313
-0.004927612
-0.005069343
-0.005055159
-0.004993008
-0.004963275
-0.004924387
-0.004674181
-0.004214122
-0.003792063
-0.003539394
-0.003325913
-0.003181582
-0.003089492
-0.003154901
-0.003395155
-0.003648584
-0.00376675
-0.003834491
-0.004103673
-0.004552151
-0.005033699
-0.005635536
-0.006327544
-0.006626028
-0.006218782
-0.005430452
-0.004813475
-0.00464015
-0.00480394
-0.005031163
-0.005124861
-0.005057375
-0.004806364
-0.004325407
-0.003917424
-0.003832879
-0.003855979
-0.003783278
-0.003615511
-0.003454514
-0.003376121
-0.003382182
-0.003419187
-0.003317293
-0.002928938
-0.002419196
-0.001892354
-0.001186752
-0.0003380198
0.0003480133
0.0006586592
0.000644255
0.0005330277
0.0006571099
0.001164203
0.001934308
0.002721551
0.003236344
0.003381071
0.003287547
0.003163117
0.003134205
0.003200613
0.003290084
0.003338059
0.00329148
0.00299765
0.002478017
0.001997756
0.001766882
0.001745909
0.001609741
0.001202733
0.0007831548
0.000719721
0.0008599565
0.0009476487
0.001090911
0.001429414
0.002025523
0.002698634
0.003159341
0.003294713
0.003212372
0.003155395
0.003409587
0.003934649
0.004428356
0.004675036
0.004673363
0.004562042
0.004477995
0.004379315
0.004076313
0.003621871
0.003246049
0.00309169
0.00312598
0.003221003
0.003271189
0.00325062
0.003196157
0.003165051
0.003189006
0.003246075
0.003294352
0.003310571
0.003299829
0.003281781
0.003272405
0.003275185
0.003283977
0.003268515
0.003049048
0.002406458
0.001464279
0.000496268
-0.0004426298
-0.001314374
-0.002102984
-0.00294559
-0.003851854
-0.004729688
-0.005478029
-0.005942231
-0.006090755
-0.006046472
-0.005972357
-0.005961883
-0.006016223
-0.006080111
-0.006076044
-0.005824862
-0.005327457
-0.004845975
-0.004566917
-0.004336179
-0.004001719
-0.003647986
-0.003417618
-0.003355006
-0.00339254
-0.003370412
-0.003077364
-0.002561756
-0.002101818
-0.00184867
-0.001668511
-0.00162483
-0.001779101
-0.001996349
-0.002194736
-0.002506724
-0.002934421
-0.003298794
-0.003468329
-0.00346015
-0.003383342
-0.003335843
-0.003337907
-0.003261387
-0.002930925
-0.002455759
-0.001994537
-0.001513887
-0.001061585
-0.0006531391
-0.0001835842
0.0002799826
0.0005900588
0.0006811613
0.0006244785
0.0005437971
0.0005180239
0.0005505961
0.0006002311
0.0006281469
0.0006165082
0.0004465645
2.493489e-05
-0.0004795506
-0.0009695761
-0.00144558
-0.00181227
-0.002012228
-0.002217235
-0.002595155
-0.003041844
-0.003353557
-0.00343557
-0.003357862
-0.003255883
-0.003218705
-0.003215933
-0.003033928
-0.002611215
-0.002115288
-0.001557447
-0.0008116734
1.075135e-06
0.0006214046
0.00108776
0.001516135
0.001900141
0.00233532
0.0028394
0.003251575
0.003387751
0.003100414
0.002550884
0.002092101
0.001926887
0.001947879
0.001807304
0.001407238
0.0009655097
0.0007077535
0.0006802857
0.000716316
0.0005718037
0.0003152207
-9.18221e-05
-0.0007344681
-0.001331024
-0.001440283
-0.001058312
-0.0005687546
-0.0003256025
-0.0004798925
-0.00100783
-0.001609166
-0.001976455
-0.002024855
-0.001874772
-0.001716954
-0.001668526
-0.001724577
-0.00180959
-0.001856128
-0.001847394
-0.001809451
-0.001777755
-0.001770307
-0.00178247
-0.001798672
-0.001806693
-0.001804369
-0.001797106
-0.001791464
-0.001790396
-0.001798802
-0.001929078
-0.002186224
-0.002278174
-0.002120861
-0.001871675
-0.001709263
-0.00168431
-0.001596545
-0.001212635
-0.0005296963
0.000255242
0.0008455547
0.001232611
0.001585048
0.001945126
0.002386371
0.002934284
0.003426125
0.003685938
0.003555431
0.003069197
0.0025233
0.002046985
0.001614608
0.001293641
0.001140217
0.001121661
0.001153659
0.001147874
0.0009216559
0.0002782098
-0.0006624708
-0.001619034
-0.002398547
-0.002997542
-0.003508959
-0.00388906
-0.004110541
-0.004373414
-0.004822107
-0.005474313
-0.006168478
-0.006642167
-0.006790064
-0.006716001
-0.006602067
-0.006528532
-0.00632318
-0.005911582
-0.005444523
-0.004940642
-0.004421232
-0.004031443
-0.003859583
-0.003848098
-0.003878655
-0.003876371
-0.00383466
-0.003747393
-0.00346472
-0.002978881
-0.002522175
-0.002232898
-0.001943423
-0.001555024
-0.001189055
-0.0009897819
-0.000902883
-0.0006638384
-0.0002274742
0.0001934643
0.0004751673
0.0007887408
0.001264972
0.001939517
0.002682385
0.00341244
0.004008168
0.004270508
0.004043065
0.003438719
0.002668573
0.002013119
0.001683422
0.001600489
0.001403823
0.0009112398
0.0001583804
-0.0005870977
-0.001030476
-0.001109482
-0.0009834958
-0.0008582981
-0.0008303218
-0.0007766175
-0.0003892471
0.0004128991
0.00118536
0.001371512
0.0008830006
8.895312e-05
-0.0004453123
-0.0006416107
-0.0006945548
-0.0007472162
-0.0008343291
-0.0009199826
-0.0009554711
-0.0009359405
-0.000894261
-0.0008644046
-0.000858919
-0.0008757835
-0.001021475
-0.001415151
-0.00189949
-0.002353414
-0.002827242
-0.003245577
-0.003474734
-0.003380824
-0.002924729
-0.00224606
-0.001502564
-0.0009407509
-0.000573466
-6.055755e-05
0.0007545854
0.001578527
0.002209605
0.002831516
0.003594738
0.004437495
0.005249739
0.005847035
0.006269383
0.006673974
0.007043222
0.007293416
0.007391597
0.007352815
0.007112114
0.006639008
0.005991001
0.00530533
0.004824475
0.004635714
0.004491531
0.004120507
0.003472199
0.00270541
0.00212907
0.001910284
0.00197007
0.002107885
0.002170864
0.00212935
0.002043122
0.001983251
0.001978359
0.002008032
0.001991517
0.001750586
0.001290089
0.0008128672
0.0003379487
-0.0001416682
-0.0005069238
-0.0007122691
-0.001005804
-0.001662362
-0.002544402
-0.003210496
-0.00324172
-0.002707366
-0.002056109
-0.001499603
-0.001069295
-0.0008103522
-0.0007178993
-0.0007202108
-0.0007349065
-0.0007205386
-0.0006832627
-0.0006498537
-0.0006384813
-0.0006476898
-0.0006636378
-0.0006734347
-0.0006730711
-0.0006666249
-0.0006605536
-0.0006585666
-0.0006587485
-0.0005883348
-0.0002768816
0.000202225
0.0005926536
0.000650552
0.0002649065
-0.0003201193
-0.0007388851
-0.0007377972
-0.0002527674
0.000403631
0.0008292965
0.0009826357
0.001170656
0.001510542
0.0018647
0.002077391
0.002115796
0.0020556
0.002000284
0.002116137
0.00240305
0.00253388
0.002395922
0.00214146
0.001962126
0.001932496
0.002002978
0.002074211
0.001956924
0.001492023
0.0007461746
-5.112143e-05
-0.0005960634
-0.0007794323
-0.0007045005
-0.0004330694
-0.000162686
-0.0001622813
-0.0002439628
-6.783318e-05
0.0004925028
0.001283317
0.00193147
0.002201506
0.002146444
0.001982934
0.001894019
0.001963198
0.002296598
0.002824192
0.003276858
0.003469889
0.003429182
0.003307162
0.00327618
0.003553829
0.004073217
0.004349174
0.00413579
0.003669925
0.0032961
0.003179928
0.003265841
0.00333865
0.003111034
0.002608417
0.002129438
0.001902679
0.001930601
0.002063861
0.002154177
0.002148028
0.00208178
0.002012785
0.001792318
0.001107766
0.0001478231
-0.0005939541
-0.0007632715
-0.0003151245
0.0003712082
0.0009311391
0.001261135
0.001230483
0.0009218699
0.0005151862
5.170114e-05
-0.0003655895
-0.0006103303
-0.0006659591
-0.000620058
-0.0005754077
-0.0005806142
-0.0006230704
-0.0006646737
-0.0006795988
-0.0006682901
-0.0006479021
-0.0006288877
-0.0004886803
3.705309e-05
0.0009315116
0.001752717
0.001985114
0.001535615
0.0008504899
0.0004154358
0.0003836032
0.0005910105
0.0007869895
0.0008330632
0.0007714917
0.0008593721
0.001256328
0.001766863
0.00211332
0.002193746
0.002099954
0.00198793
0.001953844
0.001997658
0.002063685
0.002101013
0.002096333
0.002068798
0.002045165
0.002036687
0.00202749
0.002004997
0.001980333
0.00197995
0.002009788
0.00204758
0.0020702
0.002071845
0.002061909
0.002053067
0.002051722
0.002056446
0.002062082
0.002064737
0.002063914
0.002060261
0.001992981
0.001681654
0.001170729
0.0006348083
0.0001059623
-0.0003355933
-0.0005878356
-0.0006487123
-0.0006091025
-0.0005692987
-0.0005757053
-0.0006162202
-0.0006550569
-0.0006684351
-0.0006573069
-0.0006335095
-0.0005090532
-0.0002669842
-0.0001727155
-0.0001867602
-3.293951e-05
0.0002949615
0.0006056094
0.0007629077
0.0007833699
0.000865346
0.001081087
0.00116137
0.001147741
0.001324517
0.001676392
0.001827012
0.001356527
0.0004149507
-0.0002643086
-4.523817e-05
0.0009135164
0.00173274
0.0017699
0.00119579
0.0005799469
0.0003312619
0.0004711631
0.0007531979
0.0009000226
0.0006800601
0.0001095222
-0.0004796281
-0.0007909088
-0.0007868142
-0.0006317703
-0.0005116135
-0.0005065323
-0.000582712
-0.0006617171
-0.000691399
-0.0006711771
-0.0005977463
-0.0003328608
0.0001009339
0.0003077345
8.071503e-05
-0.0003665393
-0.0007126248
-0.0008002622
-0.0006797495
-0.000515707
-0.0004517966
-0.000509743
-0.0006125781
-0.0006153333
-0.0003066114
0.0002983209
0.001002911
0.001391859
0.001382073
0.001280969
0.001247314
0.00144071
0.001813809
0.00214392
0.00218609
0.001885789
0.001532073
0.001220101
0.0008780302
0.0003942691
-0.0001271965
-0.0004837976
-0.0005967503
-0.0005450961
-0.0004638706
-0.000445455
-0.00061613
-0.001066657
-0.001713426
-0.002425409
-0.002962819
-0.0031854
-0.003157754
-0.003058424
-0.003143775
-0.003571555
-0.004129175
-0.004507744
-0.00458285
-0.004320763
-0.003772122
-0.003219501
-0.002921982
-0.002913953
-0.003056076
-0.00315206
-0.002931327
-0.002192585
-0.001164383
-0.0003314103
0.0001711675
0.0005352698
0.001021881
0.001676569
0.002258092
0.002557491
0.002575602
0.002467345
0.002398113
0.002418532
0.002445184
0.002216194
0.001527313
0.0006080698
-8.261609e-05
-0.0003458421
-0.0004193134
-0.0003874027
-0.0002423534
-7.671651e-05
7.715271e-05
0.0003234999
0.0005433387
0.000754404
0.0009570984
0.0009679711
0.0008587034
0.0006544104
0.0003772155
0.0001438839
-3.203918e-05
-0.0003330877
-0.0007521341
-0.001089937
-0.001223149
-0.001278597
-0.001526024
-0.001957063
-0.002344652
-0.002518741
-0.002392333
-0.001926911
-0.001348543
-0.0009654154
-0.0009739598
-0.001324687
-0.001586431
-0.001508216
-0.001195703
-0.0007675362
-0.0002428033
0.0002285051
0.0004894747
0.0005282197
0.0004562761
0.0003972878
0.0004138661
0.0004869517
0.0005550567
0.0005903843
0.0005879212
0.0004484085
0.0001745677
-6.690701e-05
-0.0003069081
-0.000507363
-0.0004525332
-6.731243e-05
0.0002796686
0.0003799693
0.0004187685
0.0005212523
0.0006640892
0.0007759851
0.0008196718
0.0008102941
0.0007967838
0.0007918894
0.0006322486
0.0002168314
-0.0002853355
-0.0008069326
-0.001297063
-0.00162412
-0.001737133
-0.001671928
-0.001373559
-0.0008529911
-0.0001757169
0.0004907142
0.0009572846
0.001360174
0.002005065
0.002843513
0.003526926
0.003824845
0.003789615
0.003631855
0.003526694
0.003542204
0.003637627
0.003722324
0.003728408
0.003605504
0.003244131
0.002795519
0.002686706
0.003029743
0.003463825
0.003536047
0.003371095
0.003300571
0.003415101
0.003596691
0.003606395
0.003161533
0.00227108
0.001362068
0.0008510868
0.0008125319
0.001028322
0.001125139
0.0008019448
0.0001141725
-0.0007235015
-0.00129089
-0.00112842
-0.0002488954
0.0007781859
0.001393747
0.001460972
0.001221371
0.001001079
0.0009772481
0.001117199
0.001277506
0.001361493
0.001349351
0.001157897
0.0005827272
-0.0003155808
-0.001110035
-0.001473469
-0.001546734
-0.001839463
-0.002559435
-0.003239351
-0.003207835
-0.002384394
-0.001352272
-0.0005574871
9.825846e-05
0.0007766348
0.001536912
0.002485306
0.003504394
0.004268003
0.00460926
0.004765647
0.005056704
0.005478453
0.005858137
0.006217287
0.006651345
0.0070598
0.00730307
0.007367495
0.007344324
0.00732376
0.007341241
0.007382593
0.007417449
0.007448918
0.007603874
0.007825535
0.007870278
0.007719272
0.007523997
0.007418339
0.007374012
0.006996233
0.006127607
0.005158368
0.004338559
0.003567942
0.00283883
0.002318131
0.002058611
0.001769102
0.001114569
0.000216729
-0.0005019871
-0.0007874793
-0.0007159144
-0.0005453826
-0.000465282
-0.0005045859
-0.0005943828
-0.0006566502
-0.000660264
-0.0006241114
-0.0005859829
-0.0005707624
-0.00054369
-0.0003230034
0.0001652873
0.0008887567
0.001627016
0.002090159
0.002183007
0.002051219
0.001920466
0.001899799
0.001968619
0.002064502
0.002130493
0.002143327
0.002119253
0.002090893
0.00208041
0.002089141
0.002104825
0.002115006
0.002115357
0.002108204
0.002038093
0.001789138
0.001529462
0.001353993
0.001343007
0.001326135
0.001151018
0.0009130533
0.000846859
0.001065645
0.001357179
0.001647244
0.001902388
0.002065852
0.002219488
0.002563861
0.003127162
0.003746454
0.004022315
0.0037587
0.003064421
0.00234197
0.001950391
0.001941482
0.002120104
0.002257168
0.002163517
0.001730123
0.001155886
0.0007468495
0.0005161488
0.0002162898
-0.0001723278
-0.00049442
-0.0006422669
-0.0006427693
-0.0007154285
-0.0009578048
-0.001212034
-0.001502045
-0.001791425
-0.002108285
-0.002550172
-0.002992533
-0.003249013
-0.003282418
-0.003196772
-0.003120055
-0.003122806
-0.003199047
-0.00328706
-0.003332705
-0.003326789
-0.0032959
-0.003271785
-0.003268739
-0.003281208
-0.003295273
-0.003301175
-0.003298141
-0.003289929
-0.003271086
-0.003238274
-0.003205183
-0.003186382
-0.003184243
-0.003190717
-0.00319623
-0.003196364
-0.003192501
-0.003167648
-0.002959566
-0.002353196
-0.001472534
-0.0007364878
-0.0004213067
-0.0004754258
-0.0006290237
-0.0004998954
1.391187e-05
0.0006083163
0.0009244499
0.0007533118
0.0003913652
0.0002711179
0.0004600561
0.0007525867
0.0009365297
0.0009086915
0.0005595673
-1.771881e-05
-0.000515594
-0.0007289918
-0.0006993681
-0.0005971313
-0.0005534244
-0.0005944562
-0.0006711677
-0.0007246688
-0.0007311049
-0.0007052122
-0.0006766401
-0.0006696651
-0.0006982343
-0.0007477117
-0.0007878612
-0.0008016813
-0.0007940646
-0.0007853359
-0.0008009587
-0.0008386531
-0.0008127024
-0.0005844434
-0.0003244115
-9.167675e-05
0.0002023218
0.0006196014
0.0008168841
0.0004492445
-0.0002846872
-0.0009071174
-0.001238508
-0.001587767
-0.002145303
-0.002675545
-0.003084081
-0.003366229
-0.003515735
-0.003559379
-0.003552752
-0.003545208
-0.003556209
-0.003578008
-0.003587727
-0.003565335
-0.003521621
-0.003484162
-0.003469679
-0.003475232
-0.00348051
-0.003343112
-0.002921701
-0.002396216
-0.002033206
-0.00180392
-0.001476557
-0.001068297
-0.000748979
-0.0006183523
-0.0006402879
-0.0007008571
-0.0007073616
-0.0006530508
-0.0005855713
-0.0005485101
-0.0005511183
-0.0005520653
-0.0003717617
7.825127e-05
0.000583198
0.0008915511
0.0009385843
0.0008359621
0.0007358868
0.0007186645
0.0007713164
0.0008354641
0.0008862803
0.001063045
0.001470108
0.001942176
0.002251098
0.00232159
0.002242574
0.002151786
0.002129827
0.002170077
0.002209864
0.002205272
0.002164895
0.002122422
0.002102296
0.002106271
0.002120712
0.002131222
0.002132033
0.001925123
0.00165042
0.00113586
0.0004479081
-0.0002441569
-0.0007592624
-0.00112746
-0.001304573
-0.001374075
-0.001308427
-0.001154537
-0.00115564
-0.001283955
-0.001589466
-0.002192276
-0.002907733
-0.00342342
-0.00360325
-0.003541462
-0.003484913
-0.003732525
-0.004254665
-0.004748643
-0.005069776
-0.005274153
-0.005172431
-0.004711063
-0.004328309
-0.004233277
-0.00417064
-0.003971734
-0.003708743
-0.003517924
-0.003458015
-0.00348849
-0.003445368
-0.003129578
-0.002632196
-0.002207922
-0.001933054
-0.00172301
-0.001687618
-0.001746551
-0.001726943
-0.001757181
-0.001903592
-0.00209616
-0.002223684
-0.002243627
-0.002208129
-0.002186259
-0.00232327
-0.002734666
-0.003234808
-0.003563647
-0.003631227
-0.003524007
-0.00337905
-0.003179561
-0.002814182
-0.002387998
-0.001959176
-0.001484436
-0.001068661
-0.0008351989
-0.0007909566
-0.0008435336
-0.0008912732
-0.0008882905
-0.0008483406
-0.0008088765
-0.0007947441
-0.0008053419
-0.000824236
-0.0008358055
-0.00083516
-0.0008272014
-0.0008196887
-0.0008170587
-0.0008188599
-0.000847184
-0.001059021
-0.001530292
-0.00220481
-0.002891012
-0.003342216
-0.003479096
-0.003400795
-0.00328762
-0.00329623
-0.003588745
-0.004107842
-0.004604231
-0.004999748
-0.005123643
-0.004722816
-0.003956748
-0.003289131
-0.003017185
-0.003098636
-0.003306882
-0.003438964
-0.003426299
-0.003325604
-0.003232023
-0.003200242
-0.003223113
-0.003259774
-0.003275433
-0.00326189
-0.003228621
-0.003181623
-0.003133501
-0.003099934
-0.003085272
-0.003081671
-0.003078197
-0.003073052
-0.003075033
-0.0030717
-0.002999279
-0.002650252
-0.001998113
-0.00148646
-0.001317095
-0.001217193
-0.001000042
-0.0007257303
-0.0005251788
-0.0004565411
-0.0004839514
-0.0005366837
-0.0006431393
-0.0008497146
-0.0009366404
-0.0007853331
-0.0005224717
-0.0003307723
-0.0002869877
-0.0003456825
-0.0004157199
-0.0004377335
-0.0004098622
-0.0003655769
-0.0003370775
-0.0003337411
-0.0003367928
-0.0003290517
-0.0003133938
-0.000287988
-0.0002601272
-0.0002401365
-0.0002231618
-0.000195928
-0.0001630873
-0.0001378878
-0.0001064968
7.373299e-05
0.0004701906
0.0009011057
0.001168059
0.001220339
0.0011463
0.001049665
0.0008678939
0.0005307488
0.0001716862
-3.533944e-05
-4.537259e-05
5.051641e-05
0.000133912
0.0001476303
0.0001077682
6.223148e-05
4.519718e-05
6.148585e-05
6.9802e-05
-0.0001381195
-0.0007429106
-0.001544396
-0.002142635
-0.002335126
-0.0022074
-0.001980805
-0.001838809
-0.001834386
-0.00190712
-0.001967681
-0.001965329
-0.001899634
-0.001812889
-0.001752246
-0.001733893
-0.00174201
-0.001750584
-0.001741435
-0.001759342
-0.002021949
-0.002654469
-0.003402495
-0.003892661
-0.003980125
-0.003803274
-0.003596276
-0.00349702
-0.003510029
-0.003563496
-0.003583877
-0.003469312
-0.003036399
-0.002276018
-0.001511512
-0.001071333
-0.001006389
-0.00105218
-0.0007857239
-7.770977e-05
0.0007337058
0.001250885
0.001365367
0.001235518
0.001089277
0.001056519
0.001129085
0.001225219
0.001280336
0.001378685
0.001653529
0.002014023
0.002382164
0.002782311
0.003124263
0.003307497
0.003322831
0.00326151
0.003222658
0.003237059
0.003259242
0.003126406
0.002761759
0.0023433
0.002081506
0.002015909
0.001953031
0.001831398
0.00180965
0.00191846
0.002057933
0.002123703
0.002092714
0.002017806
0.00198894
0.002159764
0.0025245
0.002878756
0.003061549
0.003063314
0.002968068
0.002874293
0.002837394
0.002851768
0.002849719
0.002691912
0.002497522
0.00247687
0.002621184
0.002787006
0.0028613
0.002831638
0.002756109
0.002697475
0.002680537
0.002691447
0.002702555
0.00269639
0.0026734
0.002643878
0.002574821
0.002305173
0.001744851
0.001103255
0.0006777101
0.0005709216
0.0006623906
0.0006379849
0.0002390508
-0.0002599726
-0.0005084658
-0.0004472417
-0.0001770593
0.0002251007
0.0006070418
0.0008289978
0.0008707059
0.0008148544
0.0007660568
0.0007811324
0.0008431469
0.0009010175
0.0009211373
0.0009116286
0.0009027842
0.0009082398
0.0009282226
0.0009580159
0.0009830804
0.0009921502
0.0009862597
0.0009805884
0.0009902767
0.001009792
0.001024571
0.001032559
0.001042694
0.001054286
0.001060802
0.001058971
0.001050949
0.001041262
0.001033099
0.001026986
0.001021631
0.001015607
0.001008431
0.001000537
0.0009926384
0.0009851739
0.0009781235
0.0009876869
0.001139979
0.001572602
0.002151711
0.002586185
0.00272506
0.002637174
0.002492877
0.002417578
0.002431292
0.002500995
0.002661376
0.002895656
0.003088671
0.003181203
0.003271739
0.003331204
0.003272145
0.003107434
0.002819613
0.002464789
0.002185829
0.002034339
0.001870127
0.001588191
0.001167424
0.0007386081
0.0004684087
0.0003589114
0.0002661564
0.0001827568
9.879841e-05
5.930775e-05
3.224495e-06
-8.903132e-05
-5.798271e-05
0.0001471881
0.0003936187
0.0005383635
0.0005460865
0.0004774243
0.0004133531
0.0003952604
0.0004147803
0.0004381682
0.0003899864
0.0001378735
-0.0003267707
-0.0007922236
-0.001042404
-0.001047131
-0.0009313756
-0.0008373685
-0.000823555
-0.0008596946
-0.0008922928
-0.0008896977
-0.0007850167
-0.0004603857
4.341565e-05
0.000489373
0.0006960387
0.000673523
0.0005616081
0.0005594809
0.0008418579
0.001347583
0.00180035
0.001995825
0.001948592
0.001808697
0.001711486
0.001711123
0.001773935
0.001817521
0.0017115
0.00135497
0.000853382
0.0004501967
0.0002869412
0.0003204954
0.0004120188
0.0004406931
0.0003104477
2.314241e-05
-0.0003384985
-0.0006806678
-0.0008872946
-0.0008659635
-0.0006982807
-0.0005333889
-0.0004090123
-0.0003369776
-0.0002971197
-0.0002053003
-0.0001121317
-0.0001205398
-0.0002157977
-0.0003331995
-0.0004915931
-0.0006608791
-0.0006505618
-0.0005416577
-0.0005548524
-0.0007095771
-0.0009356102
-0.00127227
-0.00166073
-0.001937022
-0.002015877
-0.001953716
-0.001864389
-0.001821742
-0.001830994
-0.001878546
-0.001994197
-0.002148019
-0.002234118
-0.002144496
-0.001919693
-0.00170558
-0.001601734
-0.001603146
-0.00164178
-0.001655574
-0.001626225
-0.001572978
-0.001524349
-0.001495181
-0.001481987
-0.001472283
-0.001456241
-0.001432034
-0.0014039
-0.001376993
-0.001353679
-0.001333089
-0.001312966
-0.001291683
-0.001266996
-0.001200841
-0.00108919
-0.0009552485
-0.0007835018
-0.000658897
-0.0005814571
-0.0004910512
-0.0003883813
-0.000316014
-0.0003384451
-0.0004659535
-0.0006124114
-0.0006918048
-0.000686505
-0.0006425748
-0.0006508308
-0.0007504431
-0.0008748941
-0.000945032
-0.0009393832
-0.0008927731
-0.0008494074
-0.0008258941
-0.0008154151
-0.0008057116
-0.0007894952
-0.0007668906
-0.0007423268
-0.0007199749
-0.0007008996
-0.0006725776
-0.0005972713
-0.0004655221
-0.0002923297
-0.0001331575
-4.365658e-05
-2.841796e-05
-5.016189e-05
-6.763059e-05
-5.022821e-05
3.150575e-05
0.0001621895
0.0003001517
0.0003522505
0.000260014
9.195239e-05
-3.955855e-05
-7.900454e-05
-4.729862e-05
2.404647e-07
2.308221e-05
1.53775e-05
-4.864715e-06
-1.776692e-05
-1.513802e-05
1.353234e-05
8.401414e-05
0.0001856776
0.0002997813
0.0003901499
0.0004298044
0.0004241768
0.0003999431
0.0003802848
0.0003540775
0.0002805734
0.0001597646
4.747614e-05
-9.178327e-06
-8.991831e-06
1.68189e-05
3.655948e-05
3.797091e-05
2.745646e-05
1.760374e-05
1.594238e-05
2.177478e-05
2.979836e-05
3.536843e-05
3.72563e-05
3.708803e-05
3.715191e-05
3.864394e-05
4.133324e-05
4.428044e-05
4.673865e-05
4.855272e-05
5.003011e-05
5.15483e-05
5.328982e-05
5.519324e-05
5.70978e-05
5.888393e-05
6.053955e-05
6.211848e-05
6.368176e-05
6.525901e-05
6.683487e-05
6.838344e-05
6.988474e-05
7.133946e-05
7.275421e-05
7.165863e-05
5.670259e-05
2.77535e-05
2.949661e-07
-1.490761e-05
-2.442176e-05
-2.146128e-05
5.408478e-06
3.800831e-05
6.437905e-05
8.306499e-05
9.345342e-05
9.722592e-05
9.793705e-05
9.865928e-05
0.0001004934
0.0001028757
0.0001048113
0.0001058364
0.0001061932
0.0001064276
0.0001069292
0.0001077423
0.0001086796
0.000109531
0.0001102156
0.0001107756
0.0001113033
0.0001118582
0.0001124442
0.0001130286
0.0001135785
0.0001140831
0.000114305
0.0001083376
8.709748e-05
5.888512e-05
4.719846e-05
6.640666e-05
0.0001010953
0.0001273027
0.0001343905
0.000127723
0.0001188377
0.0001154553
0.0001181296
0.0001229774
0.0001261441
0.0001263823
0.000124832
0.0001233195
0.0001228905
0.0001234548
0.0001243051
0.0001248321
0.0001248746
0.0001246439
0.0001244327
0.0001243915
0.0001244919
0.0001246168
0.0001246735
0.000124622
0.0001243715
0.0001240595
0.0001239809
0.0001241379
0.0001243266
0.0001243806
0.0001242782
0.0001240991
0.0001239305
0.0001238088
0.0001237165
0.0001236193
0.000123494
0.0001233418
0.0001231749
0.0001230073
0.000122843
0.0001226788
0.0001225089
0.0001223308
0.0001221443
0.0001219529
0.0001217581
0.0001215609
0.0001213605
0.0001211572
0.0001209498
0.0001207391
0.0001205262
0.0001203108
0.0001199193
0.0001185777
0.000116349
0.0001142454
0.0001126235
0.0001122106
0.0001137603
0.0001159936
0.0001176412
0.0001184855
0.0001186625
0.0001184706
0.0001183105
0.0001188847
0.0001205459
0.0001224856
0.0001235392
0.0001233193
0.0001222949
0.0001211819
0.0001204004
0.0001199483
0.0001195992
0.0001191587
0.0001185828
0.0001179468
0.0001173457
0.0001168255
0.0001163729
0.0001159501
0.0001155283
0.0001151031
0.0001146861
0.0001142908
0.0001139201
0.00011347
0.0001126717
0.0001116611
0.0001108636
0.000110505
0.0001104849
0.0001104926
0.0001101751
0.0001096845
0.000109523
0.000109795
0.0001101982
0.0001104365
0.0001104381
0.0001103125
0.0001102003
0.0001101709
0.0001102099
0.0001102681
0.0001103093
0.00011033
0.0001103658
0.0001104598
0.0001105887
0.0001107152
0.0001108377
0.0001109445
0.0001110217
0.0001110749
0.0001111231
0.0001111846
0.0001112775
0.0001113972
0.0001115081
0.0001116042
0.000111704
0.0001118254
0.0001119719
0.0001121374
0.0001123135
0.0001124965
0.0001126872
0.0001128884
0.0001131016
0.0001133271
0.000113564
0.0001138113
0.0001140687
0.0001143362
0.0001146142
0.0001149027
0.0001152018
0.0001155113
0.000115831
0.0001161609
0.000116501
0.0001168511
0.0001172113
0.0001175806
0.000117959
0.0001183472
0.0001187462
0.0001191566
0.0001195783
0.0001200102
0.0001204514
0.0001209016
0.0001213616
0.0001218315
0.0001223112
0.0001228004
0.0001232992
0.0001238077
0.0001243258
0.0001248534
0.0001253902
0.0001259363
0.0001264917
0.0001270565
0.0001276308
0.0001282144
0.0001288074
0.0001294098
0.0001300216
0.0001306427
0.000131273
0.0001319127
0.0001325617
0.00013322
0.0001338874
0.0001345641
0.00013525
0.000135945
0.0001366492
0.0001373625
0.0001380848
0.0001388163
0.0001395568
0.0001403062
0.0001410647
0.0001418322
