-0.0002628075
-0.0002623476
-0.0002618977
-0.0002613909
-0.0002608581
-0.0002602784
-0.0002596781
-0.0002590231
-0.0002583442
-0.0002576254
-0.0002568673
-0.0002560317
-0.0002551806
-0.0002543187
-0.0002534827
-0.0002527405
-0.0002520954
-0.000251277
-0.0002500384
-0.0002485237
-0.0002468524
-0.0002452255
-0.0002439472
-0.000242823
-0.000241505
-0.0002398921
-0.0002387159
-0.000239172
-0.0002400824
-0.0002395582
-0.0002378708
-0.0002378628
-0.0002415017
-0.0002449514
-0.0002427727
-0.0002352786
-0.000230302
-0.0002308675
-0.00022941
-0.0002172489
-0.0002043638
-0.0001992839
-0.0001955335
-0.0001903734
-0.0001818154
-0.0001583519
-0.0001345263
-0.0001224176
-0.0001284234
-0.0001536521
-0.0001916678
-0.0002457352
-0.0003029673
-0.0003503961
-0.0003887322
-0.0004118317
-0.0004109221
-0.0003925206
-0.0003866497
-0.0004019775
-0.0004078673
-0.0003820584
-0.0003380167
-0.0002802585
-0.0002325055
-0.0002224291
-0.0002170972
-0.0002096128
-0.0002282667
-0.0002838226
-0.0003713878
-0.0004446616
-0.0004975334
-0.0005357667
-0.000542739
-0.0004799827
-0.0003075951
-4.139224e-05
0.0002200686
0.0003824916
0.0004762967
0.000574647
0.0006625143
0.0007071161
0.0006943781
0.0006352572
0.0005754982
0.0005263564
0.0005149189
0.0005370956
0.0005203303
0.0004409453
0.0003405768
0.000199138
2.533571e-05
-0.0001008784
-0.0002368054
-0.0004661264
-0.00073851
-0.0009755867
-0.001167665
-0.001344548
-0.001464121
-0.001500749
-0.001506415
-0.001531584
-0.001573172
-0.001608904
-0.001591048
-0.001433483
-0.001175496
-0.0009261854
-0.0006675249
-0.0002780326
0.0002029419
0.0005878454
0.0006832714
0.0005167657
0.0003959926
0.0004614276
0.0005654922
0.0004195598
6.126121e-05
-0.0003126801
-0.0005676722
-0.0006821391
-0.0006488401
-0.0005396995
-0.0004544786
-0.0002364916
2.538966e-05
7.750583e-05
-0.00018055
-0.0006721384
-0.001298416
-0.001926591
-0.002379695
-0.00257646
-0.002388617
-0.001770806
-0.0009342476
-0.0001710617
0.0004532183
0.0008556046
0.0008401837
0.0005699042
0.0002374209
-8.537696e-05
-0.0001780837
0.0001702404
0.0008598561
0.001684781
0.002356858
0.002584676
0.002146702
0.001083003
-0.0001108484
-0.0009651717
-0.001437546
-0.001735944
-0.001812061
-0.001493298
-0.0009624031
-0.000445061
0.0001546547
0.0008039947
0.001405105
0.002167236
0.003216314
0.004084249
0.004398032
0.004498679
0.004738116
0.00519683
0.005482421
0.00527765
0.00485036
0.004410059
0.003737068
0.00242497
0.0007428372
-0.0005493853
-0.0008470746
-0.0005107752
-0.0003391925
-0.0005577327
-0.001037538
-0.001297859
-0.001023355
-0.0004256074
0.0003230957
0.001365806
0.002545442
0.003092879
0.002706572
0.001684925
0.0003943134
-0.0009067432
-0.002484446
-0.004702206
-0.007196437
-0.009379006
-0.01086907
-0.01142701
-0.01119485
-0.01021689
-0.008314942
-0.005324013
-0.001791344
0.001347
0.003882798
0.005799546
0.006424395
0.005800303
0.004734699
0.003630981
0.002579355
0.001747674
0.00152302
0.002116033
0.00284353
0.00294519
0.002120681
0.000472964
-0.00177898
-0.0041955
-0.005794719
-0.006191457
-0.005698
-0.004629109
-0.002756502
-0.0002681301
0.002282482
0.004797727
0.006978668
0.008587051
0.00963121
0.01011189
0.009598138
0.008050957
0.006150223
0.004666354
0.003873696
0.003317464
0.002669736
0.002041932
0.001498186
0.001243837
0.00128565
0.001521824
0.002118705
0.003054874
0.004067754
0.004726012
0.004377092
0.003211265
0.002188408
0.001885921
0.001646508
0.00108073
0.0007995284
0.0007846324
0.001307747
0.002831062
0.005436471
0.008529418
0.01108681
0.01261039
0.01251376
0.0101971
0.005789036
0.0005755463
-0.003911393
-0.007327766
-0.009785674
-0.01126272
-0.01178927
-0.01151861
-0.01082936
-0.01033578
-0.0101349
-0.0102875
-0.01067234
-0.01037875
-0.008742172
-0.006244164
-0.003864616
-0.001903659
-0.0001371859
0.0009379233
0.0002512258
-0.002156015
-0.00540814
-0.008785838
-0.01161792
-0.01341991
-0.01410511
-0.01342424
-0.0110961
-0.00766865
-0.003824386
0.0003042186
0.004060412
0.006349792
0.006954553
0.006088027
0.004196216
0.001887809
-0.0006821967
-0.003172513
-0.005199889
-0.006041375
-0.005042451
-0.002650148
-6.757131e-05
0.002032658
0.003432884
0.003809515
0.003076665
0.001208955
-0.0009290946
-0.002266632
-0.002808149
-0.002546371
-0.0012971
4.302074e-05
0.001433434
0.003173642
0.004887448
0.006007785
0.005690412
0.003663331
0.001020173
-0.001065064
-0.001582311
-0.0006930191
0.0004511905
0.001274494
0.001603872
0.001484135
0.001317067
0.001390742
0.001640915
0.002360611
0.004258856
0.00647618
0.006178461
0.001657352
-0.00535722
-0.01260938
-0.01891126
-0.02414728
-0.02760729
-0.02735649
-0.02229901
-0.01384946
-0.005413981
1.302521e-05
0.001562986
0.0006815428
-2.026268e-05
0.001293748
0.004576716
0.00920787
0.01449604
0.01966126
0.02409198
0.0261493
0.02261343
0.01247889
-0.001696765
-0.016254
-0.02688702
-0.03289006
-0.03711979
-0.04022187
-0.04026181
-0.03557176
-0.02739976
-0.01821405
-0.009476201
-0.001767528
0.004383141
0.008812231
0.01181974
0.01391007
0.01562122
0.0171729
0.01766241
0.01619362
0.01294584
0.008417427
0.003643789
0.0004643899
5.506554e-05
0.002237742
0.006020928
0.01054469
0.01511494
0.01810575
0.01868838
0.01722165
0.01601
0.01673998
0.01934689
0.02231064
0.02319058
0.01984518
0.01200838
0.002818917
-0.006221143
-0.0160299
-0.02608228
-0.03397023
-0.03761197
-0.03702534
-0.03342737
-0.02838852
-0.02222865
-0.01451769
-0.005920197
0.002026049
0.007324359
0.009481052
0.008642114
0.006356902
0.004844467
0.00504247
0.006930244
0.009452476
0.01107277
0.0114381
0.01138292
0.01174934
0.01151328
0.009325502
0.00508652
-0.0003140933
-0.005775911
-0.01047311
-0.01297192
-0.01160355
-0.006489424
0.001793457
0.01165579
0.0202048
0.02509733
0.02375654
0.01536496
0.00358906
-0.007223548
-0.01561385
-0.02006707
-0.01947699
-0.01603148
-0.01271016
-0.01095768
-0.01093093
-0.0115334
-0.011543
-0.01066161
-0.008311406
-0.004155319
0.001419177
0.007439438
0.01288818
0.01761423
0.02109555
0.02309907
0.02314328
0.02083179
0.01673865
0.01212102
0.008213838
0.005483999
0.003764259
0.002822079
0.002479626
0.002363313
0.002610879
0.003646644
0.005572237
0.008228011
0.01060325
0.0107841
0.007701459
0.002444472
-0.00350229
-0.009287627
-0.01450499
-0.01861324
-0.02025211
-0.01898149
-0.01614233
-0.0131789
-0.0104091
-0.007861498
-0.00563765
-0.003910992
-0.002243757
-0.0004284665
0.0003032941
-0.0009632628
-0.003233347
-0.004325028
-0.003767054
-0.002709583
-0.001778419
-0.001222975
-0.001652944
-0.002821262
-0.004148053
-0.003901459
-0.001307801
0.002218224
0.004880669
0.005895045
0.005507624
0.004284216
0.002131141
-0.001541622
-0.005655413
-0.008926024
-0.009804435
-0.006353057
0.001410848
0.01164529
0.02217492
0.03113769
0.03642905
0.03657784
0.0316182
0.02194299
0.009993602
-0.001867984
-0.01216743
-0.0202906
-0.02605812
-0.0279212
-0.02533274
-0.02058673
-0.01585718
-0.01186468
-0.009300148
-0.008639602
-0.008539292
-0.0063439
-0.0007878205
0.006716137
0.01391101
0.01927898
0.02091657
0.0172225
0.008707854
-0.001392789
-0.009818334
-0.01445029
-0.01443398
-0.01066503
-0.004696121
0.003575584
0.01341279
0.02190051
0.02557301
0.02217176
0.01317834
0.001715282
-0.008482126
-0.01362601
-0.01187266
-0.003930166
0.007495184
0.01852837
0.02539136
0.02568617
0.01967013
0.00940245
-0.00214704
-0.01231194
-0.01915087
-0.02206939
-0.0213921
-0.01733407
-0.01018523
-0.0008957434
0.009332288
0.0179391
0.02069884
0.0154652
0.003984223
-0.01014838
-0.02389367
-0.03410176
-0.03823295
-0.03621865
-0.0300417
-0.02138091
-0.01178142
-0.00317987
0.003031362
0.00700609
0.01021229
0.01278359
0.0138453
0.01262234
0.009370307
0.006019949
0.003584511
0.00114262
-0.002097793
-0.005454304
-0.007893563
-0.008039251
-0.005099028
-4.179271e-05
0.005823463
0.01154199
0.01584588
0.01797341
0.01768538
0.01498287
0.01181546
0.01114325
0.01411177
0.01979713
0.02571176
0.02874889
0.0268901
0.02065494
0.01255083
0.004306722
-0.003997394
-0.01276365
-0.02170034
-0.03004435
-0.03643239
-0.03957564
-0.03980838
-0.03764049
-0.03227441
-0.02295998
-0.0118703
-0.00268975
0.002732948
0.00531515
0.007620878
0.01159731
0.01747558
0.02455878
0.0327257
0.04112203
0.04762423
0.05074566
0.05013538
0.04588443
0.03808296
0.02718304
0.01438584
0.001443694
-0.009439143
-0.01734022
-0.02239089
-0.02496631
-0.02576298
-0.02508082
-0.0220428
-0.01701498
-0.0127419
-0.01078203
-0.00901719
-0.004913725
0.002412801
0.01062286
0.01479674
0.01326473
0.007865614
0.001904717
-0.002580937
-0.005511529
-0.007996744
-0.01152403
-0.01604795
-0.0198257
-0.02125159
-0.01959468
-0.01515364
-0.00936462
-0.001826306
0.007906325
0.0176406
0.02370449
0.02345678
0.01660924
0.006159927
-0.004359817
-0.01178249
-0.01479807
-0.01472517
-0.01280779
-0.008512506
-0.001530476
0.00644347
0.01314763
0.01726082
0.0179878
0.01544828
0.01051888
0.004268537
-0.001184956
-0.004606665
-0.006419587
-0.006839867
-0.004797136
-3.57465e-05
0.005771503
0.01106405
0.01585876
0.02149305
0.02807159
0.03389496
0.03766194
0.03875702
0.03828322
0.03644692
0.0314742
0.02302927
0.01304823
0.003971902
-0.002354844
-0.005184701
-0.004489537
-0.001012833
0.003152961
0.006608012
0.00925475
0.01077636
0.01001725
0.00666721
0.002313974
-0.0009294693
-0.001718905
0.00013688
0.003792097
0.008110496
0.01102372
0.009665242
0.002725794
-0.009694416
-0.02517218
-0.03951156
-0.04989009
-0.05557323
-0.05703498
-0.05415665
-0.04640087
-0.03417648
-0.01965281
-0.006048752
0.006003013
0.01748077
0.02708639
0.03112357
0.02847865
0.02250899
0.01712287
0.01316621
0.009044281
0.003008301
-0.00521214
-0.01388387
-0.01980447
-0.02105191
-0.01862865
-0.01373764
-0.007122148
0.0006012551
0.007768519
0.0129041
0.01552278
0.01529975
0.01149868
0.004826758
-0.00276409
-0.009562033
-0.0153888
-0.02116906
-0.0278149
-0.03335044
-0.03440111
-0.02998902
-0.02368218
-0.02103592
-0.02575311
-0.03621862
-0.04782027
-0.05623097
-0.05778878
-0.0494405
-0.0298305
-0.003488833
0.0190705
0.02981371
0.02873621
0.02109394
0.01105498
-0.0009783953
-0.01446963
-0.02569026
-0.03225072
-0.03635687
-0.04179807
-0.04893574
-0.05505084
-0.05744868
-0.05541532
-0.04950989
-0.04104647
-0.03188906
-0.02429062
-0.02000624
-0.01933273
-0.02288934
-0.03229672
-0.04750214
-0.0650033
-0.08037105
-0.09102385
-0.09528597
-0.09130065
-0.07874349
-0.05949499
-0.03534933
-0.01003763
0.01024933
0.02339141
0.03246873
0.04014221
0.04491376
0.04278592
0.03179416
0.0148085
-0.001990641
-0.01355989
-0.0199537
-0.02561784
-0.0338267
-0.04536254
-0.06000117
-0.07698035
-0.09622657
-0.11722
-0.1370384
-0.1512882
-0.1559589
-0.1500444
-0.1353206
-0.1140185
-0.0890108
-0.0642359
-0.04342125
-0.02838856
-0.01776871
-0.008559273
0.001807383
0.01464116
0.0299836
0.04712492
0.06481954
0.08209767
0.09799738
0.1103724
0.1187577
0.124974
0.1316422
0.1402864
0.1505961
0.161544
0.1723632
0.1825336
0.1899695
0.1903688
0.1820167
0.1671691
0.1494727
0.1293232
0.1038155
0.07185473
0.03532441
-0.001359201
-0.03500011
-0.0623984
-0.08036298
-0.08760639
-0.08439299
-0.07161591
-0.05190849
-0.02924087
-0.007433956
0.01176759
0.02998972
0.0482087
0.06453861
0.07562284
0.07868623
0.07227925
0.05743761
0.03688928
0.0154253
-0.002730876
-0.01643181
-0.02688124
-0.03455352
-0.03628886
-0.02937138
-0.01646459
-0.003490007
0.007943573
0.02015822
0.03425701
0.04889295
0.06081913
0.06806703
0.07152739
0.07494959
0.08046829
0.08626318
0.08999895
0.090846
0.08906438
0.08672823
0.08493557
0.08312174
0.08173375
0.08232787
0.08633606
0.09341542
0.1013948
0.1079259
0.1123929
0.1152613
0.1152658
0.1090487
0.09450717
0.07285181
0.04944982
0.03088973
0.01966527
0.01486031
0.0160913
0.02309757
0.03387965
0.04457425
0.05131394
0.05183425
0.04539704
0.03278547
0.01694888
0.002525806
-0.006900342
-0.01011862
-0.008734664
-0.004541237
0.002007006
0.01093547
0.02117286
0.02935101
0.03138793
0.02478128
0.01132678
-0.003823624
-0.01519967
-0.02097009
-0.02226577
-0.02068834
-0.01778158
-0.01278075
-0.003123398
0.01231706
0.03279783
0.05398342
0.0691199
0.07517107
0.07106641
0.05565177
0.02935827
-0.001845612
-0.02586101
-0.03155601
-0.01783309
0.004447539
0.02152762
0.02620885
0.0203863
0.01118124
0.004714577
0.003062072
0.006256382
0.01468484
0.02767285
0.04066455
0.04789148
0.04836798
0.04736227
0.05068652
0.05926026
0.07036384
0.08052618
0.08680902
0.0877021
0.08459304
0.08245627
0.08569881
0.09542698
0.1070332
0.1104308
0.100463
0.08196607
0.06275921
0.04688119
0.03455316
0.0248658
0.0175757
0.01184822
0.004405192
-0.007076432
-0.01925084
-0.02666641
-0.02839524
-0.02685022
-0.02391727
-0.01892819
-0.0106802
-0.0007339105
0.008298791
0.01445472
0.01581443
0.01211792
0.004297969
-0.007162897
-0.02204201
-0.03935159
-0.0552302
-0.06534906
-0.06729617
-0.06173514
-0.05302361
-0.04514699
-0.04009368
-0.04079944
-0.0495278
-0.06517265
-0.08495217
-0.1042374
-0.117391
-0.1219139
-0.118238
-0.1083512
-0.09432556
-0.07748439
-0.06152722
-0.05264802
-0.05523257
-0.06617188
-0.07786809
-0.08466794
-0.08488551
-0.07958418
-0.06945123
-0.05402548
-0.03456513
-0.01565107
-0.005942308
-0.01140924
-0.02877724
-0.04920638
-0.06545967
-0.07435272
-0.07591777
-0.07120191
-0.06112845
-0.04766018
-0.03339001
-0.02198587
-0.01775332
-0.02241056
-0.03314348
-0.04364905
-0.04825731
-0.04276624
-0.0250136
0.006386104
0.04900957
0.09692232
0.1429119
0.1785969
0.1990196
0.2022345
0.1882879
0.1607743
0.1274194
0.09446953
0.06725613
0.05081721
0.05000056
0.06720697
0.09749355
0.1240287
0.131256
0.1174122
0.09354016
0.07165967
0.05668114
0.04540741
0.03505472
0.02751939
0.02632416
0.03090529
0.0358079
0.03447634
0.02523807
0.0114694
-0.003131529
-0.01650155
-0.02514659
-0.02463291
-0.01492675
0.001110737
0.02273657
0.04788865
0.07152997
0.08942224
0.09991631
0.1045029
0.1048105
0.1018448
0.0971319
0.09200448
0.08764159
0.083996
0.07916693
0.07012723
0.05639681
0.03951913
0.02200577
0.004897767
-0.01071341
-0.02184922
-0.02467295
-0.01831353
-0.007926211
-0.002754893
-0.009960413
-0.02894356
-0.05496541
-0.08389586
-0.1132701
-0.1419212
-0.1681111
-0.1898519
-0.2045275
-0.2086323
-0.1991164
-0.176694
-0.1474047
-0.121496
-0.1076824
-0.1056467
-0.1095359
-0.1144789
-0.1209879
-0.1321418
-0.1488733
-0.1668257
-0.1799623
-0.1852289
-0.1838036
-0.1802676
-0.1801441
-0.1855237
-0.1943144
-0.204677
-0.2176627
-0.2341411
-0.2562649
-0.2837255
-0.3123835
-0.3364428
-0.3517727
-0.3574238
-0.3540408
-0.3440107
-0.3334062
-0.3301715
-0.338277
-0.3523262
-0.3603575
-0.3519707
-0.3278383
-0.2980617
-0.2729758
-0.2558459
-0.2418407
-0.223705
-0.2013
-0.1772418
-0.1522674
-0.124508
-0.09535127
-0.06855889
-0.04517793
-0.02524362
-0.006509968
0.01365778
0.03556833
0.05865313
0.0798833
0.09706595
0.1111204
0.1214211
0.1239068
0.1136859
0.09242762
0.07247654
0.06563913
0.06914854
0.07002048
0.06102314
0.04669617
0.03499231
0.0269665
0.01681672
-0.00102536
-0.02713629
-0.05809216
-0.09150674
-0.1245308
-0.1519941
-0.1714648
-0.1833779
-0.1892863
-0.1902044
-0.1870023
-0.1802834
-0.1689611
-0.1523128
-0.1318508
-0.1136442
-0.1023712
-0.09759875
-0.09565183
-0.09402154
-0.0929236
-0.0929426
-0.09261245
-0.08702082
-0.07234335
-0.05097358
-0.02797037
-0.004922687
0.01608126
0.03211655
0.04176676
0.04615722
0.04579759
0.04101054
0.03326569
0.02460766
0.01944756
0.02354136
0.03986261
0.06742175
0.1034983
0.1465668
0.1915614
0.2321472
0.2646595
0.2863266
0.2941753
0.2872332
0.2659132
0.2371857
0.2091258
0.1829554
0.1542333
0.118323
0.07865376
0.04259727
0.01200459
-0.01311172
-0.03522572
-0.05649424
-0.0784613
-0.1017452
-0.1237691
-0.1409116
-0.1493933
-0.1458796
-0.1275408
-0.08983487
-0.03131027
0.03897009
0.1096427
0.1685872
0.216289
0.2609954
0.2950928
0.3078906
0.30118
0.2798542
0.244062
0.2024537
0.1680105
0.1411458
0.1143473
0.08522498
0.05955888
0.04346813
0.03538042
0.02785379
0.01584378
0.001513058
-0.00944054
-0.01377407
-0.01408551
-0.01619481
-0.02136598
-0.02590688
-0.02498663
-0.01726165
-0.005680727
0.006017768
0.01633378
0.02667622
0.03904096
0.05420908
0.06991041
0.08441828
0.09988605
0.1201132
0.1445858
0.1664651
0.1808968
0.1882829
0.1914997
0.1920135
0.1895664
0.1828616
0.1700917
0.1504129
0.1268938
0.105002
0.08917319
0.08073489
0.07722631
0.07590005
0.07765002
0.08580343
0.1005113
0.1157682
0.1226481
0.116098
0.1010758
0.08697413
0.07918424
0.07600577
0.07150835
0.06269325
0.05184269
0.0428514
0.03703607
0.03263413
0.02860475
0.02603303
0.028211
0.0377929
0.05314934
0.07009591
0.08508268
0.09776306
0.1100876
0.1232832
0.1355277
0.1444151
0.1483256
0.1475097
0.1453636
0.1468739
0.1533511
0.1610485
0.1662004
0.1671909
0.1638111
0.1574062
0.1479875
0.1326417
0.1097239
0.08163221
0.05381694
0.0297819
0.01027242
-0.004713868
-0.01550669
-0.0204942
-0.01725384
-0.004058786
0.01986377
0.05328118
0.09000933
0.1196969
0.1355286
0.1393378
0.1362365
0.1281306
0.1155449
0.1003796
0.08464078
0.07102108
0.0602525
0.05062492
0.03942951
0.02231352
-0.003154613
-0.03589471
-0.07027607
-0.09875112
-0.1194564
-0.1371961
-0.1555893
-0.1714899
-0.1758499
-0.1630871
-0.1374738
-0.1078058
-0.08193986
-0.06238343
-0.04910518
-0.04081998
-0.03477899
-0.03047264
-0.03083536
-0.03929954
-0.05597849
-0.07799672
-0.1016969
-0.1236453
-0.139323
-0.1442815
-0.1375146
-0.1212154
-0.09609834
-0.06257716
-0.02424526
0.007798456
0.02259825
0.01900793
0.001808494
-0.02433294
-0.0552292
-0.0869394
-0.118569
-0.1498869
-0.1796526
-0.2059768
-0.229923
-0.2546832
-0.2849703
-0.324514
-0.3711901
-0.4173653
-0.4557965
-0.4836889
-0.5013809
-0.5118459
-0.5144551
-0.5002153
-0.470912
-0.4360677
-0.3942064
-0.333646
-0.2582093
-0.1879943
-0.1357932
-0.09991226
-0.0736788
-0.0497506
-0.0229656
0.007574133
0.03562014
0.05198686
0.05366531
0.04502352
0.03132307
0.01387186
-0.008789654
-0.03648815
-0.06339346
-0.08214764
-0.08896018
-0.08491499
-0.07459558
-0.06129215
-0.0449893
-0.02500939
-0.001191921
0.02457425
0.04828482
0.06814292
0.08453172
0.09858099
0.1127886
0.1303202
0.1524544
0.1773981
0.2016598
0.2223378
0.2373801
0.2417839
0.2307181
0.2049618
0.1721494
0.1418706
0.1167994
0.09342143
0.06893554
0.04552333
0.02923484
0.02414816
0.02891613
0.04039159
0.05687786
0.07636591
0.09434844
0.1051561
0.1057645
0.09729907
0.08429397
0.07091137
0.0582805
0.04584916
0.03377665
0.02444573
0.02086517
0.02367554
0.02980801
0.0359779
0.04135279
0.04611642
0.04853343
0.04599945
0.03632102
0.01890586
-0.004931341
-0.03155604
-0.05799239
-0.0828155
-0.1076381
-0.1343512
-0.1602051
-0.1810784
-0.1960351
-0.2063063
-0.2111924
-0.2069597
-0.1903866
-0.1601819
-0.1166092
-0.06817693
-0.02185796
0.02224125
0.06573963
0.109944
0.1512769
0.1844753
0.2075799
0.2207063
0.2260821
0.2263287
0.2252097
0.2251014
0.2238689
0.2176883
0.2058741
0.1912033
0.1778721
0.1668289
0.1550831
0.1379187
0.1114382
0.07668579
0.03797792
-0.0004846102
-0.03594475
-0.06561678
-0.08722815
-0.102172
-0.1135513
-0.1227133
-0.1284189
-0.1286253
-0.1228526
-0.1122843
-0.09677624
-0.07129614
-0.0333442
0.01138147
0.05358735
0.08886125
0.1193635
0.1459726
0.166485
0.179011
0.1843722
0.1850011
0.1833464
0.1804926
0.1762739
0.1702004
0.1609177
0.1491977
0.1357912
0.1178149
0.0928285
0.06228182
0.0285632
-0.006755775
-0.04423318
-0.08541365
-0.1286865
-0.1685208
-0.1973767
-0.2115653
-0.2133308
-0.2061699
-0.1911259
-0.1679568
-0.1389336
-0.1093987
-0.08346419
-0.06166739
-0.04238405
-0.02380007
-0.003807987
0.01651509
0.03421835
0.04756419
0.05612421
0.06001459
0.05876397
0.05184072
0.0390814
0.02098404
0.0001451866
-0.02134843
-0.04350797
-0.06528484
-0.0837005
-0.09627488
-0.1028777
-0.1031364
-0.097911
-0.0885814
-0.07513787
-0.05433404
-0.02380857
0.01175785
0.04532901
0.07508179
0.1036309
0.1328254
0.1618026
0.18731
0.206233
0.2166855
0.2171892
0.2070979
0.188986
0.1669371
0.1431518
0.1217706
0.1057499
0.09411955
0.08505186
0.07776775
0.07047079
0.06006881
0.04341973
0.01990263
-0.008137349
-0.0380413
-0.06709593
-0.09303715
-0.1142286
-0.1285715
-0.1348175
-0.134697
-0.1339588
-0.1376697
-0.1461481
-0.1564017
-0.165757
-0.1743196
-0.1818459
-0.1875836
-0.1901094
-0.1863333
-0.1737178
-0.1484919
-0.1071432
-0.05255528
0.0104469
0.07687064
0.1366069
0.1805602
0.2071369
0.217455
0.2104253
0.1879447
0.1549693
0.1203859
0.09088697
0.06879855
0.0540685
0.04594163
0.04497994
0.05170207
0.06595223
0.08540301
0.1075643
0.1279269
0.1428983
0.1518359
0.1533272
0.146183
0.1341387
0.1227059
0.114159
0.1092185
0.107698
0.1080045
0.1082717
0.1078939
0.1071553
0.1051422
0.100579
0.09399367
0.0885606
0.0866515
0.08771486
0.08981292
0.09276434
0.09829192
0.1057173
0.1094214
0.1042659
0.09068563
0.07132606
0.05067331
0.03115823
0.01261793
-0.004946864
-0.02010521
-0.03024529
-0.03424909
-0.03377466
-0.0319711
-0.0317987
-0.03455714
-0.03951521
-0.04483354
-0.04688164
-0.04313863
-0.03531206
-0.0271505
-0.02204706
-0.02064558
-0.02257591
-0.02682028
-0.03312215
-0.04235407
-0.05535497
-0.07028479
-0.08389142
-0.095924
-0.1078532
-0.1199577
-0.1296886
-0.1334699
-0.128233
-0.1140857
-0.09378171
-0.06789671
-0.03818007
-0.01086333
0.01071408
0.02746023
0.04311269
0.05848515
0.0689478
0.07055685
0.06272575
0.04723931
0.02581349
0.002434159
-0.01723447
-0.03061906
-0.03818298
-0.04091065
-0.03832266
-0.02751915
-0.007695817
0.01733442
0.04252036
0.06645635
0.08919384
0.1063159
0.1144121
0.1116325
0.09781957
0.0741503
0.0455025
0.0163377
-0.01191379
-0.03921214
-0.06461505
-0.08521324
-0.09759356
-0.1027789
-0.1043678
-0.1046263
-0.1025798
-0.09682342
-0.08795996
-0.07881796
-0.07188229
-0.0676846
-0.0656982
-0.06511927
-0.06560607
-0.06737274
-0.06893679
-0.06782963
-0.06327297
-0.05651149
-0.04951642
-0.04381082
-0.04125866
-0.04325878
-0.0483303
-0.05434531
-0.05975845
-0.06226084
-0.05973728
-0.05269751
-0.04418277
-0.03562057
-0.02780089
-0.02105446
-0.01619791
-0.01378534
-0.01307583
-0.01318491
-0.01309992
-0.0121298
-0.009864638
-0.00672219
-0.003890884
-0.002843648
-0.004682107
-0.009284124
-0.01708801
-0.02837978
-0.04303527
-0.05756077
-0.06533747
-0.06422512
-0.05709759
-0.04591366
-0.03189121
-0.01722712
-0.002906271
0.009869307
0.02091354
0.03171738
0.04271129
0.05306901
0.06109627
0.06571527
0.06662228
0.06228981
0.05053118
0.0318873
0.009208741
-0.01635208
-0.04221361
-0.06582783
-0.0896766
-0.1147689
-0.1371963
-0.1519482
-0.1582227
-0.1600476
-0.1611619
-0.1615405
-0.1600069
-0.1560939
-0.1498539
-0.1419326
-0.1329283
-0.1211408
-0.1056469
-0.08786457
-0.07017859
-0.05132291
-0.02947086
-0.006296958
0.01570468
0.03388832
0.04638838
0.04940371
0.04074541
0.02134316
-0.003394078
-0.02608111
-0.04286283
-0.05315932
-0.05942599
-0.06403274
-0.06750545
-0.06918567
-0.06848234
-0.06552904
-0.06130037
-0.05604352
-0.04885664
-0.04029521
-0.03037894
-0.01826912
-0.004032582
0.01107161
0.02520855
0.03592491
0.04274742
0.04548211
0.0443469
0.03920257
0.03037501
0.01951885
0.007588126
-0.003017691
-0.01042251
-0.01472582
-0.01642703
-0.01725824
-0.01934419
-0.0236929
-0.02905988
-0.03329961
-0.03539205
-0.03531182
-0.03361591
-0.03107809
-0.02788689
-0.02266668
-0.01451944
-0.004526555
0.006189254
0.01633418
0.02355398
0.02729816
0.02706823
0.02283147
0.0157094
0.006729564
-0.002399659
-0.01075624
-0.01745066
-0.02203588
-0.0266726
-0.03269944
-0.03947128
-0.0451215
-0.04744061
-0.04603711
-0.04347828
-0.04210091
-0.04190726
-0.04146826
-0.03891251
-0.03407434
-0.02762859
-0.02066161
-0.01398988
-0.007275335
-0.000415403
0.005725962
0.01159088
0.01860672
0.02667537
0.03474707
0.04244011
0.05163573
0.06436295
0.07884415
0.09282271
0.1045823
0.1117793
0.1143558
0.1147501
0.1156034
0.1165289
0.1155894
0.1119982
0.107607
0.1043989
0.1023069
0.1006123
0.09844935
0.09482956
0.08775721
0.07465941
0.05558492
0.03426583
0.01370085
-0.004416069
-0.02006677
-0.03245108
-0.03940431
-0.03930794
-0.03177412
-0.01655824
0.003094992
0.02120106
0.03395904
0.04161724
0.04615976
0.04834801
0.04783239
0.04571494
0.04410555
0.04365868
0.04384678
0.04392595
0.04363059
0.04322452
0.04274716
0.04181613
0.0407259
0.04027204
0.04056313
0.04174302
0.04414699
0.04787405
0.05217757
0.05583523
0.05903187
0.06268136
0.06799583
0.0752384
0.08444289
0.09560921
0.1072072
0.1188049
0.1300415
0.1402682
0.1486023
0.154677
0.1589999
0.1614972
0.1612096
0.1578245
0.1521171
0.1442973
0.1337118
0.1205641
0.1048779
0.08762377
0.0707176
0.05503894
0.04021885
0.02563029
0.0116818
8.297662e-05
-0.007296752
-0.009607182
-0.007544953
-0.003526089
0.0005485406
0.005022993
0.01041326
0.01603025
0.02042533
0.02263817
0.02298406
0.02194428
0.01942749
0.01650233
0.01522646
0.01627983
0.01996822
0.025769
0.03294916
0.04020724
0.04506511
0.04647489
0.04599226
0.0456266
0.04478864
0.0409987
0.03386776
0.02481024
0.0151966
0.005065946
-0.005023598
-0.0138878
-0.01973872
-0.02177102
-0.02156237
-0.02230919
-0.02565859
-0.03124141
-0.03952422
-0.0504431
-0.06236952
-0.07401306
-0.08437977
-0.09233493
-0.09658438
-0.0965648
-0.09207785
-0.08366602
-0.07219515
-0.05784309
-0.04278204
-0.02939253
-0.01922971
-0.01213747
-0.006330171
-0.002202361
-0.001400148
-0.003836505
-0.008249197
-0.01278546
-0.01634216
-0.01895011
-0.02087084
-0.02066115
-0.01720511
-0.01092587
-0.003438863
0.002866681
0.007919664
0.01363856
0.01970461
0.02491634
0.02812845
0.0288847
0.02801761
0.02614187
0.02336752
0.01895282
0.01221535
0.003082979
-0.007455256
-0.01718477
-0.02401285
-0.0269827
-0.02678545
-0.02546048
-0.02490148
-0.02556003
-0.02614902
-0.02528607
-0.02295135
-0.01957909
-0.01443321
-0.005978982
0.005439228
0.01819979
0.03132329
0.04516049
0.05880551
0.06968884
0.07682645
0.08061306
0.0819997
0.08195598
0.08086773
0.07765986
0.07231954
0.06595144
0.05890748
0.05030818
0.03929048
0.02579352
0.009506926
-0.009366389
-0.02995371
-0.04989085
-0.06670756
-0.08059058
-0.09209702
-0.1010126
-0.1071831
-0.1108589
-0.1115292
-0.1087481
-0.1030665
-0.09457704
-0.08303192
-0.06976191
-0.05836052
-0.05106695
-0.04660942
-0.0422441
-0.03850018
-0.03709413
-0.03714547
-0.03601109
-0.03248157
-0.02661609
-0.01943329
-0.01159972
-0.002316432
0.00898008
0.02102547
0.03260968
0.0426003
0.04890391
0.04999212
0.04695548
0.04194
0.0360774
0.02929329
0.02215041
0.0169466
0.01493901
0.01459377
0.01381617
0.01128318
0.007611806
0.0042542
0.001200596
-0.003777911
-0.01122685
-0.01963698
-0.02917051
-0.03914145
-0.04874351
-0.05700396
-0.06297319
-0.0661092
-0.06684855
-0.06549134
-0.06199528
-0.05667084
-0.04994805
-0.04223788
-0.03445056
-0.02803714
-0.02392629
-0.02126071
-0.0184775
-0.01587961
-0.01441227
-0.01348021
-0.01261996
-0.01221654
-0.01302028
-0.01467533
-0.01544092
-0.01462491
-0.01322992
-0.01234629
-0.011248
-0.00895079
-0.005217726
-0.0006646083
0.003026148
0.004422224
0.003953997
0.003386545
0.003703876
0.004453083
0.004849271
0.004883351
0.005766377
0.008258198
0.011499
0.0143811
0.01660971
0.01784496
0.01784269
0.01676091
0.01486246
0.01312864
0.01262461
0.01345306
0.01613097
0.02088824
0.02658053
0.03198346
0.03717873
0.04331271
0.04931138
0.05316204
0.05478754
0.0551467
0.0544161
0.05332685
0.05176557
0.04957913
0.04781432
0.04739755
0.0478139
0.04781867
0.04621756
0.04212593
0.0354837
0.02717164
0.01795459
0.008108033
-0.001682003
-0.01088622
-0.01933968
-0.02747602
-0.03606852
-0.04516569
-0.0530398
-0.05848949
-0.06196575
-0.06438844
-0.06542927
-0.06408499
-0.06084055
-0.05687115
-0.05273068
-0.04806735
-0.04300688
-0.03807981
-0.03305027
-0.02760568
-0.02191918
-0.01666126
-0.01319954
-0.01249087
-0.01397055
-0.0169325
-0.02107807
-0.02647539
-0.03293378
-0.03936258
-0.04449433
-0.04795063
-0.0500497
-0.05108393
-0.05102627
-0.0496182
-0.04665036
-0.04222135
-0.0372779
-0.03344145
-0.03186677
-0.03253746
-0.03456464
-0.03733381
-0.03971474
-0.04102738
-0.04152413
-0.04065509
-0.03860148
-0.03583273
-0.03205822
-0.02624877
-0.01829917
-0.01006082
-0.002623863
0.004797435
0.01339675
0.0233369
0.03389293
0.04389644
0.05332197
0.06146431
0.06618359
0.06694803
0.06537855
0.06256861
0.05838077
0.05275607
0.04687449
0.04212536
0.03864826
0.03636886
0.03489199
0.03333135
0.03087606
0.0274486
0.0229224
0.01754523
0.01201606
0.006729774
0.001666292
-0.002768134
-0.00542354
-0.005553207
-0.003806018
-0.002435551
-0.002467653
-0.00377321
-0.005903489
-0.009239739
-0.01465023
-0.02248017
-0.03065111
-0.03704545
-0.04102976
-0.04334936
-0.0446595
-0.04426745
-0.04120902
-0.03599245
-0.03010954
-0.02467546
-0.02134818
-0.02125019
-0.02424544
-0.02899136
-0.03328062
-0.03657385
-0.03883856
-0.04027835
-0.04101172
-0.04058064
-0.03895312
-0.03616532
-0.03153744
-0.0249306
-0.01829879
-0.01239027
-0.0056994
0.002211487
0.009976643
0.01621636
0.01966833
0.01931253
0.01512361
0.008539451
0.001772494
-0.004270161
-0.009800098
-0.0151668
-0.02070952
-0.02649931
-0.03231396
-0.0379456
-0.04379093
-0.05037327
-0.05703469
-0.06241517
-0.06548865
-0.06547754
-0.06247659
-0.05738096
-0.05112109
-0.04460795
-0.03786017
-0.0312551
-0.02626655
-0.02459651
-0.0261811
-0.02991185
-0.03536772
-0.04224712
-0.04946808
-0.05564227
-0.06053849
-0.06454591
-0.06878624
-0.07413078
-0.07933161
-0.08357035
-0.08699932
-0.08918465
-0.08928698
-0.08657014
-0.080453
-0.07122737
-0.06008239
-0.04854251
-0.0364667
-0.0231629
-0.01097089
-0.00284669
0.0005268417
9.663532e-06
-0.003342707
-0.00792893
-0.01349341
-0.01991659
-0.02604771
-0.03114319
-0.03460865
-0.0358815
-0.03549914
-0.03418412
-0.03290236
-0.0317895
-0.03100886
-0.03019065
-0.02909474
-0.02834066
-0.02767359
-0.02503624
-0.01970971
-0.01321687
-0.006763873
-0.0002994299
0.006838036
0.01427019
0.02132413
0.02744935
0.03119003
0.03142887
0.02845546
0.02362173
0.01840504
0.01482348
0.01419355
0.01638429
0.02024018
0.02477995
0.02963922
0.03336221
0.03380428
0.02975008
0.02240826
0.01337227
0.002786034
-0.008392806
-0.01786531
-0.02388456
-0.02620789
-0.02560267
-0.02290366
-0.01890794
-0.01451479
-0.01024127
-0.006300664
-0.0032126
-0.001442715
-0.001856338
-0.003620094
-0.004402674
-0.003726117
-0.002831696
-0.001922865
-6.693541e-05
0.002325344
0.004307879
0.006482613
0.00908835
0.01146715
0.01296483
0.01417372
0.01647092
0.02022255
0.02462791
0.02830716
0.03074124
0.03228212
0.03285788
0.03141631
0.02802711
0.02372448
0.01933699
0.01543311
0.01205884
0.009333466
0.008108309
0.00895343
0.0114608
0.01496988
0.01883676
0.02243334
0.02478976
0.02580481
0.02610592
0.02654999
0.02807659
0.02998574
0.03213364
0.0357745
0.04060854
0.045377
0.04998174
0.05340426
0.05438645
0.05340595
0.05096547
0.04700881
0.04237414
0.03775784
0.03374953
0.0311479
0.03081576
0.03303102
0.03691905
0.04100518
0.0447884
0.04858612
0.05155899
0.05342314
0.0547316
0.05623712
0.05731549
0.05721835
0.05625514
0.05539153
0.05455275
0.05276398
0.04894351
0.04306379
0.03583644
0.02795646
0.01998015
0.01210475
0.004442128
-0.002433053
-0.007660757
-0.01067073
-0.01205982
-0.01239474
-0.01137299
-0.009181275
-0.006435715
-0.004360842
-0.002846782
-0.001455602
-1.65986e-05
0.001508825
0.002190544
0.001245838
-0.0006387491
-0.002215333
-0.00326322
-0.004278338
-0.007115265
-0.0117869
-0.01657448
-0.02051821
-0.02355988
-0.02615858
-0.02843421
-0.03010767
-0.02984816
-0.02729068
-0.02355759
-0.01968424
-0.01641611
-0.0142901
-0.01312309
-0.01236322
-0.01150896
-0.01051283
-0.01040644
-0.01201263
-0.01419394
-0.01570017
-0.01736941
-0.01990658
-0.0229782
-0.02655921
-0.0307326
-0.03459525
-0.03789774
-0.04136124
-0.04484029
-0.04685884
-0.04690274
-0.04606971
-0.04426175
-0.04030183
-0.03421849
-0.02769415
-0.02246728
-0.01995142
-0.02033716
-0.0232616
-0.02822638
-0.03428495
-0.04112801
-0.04864173
-0.05560937
-0.06063941
-0.06375468
-0.06622666
-0.06913896
-0.07249316
-0.07572409
-0.07836432
-0.07973933
-0.07966895
-0.07851221
-0.07553355
-0.06988678
-0.06256043
-0.05495326
-0.04808694
-0.04241565
-0.03745365
-0.0328829
-0.02934271
-0.0277441
-0.02742102
-0.02751683
-0.02698493
-0.02574949
-0.02591414
-0.02823969
-0.03186035
-0.03519482
-0.03699642
-0.03755528
-0.03769315
-0.03789127
-0.03809925
-0.03765448
-0.03623524
-0.03413597
-0.03263162
-0.03195169
-0.0310058
-0.0288263
-0.02558934
-0.02171057
-0.01730723
-0.01292721
-0.009130244
-0.006570071
-0.005815658
-0.006692623
-0.009416209
-0.01385131
-0.01956422
-0.02519235
-0.02932978
-0.03155648
-0.03208874
-0.03157362
-0.02981291
-0.02668435
-0.0233912
-0.02080106
-0.01877413
-0.01733164
-0.01713676
-0.01847649
-0.01950775
-0.01894409
-0.01824968
-0.01844805
-0.01865061
-0.01698845
-0.01288611
-0.008250755
-0.005207881
-0.003049269
-0.0002560893
0.004143917
0.009949932
0.01652165
0.02397519
0.03239484
0.04105462
0.04889033
0.05579495
0.06143254
0.06550725
0.06788389
0.06860792
0.06861104
0.06935155
0.07124327
0.07264571
0.07258059
0.07155437
0.07022901
0.06867302
0.06645373
0.063086
0.05822641
0.05310137
0.04959412
0.04812155
0.04775037
0.0468605
0.04529329
0.04461936
0.04499685
0.04507941
0.04469285
0.04437712
0.04445631
0.04547825
0.04831466
0.05299716
0.05863274
0.06446276
0.06984448
0.0741052
0.07735808
0.07973088
0.08136003
0.08239328
0.08279495
0.08283971
0.08285397
0.08293015
0.08301321
0.08303384
0.08297169
0.08287838
0.08281714
0.08241073
0.08122446
0.08003317
0.07978188
0.08019585
0.08061134
0.08136814
0.08195312
0.08106713
0.07861748
0.07556067
0.07267223
0.06933266
0.06548864
0.06217578
0.0597631
0.05847509
0.05828983
0.05844022
0.05822688
0.05727627
0.05572065
0.05406937
0.05229027
0.05021652
0.04699127
0.04187998
0.03542817
0.02892267
0.02231999
0.01535192
0.008584519
0.003193605
-0.0006446561
-0.00329448
-0.004014999
-0.002601188
0.0004828107
0.004427261
0.008276206
0.01116472
0.01280878
0.01379111
0.01436836
0.01416531
0.01340568
0.01209741
0.01076911
0.009462272
0.008527189
0.008375639
0.008626071
0.008721843
0.008159023
0.006577225
0.004922424
0.003149336
0.0003756027
-0.003607862
-0.006990633
-0.008949105
-0.009908087
-0.01025452
-0.01037604
-0.01056989
-0.01082449
-0.01098968
-0.01158643
-0.01414431
-0.01835186
-0.0224949
-0.0262718
-0.02906321
-0.02988085
-0.02882178
-0.02589128
-0.02026883
-0.01190128
-0.002086826
0.008027845
0.01660755
0.02289148
0.02735888
0.0300856
0.03073774
0.02978907
0.02842165
0.02680157
0.02417712
0.02096025
0.01769858
0.01381417
0.009004828
0.003956757
-0.001084032
-0.0061603
-0.009909385
-0.01109236
-0.01056899
-0.008637905
-0.005595449
-0.002665276
-0.0003587852
0.00146174
0.002543542
0.002353704
0.0003270956
-0.00268747
-0.004721286
-0.005828756
-0.006825898
-0.007425617
-0.007536674
-0.007521019
-0.007672581
-0.00861053
-0.01020498
-0.01136233
-0.0121934
-0.01363767
-0.01545609
-0.01629129
-0.01677471
-0.01791086
-0.0188508
-0.019335
-0.02014852
-0.02122123
-0.02207478
-0.02305629
-0.02481599
-0.0275176
-0.03052456
-0.03323967
-0.03492342
-0.0351896
-0.03533701
-0.03653822
-0.03792901
-0.03784584
-0.03615824
-0.03417785
-0.03278988
-0.03138633
-0.02921913
-0.02732882
-0.02691472
-0.02745684
-0.02778258
-0.02757504
-0.02761971
-0.02819843
-0.02856846
-0.02805515
-0.02708084
-0.02617591
-0.0251582
-0.02389939
-0.02258869
-0.02192596
-0.022964
-0.02532226
-0.02771179
-0.02947581
-0.03110937
-0.03330889
-0.03518702
-0.03582134
-0.03642546
-0.03780285
-0.03963419
-0.04120143
-0.04245294
-0.04340129
-0.04309785
-0.04102032
-0.03756663
-0.03302873
-0.02787148
-0.02316016
-0.01929791
-0.01576522
-0.01264556
-0.0110462
-0.01103843
-0.01163096
-0.01293487
-0.01516339
-0.01728372
-0.01870951
-0.02014771
-0.02160388
-0.02342249
-0.02591754
-0.02832256
-0.03038002
-0.03207477
-0.03343778
-0.0346191
-0.03529678
-0.03535698
-0.03499233
-0.03373035
-0.03171138
-0.02921969
-0.02591205
-0.02172473
-0.0171358
-0.01363989
-0.01118963
-0.009311806
-0.008366811
-0.008499316
-0.009980497
-0.01260607
-0.01549372
-0.01780834
-0.01872347
-0.01822149
-0.01623253
-0.01207615
-0.005716832
0.00215515
0.01086646
0.01957992
0.02792806
0.03500585
0.04031522
0.04389324
0.0457805
0.04570255
0.04363782
0.04027852
0.0367825
0.03297031
0.02847038
0.02378104
0.01908523
0.01434886
0.009581541
0.005362399
0.002288571
-1.022987e-06
-0.001476727
-0.001897593
-0.001662136
-0.0007318016
0.0004735626
0.001343333
0.002148842
0.00298839
0.004209422
0.005690128
0.007425361
0.01040949
0.01525007
0.0216825
0.0290808
0.0363974
0.04247078
0.04693531
0.05003098
0.05153746
0.05066107
0.04698057
0.04140722
0.03520838
0.02903521
0.02375476
0.01990026
0.0178719
0.01755577
0.01771944
0.017435
0.01684283
0.01635002
0.01540593
0.01408522
0.01302434
0.01203907
0.01081832
0.009308515
0.007186179
0.003924593
-0.0002899665
-0.004618914
-0.008554806
-0.01203208
-0.01469541
-0.01589329
-0.0154534
-0.01365639
-0.0111138
-0.008526775
-0.005740607
-0.002516866
0.00056741
0.002912048
0.004771948
0.007463561
0.01123317
0.01515011
0.01857652
0.02128295
0.02333646
0.02518135
0.02685462
0.02700254
0.02538457
0.02352333
0.02195995
0.02067314
0.01918275
0.01710897
0.01509462
0.01391905
0.01359589
0.01318343
0.0127448
0.01345016
0.01565773
0.01851101
0.02205605
0.02594411
0.03022419
0.03418595
0.03607089
0.03462132
0.03060283
0.0257803
0.02019526
0.01407139
0.007887456
0.002152025
-0.002606638
-0.006866654
-0.01168024
-0.0170017
-0.02215025
-0.02630893
-0.0290129
-0.03000983
-0.02843599
-0.02468476
-0.01943935
-0.01238504
-0.004177281
0.00401268
0.01106114
0.01651659
0.02021854
0.02089657
0.0177664
0.0120704
0.005049258
-0.003899867
-0.01428799
-0.02404562
-0.03187086
-0.03801841
-0.04284991
-0.04581341
-0.04665302
-0.04651123
-0.0462531
-0.04487143
-0.04124096
-0.03535886
-0.02750096
-0.01828042
-0.008548212
0.001606391
0.01173099
0.02025976
0.02732172
0.03349898
0.03830577
0.04050491
0.03999503
0.03662931
0.03057985
0.02282099
0.0143937
0.006580727
-0.0008210292
-0.007908661
-0.01338131
-0.01617894
-0.01610838
-0.01348673
-0.009065055
-0.004262586
-0.0002605595
0.001578815
0.0001094555
-0.004029867
-0.009334143
-0.01485013
-0.0207515
-0.02659081
-0.03136756
-0.03467038
-0.03595245
-0.03512887
-0.03236247
-0.02738865
-0.02151631
-0.0165842
-0.01336342
-0.011275
-0.009419149
-0.007293236
-0.006039051
-0.006908162
-0.009815964
-0.01374905
-0.01749466
-0.02090174
-0.02440637
-0.02766515
-0.02963635
-0.02937991
-0.0271024
-0.02318713
-0.01760277
-0.01101084
-0.004833459
0.0002863395
0.004651896
0.008608502
0.01172838
0.01383574
0.01518101
0.01562637
0.01476836
0.01241312
0.00940758
0.00672881
0.005177931
0.00451128
0.003536358
0.003101596
0.004486179
0.007530207
0.01156882
0.01543487
0.01911266
0.0230119
0.02715734
0.03115213
0.03400782
0.03485006
0.03425098
0.03321617
0.03193694
0.02910316
0.02516151
0.02185433
0.0195272
0.01732164
0.01464161
0.01178719
0.009085076
0.006457777
0.003761376
0.000971233
-0.001818567
-0.004420546
-0.006138938
-0.0072305
-0.0083194
-0.00895012
-0.008592302
-0.007249477
-0.005218564
-0.002324896
0.001117492
0.00401352
0.005858883
0.007056405
0.008309214
0.009606706
0.01027442
0.01023727
0.01004503
0.01027773
0.01136889
0.01339729
0.01667486
0.0208735
0.02529467
0.0297491
0.0336063
0.0362805
0.03733825
0.03725823
0.03690631
0.03579496
0.0333297
0.02989844
0.0271839
0.02551475
0.0236958
0.0218875
0.02066892
0.01975692
0.01953513
0.02046303
0.0216935
0.02298452
0.0250131
0.02759887
0.02949238
0.03046354
0.03056259
0.02837765
0.0236654
0.01783591
0.01165485
0.005278819
-8.471698e-05
-0.004026789
-0.006819786
-0.008811844
-0.01055407
-0.01162004
-0.01181932
-0.01110912
-0.009662637
-0.008805297
-0.009033316
-0.009557021
-0.009660696
-0.009935879
-0.01112528
-0.01216115
-0.01222081
-0.01177485
-0.011196
-0.009826505
-0.007767839
-0.005550775
-0.003619952
-0.001553222
0.001056775
0.003814346
0.005800001
0.00651561
0.005524198
0.0037685
0.001391962
-0.002003841
-0.005517895
-0.008274972
-0.01058186
-0.01307099
-0.01563968
-0.01717697
-0.01668888
-0.01440828
-0.01134015
-0.007732439
-0.004093718
-0.001773782
-0.001265721
-0.001633789
-0.001824289
-0.002528875
-0.005211402
-0.00977204
-0.01460822
-0.01823127
-0.02058118
-0.02272163
-0.02466836
-0.02548098
-0.02497565
-0.02367847
-0.02268264
-0.02239841
-0.02189389
-0.02083508
-0.0194895
-0.0179524
-0.01656244
-0.01468223
-0.01197793
-0.008988882
-0.00650501
-0.004928422
-0.003522159
-0.001325812
0.001143234
0.002316746
0.002019923
0.001277921
0.0004456718
-0.0005959985
-0.001824332
-0.003338015
-0.005387956
-0.007383214
-0.008591619
-0.008795897
-0.008546272
-0.008381472
-0.007911045
-0.006743075
-0.005189249
-0.004089756
-0.005016866
-0.008131024
-0.01219779
-0.01616407
-0.01980049
-0.02336142
-0.02640404
-0.02779079
-0.02751915
-0.02651504
-0.02538851
-0.02382029
-0.02143015
-0.01861913
-0.01633595
-0.01490224
-0.01329376
-0.01081341
-0.008573994
-0.007107013
-0.006054596
-0.004706738
-0.002735311
-0.0008255711
0.0005890524
0.001733632
0.002896205
0.003805541
0.004085832
0.004339062
0.005067783
0.006051768
0.006939012
0.007569932
0.008111328
0.008378727
0.008392133
0.008406647
0.009257192
0.01130117
0.013355
0.01423199
0.01393065
0.01347379
0.01327798
0.01269774
0.01171612
0.01118047
0.01131231
0.01159636
0.01190174
0.01273473
0.01413119
0.01562194
0.0168952
0.01720063
0.01568149
0.01316629
0.0104694
0.007283034
0.00295558
-0.001972123
-0.007095676
-0.01185487
-0.01470904
-0.01533101
-0.0142088
-0.01200343
-0.009519328
-0.007157148
-0.004434697
-0.0005244811
0.003487523
0.006376976
0.008395575
0.01060327
0.01348976
0.01675672
0.02024043
0.02348986
0.02593883
0.02718724
0.02821442
0.02907226
0.02842066
0.02678125
0.02509569
0.02423269
0.02427559
0.02391624
0.02254848
0.02107364
0.01931413
0.01620659
0.01193797
0.007797727
0.004262617
0.00126303
-0.0003059499
-5.037161e-05
0.002169516
0.005469302
0.009306185
0.01414431
0.0185553
0.02170979
0.02440343
0.02715951
0.02964277
0.03134568
0.03192761
0.03094922
0.02926004
0.02767014
0.02584072
0.02436643
0.02407017
0.02445915
0.02461456
0.02431922
0.02396792
0.02374157
0.0227243
0.02025525
0.01709681
0.01422668
0.01196223
0.01057976
0.009471627
0.008246606
0.007485283
0.00696443
0.006397747
0.006185426
0.006761478
0.007694166
0.008513312
0.009406414
0.0102773
0.01145082
0.01273826
0.01320725
0.0128424
0.01200964
0.01085477
0.009554552
0.008332634
0.007556725
0.006956919
0.005984599
0.005514373
0.006436455
0.00785273
0.009158459
0.01015617
0.01086107
0.01180679
0.01273635
0.01305898
0.01290001
0.01262097
0.01173794
0.01034844
0.008843169
0.00776225
0.008182397
0.01036266
0.01338041
0.01615996
0.01846914
0.02070265
0.0227417
0.02382869
0.02374888
0.02255359
0.02032299
0.0172151
0.01362846
0.01061204
0.008782226
0.007650297
0.006392877
0.004429349
0.001997777
8.476559e-05
-0.00147821
-0.003642606
-0.005859015
-0.007763309
-0.01040081
-0.01397746
-0.01770351
-0.01992156
-0.02034249
-0.02035527
-0.02026833
-0.01907587
-0.01676759
-0.01422189
-0.01131841
-0.00808535
-0.005101768
-0.002471786
-3.144457e-05
0.001579304
0.001863739
0.001545178
0.001509095
0.00185977
0.002182693
0.002215712
0.00199743
0.001344294
2.246166e-05
-0.002003658
-0.004137047
-0.005583407
-0.006131445
-0.006577388
-0.007897429
-0.01009005
-0.01315073
-0.01648834
-0.01930577
-0.02143648
-0.02269897
-0.02387486
-0.02503094
-0.02554246
-0.02535578
-0.02465238
-0.02396121
-0.02312265
-0.02138249
-0.01920824
-0.0176652
-0.01728737
-0.01760568
-0.01777847
-0.01765844
-0.01793163
-0.01851363
-0.01866293
-0.01793114
-0.01695161
-0.01606806
-0.01511834
-0.01412691
-0.01277805
-0.01176739
-0.01147762
-0.01131875
-0.01148805
-0.01203649
-0.01299536
-0.01409346
-0.01478752
-0.01528908
-0.01544279
-0.01464893
-0.01290675
-0.01046766
-0.007933893
-0.006339828
-0.005971557
-0.005769543
-0.005466625
-0.005711577
-0.006389386
-0.007194683
-0.007609141
-0.007280774
-0.006344204
-0.005270166
-0.003400462
-0.0008977476
0.001052616
0.001877968
0.001825277
0.001620854
0.001728918
0.002329509
0.003263468
0.003750468
0.003309933
0.002302227
0.001738764
0.001338129
-0.0003485758
-0.003399454
-0.006931918
-0.01092417
-0.01556808
-0.02072616
-0.02652567
-0.03241078
-0.03793054
-0.04344668
-0.04824751
-0.05104764
-0.05216993
-0.0519441
-0.05045877
-0.04837923
-0.04606187
-0.04279197
-0.03819496
-0.03257989
-0.02608436
-0.0187648
-0.01114177
-0.003397572
0.003258882
0.008114068
0.01163512
0.01398529
0.01494557
0.01402432
0.01143272
0.007882608
0.003504144
-0.001641354
-0.007056988
-0.01185201
-0.01532885
-0.01784353
-0.02045933
-0.02392682
-0.02752773
-0.03010809
-0.03098493
-0.03054141
-0.02952424
-0.02842512
-0.02725468
-0.02539141
-0.02264392
-0.01972236
-0.01755558
-0.01571351
-0.01351355
-0.01192329
-0.01169679
-0.01197731
-0.01146864
-0.01050217
-0.009665659
-0.008089226
-0.00537401
-0.002293311
0.0004770103
0.002933519
0.005262168
0.007160793
0.008539517
0.009609576
0.01018452
0.01026821
0.01024985
0.01032986
0.009906964
0.008547842
0.007201033
0.006171547
0.004786997
0.002422171
-0.0003114377
-0.002788836
-0.005277912
-0.007600556
-0.009714784
-0.01168666
-0.01345049
-0.01454106
-0.01514692
-0.01542428
-0.01548573
-0.01515337
-0.01406951
-0.01254588
-0.01111746
-0.01032229
-0.01075082
-0.01263199
-0.01577759
-0.01893577
-0.02098065
-0.0223341
-0.02320623
-0.02314484
-0.02194701
-0.01922218
-0.01508027
-0.01132432
-0.008919093
-0.007544254
-0.006867409
-0.006709313
-0.007138571
-0.008218122
-0.009655506
-0.0114656
-0.01350535
-0.01564919
-0.0181671
-0.02086238
-0.02262542
-0.02322858
-0.02345109
-0.02358325
-0.0232253
-0.02254734
-0.02179339
-0.02143946
-0.0221693
-0.0237696
-0.02526344
-0.02562001
-0.02462815
-0.02333256
-0.02182978
-0.01960989
-0.0169492
-0.01467206
-0.01265499
-0.01082452
-0.00952459
-0.009071787
-0.009328908
-0.01022847
-0.01134485
-0.01216133
-0.01323437
-0.01453094
-0.01602642
-0.01693768
-0.01688824
-0.01650895
-0.01646438
-0.01652602
-0.01603162
-0.01514397
-0.01393422
-0.01249457
-0.01133645
-0.01104432
-0.01162822
-0.01282392
-0.01416504
-0.015362
-0.01645658
-0.01766313
-0.01931995
-0.02120926
-0.02269695
-0.02391065
-0.02448336
-0.02439019
-0.02382615
-0.02309343
-0.02245616
-0.02188883
-0.0216455
-0.02172754
-0.02220091
-0.0228846
-0.02274228
-0.02168548
-0.02058726
-0.01957045
-0.01806569
-0.01591258
-0.0129862
-0.008891284
-0.004344636
-0.0002428755
0.003120352
0.006683566
0.01071828
0.0141658
0.01638125
0.01798028
0.01919917
0.01913372
0.01712541
0.01312009
0.008195807
0.00323184
-0.002376946
-0.007551639
-0.01127897
-0.01378221
-0.01498303
-0.01503557
-0.01393889
-0.01076018
-0.005963068
-0.0007697992
0.004347696
0.009479825
0.01467417
0.01933843
0.02268776
0.02444717
0.02492527
0.02506614
0.02588203
0.02710381
0.0281533
0.02813672
0.02617115
0.02273649
0.01860488
0.01386209
0.009001934
0.004960508
0.001427158
-0.000986639
-0.00144259
0.000118128
0.003436212
0.007667545
0.01199469
0.01567577
0.01813031
0.01948756
0.02036394
0.02093706
0.02151155
0.02235445
0.02265325
0.02191415
0.02084303
0.02005919
0.01992369
0.02018543
0.02033482
0.02022006
0.02034122
0.02163191
0.02440022
0.02739529
0.02913821
0.02986896
0.03033562
0.03027011
0.02925322
0.0274058
0.02566638
0.02450581
0.02350628
0.02301478
0.02303678
0.02312329
0.02296669
0.02194713
0.0198841
0.01748812
0.01444361
0.01080549
0.007733678
0.005884948
0.00480115
0.003659235
0.002582923
0.002129353
0.002131467
0.001746477
0.0009393306
0.0004207322
3.721925e-05
-0.0005797679
-0.001812914
-0.003193132
-0.003482442
-0.001785492
0.001403726
0.004537912
0.006935945
0.009091187
0.01159064
0.01434773
0.0163427
0.01630603
0.0145012
0.01211728
0.01037101
0.009458836
0.008723281
0.008081474
0.007636559
0.007132727
0.007319604
0.008661662
0.01042723
0.01183683
0.01308548
0.01471302
0.0162514
0.01771985
0.01881041
0.01954399
0.01990844
0.01975575
0.01884703
0.0176055
0.01724718
0.01870002
0.02175542
0.02473738
0.02626581
0.02654903
0.02610019
0.02484233
0.02265571
0.01997896
0.01732251
0.0150843
0.01385171
0.01406831
0.01595145
0.01917326
0.02249541
0.02485439
0.02599478
0.02598904
0.02412854
0.02037109
0.01601317
0.01174603
0.007836156
0.004857276
0.002802441
0.001355714
0.0003723967
-8.282902e-06
6.46127e-05
0.0004661782
0.000617884
0.0005461455
0.0007617745
0.001065279
0.001235824
0.001667604
0.002483665
0.00381043
0.005222435
0.0061849
0.007090555
0.008283211
0.009276078
0.00961514
0.009959713
0.01063761
0.01169917
0.01321925
0.01538735
0.01799498
0.02023436
0.02210783
0.02368796
0.02434044
0.02371105
0.02285952
0.02258073
0.02176258
0.01966617
0.01639332
0.0121594
0.007979534
0.004035828
0.000676238
-0.001991133
-0.004322029
-0.00587346
-0.005854219
-0.005106504
-0.004728684
-0.004342315
-0.003093991
-0.0005669114
0.002211309
0.003875739
0.005048124
0.006428106
0.008043118
0.00937928
0.009823078
0.009593226
0.009093383
0.008184751
0.006892886
0.005526487
0.004252173
0.002969304
0.001862427
0.001109885
0.0005417847
0.0002815541
0.0002297575
-0.0001962606
-0.0014112
-0.002676751
-0.003350867
-0.003690984
-0.003805587
-0.003435143
-0.002645978
-0.001469356
-0.0001242199
0.001278576
0.003023715
0.00428607
0.0047962
0.004562729
0.003383595
0.001298144
-0.001294232
-0.003428002
-0.004663278
-0.005545547
-0.006363256
-0.007235011
-0.008017813
-0.008308732
-0.008195644
-0.008071119
-0.008248559
-0.008996466
-0.009878545
-0.01062653
-0.01102712
-0.01100108
-0.01097615
-0.01159094
-0.01239083
-0.01262188
-0.01248853
-0.01287908
-0.01362718
-0.01397056
-0.01380495
-0.01320171
-0.01185442
-0.01034738
-0.008526059
-0.006049121
-0.003763614
-0.003402403
-0.004787634
-0.006904251
-0.008775758
-0.01069703
-0.0133253
-0.01607568
-0.01792337
-0.01869314
-0.01904704
-0.01973078
-0.02013952
-0.0196444
-0.0189706
-0.01829177
-0.0171309
-0.01627947
-0.01627619
-0.01665126
-0.01714243
-0.01767127
-0.01781067
-0.01761505
-0.01746947
-0.01752164
-0.0173067
-0.01660506
-0.0153263
-0.01339103
-0.01158858
-0.009917575
-0.007667749
-0.004801728
-0.001808612
0.001038599
0.003372942
0.004819577
0.005477141
0.006059951
0.006770173
0.006684708
0.005400932
0.00361113
0.00164023
-0.0007229689
-0.003357069
-0.005575543
-0.006928246
-0.007540945
-0.007990562
-0.008115225
-0.007748286
-0.006870758
-0.005556822
-0.004116153
-0.002773171
-0.001624227
-0.001158251
-0.001909462
-0.003725425
-0.006562502
-0.009779206
-0.01258762
-0.01517584
-0.01828546
-0.02251157
-0.02643976
-0.02849142
-0.02919001
-0.02988573
-0.03050297
-0.03026644
-0.02931308
-0.02784597
-0.02651185
-0.02502782
-0.02327881
-0.02131203
-0.0191833
-0.01740612
-0.01640239
-0.01625372
-0.01673345
-0.01775434
-0.01907116
-0.02039959
-0.02192195
-0.02386402
-0.0256913
-0.02680699
-0.02697736
-0.02668756
-0.02590309
-0.02381764
-0.02083926
-0.01831897
-0.01700516
-0.01659656
-0.01657974
-0.01651479
-0.0166751
-0.01763292
-0.01918675
-0.02073628
-0.02200071
-0.02314597
-0.02441725
-0.02548868
-0.02580988
-0.02555019
-0.02487312
-0.02371754
-0.0221445
-0.01961708
-0.0158558
-0.01201047
-0.009129267
-0.006898987
-0.004535038
-0.002242997
-0.0009588788
-0.000437264
-5.436302e-05
0.0002384512
0.0003819716
0.0004225143
0.0004351408
0.0002056548
-0.001244658
-0.003820247
-0.005628834
-0.006208585
-0.006814218
-0.008091148
-0.009189863
-0.009209974
-0.008221025
-0.007433332
-0.007329989
-0.006923845
-0.00561385
-0.003903951
-0.002585291
-0.002020466
-0.001446237
-0.0001742192
0.001568352
0.002983339
0.003925981
0.005342853
0.007210344
0.009141944
0.01084455
0.01213542
0.01374923
0.01527132
0.0157522
0.01544241
0.0151815
0.01498245
0.01454445
0.01422006
0.01377114
0.01257845
0.01092741
0.009418632
0.008186528
0.007062463
0.006215274
0.00546133
0.00432874
0.003253734
0.002347075
0.001357739
0.0005540867
-0.0002780024
-0.001394986
-0.00218576
-0.00226396
-0.00223319
-0.002844274
-0.003610665
-0.004024604
-0.004480914
-0.00490804
-0.005016861
-0.004911822
-0.004841482
-0.004613482
-0.003978297
-0.003473697
-0.003204087
-0.00272776
-0.001896952
-0.000666806
0.0004040178
0.001395586
0.002646387
0.004096847
0.005929493
0.007317391
0.007886788
0.00765714
0.007021741
0.006732573
0.006552615
0.006074847
0.005250984
0.004389841
0.003613764
0.003099328
0.003188519
0.004100684
0.00565321
0.007790152
0.01044046
0.01358711
0.01716164
0.02062605
0.02395286
0.02663252
0.02782434
0.02799746
0.02714034
0.02453727
0.0201653
0.01451827
0.008091478
0.001697424
-0.003633744
-0.007390307
-0.009462315
-0.00929456
-0.006914019
-0.003879173
-0.00139414
0.0006706184
0.002643334
0.004733003
0.007515206
0.01093182
0.0145522
0.0178967
0.02056813
0.02238777
0.0230529
0.0222416
0.02008459
0.01721388
0.01380693
0.009840656
0.006629833
0.005325025
0.004621209
0.004288536
0.005484842
0.007524868
0.009398576
0.0113565
0.01325811
0.01444461
0.01502295
0.01481515
0.01411024
0.01382147
0.01377312
0.01383839
0.0141921
0.0144324
0.01435106
0.01428655
0.01484842
0.01551058
0.0149104
0.01246257
0.009004878
0.005918608
0.003572046
0.001539699
-0.0002324319
-0.001518836
-0.001711995
-0.0006102814
0.001294013
0.003640415
0.00600748
0.007810443
0.009355945
0.01089822
0.01236897
0.01394235
0.01558594
0.01694994
0.01783925
0.01874556
0.01979913
0.02154584
0.02404442
0.02591434
0.02704241
0.02769223
0.02785701
0.02782401
0.02770364
0.02718138
0.02632071
0.02508927
0.02331022
0.02152366
0.02012807
0.0180107
0.01492225
0.01210342
0.009617732
0.006839761
0.004443258
0.003443021
0.003765638
0.004793404
0.00610293
0.00800498
0.01081204
0.0139106
0.01649909
0.01815718
0.01911916
0.01953398
0.01933209
0.01836521
0.0166672
0.01414587
0.01110091
0.008236203
0.006116061
0.005184039
0.004844513
0.004337271
0.004326005
0.005404197
0.007065592
0.008675043
0.01066364
0.01318075
0.01506016
0.01654582
0.01814114
0.01956282
0.02020867
0.02010849
0.01935472
0.01799907
0.01651205
0.01482336
0.01363318
0.01349814
0.01393397
0.01456373
0.01506696
0.01508897
0.01496225
0.01546174
0.01608407
0.01554221
0.01367761
0.01092847
0.007575989
0.003781362
-0.0002061898
-0.004733263
-0.009532147
-0.01308925
-0.0150269
-0.01565432
-0.01510683
-0.01334943
-0.0104453
-0.006724899
-0.002846968
0.0002952691
0.002243591
0.003645418
0.00544179
0.007150264
0.008184964
0.008412707
0.008594589
0.009297462
0.00952682
0.008364398
0.006396413
0.004757585
0.003685814
0.002468605
0.0005504179
-0.001219593
-0.002633225
-0.003698479
-0.004316269
-0.004066212
-0.003494791
-0.003376084
-0.003399746
-0.002924869
-0.002341925
-0.001803651
-0.001195916
-0.0008978578
-0.0009819013
-0.001066888
-0.000404394
0.001040276
0.002294453
0.003456526
0.004359404
0.004916964
0.005998776
0.007098221
0.007949888
0.009130332
0.01034008
0.0115365
0.01280866
0.01375266
0.01384535
0.01301292
0.01159547
0.010034
0.007878219
0.004629615
0.001785267
0.0009434311
0.0013585
0.001108123
-0.0001431943
-0.001846766
-0.00344565
-0.004753737
-0.005976952
-0.006984044
-0.007364447
-0.007713966
-0.008469612
-0.009044521
-0.008973984
-0.00820045
-0.007361971
-0.006732298
-0.006045355
-0.004538859
-0.002704918
-0.001632309
-0.0009450054
0.0001936422
0.00152332
0.002854837
0.004211798
0.004932142
0.005798365
0.007564589
0.009643343
0.01128622
0.01230451
0.01268183
0.01249974
0.01186105
0.01111724
0.009906884
0.007649698
0.004555561
0.001379678
-0.001405386
-0.004882766
-0.009348924
-0.0136582
-0.01780814
-0.02192941
-0.02525161
-0.02719776
-0.02820294
-0.02867942
-0.02865134
-0.0277937
-0.02633591
-0.02477374
-0.0229686
-0.02089423
-0.01900143
-0.01713676
-0.01562294
-0.01474826
-0.01415075
-0.01348811
-0.01334305
-0.01376745
-0.01405895
-0.01392863
-0.01339263
-0.01256553
-0.01178652
-0.01080343
-0.009733258
-0.008534871
-0.006779289
-0.005322305
-0.00463219
-0.004487069
-0.005095259
-0.006578249
-0.008850978
-0.01111759
-0.01304915
-0.01487622
-0.01732163
-0.02007205
-0.02215197
-0.02346063
-0.02457405
-0.02563223
-0.02652856
-0.0271511
-0.02730424
-0.02707516
-0.02642065
-0.02552135
-0.02375494
-0.02133632
-0.01980614
-0.01911621
-0.01849188
-0.01798383
-0.01778974
-0.01775983
-0.017744
-0.01769621
-0.01765536
-0.0176498
-0.01768097
-0.01772788
-0.01788314
-0.01849324
-0.01930322
-0.02008949
-0.02046959
-0.02013536
-0.01891141
-0.01701774
-0.01516357
-0.01394494
-0.0123577
-0.00991411
-0.00763441
-0.00659159
-0.006360029
-0.005588391
-0.004667284
-0.004395902
-0.004688659
-0.005313093
-0.006113041
-0.007249335
-0.008572898
-0.009410224
-0.009296738
-0.008347086
-0.00744534
-0.006930215
-0.006631955
-0.005924818
-0.004601707
-0.003483884
-0.002650211
-0.001772404
-0.001405344
-0.002076987
-0.003140044
-0.003878032
-0.003953094
-0.003957265
-0.004573667
-0.005551228
-0.006454378
-0.006796704
-0.007005799
-0.007580207
-0.00802657
-0.008021277
-0.007834791
-0.007719162
-0.007427721
-0.007206038
-0.00658997
-0.005116692
-0.004223845
-0.004195325
-0.004246202
-0.004101961
-0.00390033
-0.003798332
-0.00395895
-0.004867893
-0.006437676
-0.007651551
-0.007752251
-0.007931684
-0.007908966
-0.007098482
-0.006373762
-0.006105076
-0.005755138
-0.005383563
-0.005252944
-0.005304196
-0.005339537
-0.005266637
-0.004797363
-0.003955811
-0.002792197
-0.001388651
-0.0002715316
0.0007613813
0.002036283
0.003426325
0.004475275
0.005671161
0.006864143
0.007269819
0.007029046
0.006821818
0.00695219
0.007036482
0.006455288
0.005923281
0.006456853
0.007761892
0.009387791
0.01073977
0.01253214
0.01497151
0.01731016
0.01928711
0.020877
0.02191294
0.02214769
0.02157406
0.0199789
0.01747672
0.01541331
0.01433935
0.01350411
0.013004
0.01289503
0.01294206
0.01332333
0.01438821
0.0158786
0.01731361
0.01816491
0.01820164
0.01793461
0.01788911
0.01770888
0.01671631
0.01495468
0.01264638
0.009931938
0.006727618
0.003442547
0.001110373
-0.000119219
-0.001063025
-0.001875413
-0.001829607
-0.001062855
-0.0001400203
0.0008624891
0.001639991
0.002223064
0.002813322
0.00362767
0.004899205
0.006378595
0.007299856
0.007295949
0.006907878
0.006788169
0.006897957
0.006413841
0.005028514
0.003481116
0.002930527
0.003770291
0.005043433
0.006620241
0.00892809
0.01171211
0.01448625
0.01699842
0.01890959
0.02013194
0.02077674
0.0214107
0.02195714
0.02165905
0.02072696
0.01976364
0.01920906
0.01858218
0.0173628
0.0159452
0.01528475
0.01528346
0.01472604
0.01337492
0.01242153
0.01265638
0.01397503
0.01540973
0.01581914
0.01532811
0.01490544
0.01486036
0.01437369
0.0127729
0.00999325
0.007138192
0.00538558
0.004234394
0.002551136
0.0005271415
-0.0008957059
-0.001175282
-0.0008445021
-0.0007030652
-0.0009394488
-0.001229503
-0.001300729
-0.001191403
-0.001086573
-0.001053487
-0.0005072251
0.0009615792
0.002704768
0.004842964
0.007249554
0.009052961
0.01056448
0.01279542
0.01542978
0.01736969
0.01847366
0.01908626
0.01965901
0.02009857
0.02018964
0.01976276
0.01820328
0.01588636
0.01361951
0.01177192
0.01006018
0.008506839
0.007090256
0.005698276
0.004651835
0.004380067
0.004508371
0.004135777
0.003218556
0.002236528
0.001623839
0.001539001
0.001275273
0.0006084298
0.0001621886
0.0001155788
-0.0002728511
-0.001540291
-0.003294139
-0.005265637
-0.007109068
-0.008149231
-0.00902492
-0.01016521
-0.0108298
-0.01080903
-0.01060363
-0.01048658
-0.01001691
-0.009521541
-0.009812734
-0.01019561
-0.01030974
-0.01004618
-0.009930749
-0.009834131
-0.009550875
-0.009245695
-0.008670654
-0.007951801
-0.007183232
-0.006663774
-0.00662215
-0.006938137
-0.007642632
-0.008194547
-0.00837471
-0.008980713
-0.01037438
-0.01183997
-0.01257376
-0.01295259
-0.01342364
-0.01421021
-0.0148304
-0.01473429
-0.01389512
-0.01303092
-0.01238514
-0.01175784
-0.0105165
-0.009021565
-0.007266531
-0.00545416
-0.004156495
-0.00359282
-0.003460096
-0.003788428
-0.004393541
-0.005345455
-0.006347527
-0.006724765
-0.006515614
-0.00627345
-0.005764213
-0.004531318
-0.003594432
-0.003330481
-0.00304426
-0.002961964
-0.003809658
-0.005470881
-0.007429944
-0.009039976
-0.01019511
-0.01134989
-0.01198461
-0.01193104
-0.01100626
-0.009528925
-0.008134906
-0.006951549
-0.006164598
-0.005204106
-0.003782408
-0.002209082
-0.001118029
-0.0005344188
0.000323878
0.001356871
0.0018098
0.00165939
0.001427802
0.001082764
0.0001308771
-0.001349156
-0.00287108
-0.004161075
-0.00495896
-0.005052979
-0.004455329
-0.003249473
-0.001816197
-0.0001739179
0.0013664
0.002601934
0.003771674
0.00433212
0.004120333
0.002844491
0.0003891576
-0.002534824
-0.005168196
-0.007017615
-0.008199802
-0.009397081
-0.01086736
-0.01203
-0.01274353
-0.01321556
-0.01339193
-0.01337261
-0.01336339
-0.01343556
-0.01344503
-0.0129599
-0.0121934
-0.01187151
-0.01199277
-0.01175552
-0.01105453
-0.01060928
-0.01064559
-0.01082177
-0.01084814
-0.01064489
-0.009975401
-0.009170787
-0.008489987
-0.007898355
-0.007231267
-0.0066998
-0.006696148
-0.007507074
-0.008813511
-0.009699737
-0.01030009
-0.01118197
-0.01194235
-0.01211044
-0.01192929
-0.01173448
-0.011171
-0.01006793
-0.009241646
-0.009191562
-0.009492386
-0.009589066
-0.009281959
-0.008350754
-0.007046594
-0.006071258
-0.004766754
-0.002349054
0.0007381191
0.003657214
0.005957068
0.007117669
0.007607181
0.008020624
0.008223682
0.007557629
0.006059821
0.004635306
0.003837756
0.002885069
0.001986809
0.001736975
0.002306286
0.004131494
0.006586695
0.008166741
0.00948456
0.01174169
0.01465152
0.01670575
0.01704328
0.01648413
0.01606049
0.01554432
0.01429
0.01215015
0.009884899
0.007769581
0.005974977
0.004324863
0.002635322
0.001147605
-0.0002560073
-0.001294686
-0.00200431
-0.00257654
-0.003254768
-0.003712764
-0.003754811
-0.003624324
-0.003596237
-0.003693089
-0.003770731
-0.003484364
-0.002430297
-0.0005844229
0.001382399
0.002720491
0.004318274
0.006631098
0.008746832
0.009890639
0.01070842
0.01193447
0.01277199
0.01281899
0.01259175
0.01255926
0.0119779
0.01058037
0.009712544
0.009506422
0.009205895
0.008858088
0.008731923
0.009151041
0.009955456
0.01031662
0.009726042
0.008674187
0.008232151
0.008158245
0.007891969
0.0084085
0.009932993
0.01182841
0.01398003
0.01563392
0.01676447
0.01772374
0.01812641
0.01756199
0.01612042
0.01403776
0.01150244
0.008892961
0.006815675
0.005476894
0.004519176
0.00421398
0.004734141
0.006015986
0.007351172
0.008158138
0.00891652
0.009652646
0.009955175
0.01001139
0.01043065
0.01059981
0.0102066
0.009611504
0.008452487
0.007189473
0.006217386
0.005299942
0.004568967
0.003788757
0.002543975
0.0009613807
-0.0005658535
-0.001887006
-0.003017088
-0.003624578
-0.003636096
-0.003249526
-0.001795257
0.0006916155
0.002603358
0.003922449
0.005249694
0.006505788
0.007110524
0.006692952
0.005216472
0.003908231
0.003173337
0.00253069
0.002064763
0.001763013
0.001319428
0.001354088
0.001808308
0.002048909
0.001920594
0.001739448
0.002016286
0.002858223
0.003462933
0.003427396
0.003393969
0.003972098
0.004618507
0.005056962
0.005848417
0.006903396
0.007415117
0.007287758
0.007370155
0.008163356
0.008898738
0.008962624
0.008282104
0.006921545
0.005374546
0.004098727
0.003400313
0.002994772
0.002407233
0.001974627
0.002257267
0.002719204
0.002384943
0.001735287
0.001122092
0.0001513502
-0.001265174
-0.003124413
-0.005175426
-0.006475533
-0.006942423
-0.007192525
-0.007494094
-0.00818092
-0.0090945
-0.01000265
-0.01112591
-0.01250311
-0.01393968
-0.01530421
-0.01655483
-0.01733612
-0.01743543
-0.01725854
-0.01725294
-0.01726435
-0.0162861
-0.0146585
-0.0129895
-0.01182313
-0.01110203
-0.01009326
-0.008657491
-0.007677556
-0.007636026
-0.008016978
-0.008154178
-0.007944705
-0.007828083
-0.008402243
-0.009328636
-0.01031014
-0.01132792
-0.01179854
-0.01130248
-0.01071633
-0.009913485
-0.008787283
-0.007100141
-0.005232385
-0.003549852
-0.001530006
0.000785405
0.002223444
0.002742979
0.002869225
0.002958357
0.003129421
0.003304655
0.003376305
0.003150083
0.002210886
0.00068567
-0.0006652597
-0.001060659
-0.0007167913
-0.0004387835
-0.0005856586
-0.0009012716
-0.001042577
-0.0009640781
-0.0008399841
-0.0008061174
-0.0008512884
-0.000890661
-0.0006894874
0.0002064284
0.001501477
0.002199988
0.002319039
0.002670829
0.003149867
0.00305567
0.001951855
0.0003155862
-0.0008828199
-0.001315264
-0.001624344
-0.001946332
-0.001842153
-0.001155821
-0.000641601
-0.0007098486
-0.0009895922
-0.0007895032
-0.0002056643
-0.0002610039
-0.0008030818
-0.00108052
-0.0006471246
0.0003422206
0.001231611
0.001796268
0.001935303
0.002117149
0.003070952
0.004405212
0.005042346
0.004802317
0.0043812
0.00434126
0.004628822
0.005258058
0.006443951
0.00793898
0.00936995
0.01100715
0.0133752
0.01591176
0.01763363
0.01862732
0.01931603
0.02002859
0.02085164
0.02089596
0.01969021
0.01796209
0.01651082
0.01541363
0.01432125
0.01337885
0.0130761
0.01359954
0.01448664
0.01517514
0.01565466
0.0161546
0.0168291
0.01721787
0.01719049
0.01705627
0.01706497
0.01725751
0.01784793
0.01864194
0.01943124
0.02044211
0.02129592
0.02140508
0.02066238
0.01973389
0.01893851
0.01751359
0.01540921
0.01315053
0.01112238
0.009166693
0.006801366
0.004529062
0.00337336
0.002953158
0.002122423
0.001116117
0.001100551
0.001929854
0.002576396
0.003388144
0.004478064
0.004982746
0.004889172
0.005076123
0.005368307
0.005187624
0.004793231
0.004148599
0.003043641
0.002042279
0.001402936
0.0009227926
0.0002845083
-0.0005014037
-0.001311988
-0.002013166
-0.002636776
-0.003239766
-0.003856555
-0.004076861
-0.004073514
-0.004394301
-0.004765409
-0.004857604
-0.004622889
-0.003925734
-0.003260946
-0.003166383
-0.003436802
-0.003715035
-0.004345052
-0.005477559
-0.00640387
-0.007121362
-0.008310501
-0.01038138
-0.01271954
-0.01487396
-0.01657976
-0.01786024
-0.01912653
-0.0204587
-0.02126265
-0.02130796
-0.02096694
-0.02034402
-0.01960197
-0.01836983
-0.01710356
-0.01616746
-0.01526409
-0.01461525
-0.01448883
-0.0147407
-0.01537524
-0.016047
-0.0166515
-0.01703978
-0.01707601
-0.01697003
-0.0169673
-0.01707925
-0.01693917
-0.01576262
-0.01424887
-0.01315713
-0.01232832
-0.01174249
-0.01107504
-0.01030647
-0.009454757
-0.008857787
-0.008958364
-0.00980744
-0.0106334
-0.01121087
-0.01171136
-0.01258092
-0.01376011
-0.01443244
-0.01455329
-0.01498761
-0.01578733
-0.01671158
-0.01741152
-0.01802352
-0.01840874
-0.01823252
-0.01739582
-0.01672033
-0.01638666
-0.01542237
-0.01396484
-0.01231356
-0.01136509
-0.01107398
-0.01029028
-0.00955576
-0.009068087
-0.008777876
-0.008524998
-0.007877611
-0.007059145
-0.006444283
-0.006519904
-0.006525335
-0.006137119
-0.005798067
-0.005574341
-0.00500105
-0.004383426
-0.0040469
-0.003581017
-0.00290356
-0.002092633
-0.001592244
-0.001579753
-0.001969353
-0.002709206
-0.003179435
-0.003348568
-0.003746132
-0.004173118
-0.004296955
-0.004216326
-0.004451619
-0.005234896
-0.005816505
-0.005767137
-0.005482197
-0.005659655
-0.006504242
-0.007171344
-0.007158148
-0.006824721
-0.006944117
-0.007527107
-0.007491213
-0.006627588
-0.005552007
-0.005128797
-0.005106403
-0.004710522
-0.004188217
-0.003981668
-0.003794947
-0.002882088
-0.001302402
2.773328e-05
0.0006075752
0.001216102
0.001922011
0.001875577
0.001686956
0.001907108
0.001851268
0.001177902
0.0002032959
-0.0006140828
-0.001565415
-0.002500929
-0.003193859
-0.004094709
-0.005072772
-0.005866017
-0.006503587
-0.006364756
-0.005509377
-0.00496013
-0.004322508
-0.002384427
-0.0001344435
0.0005795353
-5.820839e-05
-0.0009938005
-0.001943812
-0.00301695
-0.004235747
-0.005163969
-0.005707223
-0.006240102
-0.006565099
-0.006223994
-0.005349474
-0.004142051
-0.002754647
-0.00138699
0.0006915954
0.00314951
0.004942075
0.006039452
0.007104276
0.00816121
0.009013157
0.00971462
0.009633467
0.008799818
0.00831564
0.008586229
0.00940334
0.01021135
0.01007205
0.009062238
0.008378372
0.008534556
0.008993589
0.009168138
0.009031917
0.008843032
0.008510955
0.007856651
0.007394062
0.007175665
0.00699033
0.006979599
0.006954783
0.0069504
0.006608789
0.0061945
0.006101379
0.006257553
0.006374713
0.006336204
0.006237051
0.006180609
0.005923432
0.005531352
0.005739834
0.005953075
0.005081981
0.003346422
0.001672035
0.0007414934
0.0007175329
0.001027068
0.001059968
0.001073685
0.001864681
0.003387792
0.004989308
0.006471885
0.007984204
0.009278877
0.01062529
0.01167517
0.01259794
0.0136383
0.01430205
0.01430837
0.01406664
0.01383053
0.01311831
0.0117579
0.01020373
0.008866229
0.007686979
0.006420257
0.004995808
0.003708608
0.002977748
0.002283048
0.001216418
0.0002487035
-0.0006884118
-0.001739451
-0.002348288
-0.002491241
-0.003103411
-0.004571867
-0.006318181
-0.0077532
-0.008916789
-0.01009939
-0.01145114
-0.01289207
-0.01430027
-0.01545027
-0.01592407
-0.01578688
-0.01559631
-0.01544007
-0.01444559
-0.01292721
-0.01131707
-0.01006844
-0.008711001
-0.006949422
-0.005359468
-0.004578197
-0.004179678
-0.003783928
-0.003397021
-0.002709572
-0.002131146
-0.002523868
-0.003412626
-0.003842154
-0.004108792
-0.004959665
-0.005993246
-0.006908277
-0.00837985
-0.01008415
-0.01151793
-0.01213286
-0.01196279
-0.01117968
-0.01016402
-0.009704708
-0.009128763
-0.008430771
-0.008039833
-0.007668383
-0.007032555
-0.005861462
-0.004735928
-0.004408211
-0.003947077
-0.002263048
-0.0001276315
0.001430407
0.001682362
0.0007795877
-0.0002143476
-0.0007116563
-0.0009706546
-0.001446008
-0.001816766
-0.001905711
-0.001862982
-0.001817078
-0.001267608
-0.0001589901
0.0004043587
0.0005451758
0.0006289881
0.0009934081
0.001505771
0.001338061
0.0005034116
-0.0004490388
-0.0007927098
-0.0005598505
-0.0003225565
-0.000350197
-0.0003296571
0.0002498637
0.0008987614
0.001044132
0.0008623622
0.0007579412
0.0008458363
0.0009775944
0.0008217573
-0.0001046957
-0.001468212
-0.00234219
-0.002946501
-0.00379907
-0.004456322
-0.00454869
-0.004371033
-0.004201705
-0.003603619
-0.002431513
-0.001582597
-0.001469237
-0.001228918
-0.0006338163
-0.000215917
-0.0003468079
-0.001143948
-0.001887873
-0.002038555
-0.002363948
-0.00341324
-0.004358318
-0.004133292
-0.003501453
-0.003233864
-0.003113644
-0.003080614
-0.003178482
-0.003687842
-0.004304286
-0.004034787
-0.003088122
-0.002519363
-0.002253902
-0.001942566
-0.001762547
-0.001663769
-0.001213175
-0.0009191616
-0.001275178
-0.001791814
-0.002336565
-0.002898076
-0.003536994
-0.004137167
-0.004335313
-0.00421506
-0.004052056
-0.003649369
-0.002986225
-0.002138704
-0.0009774755
0.0003385307
0.001246464
0.001856634
0.002811939
0.003836007
0.004717277
0.005756973
0.006623362
0.006821164
0.006607357
0.006519799
0.006607907
0.006218407
0.004946096
0.003272413
0.001900907
0.001337572
0.001488345
0.0017095
0.001652022
0.001902299
0.002964712
0.004046491
0.0043437
0.004482662
0.004983827
0.00541991
0.005488127
0.005289824
0.004728199
0.004059411
0.003851346
0.004065036
0.00434237
0.004769772
0.005380167
0.006095951
0.006786731
0.007411819
0.007993517
0.008229643
0.008156533
0.008096826
0.008532716
0.009025597
0.008715499
0.00808299
0.007094011
0.005343197
0.00354487
0.002223652
0.0007396898
-0.001689485
-0.004338373
-0.006081607
-0.007057477
-0.00770546
-0.008365553
-0.008834747
-0.00891669
-0.008851106
-0.008435577
-0.007701761
-0.006176278
-0.004305819
-0.002858804
-0.001763083
-0.0006488448
0.0003760343
0.0007462657
0.0009802892
0.0008730637
0.0006218471
0.0006231795
0.0007854081
0.001275926
0.00165071
0.001671818
0.001852822
0.002820785
0.004110006
0.00465805
0.004384213
0.004040941
0.004373093
0.005379397
0.006057354
0.00569785
0.004639741
0.004032608
0.00423945
0.004476081
0.003886998
0.003049656
0.002798963
0.003267299
0.004242774
0.005069222
0.005839406
0.006783144
0.007567052
0.008450927
0.00961025
0.01033655
0.0103138
0.01003771
0.01000227
0.01020528
0.01050105
0.01112602
0.01189774
0.01267128
0.01303041
0.01242872
0.01147345
0.01070476
0.009778123
0.008045983
0.005865871
0.004170645
0.003068143
0.002078566
0.001267409
0.0010132
0.001212936
0.001789789
0.002403595
0.002564803
0.002761847
0.003783671
0.005061335
0.005503991
0.005147642
0.004394422
0.003270626
0.00193338
0.0006550787
-0.0001619606
-0.0006182898
-0.0008407377
-0.0005039384
-0.0001044966
-9.738539e-05
-4.801154e-05
0.0005358552
0.00110906
0.001237258
0.001087665
0.0009650034
0.0009996439
0.001119772
0.001431729
0.002095825
0.0025732
0.00291683
0.004045328
0.00522779
0.00548053
0.00528262
0.00572075
0.00649857
0.006634828
0.005782373
0.0051385
0.005931844
0.007561752
0.008445281
0.008153979
0.007570039
0.00746941
0.007679391
0.007269217
0.006004862
0.00472542
0.003460562
0.002466853
0.001755492
0.0007846829
-0.0001527398
-0.0004274123
-0.0002224527
-0.0001031579
-0.0002163867
-4.196166e-06
0.0007429642
0.001625787
0.002356522
0.003094374
0.004310027
0.005194327
0.005221333
0.004890825
0.005014512
0.005965326
0.006843161
0.00672942
0.005656827
0.00481867
0.004891837
0.005376455
0.00557789
0.005269032
0.00428988
0.00293523
0.002204868
0.002382487
0.002768303
0.002790616
0.002518774
0.002306087
0.002312421
0.002428545
0.002495137
0.002473275
0.002444512
0.002784257
0.003840869
0.005068218
0.005501394
0.004915229
0.003886982
0.002950895
0.001472314
-0.0004322831
-0.0009859739
-0.0001991017
0.00040873
-0.0001570467
-0.001986365
-0.00350419
-0.003563212
-0.002843981
-0.00249098
-0.002662318
-0.002443729
-0.00127291
0.0003915682
0.001961757
0.003604066
0.004990411
0.006145045
0.007808566
0.009655949
0.01079375
0.01087034
0.01081678
0.01115276
0.01087032
0.009234585
0.006748394
0.004498241
0.002766493
0.001319166
-0.0005175074
-0.002504511
-0.004117759
-0.005363656
-0.006513799
-0.007697386
-0.008446128
-0.008514061
-0.008196298
-0.007463394
-0.006393846
-0.005670129
-0.005609563
-0.005338951
-0.004167553
-0.002873569
-0.002083905
-0.001326151
-0.0004981377
-0.0001553345
-0.0003342551
-0.000927284
-0.002025618
-0.003402004
-0.004738508
-0.005609568
-0.00607275
-0.00621181
-0.005795182
-0.005040125
-0.004009799
-0.003102388
-0.002582222
-0.002127456
-0.001774106
-0.001629893
-0.001633434
-0.001925605
-0.00261184
-0.003098799
-0.003358831
-0.004145184
-0.005336148
-0.005950951
-0.005780541
-0.005452882
-0.005448631
-0.005684372
-0.00585275
-0.005817919
-0.005414588
-0.004629885
-0.004134635
-0.004219657
-0.004505911
-0.004833123
-0.005763269
-0.007511816
-0.008914429
-0.009716713
-0.0102605
-0.009914791
-0.008727615
-0.007973729
-0.007996482
-0.00781731
-0.007123152
-0.006155462
-0.00558554
-0.005648706
-0.005906219
-0.005758931
-0.005098984
-0.004818437
-0.004687659
-0.004262855
-0.00343278
-0.002706221
-0.002129524
-0.001854221
-0.002350396
-0.00307862
-0.003245138
-0.002927871
-0.0026729
-0.002729721
-0.002925905
-0.002786603
-0.001549962
-8.304969e-05
0.0003140513
-4.689239e-05
0.0001732308
0.0009977286
0.00139041
0.0006960736
-0.0003889056
-0.001356395
-0.00229061
-0.002850951
-0.002919068
-0.003238749
-0.003977908
-0.004419229
-0.004252011
-0.003538283
-0.002809931
-0.002639025
-0.002807615
-0.002439974
-0.001172623
1.057889e-05
0.0002040008
-0.0002335513
-0.000496055
-0.0003322991
-0.0001202707
-0.0005293625
-0.001353189
-0.001643782
-0.0009074306
0.0001190868
0.0004083106
0.0001024481
0.0003379845
0.001606144
0.002868465
0.003133436
0.002631568
0.001830011
0.001235275
0.001235662
0.001542977
0.001555538
0.0008033882
-0.0001959851
-0.000992653
-0.001372057
-0.001329003
-0.001307555
-0.001817439
-0.002051077
-0.001510978
-0.0004847012
0.0002005958
0.000105905
-0.000292083
-0.0004101886
-0.00020891
2.010563e-06
2.15219e-05
-0.0002759565
-0.001041878
-0.001839918
-0.002489531
-0.002781337
-0.002727115
-0.002654701
-0.002545707
-0.001996584
-0.001202388
-0.0004033447
0.0002116789
0.0007942717
0.001137784
0.001149933
0.001064024
0.001096804
0.001466429
0.00193382
0.001961716
0.001813182
0.001428968
0.001088066
0.0007256585
9.39371e-05
-0.0006628859
-0.0009912276
-0.0004562834
0.0001377403
0.000527567
0.001313445
0.002339894
0.003519812
0.004858867
0.005462257
0.005228192
0.004525868
0.003743158
0.003030854
0.002025895
0.000667454
-0.0007182029
-0.00159211
-0.002073319
-0.002499485
-0.002758493
-0.002885036
-0.003380332
-0.00421862
-0.005072548
-0.005646095
-0.00577923
-0.00600623
-0.006110229
-0.00580657
-0.005541154
-0.005579915
-0.005502861
-0.004100845
-0.00145359
0.0003093206
0.000284876
3.519377e-05
0.0005044577
0.001278817
0.002136821
0.002707193
0.002720787
0.002490631
0.002786763
0.004243567
0.00560792
0.006142633
0.006944475
0.007884631
0.008203922
0.007618704
0.006076944
0.004698915
0.003812433
0.003144132
0.002810363
0.002492362
0.001484424
0.0001205317
-0.0007915388
-0.001257988
-0.0011163
-0.0006332028
-0.0004910798
-0.0003808444
-0.0002063181
0.0006371909
0.002220031
0.003826972
0.005102079
0.005839351
0.00670337
0.007708989
0.008181858
0.00822099
0.009019943
0.01049032
0.01130418
0.01153998
0.01181916
0.01201377
0.01161038
0.01079604
0.01000372
0.009439976
0.008760161
0.007374456
0.005175598
0.003006218
0.001559215
0.0005416063
-0.0005271515
-0.001321152
-0.001507526
-0.001232748
-0.0005378177
-2.612414e-06
-3.523035e-05
-0.0003193669
-0.0004143734
-0.0002673149
-9.682206e-05
0.0001159615
0.0006886194
0.001401326
0.001909845
0.001620723
0.001026552
0.0005751114
-0.0001964242
-0.001503127
-0.002994953
-0.004356217
-0.005312898
-0.00557555
-0.005416524
-0.005298169
-0.004617744
-0.00249535
-0.0002248556
0.0003849437
6.622563e-05
0.0003063372
0.0009512893
0.0009307539
-0.000302596
-0.002126498
-0.004172858
-0.006206765
-0.007788461
-0.00939278
-0.01131285
-0.013022
-0.01386007
-0.01381325
-0.01357195
-0.01363741
-0.01391994
-0.0141037
-0.01407544
-0.01396055
-0.01390567
-0.01393386
-0.01397988
-0.0139919
-0.01385202
-0.01322218
-0.01238272
-0.01175089
-0.01181225
-0.0118202
-0.01144168
-0.01110779
-0.0110729
-0.01119963
-0.01150782
-0.01246106
-0.01368144
-0.01420676
-0.01395874
-0.0136281
-0.01365145
-0.01360411
-0.0127392
-0.01143794
-0.01055422
-0.009768774
-0.00887987
-0.008447838
-0.008536938
-0.008696917
-0.008641023
-0.008463262
-0.00834021
-0.007943066
-0.007185349
-0.006794049
-0.007020875
-0.007788629
-0.008636772
-0.009354456
-0.01024565
-0.01100533
-0.01125477
-0.01157411
-0.01222003
-0.0127666
-0.01335911
-0.01388101
-0.01388904
-0.01313815
-0.01223493
-0.01153164
-0.01108343
-0.01040905
-0.008829769
-0.006582158
-0.005098451
-0.004431089
-0.003751861
-0.003139876
-0.002919697
-0.00297489
-0.003395978
-0.004690139
-0.005844847
-0.005938224
-0.005431587
-0.004903091
-0.004379558
-0.003852697
-0.002948301
-0.00159544
-0.0003875653
-2.72292e-05
-0.0003038519
-0.0005188558
-0.0004043037
-0.000540713
-0.001230252
-0.002089471
-0.002771252
-0.002919693
-0.002725025
-0.002611739
-0.002718037
-0.002881554
-0.002936618
-0.002884442
-0.002968676
-0.003973266
-0.005474172
-0.006200022
-0.006426162
-0.006670253
-0.006761902
-0.006245179
-0.005572718
-0.005423654
-0.005569371
-0.005028251
-0.003631342
-0.002191213
-0.0008042219
0.0003539513
0.001621661
0.00272361
0.003724267
0.00479745
0.005433263
0.005431566
0.005230176
0.005228861
0.005408759
0.005547526
0.005527308
0.005135345
0.004058606
0.002821958
0.002364817
0.002368713
0.001700241
0.001099181
0.001892605
0.002951768
0.003109456
0.002650552
0.002732548
0.003632593
0.0043447
0.004710135
0.005144339
0.005429822
0.005432691
0.00534512
0.005279479
0.00486176
0.004117342
0.003313675
0.002730472
0.002565585
0.002305586
0.002144119
0.002469596
0.002808507
0.002801698
0.002733275
0.003379387
0.004758794
0.005723466
0.005797063
0.006072005
0.007238502
0.008344769
0.008667347
0.008905853
0.009509293
0.01044364
0.0108759
0.0103681
0.009978001
0.009987353
0.0105282
0.01111614
0.01121078
0.01095359
0.01077506
0.01083648
0.01098725
0.01105098
0.01100909
0.01094964
0.01092238
0.01064696
0.009922936
0.009125448
0.008476565
0.008226952
0.007944668
0.007278125
0.006792114
0.006787036
0.00697839
0.007033631
0.006925597
0.006792494
0.00638057
0.005656299
0.005274211
0.005234355
0.004440444
0.003009191
0.002302174
0.002571662
0.003005589
0.003086183
0.003372177
0.004404536
0.005422536
0.005599513
0.005478617
0.006494701
0.008042453
0.008626195
0.00822083
0.007777049
0.00783119
0.008163849
0.008553337
0.00937727
0.0105504
0.01118025
0.01101546
0.01067196
0.01066004
0.01090937
0.01109682
0.0110691
0.01066081
0.009869629
0.009359404
0.009148222
0.008693029
0.008234708
0.00810819
0.00792559
0.00723708
0.00625091
0.005421505
0.005220928
0.005078955
0.004113626
0.00285346
0.002767015
0.00420255
0.005706944
0.005933517
0.005279769
0.004849351
0.005106044
0.006008617
0.006976019
0.007586657
0.007470202
0.006773998
0.006380997
0.006502997
0.006339261
0.005684667
0.005237269
0.005281051
0.005492923
0.005541696
0.005423751
0.005314062
0.005309405
0.005366327
0.005550802
0.006222253
0.006922471
0.007067349
0.007009362
0.007515115
0.008180486
0.008366574
0.008162872
0.007997376
0.008050832
0.008192326
0.008254015
0.008229044
0.008485444
0.00950416
0.01077885
0.01127598
0.01097041
0.01062
0.01067513
0.01095968
0.01112431
0.01104947
0.01088082
0.01043637
0.009333644
0.00819589
0.00791444
0.008260275
0.008127183
0.007144275
0.005945078
0.005236371
0.005282677
0.005677919
0.006263419
0.006803685
0.006898241
0.006681361
0.006459596
0.005981085
0.005536392
0.005864689
0.006128995
0.005740964
0.005264762
0.005181254
0.005371869
0.005506426
0.005466339
0.005361896
0.005319208
0.005345729
0.005203797
0.004573494
0.003981397
0.004092552
0.004745708
0.004485438
0.003127478
0.001839062
0.0009201093
0.0002447816
-1.000163e-05
6.06667e-05
0.0001006169
-0.0003088121
-0.001196244
-0.001772366
-0.001661836
-0.0009638045
-0.0004994878
-0.001023813
-0.001745289
-0.001879777
-0.001563085
-0.001320021
-0.001394035
-0.001973532
-0.002776695
-0.0030817
-0.002856914
-0.002604736
-0.002627532
-0.002810785
-0.00292192
-0.002899087
-0.002740286
-0.002270915
-0.002103588
-0.002033049
-0.001737791
-0.001498631
-0.001488726
-0.00157925
-0.001719701
-0.002235778
-0.002828143
-0.002978236
-0.002779533
-0.002631906
-0.002698148
-0.002843746
-0.002904508
-0.002863843
-0.002806345
-0.002793455
-0.002816524
-0.002837199
-0.002851071
-0.003125263
-0.003551854
-0.003340776
-0.002783049
-0.002564718
-0.002727531
-0.00256798
-0.001851706
-0.001340745
-0.001411013
-0.002041838
-0.002839056
-0.003095104
-0.002830194
-0.002575383
-0.002619068
-0.002818238
-0.002928821
-0.002823365
-0.002197384
-0.0009769413
3.656206e-06
8.485475e-05
-0.0003156223
-0.0003654553
0.0004748138
0.001435186
0.001753438
0.001875219
0.001689797
0.001371338
0.001798411
0.002652804
0.003011379
0.002775311
0.002478005
0.002469864
0.002651575
0.002779592
0.002950448
0.003360578
0.003260375
0.002714162
0.00241034
0.002238249
0.001436346
0.000223979
-0.0003623461
-0.0004156787
-0.001068229
-0.002353409
-0.003477282
-0.003748468
-0.003434855
-0.003975537
-0.00487831
-0.004782117
-0.00374852
-0.002687326
-0.002409348
-0.00227603
-0.001376234
-0.0002526169
0.0001291603
-0.0001522355
-0.0004203703
-0.0004354383
-0.000886072
-0.002067369
-0.0031127
-0.003870211
-0.004781336
-0.005499997
-0.005631213
-0.005448762
-0.005240105
-0.004716517
-0.004191647
-0.003920516
-0.003626239
-0.003596044
-0.003379479
-0.002937805
-0.002707147
-0.002779551
-0.002913226
-0.002910829
-0.002549835
-0.001808055
-0.001318636
-0.001095758
-0.0006049218
-9.545908e-05
4.278043e-05
-8.472324e-05
-0.0001713806
-0.000135133
-8.341219e-05
-7.700669e-05
-0.0001022472
2.102339e-05
0.001030999
0.00251113
0.003098411
0.002713143
0.002270736
0.002322061
0.002657653
0.002856845
0.002800564
0.002658976
0.002603587
0.002524111
0.001853266
0.0005980629
-0.0002400382
-0.0001735172
8.466053e-05
-0.0004771745
-0.001390174
-0.001925339
-0.002370559
-0.002726022
-0.002801282
-0.002717339
-0.002692528
-0.002785187
-0.003168672
-0.003930495
-0.004713882
-0.005373504
-0.005630846
-0.005527708
-0.005412714
-0.005476998
-0.005625736
-0.005700467
-0.005670153
-0.005588343
-0.005144537
-0.003985424
-0.002785755
-0.002003071
-0.001110562
-0.000272795
-1.101815e-05
-0.0002039631
-0.0003655445
-0.0002728901
-8.515647e-05
-1.090031e-05
-6.955229e-05
-0.0002700446
-0.0007771203
-0.0008291906
-0.0002730133
0.0001362405
5.878821e-05
-0.0001893181
-0.0002326048
-8.363301e-05
4.108308e-05
4.013111e-05
-2.360718e-05
-5.809133e-05
-4.274398e-05
-1.448135e-05
-6.848905e-06
-3.838068e-05
-0.0001014364
-0.0001394771
-0.000131199
-0.0001088479
-0.0001040574
-0.0001162926
-0.0001276279
-0.0001282597
-0.0001225687
-0.000118803
-0.0001196926
-0.000189864
-0.0006617854
-0.001418099
-0.00219449
-0.002752734
-0.002931547
-0.003336191
-0.004121296
-0.005072839
-0.005681142
-0.005681349
-0.00544158
-0.005383922
-0.005540358
-0.005695298
-0.005713297
-0.005637015
-0.005386233
-0.00470492
-0.004113379
-0.004086813
-0.00464374
-0.005494654
-0.005899122
-0.005699611
-0.005397464
-0.005380867
-0.00557688
-0.005723498
-0.00571139
-0.005602142
-0.005132245
-0.003972389
-0.002786382
-0.002012559
-0.00111783
-0.0002737959
6.848889e-05
0.0004167554
0.001042091
0.001441213
0.001387834
0.0010527
0.0003888625
-0.000184604
-0.0002042695
8.68993e-05
0.0002188141
9.070079e-05
-8.192865e-05
-0.0001226767
-5.365246e-05
1.076054e-05
1.220807e-05
-3.545963e-05
-0.0001057303
-0.0001330547
0.0003486053
0.001815056
0.002989684
0.002988345
0.002432001
0.002215523
0.002476243
0.002793208
0.002855579
0.002723156
0.002609185
0.002611686
0.002674303
0.002710242
0.002697917
0.002671113
0.002661784
0.002670594
0.002680748
0.002660221
0.002259508
0.001132713
-0.0001750983
-0.001469307
-0.002704026
-0.004021722
-0.005243805
-0.005742315
-0.006107383
-0.007168
-0.008336097
-0.008688797
-0.008371883
-0.008066087
-0.008109268
-0.008338453
-0.008465481
-0.008416401
-0.0083141
-0.008276649
-0.008308433
-0.008347521
-0.008353742
-0.008185247
-0.007322674
-0.006009221
-0.005332063
-0.005550806
-0.005954638
-0.005975507
-0.005700506
-0.005498627
-0.005713019
-0.006536059
-0.007522809
-0.008264088
-0.008415392
-0.008173906
-0.007730616
-0.006842849
-0.005833477
-0.005431561
-0.005075328
-0.003859511
-0.002743049
-0.002588393
-0.00301095
-0.003637211
-0.004638285
-0.005604104
-0.005865263
-0.005611163
-0.005787329
-0.006639584
-0.007266962
-0.007232031
-0.006923064
-0.006737054
-0.006363473
-0.005781989
-0.005515235
-0.00563821
-0.005730108
-0.005201137
-0.004329363
-0.004047216
-0.004832327
-0.005714089
-0.005319591
-0.004210461
-0.00360675
-0.00335106
-0.003092426
-0.002940986
-0.002965709
-0.00302583
-0.003001019
-0.002926444
-0.002888178
-0.002906766
-0.002927149
-0.002889819
-0.002834498
-0.002831372
-0.002884008
-0.002913786
-0.003121701
-0.004012118
-0.005138253
-0.005320322
-0.004784093
-0.003782777
-0.003725058
-0.005064421
-0.0062377
-0.006225097
-0.00560233
-0.005299149
-0.005510392
-0.005829912
-0.005916588
-0.005797336
-0.005678806
-0.005671969
-0.005731747
-0.005766455
-0.005555331
-0.004643417
-0.003320963
-0.002648797
-0.002868657
-0.00326797
-0.00328378
-0.003021013
-0.003114828
-0.003865255
-0.004519993
-0.00482666
-0.004970482
-0.004616264
-0.003877203
-0.003086918
-0.002790462
-0.002983345
-0.003178722
-0.002828663
-0.001890905
-0.0009781969
-0.0006071255
-0.00087581
-0.001125344
-0.001681851
-0.00233008
-0.002377117
-0.002370018
-0.002312708
-0.001551422
-0.0003812727
0.0001529553
-0.0001031728
-0.000461162
-0.0003995259
0.0006379897
0.002311402
0.003079655
0.00273862
0.002987833
0.004530544
0.005724212
0.005717715
0.005562109
0.00611322
0.006380312
0.005753058
0.005123805
0.005074182
0.005382742
0.00519651
0.004696469
0.004122067
0.003506264
0.003687618
0.004598557
0.00551601
0.005693638
0.005380776
0.005934406
0.007601033
0.008671139
0.008459773
0.007828361
0.007702587
0.008009208
0.007766781
0.006535929
0.005366867
0.005182663
0.005599769
0.005839491
0.005675539
0.005477486
0.005967011
0.007297398
0.008424686
0.008536628
0.008073478
0.007668513
0.006838229
0.005689167
0.005225103
0.005505832
0.00581825
0.005746117
0.00532915
0.00420416
0.002845195
0.002402691
0.002812689
0.003196879
0.003025511
0.002238366
0.001825706
0.002363683
0.002974384
0.002994672
0.002811671
0.003628035
0.005065005
0.005176401
0.003641252
0.002190436
0.002109279
0.002852299
0.003018884
0.001702728
0.0004081895
0.0001717331
0.0008155787
0.001025996
0.0005273837
0.0004559441
0.0005541103
0.000444861
0.0007819128
0.001548039
0.002274222
0.002054907
0.0007562218
-0.0002905093
-0.0002488079
0.0003143928
0.0005655258
0.0003848955
0.0001351136
7.871933e-05
0.0004283693
0.001642467
0.002455704
0.001949816
0.0006813172
-7.065539e-05
0.000159948
0.0005746003
0.0001545958
-0.0008435508
-0.001832598
-0.002302338
-0.002174838
-0.001916559
-0.001892113
-0.002030802
-0.002124409
-0.002102974
-0.002018438
-0.001928907
-0.001888361
-0.001899726
-0.001908996
-0.001523996
-0.0001845114
0.001033011
0.001505256
0.002270327
0.003193696
0.003514806
0.003339895
0.003198114
0.003294882
0.003467782
0.003532877
0.003655912
0.004048572
0.004136025
0.004058345
0.004086477
0.005002491
0.006099477
0.006346367
0.005934303
0.005618181
0.006036313
0.007530865
0.00878657
0.008811168
0.008192117
0.007889476
0.008103653
0.008400983
0.008194314
0.007636913
0.007673899
0.007904737
0.007481132
0.006570135
0.005711366
0.005440204
0.005645354
0.005821157
0.005727938
0.005533372
0.005465382
0.005545509
0.006144903
0.007466868
0.008354442
0.008222664
0.007716245
0.007560462
0.007810973
0.008084545
0.008103391
0.007960688
0.007846162
0.007824126
0.00786737
0.007883468
0.007837641
0.007769924
0.007745728
0.0077687
0.007770451
0.007726
0.007689336
0.007692608
0.007689392
0.007651818
0.007620451
0.007621448
0.007613855
0.007596308
0.007592366
0.007602071
0.007607346
0.007604686
0.007593607
0.007559329
0.007512824
0.007494817
0.007499121
0.007481739
0.007456163
0.007438172
0.007411414
0.007392019
0.007318971
0.006791858
0.005696792
0.004808538
0.00473396
0.004969107
0.004265776
0.00283501
0.002100671
0.002404573
0.002918016
0.002748212
0.001384202
-2.270652e-05
-0.0002875686
0.0002598963
0.0006708833
0.0005476343
0.0001929759
1.557478e-05
8.386624e-05
0.0002060649
0.0002262438
0.0001620135
0.0001261328
0.0001435509
0.0001586628
0.0001408454
0.0001059825
7.509773e-05
-7.935675e-05
-0.0007297567
-0.00178344
-0.002405601
-0.002295789
-0.001977
-0.001937671
-0.002152348
-0.002336471
-0.002346312
-0.002261278
-0.002211968
-0.002235166
-0.002282669
-0.002305768
-0.002297416
-0.002127843
-0.001435827
-0.0007273425
-0.00130152
-0.002471315
-0.00303697
-0.003322855
-0.003888797
-0.004089562
-0.003106562
-0.001999702
-0.001868528
-0.002384666
-0.002706122
-0.00272522
-0.003146511
-0.004050741
-0.004654304
-0.005041649
-0.005875714
-0.006602598
-0.006709007
-0.006896205
-0.007875245
-0.00876298
-0.008827497
-0.008429797
-0.008211154
-0.00832275
-0.008501172
-0.008499533
-0.007932551
-0.006724804
-0.005919643
-0.006000686
-0.006392567
-0.006473472
-0.006224594
-0.005979215
-0.005933962
-0.006003682
-0.005844513
-0.005497381
-0.005388991
-0.005226505
-0.005008618
-0.004914605
-0.005134416
-0.005690571
-0.006046348
-0.005971088
-0.006009798
-0.006724708
-0.007627844
-0.007896976
-0.007590817
-0.007296314
-0.007292799
-0.007173697
-0.006695262
-0.006324253
-0.006319847
-0.006714409
-0.007254402
-0.007412508
-0.00718438
-0.006984555
-0.00751366
-0.00866522
-0.009251794
-0.008953994
-0.008193958
-0.007290582
-0.006678283
-0.006641393
-0.00685492
-0.006885345
-0.006679549
-0.006459308
-0.006380034
-0.006403325
-0.00641503
-0.006364897
-0.006331211
-0.006638329
-0.007377435
-0.007964181
-0.007954636
-0.007627966
-0.00744505
-0.007504582
-0.007605618
-0.00758253
-0.007454868
-0.007329313
-0.007264286
-0.007251806
-0.007238383
-0.007180314
-0.007088614
-0.006984304
-0.006890191
-0.006823515
-0.006770978
-0.006799818
-0.007257564
-0.007501511
-0.007145214
-0.006627555
-0.006258763
-0.00619787
-0.006282699
-0.006194831
-0.005475985
-0.004478572
-0.004025281
-0.003885241
-0.003386623
-0.002711769
-0.002411428
-0.002494684
-0.002604934
-0.002580208
-0.002694076
-0.003023848
-0.003397893
-0.003451053
-0.003328681
-0.003162255
-0.002926783
-0.002807308
-0.002869209
-0.003178336
-0.003532239
-0.00358761
-0.0033951
-0.003230017
-0.003282768
-0.003599634
-0.003636571
-0.003334395
-0.00341144
-0.004000154
-0.004281179
-0.004192253
-0.004120671
-0.00407223
-0.003825405
-0.003681515
-0.003521152
-0.003002557
-0.002470544
-0.00232439
-0.002311837
-0.001732058
-0.0009084113
-0.0004636997
-1.423023e-05
0.0005034469
0.0008468471
0.001380713
0.001977253
0.00218532
0.002055018
0.001872818
0.001565167
0.001071327
0.0007428036
0.0007744508
0.0009420272
0.0009908932
0.0009105418
0.0008363268
0.0008473666
0.0009107552
0.000960802
0.001085771
0.001637976
0.002266266
0.00248023
0.002621916
0.003087649
0.003526555
0.003594838
0.003437998
0.003413085
0.003840509
0.00449835
0.00479718
0.004632069
0.004384373
0.0043391
0.004443181
0.004510704
0.004466706
0.004374356
0.004390202
0.004576854
0.004699912
0.004999271
0.005323622
0.005362338
0.005190367
0.005056158
0.005050074
0.005084796
0.005064242
0.004984226
0.004897193
0.004834061
0.004643936
0.004083411
0.003571455
0.003494511
0.003673585
0.003751753
0.003631792
0.003327683
0.002765655
0.002343586
0.002325358
0.00229156
0.001837782
0.001380227
0.001302232
0.001462861
0.001559076
0.001511366
0.001609664
0.002051489
0.002416106
0.002589888
0.002851542
0.003072547
0.003091679
0.003087527
0.003339448
0.003720503
0.00386541
0.003731526
0.003558725
0.00350951
0.003538915
0.003460152
0.003192516
0.002885116
0.002640258
0.002545342
0.002559188
0.002562556
0.002505053
0.0024255
0.00237297
0.002352381
0.002337904
0.002310451
0.002272131
0.002234328
0.002203095
0.002176245
0.00206064
0.001764723
0.001464922
0.001382698
0.001459527
0.001509354
0.001472025
0.001563008
0.001847438
0.002012504
0.001945441
0.001807197
0.001755503
0.001792064
0.001821977
0.001789076
0.001719216
0.001666566
0.001645908
0.001634954
0.001613218
0.001585405
0.00156135
0.001538062
0.001511957
0.001484242
0.00145731
0.001431647
0.001406247
0.001380402
0.001354325
0.001328548
0.00130328
0.001267546
0.001179219
0.001112605
0.001093315
0.001108376
0.001152265
0.001161146
0.001121477
0.001074303
0.001049433
0.00103782
0.001024323
0.001005083
0.0009809365
0.0009560717
0.0009337781
0.0009138085
0.0008940695
0.0008728119
0.0008476704
0.0008213299
0.0007993428
0.0007815168
0.0007639282
0.0007445098
0.0007242765
0.0007048936
0.0006867327
0.0006690667
0.0006299184
0.0005072182
0.0003756539
0.0003386931
0.0003709606
0.0003910823
0.0003690643
0.0003326426
0.000313015
0.0003123197
0.000314414
0.0003083173
0.0002959694
0.0002671742
0.0001754152
7.872933e-05
4.888955e-05
3.405319e-05
-2.278418e-05
-8.013651e-05
-9.031757e-05
-6.840933e-05
-4.540371e-05
-7.87192e-06
6.007203e-05
0.0001403682
0.0002178509
0.0003026041
0.0003560517
0.0003501921
0.0003191056
0.0002922432
0.0002411509
0.0001853901
0.0001556628
0.0001120621
5.988489e-05
3.878667e-05
5.861551e-05
0.0001192028
0.0001640556
0.0001560868
0.0001238959
0.0001153243
0.0001528536
0.0002042724
0.0002192018
0.0001837235
0.0001150958
7.109309e-05
6.943967e-05
6.469224e-05
3.1645e-05
-1.033339e-05
-5.175337e-05
-7.247597e-05
-6.704311e-05
-5.500818e-05
-5.25204e-05
-5.785605e-05
-6.14013e-05
-5.517238e-05
-3.271076e-05
-6.601777e-08
2.980038e-05
5.167537e-05
6.922899e-05
8.345727e-05
8.700909e-05
7.41142e-05
4.428092e-05
1.570731e-05
-6.583762e-06
-2.273049e-05
-4.128514e-05
-5.531768e-05
-5.992885e-05
-6.222753e-05
-5.908055e-05
-5.3401e-05
-5.158222e-05
-5.023298e-05
-4.056322e-05
-2.63972e-05
-2.005893e-05
-2.330685e-05
-2.534501e-05
-1.688404e-05
-4.688178e-06
-1.784593e-06
-1.265269e-05
-3.062373e-05
-4.01388e-05
-3.787222e-05
-3.314608e-05
-3.150886e-05
-3.09263e-05
-2.950254e-05
-2.689379e-05
-2.616887e-05
-2.840391e-05
-3.158248e-05
-3.364295e-05
-3.325295e-05
-2.965113e-05
-2.611694e-05
-2.705456e-05
-3.141005e-05
-3.538159e-05
-3.743838e-05
-3.867977e-05
-4.053317e-05
-4.307766e-05
-4.56911e-05
-4.798621e-05
-4.991675e-05
-5.174144e-05
-5.367682e-05
-5.560252e-05
-5.736302e-05
-5.898112e-05
-6.059853e-05
-6.227154e-05
-6.386664e-05
-6.530471e-05
-6.664792e-05
-6.800907e-05
-6.941399e-05
-7.07187e-05
-7.146242e-05
-7.15371e-05
-7.160732e-05
-7.195214e-05
-7.295571e-05
-7.478134e-05
-7.700639e-05
-7.854778e-05
-7.886061e-05
-7.868997e-05
-7.929032e-05
-8.06625e-05
-8.198792e-05
-8.283342e-05
-8.342835e-05
-8.412143e-05
-8.520459e-05
-8.671474e-05
-8.803649e-05
-8.864841e-05
-8.902048e-05
-8.965485e-05
-9.029965e-05
-9.06926e-05
-9.103346e-05
-9.133476e-05
-9.128004e-05
-9.108704e-05
-9.116547e-05
-9.149296e-05
-9.178912e-05
-9.192051e-05
-9.196916e-05
-9.203546e-05
-9.21287e-05
-9.214614e-05
-9.207632e-05
-9.210172e-05
-9.218305e-05
-9.2099e-05
-9.190597e-05
-9.179505e-05
-9.178176e-05
-9.175804e-05
-9.165956e-05
-9.150595e-05
-9.133978e-05
-9.117227e-05
-9.099003e-05
-9.078174e-05
-9.058211e-05
-9.038594e-05
-9.012529e-05
-8.982132e-05
-8.951201e-05
-8.916854e-05
-8.877969e-05
-8.836477e-05
-8.794018e-05
-8.750476e-05
-8.70518e-05
-8.657804e-05
-8.608647e-05
-8.55795e-05
-8.505813e-05
-8.45212e-05
-8.396822e-05
-8.339911e-05
-8.281452e-05
-8.221461e-05
-8.159962e-05
-8.096925e-05
-8.032373e-05
-7.966312e-05
-7.898874e-05
-7.830092e-05
-7.759714e-05
-7.687579e-05
-7.613877e-05
-7.538873e-05
-7.462568e-05
-7.384699e-05
-7.305258e-05
-7.224386e-05
-7.142182e-05
-7.058623e-05
-6.973644e-05
-6.887256e-05
-6.799526e-05
-6.71046e-05
-6.620029e-05
-6.528229e-05
-6.435067e-05
-6.340564e-05
-6.244723e-05
-6.147549e-05
-6.049045e-05
-5.949223e-05
-5.848089e-05
-5.745648e-05
-5.641909e-05
-5.536879e-05
-5.430564e-05
-5.322972e-05
-5.21411e-05
-5.103986e-05
-4.992606e-05
-4.879978e-05
-4.766109e-05
-4.651007e-05
-4.53468e-05
-4.417134e-05
-4.298377e-05
