7.706499e-06
7.830978e-06
8.46859e-06
9.177989e-06
1.026904e-05
1.105441e-05
1.180815e-05
1.200822e-05
1.217046e-05
1.242681e-05
1.416649e-05
1.721822e-05
2.184945e-05
2.680623e-05
3.205148e-05
3.546405e-05
3.647126e-05
3.349859e-05
2.680507e-05
1.841756e-05
1.188899e-05
9.994648e-06
1.18751e-05
1.759084e-05
2.821546e-05
4.19308e-05
5.947064e-05
7.557747e-05
8.661818e-05
9.074194e-05
8.922013e-05
7.471644e-05
5.1256e-05
1.996695e-05
-1.763839e-05
-5.695315e-05
-9.968055e-05
-0.0001429188
-0.0001793805
-0.0002114431
-0.0002288828
-0.0002403859
-0.000250073
-0.0002597003
-0.0002726836
-0.000290807
-0.0003149795
-0.0003445276
-0.0003723339
-0.0003846031
-0.0003833379
-0.0003696318
-0.0003455694
-0.000302106
-0.0002413155
-0.0001607751
-5.718885e-05
5.866498e-05
0.0001612071
0.000236708
0.0002892699
0.0003197702
0.0003337123
0.0003292463
0.0003016654
0.0002517136
0.0002000659
0.0001857755
0.000207234
0.0002568568
0.0003257956
0.0003871615
0.000432284
0.0004737991
0.0005133499
0.000541455
0.0005743934
0.0005863476
0.0005766334
0.0005518676
0.0004854257
0.0004016044
0.0003222584
0.0002858996
0.0002751838
0.0002711783
0.0002728928
0.0002788361
0.0002924944
0.0003143515
0.0003408174
0.0003548952
0.0003276356
0.0002211076
1.207712e-05
-0.0002804854
-0.0006227748
-0.0009987655
-0.001343724
-0.001589657
-0.001703434
-0.001717263
-0.001640039
-0.001474747
-0.001260571
-0.001026355
-0.0007958943
-0.0005594972
-0.0003403991
-0.0001272512
4.95159e-05
0.0002166059
0.0003600914
0.00045004
0.0005081165
0.0005398379
0.0005225361
0.0004201088
0.0002110162
-7.989241e-05
-0.0003462441
-0.0005230915
-0.0006090776
-0.0006402401
-0.0006532345
-0.0006676969
-0.0006931543
-0.0007292614
-0.0007584769
-0.0007495444
-0.0006621914
-0.0004686639
-0.0001883325
8.642942e-05
0.0003309122
0.0005162571
0.0005979327
0.0006139746
0.0006154021
0.0006391948
0.0007274177
0.0009077451
0.00116634
0.001419437
0.001592586
0.001678001
0.001659132
0.001580448
0.001452453
0.001243842
0.001004218
0.0008448496
0.0007370402
0.0005910981
0.0003908094
0.0001681271
-6.971443e-05
-0.0002943206
-0.0004877213
-0.0006257214
-0.0007160039
-0.0007893789
-0.0008406226
-0.0009494375
-0.001107279
-0.001185366
-0.001146777
-0.001007528
-0.0007898108
-0.0005724731
-0.0003865296
-0.0002736025
-0.0002249408
-0.0001983198
-0.000202768
-0.0002703585
-0.0004310432
-0.0006906005
-0.0009797368
-0.001150082
-0.001228785
-0.001197149
-0.001046465
-0.0008847735
-0.0007041518
-0.0004766123
-0.0002489617
1.327744e-05
0.0003460889
0.0006599813
0.0009053101
0.001164734
0.001494505
0.001809951
0.001930056
0.001883387
0.001687594
0.001414302
0.001172426
0.001045358
0.001060533
0.001190054
0.001419756
0.001672268
0.001801494
0.001762362
0.001581311
0.00128302
0.0009619991
0.000645844
0.0003757098
0.0001315201
-8.523205e-05
-0.0001587256
-8.79467e-05
4.593451e-05
0.0001851634
0.0002425546
0.0002796109
0.0004421914
0.0008107412
0.001185693
0.001322492
0.001174119
0.0007348112
3.913521e-05
-0.0007270493
-0.001543028
-0.002372806
-0.003257442
-0.004184244
-0.005195552
-0.006247339
-0.007288323
-0.008337269
-0.009304566
-0.01003613
-0.01057218
-0.01090995
-0.01099027
-0.01073582
-0.01000723
-0.008752419
-0.006977485
-0.004796189
-0.002433103
-0.0002033059
0.001854359
0.003808223
0.005567831
0.006993894
0.007980504
0.008579242
0.008894811
0.008906271
0.008709597
0.00852217
0.00834015
0.008098376
0.007860152
0.00776653
0.00770987
0.007605994
0.007413331
0.007131096
0.006838904
0.006365443
0.005608645
0.004690622
0.003632498
0.002381792
0.0009251801
-0.0006522409
-0.002136308
-0.003436697
-0.004352492
-0.004910008
-0.005212103
-0.005144801
-0.004850273
-0.004504081
-0.003969987
-0.003204908
-0.002406871
-0.001651554
-0.0009203134
-0.0004585031
-0.0004190009
-0.0006944587
-0.001158044
-0.001654816
-0.002229861
-0.002822092
-0.003483621
-0.004123357
-0.004727805
-0.005090974
-0.005108935
-0.004662205
-0.003938763
-0.003023627
-0.002163946
-0.001588747
-0.001342688
-0.001267967
-0.001250622
-0.001262933
-0.001278887
-0.001301145
-0.001326725
-0.001378503
-0.001413249
-0.001361606
-0.001129304
-0.0006773447
-5.889406e-05
0.0005514382
0.001269909
0.001964117
0.00273474
0.003923087
0.005419015
0.00669653
0.007672641
0.008233286
0.008342505
0.008217392
0.007954586
0.007613344
0.006893042
0.006129893
0.005356325
0.004347363
0.003289605
0.002214904
0.001024394
-0.0003394898
-0.001461542
-0.00247773
-0.00348856
-0.004124078
-0.004197914
-0.00382515
-0.003532332
-0.00336023
-0.003499961
-0.00418097
-0.005019843
-0.005919274
-0.006418244
-0.006284828
-0.005672299
-0.004700971
-0.003666494
-0.002665205
-0.001737645
-0.001279395
-0.0009143035
-0.0005462767
-0.0003561129
-0.0005514024
-0.0008562443
-0.0009992438
-0.001106468
-0.0006394065
0.0003422945
0.001650854
0.003319695
0.004851429
0.006220329
0.007332352
0.007971916
0.008087391
0.007793323
0.007083863
0.006027171
0.004957117
0.003969784
0.003062067
0.002141948
0.001578002
0.001483045
0.001656345
0.002055174
0.002609221
0.003069217
0.003534974
0.003889391
0.003837184
0.00349692
0.002950884
0.002301568
0.001338435
0.0001560737
-0.0008690777
-0.002059406
-0.003176189
-0.00407278
-0.004785309
-0.00539858
-0.005698861
-0.005731568
-0.005465488
-0.005335969
-0.005268001
-0.00522364
-0.005274901
-0.005437005
-0.005726992
-0.006067708
-0.006263484
-0.005982382
-0.005449939
-0.004893554
-0.004128131
-0.003290855
-0.002804239
-0.002728217
-0.002816304
-0.002939151
-0.002924128
-0.002566213
-0.002186967
-0.001653743
-0.0009846388
-0.0003060459
0.0005332289
0.001520575
0.002703626
0.003808974
0.0046995
0.005327373
0.005653478
0.005490746
0.004971635
0.004256851
0.003514357
0.00276035
0.002197138
0.001917634
0.002067918
0.002511001
0.003062237
0.003560588
0.003886029
0.003546326
0.002830119
0.001958188
0.0008599678
-0.000224532
-0.001243245
-0.002291
-0.003431841
-0.004348163
-0.00487876
-0.005068384
-0.005123819
-0.005115092
-0.005079668
-0.005073891
-0.00515808
-0.005407015
-0.005878705
-0.006491321
-0.007131855
-0.007896195
-0.008549555
-0.008675695
-0.008227363
-0.007470305
-0.006618807
-0.005531198
-0.00400948
-0.002172253
-0.0001059678
0.002096277
0.004437298
0.006700731
0.008830181
0.01079736
0.01228764
0.01332644
0.01409669
0.01435905
0.01415271
0.01368347
0.01285348
0.01206261
0.01139021
0.01075875
0.01031815
0.01003218
0.009869872
0.00947957
0.008661212
0.007439783
0.005977609
0.004322727
0.002555045
0.0008584792
-0.0006215764
-0.002039399
-0.003433935
-0.004777039
-0.006002205
-0.006994842
-0.007698651
-0.008172877
-0.008599647
-0.008900614
-0.008970379
-0.009022455
-0.009177675
-0.009493529
-0.009967056
-0.01042006
-0.01060056
-0.01051961
-0.01005991
-0.009100877
-0.007723423
-0.0060858
-0.004304749
-0.002593206
-0.001085711
0.0003159015
0.001632038
0.002842796
0.003919823
0.004874927
0.005781084
0.006582289
0.007049309
0.007230898
0.007267804
0.007150623
0.006843793
0.006363309
0.005818669
0.005235453
0.004520861
0.003859
0.003455546
0.003178836
0.002771344
0.002157377
0.001417415
0.0006306015
-0.0001370553
-0.0007235905
-0.001238744
-0.001854529
-0.002475787
-0.002995118
-0.003368014
-0.003542359
-0.003606282
-0.003509088
-0.003160175
-0.002526819
-0.00172176
-0.001110839
-0.0008582181
-0.0007070394
-0.0006239893
-0.0006776105
-0.0009208722
-0.001414573
-0.002118703
-0.002811287
-0.003250431
-0.003492106
-0.003707487
-0.003926057
-0.004090074
-0.004374015
-0.004707371
-0.004979109
-0.005164993
-0.00506911
-0.004452841
-0.00348614
-0.002386915
-0.001169536
-6.76586e-05
0.0008950301
0.001668821
0.002099706
0.00227985
0.002276675
0.002048707
0.00156695
0.000904961
0.0003016908
-0.0001041103
-0.0001642281
0.0001290409
0.000602395
0.001044873
0.00144846
0.001849033
0.002141612
0.002442947
0.002929961
0.003586604
0.004207756
0.004693085
0.004918181
0.004885663
0.00473868
0.004630253
0.004728592
0.004890152
0.005087413
0.005469128
0.00603778
0.006634787
0.006893454
0.006593605
0.005986669
0.005538097
0.00514387
0.004464089
0.00338689
0.002026968
0.0004586358
-0.001296036
-0.003108861
-0.004701614
-0.00607706
-0.007189111
-0.007937484
-0.008308076
-0.008476146
-0.008478596
-0.008221742
-0.007604356
-0.006632732
-0.00556918
-0.004547207
-0.003594468
-0.003047078
-0.002714177
-0.002476093
-0.00246125
-0.002810248
-0.003237876
-0.00371732
-0.004150378
-0.004193964
-0.003795292
-0.002939225
-0.001686907
-1.468243e-05
0.001746415
0.003533961
0.005253679
0.006599074
0.007605307
0.008355103
0.008990022
0.009427744
0.009749695
0.009948292
0.01024823
0.01043562
0.01052744
0.0106035
0.01062255
0.01053621
0.01023359
0.009676339
0.00894627
0.00831058
0.007780263
0.007084596
0.006137835
0.005125668
0.00406927
0.002903868
0.001885558
0.0008388284
-0.0001826391
-0.00109703
-0.001983913
-0.002592484
-0.002821199
-0.002857457
-0.002831153
-0.002832608
-0.00297935
-0.003377467
-0.004072755
-0.004919866
-0.005579637
-0.006304441
-0.007223223
-0.008078016
-0.00835943
-0.008131973
-0.007501114
-0.006550522
-0.005670902
-0.005058069
-0.004744613
-0.004923834
-0.005451937
-0.006069523
-0.006882328
-0.007824134
-0.008545902
-0.009296007
-0.01016687
-0.01081901
-0.01110794
-0.011115
-0.01086028
-0.0103022
-0.009534343
-0.008739713
-0.007514138
-0.006061615
-0.004667509
-0.00309446
-0.001533739
0.0001220293
0.001981774
0.00397493
0.0058391
0.007491961
0.008767585
0.009747207
0.01019898
0.01035368
0.0104186
0.0104204
0.01038544
0.01031572
0.01024249
0.01022507
0.01037143
0.01079071
0.01152945
0.01242845
0.01306241
0.01328006
0.01317692
0.01270644
0.01184499
0.01078146
0.00990059
0.008851132
0.007718606
0.006432927
0.004846795
0.003421439
0.002058158
0.0007496438
-0.0004326555
-0.001460809
-0.002349624
-0.003244686
-0.004392215
-0.005640923
-0.006933361
-0.008216893
-0.009402107
-0.01045167
-0.01135848
-0.01214784
-0.01239563
-0.01199302
-0.01120429
-0.01037872
-0.01001623
-0.009800235
-0.009638308
-0.009547406
-0.009555804
-0.009704985
-0.009487464
-0.008978072
-0.008337663
-0.007803106
-0.007317764
-0.007008611
-0.006643137
-0.00608339
-0.005472364
-0.005030647
-0.004712874
-0.004613581
-0.004436107
-0.003905316
-0.002875856
-0.001392912
0.000118852
0.001868697
0.003649833
0.00553282
0.007457103
0.009229015
0.01103293
0.01303321
0.0148135
0.01614886
0.0167594
0.01675173
0.01634316
0.01563756
0.014897
0.01441877
0.01413324
0.01370798
0.01299062
0.01196867
0.01076432
0.009305209
0.007615846
0.006008685
0.004395765
0.002767402
0.001084626
-0.0009083236
-0.002982975
-0.005108229
-0.00709074
-0.008789978
-0.009934189
-0.01055635
-0.01076147
-0.01072736
-0.01054677
-0.01027284
-0.01003949
-0.01005008
-0.01043754
-0.01086825
-0.01105351
-0.01098588
-0.01054984
-0.0096331
-0.008319477
-0.00685101
-0.00532688
-0.003852046
-0.002358126
-0.0007647647
0.0005526904
0.001419771
0.001997145
0.002288199
0.002249808
0.002043208
0.001799651
0.001697516
0.001766107
0.001976612
0.002401315
0.002965857
0.003786524
0.004752246
0.005660426
0.006528387
0.007296676
0.007879458
0.008425524
0.00896566
0.009262051
0.009240711
0.008876536
0.00809913
0.006943979
0.005430344
0.003796528
0.002187625
0.0006028901
-0.0007784237
-0.001702218
-0.002232733
-0.002453333
-0.002486742
-0.002569505
-0.002860016
-0.003473068
-0.00436631
-0.005270952
-0.006012028
-0.006610049
-0.006855746
-0.006734757
-0.00625942
-0.00586919
-0.005759362
-0.005654737
-0.005356749
-0.005186007
-0.005171791
-0.005315753
-0.00570655
-0.006308475
-0.006940207
-0.007644224
-0.008332143
-0.009021812
-0.009588711
-0.01001803
-0.01019924
-0.01023879
-0.01026034
-0.0102942
-0.01034154
-0.01034663
-0.01023768
-0.009912097
-0.009314612
-0.008502421
-0.007684252
-0.006751342
-0.005388156
-0.003682779
-0.001652617
0.0005889338
0.002624861
0.004375715
0.00598641
0.007320686
0.008240063
0.009120558
0.009831324
0.01037205
0.0104653
0.01012614
0.009323446
0.008124662
0.006788515
0.005449564
0.004261615
0.003378324
0.002895627
0.002706737
0.002508189
0.002170274
0.001681924
0.001026678
-3.95582e-05
-0.001408075
-0.002657504
-0.003608557
-0.004410526
-0.004872492
-0.00501709
-0.005083112
-0.00508267
-0.004973367
-0.004650717
-0.004052079
-0.003231844
-0.002336215
-0.001361331
-0.0004393657
0.0004768018
0.001375732
0.002129569
0.002829206
0.003540049
0.004238851
0.004961532
0.005670394
0.006363031
0.006949168
0.007364821
0.007560435
0.007654447
0.007651409
0.007508286
0.007178472
0.006654787
0.006037804
0.005361634
0.004574825
0.003704161
0.002762046
0.001889201
0.001080883
0.000387387
-0.0001126178
-0.0002941216
-0.0001438569
0.0002047258
0.0005836392
0.0007514282
0.0006975377
0.0005508396
0.0004634296
0.0006001504
0.0008117692
0.001068504
0.001466502
0.001921297
0.002250411
0.002467054
0.002644262
0.002709714
0.002558208
0.002401359
0.002324085
0.002205062
0.002000371
0.001718157
0.001409107
0.0009338816
0.0004782455
0.0001135955
-7.132347e-05
-0.0002513391
-0.0006182146
-0.001233966
-0.002019599
-0.002662673
-0.003080957
-0.003472654
-0.003912739
-0.004351814
-0.005072997
-0.006191321
-0.007496369
-0.008841374
-0.01009351
-0.01107406
-0.0116736
-0.01189517
-0.01154119
-0.01075897
-0.009875487
-0.008909778
-0.007684736
-0.006324733
-0.00498402
-0.003641457
-0.002351261
-0.001161068
-8.489279e-05
0.0008224782
0.001097308
0.001053392
0.0008460972
0.0005516701
0.0003995191
0.0006395596
0.001014515
0.0012523
0.001540934
0.001932422
0.002355408
0.002638667
0.002678683
0.002693751
0.002855247
0.003336561
0.004252491
0.005496902
0.006766021
0.007824054
0.008504404
0.008762563
0.008701446
0.008272293
0.007424169
0.006276219
0.005138268
0.004151141
0.003290662
0.002352044
0.001194148
-0.0001229526
-0.001615715
-0.003279765
-0.005021044
-0.006599745
-0.007835833
-0.008763829
-0.009388088
-0.009558819
-0.009065983
-0.00818264
-0.007352261
-0.006640034
-0.00589698
-0.004981522
-0.004040297
-0.003316329
-0.002784603
-0.002480769
-0.002338835
-0.002204688
-0.002028081
-0.001791292
-0.001543934
-0.001394877
-0.001194061
-0.0009540638
-0.0006345556
-1.384857e-05
0.0009636979
0.002113832
0.003229541
0.004278846
0.005400329
0.006399489
0.007067516
0.007400369
0.007577705
0.007666696
0.007601346
0.007284691
0.006619469
0.005656331
0.004704295
0.003957235
0.003402584
0.00281902
0.002156417
0.001601295
0.001118473
0.0008011037
0.0004318054
-6.161911e-05
-0.0004928696
-0.0005591838
-0.0003714208
3.664654e-05
0.0005440401
0.0008979914
0.001277905
0.00166297
0.001920582
0.002352586
0.003091243
0.004076826
0.005079178
0.006072872
0.007043819
0.007642968
0.007743756
0.007566185
0.007483475
0.007438076
0.007421945
0.007463271
0.007541112
0.007620344
0.007619446
0.007433655
0.006948187
0.006130073
0.005118189
0.004112741
0.00310612
0.001957733
0.0006682602
-0.000520994
-0.001442283
-0.002055976
-0.002532547
-0.002935782
-0.003118236
-0.003126477
-0.003121938
-0.003182224
-0.003376866
-0.003754472
-0.004275722
-0.00477127
-0.005270431
-0.005768431
-0.006042995
-0.006151159
-0.006110376
-0.005826611
-0.005235965
-0.004380516
-0.003517306
-0.002706725
-0.001804134
-0.0009854722
-0.0007143557
-0.0006139287
-0.0005476694
-0.0005472083
-0.0005786693
-0.0006499225
-0.0007652113
-0.0009175437
-0.001035517
-0.00106362
-0.001430341
-0.001898517
-0.002265813
-0.002711137
-0.003130176
-0.003343661
-0.003433071
-0.003332867
-0.002890904
-0.002012793
-0.0007591633
0.0006083804
0.00197632
0.003331231
0.00463776
0.005861482
0.00697604
0.007985148
0.008940038
0.009743024
0.01010627
0.009986486
0.00948879
0.008700759
0.007883715
0.007214184
0.006596383
0.005980502
0.005237749
0.00422599
0.002788693
0.0009881344
-0.0009129437
-0.002887722
-0.004870078
-0.006615612
-0.008116309
-0.009347604
-0.01062632
-0.0119072
-0.01299276
-0.01375839
-0.01412073
-0.014205
-0.01400092
-0.01338879
-0.01232398
-0.01099435
-0.009475519
-0.00779879
-0.006059846
-0.00444404
-0.002820629
-0.001077938
0.0007435611
0.00242797
0.003735097
0.004832332
0.005810065
0.006772065
0.007398551
0.007537361
0.007347899
0.006817324
0.006007651
0.005231955
0.004998555
0.004952135
0.004921283
0.004833204
0.004571835
0.00411331
0.003560315
0.003172775
0.002817028
0.002583193
0.002669509
0.002767641
0.002655272
0.002551001
0.002340774
0.002278344
0.002231774
0.002073061
0.001750163
0.001224283
0.0006141354
7.040228e-05
-0.000457038
-0.0009112728
-0.001408214
-0.001854331
-0.00205589
-0.002123267
-0.001992242
-0.001556278
-0.0007779752
0.0001881844
0.001034361
0.001666086
0.002033117
0.001941515
0.001489586
0.0007669239
5.558873e-07
-0.0005775518
-0.001038887
-0.001486619
-0.001792101
-0.001911242
-0.001995086
-0.002067064
-0.00207828
-0.00195189
-0.001590122
-0.0009573858
-0.000150647
0.0007362712
0.001631343
0.002325525
0.002832888
0.003210216
0.003500802
0.003899837
0.004421922
0.004911628
0.005383696
0.005834149
0.006053764
0.00603681
0.005905478
0.005743414
0.005652172
0.005438479
0.005097511
0.004911991
0.004895613
0.004935321
0.004970204
0.004910043
0.004646064
0.004094243
0.003287526
0.002447568
0.001691998
0.0008914108
3.066175e-05
-0.0009704018
-0.00239825
-0.004280914
-0.006363487
-0.008233342
-0.00957301
-0.01043313
-0.01100907
-0.01130083
-0.01139588
-0.0114463
-0.01147072
-0.0114188
-0.01120523
-0.01077913
-0.01018886
-0.009639369
-0.009215224
-0.008988763
-0.008832078
-0.008481602
-0.007759283
-0.00664453
-0.005320864
-0.003716924
-0.001899923
-0.000222097
0.001381279
0.002950398
0.004365561
0.005455206
0.006427264
0.007169397
0.007607957
0.007906885
0.008033354
0.007846573
0.007587183
0.007139388
0.00634804
0.005311317
0.004316337
0.003131282
0.001728568
0.0001653145
-0.00157541
-0.003390598
-0.005050996
-0.006575038
-0.007949508
-0.009038529
-0.009729057
-0.009976834
-0.009979998
-0.009815102
-0.009509348
-0.009151902
-0.008895972
-0.008562979
-0.008006898
-0.007266755
-0.006571078
-0.005957681
-0.005196068
-0.004311146
-0.003598333
-0.003168761
-0.002836855
-0.002484357
-0.001760413
-0.0008319644
0.0002057983
0.001520823
0.002863163
0.003951248
0.004626594
0.005275388
0.006109316
0.006962866
0.007416616
0.007613302
0.00763678
0.007394124
0.006856512
0.006090818
0.005346522
0.004666844
0.003865278
0.003013297
0.002447282
0.001895682
0.001237211
0.0006450088
0.000103316
-0.0002358266
-0.0003918123
-0.00031259
0.0001646838
0.001175387
0.002639946
0.004093266
0.005106843
0.00532845
0.005069888
0.004455196
0.003696914
0.003241197
0.00314806
0.00313773
0.003023725
0.002664625
0.00200987
0.001218861
0.0006822333
0.0005102795
0.000458626
0.0004830829
0.0005445153
0.0005912754
0.0006074368
0.0005836381
0.0005112833
0.000414897
0.0003451461
0.0004026097
0.0006972795
0.001312713
0.00222856
0.003134438
0.003442212
0.003366503
0.002933507
0.002121886
0.001168826
0.0004865545
-0.000287467
-0.001144061
-0.001705873
-0.001930333
-0.002068757
-0.002142604
-0.002103538
-0.001860235
-0.001348614
-0.0006066468
0.0001515134
0.0004680336
0.0007810367
0.001275426
0.001907755
0.002467306
0.002477394
0.001858218
0.001061054
0.0003939479
-0.0004198674
-0.00125176
-0.001763649
-0.00191258
-0.001815721
-0.00145436
-0.0008411278
-0.0001501019
0.0003592682
0.0005822276
0.0003289959
-0.0002467998
-0.0009325082
-0.001505762
-0.002064846
-0.002932096
-0.004102489
-0.005339822
-0.006529187
-0.007556221
-0.008311604
-0.008681056
-0.008331983
-0.007376703
-0.006302807
-0.005275622
-0.004467842
-0.004225284
-0.004301518
-0.004633123
-0.005192919
-0.005794933
-0.006235638
-0.0065181
-0.006606571
-0.006753984
-0.007143489
-0.00780178
-0.008621418
-0.009360511
-0.01008089
-0.01091166
-0.01162397
-0.01192851
-0.01216428
-0.01238999
-0.01245532
-0.0122731
-0.01195514
-0.01115827
-0.009639153
-0.007522464
-0.005190475
-0.00266683
6.020704e-05
0.002620181
0.004879305
0.007088184
0.00915311
0.01100617
0.01239495
0.0134236
0.01440563
0.01504412
0.01494348
0.0143645
0.01352127
0.01263401
0.01170145
0.01062832
0.009617071
0.008687655
0.007843745
0.007224936
0.006437356
0.005442383
0.004458865
0.003498562
0.002644839
0.002276296
0.002515005
0.003206677
0.004167226
0.005118287
0.00600107
0.006798155
0.007249768
0.007387199
0.007449801
0.007506161
0.007575165
0.007627527
0.007586988
0.007342161
0.0068089
0.006010459
0.005198726
0.004630801
0.004020884
0.003389241
0.002879079
0.002362752
0.001834123
0.001053298
4.870537e-05
-0.0009525011
-0.001917252
-0.002777019
-0.003319568
-0.00387201
-0.004458074
-0.004840192
-0.004749065
-0.004341021
-0.004104134
-0.004176552
-0.004687552
-0.005462223
-0.00659521
-0.00797429
-0.009449135
-0.01063395
-0.01156391
-0.01233372
-0.01299111
-0.01339328
-0.01365965
-0.01400289
-0.01408657
-0.01393357
-0.01354043
-0.01291582
-0.01224506
-0.01177597
-0.01138692
-0.01074041
-0.009721018
-0.008466527
-0.007191801
-0.005722069
-0.004171485
-0.00239893
-0.0006043508
0.001291045
0.003179939
0.0048103
0.006196886
0.007113837
0.007469845
0.007649878
0.007758861
0.007732294
0.007483539
0.006863883
0.005812061
0.004506837
0.003271082
0.002046631
0.001076929
0.0002477697
-0.0002319261
-0.0003870826
-0.0004824817
-0.000566529
-0.0006590065
-0.0007162543
-0.0006240825
-0.0002293264
0.0005892451
0.001776734
0.003092781
0.004487126
0.005953287
0.007426785
0.008803358
0.009927416
0.01076565
0.01163277
0.0123771
0.01263045
0.01244641
0.01203604
0.01163976
0.01161909
0.01199139
0.01237664
0.01268009
0.01287208
0.01312304
0.01350276
0.01395322
0.01426946
0.01430611
0.01410013
0.01361522
0.01286422
0.01179846
0.01033251
0.00884358
0.007738992
0.006831886
0.005834035
0.004921595
0.004143171
0.003283829
0.002535127
0.001953132
0.001225677
0.0004089851
-0.0001565261
-0.0003425291
-0.0004306521
-0.0004960128
-0.0005222913
-0.0004762852
-0.0002873976
0.0001186784
0.0007484596
0.001467198
0.002159951
0.003020336
0.004237909
0.005622459
0.006996425
0.008301746
0.009328009
0.009992895
0.01024856
0.01038234
0.01047696
0.01048117
0.01028572
0.00971444
0.008645716
0.007128431
0.00510812
0.002462218
-0.0005779776
-0.003889594
-0.00727224
-0.01052104
-0.01352376
-0.0161532
-0.01845911
-0.02043186
-0.02217615
-0.02379911
-0.02518588
-0.02631561
-0.02724472
-0.0279995
-0.02884031
-0.0296257
-0.03008772
-0.03020721
-0.03001289
-0.02942962
-0.02847834
-0.02736791
-0.02613571
-0.0245783
-0.02278455
-0.02085878
-0.01878819
-0.01647094
-0.01407557
-0.01164041
-0.008970829
-0.006152123
-0.003233209
-0.0002937168
0.002491606
0.005005902
0.007186348
0.009037487
0.01073796
0.012395
0.01394863
0.01554573
0.01708467
0.01847788
0.01978352
0.02099603
0.02210957
0.02312443
0.0237728
0.02403037
0.02396602
0.02341597
0.02222081
0.02040715
0.01807015
0.01542726
0.0127132
0.01009548
0.007743265
0.005797325
0.004243422
0.002840232
0.001623001
0.0005869584
-0.000224798
-0.0009707768
-0.001860694
-0.002715433
-0.003401049
-0.003981848
-0.00435938
-0.004197369
-0.003746135
-0.003287537
-0.002579145
-0.001386407
0.000211978
0.002047601
0.003914723
0.005775291
0.007534642
0.008887476
0.009728926
0.0101481
0.01034252
0.01048372
0.01056778
0.0105024
0.01011301
0.009238882
0.007881123
0.00632375
0.004461907
0.002619792
0.0009019369
-0.0009506973
-0.002632445
-0.004060305
-0.005553792
-0.006962633
-0.008385125
-0.009603929
-0.01064353
-0.01126444
-0.01163625
-0.01184308
-0.01168983
-0.01098528
-0.009983832
-0.008869326
-0.008005644
-0.007296788
-0.006750053
-0.00627337
-0.005819011
-0.00515786
-0.00419393
-0.003151299
-0.002068317
-0.0008854212
0.0001604244
0.001240271
0.0022968
0.003233395
0.004064901
0.004425854
0.004092685
0.003248619
0.002224956
0.001109288
-8.800561e-05
-0.001054205
-0.001911112
-0.002606521
-0.003136968
-0.00382356
-0.004759421
-0.00577544
-0.006819016
-0.008019245
-0.009197267
-0.01060591
-0.01216995
-0.01366123
-0.01486297
-0.01589066
-0.01658036
-0.01720804
-0.01792694
-0.01857604
-0.01915787
-0.01945649
-0.01941676
-0.0189113
-0.01777138
-0.01603704
-0.01410525
-0.01200241
-0.009355509
-0.006061332
-0.002462406
0.001388869
0.005736766
0.01084016
0.01639173
0.02205804
0.02747611
0.0321575
0.03600062
0.0387668
0.0406839
0.04197166
0.04257613
0.04286972
0.04300397
0.04284969
0.04217
0.04072604
0.03847642
0.03533949
0.03108152
0.02598602
0.01999976
0.01326817
0.006228308
-0.0007885412
-0.007838087
-0.01495978
-0.02203902
-0.02924182
-0.03616549
-0.04250746
-0.04792984
-0.05216252
-0.05531033
-0.05742614
-0.05870259
-0.05903028
-0.05815125
-0.05615492
-0.05337842
-0.04987117
-0.04562289
-0.04091051
-0.03603534
-0.03097513
-0.02557452
-0.02037417
-0.01506374
-0.009831625
-0.004920128
-0.0004150781
0.00371795
0.007763376
0.01131584
0.0145048
0.0170482
0.01894032
0.02023446
0.02116982
0.02194787
0.02283777
0.02369346
0.02404498
0.02424486
0.02436459
0.02435732
0.02416799
0.02369679
0.02291365
0.02194955
0.02093498
0.0194901
0.01776559
0.01622711
0.01493651
0.01407626
0.01363094
0.01303725
0.0120199
0.01056595
0.008724207
0.006252694
0.003431483
0.0003699641
-0.002860646
-0.005994856
-0.008739639
-0.01103735
-0.01293428
-0.01472231
-0.01608024
-0.01707832
-0.01807118
-0.01893637
-0.01975283
-0.02059123
-0.02107979
-0.02076353
-0.01993195
-0.01882642
-0.01744979
-0.01559431
-0.01341597
-0.01122318
-0.00931838
-0.007749566
-0.006253243
-0.004642991
-0.002921512
-0.001104201
0.0005623577
0.002219109
0.003945327
0.005580991
0.007222825
0.008828378
0.01048401
0.01226627
0.01399457
0.01564497
0.01703051
0.0180579
0.0187476
0.01931021
0.02004149
0.02088476
0.02150216
0.02159341
0.02117896
0.0204182
0.01960322
0.0189641
0.01849453
0.01828606
0.01861429
0.01913049
0.0196887
0.02046329
0.02131779
0.02185161
0.02207056
0.022143
0.02204065
0.02169057
0.02108142
0.02034075
0.01976974
0.01901682
0.01781376
0.01630533
0.01502505
0.01409516
0.01308622
0.01190779
0.01081973
0.009595466
0.00825449
0.006763443
0.005079031
0.003225214
0.001296098
-0.0009719247
-0.003565442
-0.006060154
-0.008228709
-0.009918372
-0.01121442
-0.01249067
-0.01352437
-0.01468909
-0.01585453
-0.01693109
-0.0179755
-0.01878001
-0.01964328
-0.02042369
-0.02089888
-0.02149726
-0.02232774
-0.02316118
-0.02381671
-0.02466542
-0.02576533
-0.02692396
-0.02818939
-0.02952114
-0.03082865
-0.03212983
-0.03333784
-0.03442778
-0.03534616
-0.03617963
-0.03660442
-0.03638654
-0.03580787
-0.0350919
-0.03439694
-0.03351948
-0.03223289
-0.03061783
-0.02853691
-0.02601986
-0.02322184
-0.02009393
-0.01660145
-0.01279888
-0.008664897
-0.004016917
0.0009510189
0.00597024
0.01068467
0.01501835
0.01882001
0.02216679
0.0249012
0.02743071
0.02982001
0.03198152
0.03397119
0.03553489
0.03657254
0.03698713
0.03682629
0.03594319
0.03474883
0.03335454
0.03166624
0.02967314
0.02750877
0.02549778
0.0236808
0.02178435
0.01933071
0.01666986
0.01392853
0.01114895
0.008455802
0.005727444
0.002848294
-0.0002704416
-0.0036185
-0.007011348
-0.01016893
-0.01314371
-0.01624745
-0.0196136
-0.02321121
-0.02688604
-0.03068038
-0.03460889
-0.03827436
-0.04131835
-0.04350689
-0.04478491
-0.0450838
-0.04437894
-0.04315994
-0.04142877
-0.03915386
-0.03672986
-0.03417726
-0.03132082
-0.02792009
-0.02375749
-0.0188945
-0.01369509
-0.008213164
-0.002343264
0.003982183
0.01068335
0.01755196
0.02442646
0.03107386
0.03717215
0.04239561
0.04666324
0.05021858
0.05337976
0.05630184
0.05910308
0.06180025
0.06418307
0.06607044
0.0671753
0.06755708
0.06715469
0.06591291
0.06377689
0.06085659
0.0573683
0.05350197
0.04969738
0.04610033
0.04282443
0.03965428
0.03619258
0.03230782
0.02812083
0.02348026
0.01839374
0.01292052
0.006913751
0.0005743473
-0.005867811
-0.01242675
-0.01891732
-0.02538808
-0.03184283
-0.03814897
-0.04425275
-0.04986425
-0.0547187
-0.05895836
-0.06260624
-0.0654631
-0.06739716
-0.06830017
-0.0681752
-0.06690365
-0.06427544
-0.06052571
-0.05610733
-0.05137069
-0.0464282
-0.04155703
-0.03688472
-0.03225699
-0.02732811
-0.02240845
-0.01777896
-0.01344292
-0.009163078
-0.00479146
-0.0002973012
0.004220694
0.008471826
0.01241009
0.01596937
0.01905301
0.02174432
0.02397949
0.02564353
0.02680028
0.02782787
0.0287031
0.02942295
0.03013549
0.03067724
0.03058139
0.02980296
0.02882381
0.02769234
0.02634153
0.02513824
0.02381912
0.0225576
0.02099731
0.01921516
0.01689845
0.01438355
0.01180859
0.00906953
0.006072983
0.002650041
-0.001215349
-0.005326283
-0.009584078
-0.01392797
-0.0181372
-0.02202952
-0.02577552
-0.02906487
-0.03216082
-0.03495779
-0.03696416
-0.03762798
-0.03662962
-0.03441563
-0.03152189
-0.02810031
-0.02431543
-0.02057879
-0.0170228
-0.01366569
-0.01042357
-0.007543617
-0.004940835
-0.002692779
-0.0009096853
0.0005161269
0.001923903
0.003033579
0.004060106
0.004797764
0.005639589
0.00660431
0.007251417
0.00746198
0.007262171
0.006503379
0.005062688
0.003090681
0.000627776
-0.002091058
-0.005071155
-0.008336232
-0.01176683
-0.01505691
-0.01812046
-0.02059917
-0.02250405
-0.02389037
-0.02491084
-0.02510906
-0.02465582
-0.02354819
-0.02184394
-0.01997502
-0.01781221
-0.01551829
-0.01352573
-0.01198054
-0.01067189
-0.009055992
-0.007148232
-0.00461756
-0.00189388
0.0007139693
0.00304448
0.00487116
0.006445538
0.008013475
0.00940941
0.01084349
0.01253406
0.01456848
0.01693086
0.01943803
0.02203847
0.02446058
0.02681677
0.02898872
0.03116123
0.03294704
0.03446618
0.03575303
0.03690443
0.03754376
0.03732259
0.03616889
0.03422344
0.03142375
0.02786534
0.02393268
0.01962267
0.0150321
0.01065452
0.006664533
0.003264611
0.0002621639
-0.002569003
-0.005175679
-0.007416667
-0.009138087
-0.01035836
-0.01111854
-0.01112968
-0.01063768
-0.009786187
-0.00858993
-0.006815598
-0.00422955
-0.00108142
0.002535762
0.006376358
0.01007498
0.0136803
0.01713609
0.02020836
0.02299106
0.02569949
0.02842641
0.03120102
0.03398691
0.03666313
0.03902873
0.04084109
0.04193844
0.04219796
0.04148437
0.03976715
0.03718058
0.03389309
0.02988563
0.02528042
0.02019718
0.01480439
0.009524747
0.004376563
-0.0006443705
-0.005570526
-0.01031546
-0.01462445
-0.0184763
-0.02173047
-0.02415193
-0.02589601
-0.02709613
-0.02790712
-0.02844853
-0.02868653
-0.02828974
-0.0272786
-0.02595578
-0.0242342
-0.02211457
-0.01966465
-0.01730053
-0.01512015
-0.01296301
-0.01088422
-0.008914667
-0.007154848
-0.005646002
-0.004120642
-0.002596247
-0.001433979
-0.00101912
-0.001358813
-0.002291496
-0.003655565
-0.005291739
-0.007145804
-0.009401451
-0.01189779
-0.01423711
-0.01618085
-0.01761905
-0.01867252
-0.01925458
-0.01947878
-0.01957337
-0.01955998
-0.0193882
-0.01900514
-0.01842183
-0.01778035
-0.01711185
-0.01648402
-0.01589093
-0.01534849
-0.01477252
-0.01404375
-0.01293105
-0.01130787
-0.009508321
-0.007755832
-0.005888735
-0.004098799
-0.002609512
-0.001204885
0.0001056204
0.001350744
0.002474802
0.003529557
0.004508884
0.005278536
0.005853785
0.006101914
0.005955086
0.005472857
0.005044774
0.004675442
0.004098332
0.003295188
0.002445883
0.001627976
0.0007200596
-0.0002277612
-0.001155035
-0.002170204
-0.003152203
-0.003920581
-0.004435907
-0.004501879
-0.004078049
-0.003618757
-0.00311793
-0.002275002
-0.001084578
0.000195212
0.001572543
0.00299483
0.004491544
0.005980661
0.007460232
0.009103002
0.01098332
0.01302834
0.01496279
0.01662978
0.0181453
0.01934204
0.02026954
0.02072241
0.02094957
0.02115359
0.02128971
0.02122473
0.02070033
0.01945903
0.01742998
0.01495855
0.01212135
0.00880293
0.004969699
0.0007683863
-0.003737862
-0.008426496
-0.01301371
-0.01740095
-0.02138569
-0.02497604
-0.0278499
-0.03014089
-0.03186734
-0.03301165
-0.03396559
-0.03489488
-0.03551902
-0.03586151
-0.03606709
-0.03599346
-0.03540986
-0.0340881
-0.03203728
-0.0296478
-0.02708532
-0.02428402
-0.02108545
-0.01728555
-0.01281078
-0.007467339
-0.001245498
0.005419001
0.01223618
0.01904122
0.02559216
0.03165054
0.03702205
0.04171552
0.04573248
0.04925502
0.05241589
0.05499242
0.05696174
0.05831444
0.05873545
0.05827575
0.05688799
0.0545495
0.0511928
0.04715358
0.04297221
0.03870667
0.03450143
0.03009223
0.02579587
0.02151653
0.01723768
0.01312862
0.008910043
0.004964242
0.001232241
-0.001835286
-0.004397273
-0.006379622
-0.007639534
-0.008328604
-0.008501039
-0.008486877
-0.008466086
-0.008595968
-0.009065855
-0.01001022
-0.01135906
-0.01278866
-0.01456448
-0.01632455
-0.01810171
-0.01977939
-0.02099678
-0.02183817
-0.02182409
-0.02122049
-0.02023199
-0.01914243
-0.01802701
-0.01682596
-0.01591918
-0.01501182
-0.01424615
-0.01361138
-0.01281587
-0.01199285
-0.01153672
-0.01101632
-0.01029446
-0.009544505
-0.009073235
-0.008918422
-0.008789149
-0.008572752
-0.008218226
-0.007781184
-0.007483216
-0.007578333
-0.007967418
-0.008543679
-0.00919251
-0.01002905
-0.01085218
-0.01124433
-0.01109791
-0.01055675
-0.009762422
-0.009055901
-0.008785262
-0.008652876
-0.008570748
-0.008557243
-0.008643584
-0.008911457
-0.009425748
-0.01015787
-0.01086741
-0.01133277
-0.01192563
-0.01271268
-0.01345163
-0.01371263
-0.01331285
-0.01236646
-0.01084923
-0.008687707
-0.006181987
-0.003599459
-0.0009948543
0.001650109
0.004447698
0.007553459
0.01106332
0.01486459
0.01851855
0.02161947
0.02411615
0.02576686
0.02635923
0.02604937
0.02504757
0.02356522
0.02180801
0.01990552
0.0177404
0.015241
0.01268289
0.01011611
0.007683211
0.005566504
0.003753505
0.002082145
0.0005498506
-0.0007093145
-0.001859204
-0.002731518
-0.003541872
-0.004368365
-0.005302662
-0.006222959
-0.007107101
-0.008122833
-0.009150694
-0.01061625
-0.01265746
-0.01482842
-0.01709074
-0.01960239
-0.02205555
-0.02429325
-0.02629952
-0.02814335
-0.02957214
-0.03065694
-0.03135203
-0.03165824
-0.03177179
-0.03162886
-0.03107567
-0.02999564
-0.02846572
-0.02665407
-0.02441974
-0.02207878
-0.01966916
-0.0169913
-0.01394116
-0.01083437
-0.00792326
-0.005101595
-0.002358192
0.0004282526
0.003366787
0.00655375
0.009942597
0.01329686
0.01638546
0.01930861
0.02225835
0.02526399
0.02821612
0.030867
0.03295575
0.03433549
0.03510025
0.03579357
0.03658421
0.03741116
0.03812524
0.03854014
0.0386895
0.03858034
0.03810408
0.03722599
0.03605974
0.03452977
0.03244823
0.03012307
0.02768453
0.02499286
0.02185899
0.01847485
0.01479838
0.0109543
0.007046981
0.003088458
-0.0005216481
-0.003791516
-0.006541349
-0.008780964
-0.01107175
-0.01361506
-0.01616946
-0.01847995
-0.02029432
-0.02148599
-0.02220152
-0.02220872
-0.02155866
-0.02072441
-0.01965314
-0.01803925
-0.015952
-0.0129605
-0.009473036
-0.005911483
-0.002239944
0.001685344
0.00561325
0.009353607
0.01279578
0.01590346
0.01881143
0.02134171
0.02322584
0.02450066
0.02531478
0.02570513
0.02576533
0.0254776
0.02502867
0.02420585
0.02297154
0.02147082
0.0196784
0.01761748
0.01530432
0.0125723
0.009538928
0.006272274
0.002924486
-0.0002797208
-0.003483226
-0.007050747
-0.01105862
-0.01522496
-0.01917738
-0.02296718
-0.02653669
-0.02999142
-0.03329798
-0.0363955
-0.03920558
-0.04175255
-0.04394383
-0.04567671
-0.04705148
-0.04823628
-0.04928785
-0.05005173
-0.05038552
-0.05037578
-0.04983517
-0.04851824
-0.04636357
-0.04323752
-0.03918352
-0.03471332
-0.0299972
-0.02512558
-0.02014253
-0.01513626
-0.01022091
-0.005344085
-0.0006190215
0.004127686
0.008819728
0.01315889
0.01680726
0.01963298
0.02183152
0.02368084
0.02551975
0.02729548
0.02899448
0.03054155
0.03170163
0.03262118
0.03316704
0.03363905
0.03383573
0.0336213
0.03289042
0.03153705
0.0297296
0.02766771
0.02564235
0.02370995
0.02163373
0.01929188
0.01645224
0.01317054
0.00967914
0.00638229
0.003496642
0.0009304011
-0.001357264
-0.003446242
-0.005479561
-0.007323052
-0.008943562
-0.01022971
-0.01126147
-0.01179569
-0.0120066
-0.01201193
-0.01169693
-0.01095946
-0.009731115
-0.008163825
-0.006378168
-0.004500669
-0.002337635
0.0001602196
0.002734373
0.005159276
0.007276113
0.009000587
0.01046868
0.01169726
0.01255201
0.012522
0.01184028
0.01067412
0.009291649
0.007831417
0.006300913
0.004247431
0.001813887
-0.001086249
-0.004144948
-0.00699524
-0.009814101
-0.01259946
-0.01530948
-0.01786581
-0.02018949
-0.02222296
-0.02406376
-0.0259544
-0.02785762
-0.0294788
-0.0308712
-0.03188166
-0.0322592
-0.03190969
-0.03104753
-0.02986822
-0.02824416
-0.02596868
-0.02345119
-0.0207469
-0.01775467
-0.01440374
-0.01072668
-0.006983108
-0.003214956
0.0006143083
0.004104672
0.007524078
0.0107383
0.0132428
0.01498993
0.01641865
0.01764959
0.01867105
0.01956991
0.02046558
0.0210644
0.02127998
0.02133388
0.02130503
0.02126245
0.02129119
0.02150043
0.02198409
0.02271743
0.02350223
0.0240101
0.02419856
0.02427108
0.02430852
0.02435131
0.02442031
0.02452061
0.02459195
0.02451762
0.02416097
0.02346247
0.02251858
0.02157127
0.02067098
0.01987935
0.01954615
0.01976379
0.02037305
0.02122942
0.02213645
0.02318659
0.02451532
0.02594612
0.02735688
0.02863821
0.02960976
0.03015157
0.03026441
0.03010983
0.02970694
0.02907966
0.02823029
0.02693486
0.0251854
0.02292541
0.02024482
0.01747338
0.01476192
0.01209232
0.009451979
0.006800773
0.00405542
0.001126008
-0.002047449
-0.005407834
-0.008712204
-0.01171511
-0.01452309
-0.01738319
-0.02016949
-0.02260748
-0.02476323
-0.02671904
-0.02845885
-0.02992067
-0.03117532
-0.03219186
-0.03295237
-0.03356076
-0.03408811
-0.03455195
-0.03505469
-0.03547876
-0.03571519
-0.03583456
-0.03574893
-0.03533836
-0.03477623
-0.03444124
-0.03431503
-0.03423086
-0.03413792
-0.03401507
-0.03387933
-0.0338158
-0.03393302
-0.0341026
-0.03409457
-0.03399279
-0.0338562
-0.03376397
-0.03387394
-0.03410167
-0.03423758
-0.03434485
-0.0343735
-0.03416263
-0.03353978
-0.03243866
-0.03102479
-0.02948624
-0.02793268
-0.02617162
-0.02420836
-0.02206187
-0.01971249
-0.017128
-0.01412921
-0.01086466
-0.007777487
-0.005095419
-0.002652842
-0.0004577805
0.001705504
0.004119858
0.006644464
0.00907253
0.01133931
0.01348498
0.01571545
0.01811223
0.02070746
0.02332137
0.02563771
0.02772158
0.02961774
0.03131567
0.03276122
0.03375106
0.03435994
0.03461651
0.03454957
0.03425947
0.03382252
0.03337354
0.03282005
0.03202669
0.03109184
0.03000113
0.02862557
0.02707129
0.02532163
0.02351027
0.0217945
0.02021378
0.01891642
0.01773361
0.01683325
0.01605449
0.01541101
0.01487696
0.01455615
0.01437618
0.01434524
0.01460006
0.01525964
0.01635804
0.01767571
0.01907631
0.02042882
0.02157905
0.02233863
0.0226098
0.02245367
0.02182995
0.0207009
0.01923524
0.01754472
0.01567985
0.0134379
0.01119382
0.009276036
0.007681003
0.006144222
0.004460195
0.002523295
0.0003688443
-0.001754119
-0.003804178
-0.005987309
-0.008273768
-0.01075282
-0.01324795
-0.01555615
-0.01759808
-0.01942966
-0.02129335
-0.02284172
-0.02394154
-0.02489605
-0.02559198
-0.02596565
-0.02620027
-0.02629653
-0.02610242
-0.02542194
-0.02412722
-0.02228663
-0.0199672
-0.01734741
-0.01446372
-0.01124877
-0.007728959
-0.00414456
-0.001004845
0.00180114
0.004321768
0.006459174
0.0081916
0.009651911
0.01082756
0.01160749
0.01192114
0.01188706
0.01152022
0.01080252
0.009874523
0.009057408
0.008063525
0.00679043
0.005561154
0.004175648
0.002259348
7.168996e-05
-0.002335446
-0.004659717
-0.006612241
-0.008133722
-0.009423351
-0.01069268
-0.01205145
-0.01324156
-0.01447091
-0.01547663
-0.01653462
-0.01751891
-0.01839818
-0.01930648
-0.01990062
-0.02013395
-0.02019197
-0.02007385
-0.01968748
-0.0190551
-0.01829976
-0.01779706
-0.01755574
-0.01728689
-0.01688668
-0.01639366
-0.01591786
-0.0153137
-0.01510031
-0.01487123
-0.01431418
-0.01334459
-0.01203815
-0.01082162
-0.00954408
-0.00856959
-0.00768573
-0.0070874
-0.006809048
-0.00652127
-0.006150767
-0.00576681
-0.005574645
-0.005330006
-0.004914753
-0.004356057
-0.003785934
-0.002962565
-0.00198439
-0.001204337
-0.0001228075
0.00127784
0.002577348
0.003969328
0.005115277
0.006199984
0.007012193
0.007929273
0.008902786
0.009517101
0.01019594
0.01090271
0.01134011
0.01153301
0.01133154
0.01102351
0.01095544
0.01092448
0.01090173
0.01087753
0.01089213
0.01099864
0.01128072
0.0118127
0.01254684
0.01326087
0.01402754
0.01462003
0.01506669
0.0152894
0.01544318
0.01558429
0.01562682
0.01544107
0.01487496
0.01384657
0.01249947
0.01110547
0.009563628
0.008101176
0.006570167
0.004897301
0.003134104
0.001434987
5.475856e-05
-0.001085986
-0.00193882
-0.002564936
-0.003046874
-0.003290459
-0.003399939
-0.003313537
-0.00305355
-0.003012935
-0.003144305
-0.003450183
-0.003904705
-0.004322738
-0.004497305
-0.004510214
-0.004318563
-0.003852687
-0.003081334
-0.001974343
-0.0003626019
0.001605946
0.003720329
0.005749483
0.007796143
0.01016418
0.01276424
0.01537625
0.01787089
0.02013668
0.0221309
0.02397119
0.02575445
0.02730999
0.02850599
0.02938658
0.02994715
0.03007999
0.0296297
0.02866881
0.02735996
0.025686
0.02350434
0.02112528
0.01885214
0.01672866
0.01466092
0.01258309
0.01053408
0.008519891
0.006625782
0.004862355
0.003148279
0.001327985
-0.0004998607
-0.002128012
-0.003587851
-0.004961422
-0.006237518
-0.007393413
-0.008405226
-0.009308578
-0.01023929
-0.0111432
-0.01191391
-0.01264084
-0.01327621
-0.01377362
-0.01404592
-0.01412069
-0.01410354
-0.01403349
-0.01395455
-0.01393991
-0.01405364
-0.01434184
-0.01479609
-0.01528234
-0.01551719
-0.01540983
-0.01500005
-0.01465391
-0.01470956
-0.01500856
-0.01521807
-0.01530409
-0.01534417
-0.01534422
-0.01531552
-0.01528235
-0.01524233
-0.01519776
-0.01516561
-0.01517981
-0.01528329
-0.01550734
-0.01583198
-0.01612427
-0.01617297
-0.01608705
-0.01559796
-0.01485737
-0.01429536
-0.01405642
-0.01400524
-0.0140339
-0.01407945
-0.01403253
-0.01378544
-0.01324095
-0.01242372
-0.01152114
-0.01051373
-0.009198921
-0.007717051
-0.006235554
-0.004896363
-0.003491522
-0.002156915
-0.0007577611
0.0005207493
0.00173856
0.00273936
0.00366151
0.004454074
0.005102382
0.005877961
0.006747877
0.007344523
0.007543032
0.007548212
0.007413147
0.007194744
0.007023202
0.007051003
0.006938795
0.00697566
0.00740866
0.007876144
0.008543437
0.009358227
0.009976778
0.01043581
0.01103754
0.01178336
0.01239892
0.01289884
0.01300317
0.01273318
0.01203104
0.01090944
0.009645441
0.00834389
0.007058797
0.005804993
0.004578346
0.003308082
0.001971367
0.001043746
0.0003085633
-0.0005159076
-0.001323045
-0.002275441
-0.00317551
-0.003980972
-0.004745171
-0.005185198
-0.005302883
-0.00503022
-0.004642159
-0.004334182
-0.003944693
-0.003509127
-0.003207191
-0.003175701
-0.003236931
-0.003266572
-0.003136162
-0.002680522
-0.001806507
-0.0006036295
0.0006484417
0.001827559
0.00287133
0.003826043
0.00488944
0.006233762
0.007683687
0.009103524
0.01030861
0.01123216
0.01215936
0.01288251
0.01310458
0.01316535
0.01318137
0.01318265
0.01321608
0.01329081
0.01338698
0.01343193
0.01331033
0.01288661
0.01208346
0.01100235
0.009911887
0.008892369
0.008037341
0.007383903
0.006656126
0.005911576
0.005259742
0.004497864
0.003421793
0.00216239
0.0007573882
-0.0009187334
-0.002607763
-0.004215921
-0.005889879
-0.007611301
-0.009242193
-0.01077933
-0.01242662
-0.01424882
-0.01614303
-0.01783385
-0.01912193
-0.02024883
-0.02148744
-0.02281846
-0.02429064
-0.02570268
-0.0266883
-0.02721081
-0.02731763
-0.02708235
-0.02647796
-0.02555181
-0.02453406
-0.02348214
-0.02217978
-0.02064528
-0.01884813
-0.01677629
-0.01460953
-0.01253062
-0.01045628
-0.008269525
-0.00592606
-0.003364165
-0.0006918176
0.002048708
0.004822054
0.007566335
0.0101642
0.01247617
0.01443498
0.01623696
0.01798299
0.01952536
0.02091078
0.02193506
0.02248001
0.0227854
0.02294503
0.02285154
0.02238568
0.02179775
0.02129843
0.02070148
0.01985365
0.01886742
0.0177949
0.01653339
0.01520154
0.01375321
0.01225993
0.0110642
0.01013736
0.009221643
0.008301043
0.007355228
0.006147119
0.004681171
0.003119608
0.001587583
-6.234087e-05
-0.001750805
-0.003393775
-0.004995747
-0.006436416
-0.007814239
-0.00905231
-0.01013128
-0.0109827
-0.01173176
-0.01254235
-0.01318976
-0.01350773
-0.01363241
-0.01372735
-0.01383554
-0.01395683
-0.01401736
-0.01390607
-0.01347749
-0.01261006
-0.0113803
-0.01015726
-0.009032606
-0.008110372
-0.00716987
-0.006189398
-0.005527028
-0.004997924
-0.004576421
-0.004512036
-0.004701039
-0.004987586
-0.00522174
-0.005526386
-0.005584794
-0.005336039
-0.004795181
-0.004044416
-0.00337126
-0.00280429
-0.00210919
-0.001250764
-0.0004385811
0.0003061421
0.001143614
0.0019267
0.002238874
0.002316666
0.002431283
0.002734891
0.003372043
0.004328145
0.005396112
0.006470045
0.007569491
0.008405925
0.009178556
0.009943574
0.01079788
0.01165732
0.01250701
0.01311293
0.01349603
0.01399758
0.01472868
0.01552914
0.01603609
0.0161711
0.01620054
0.0162502
0.0164301
0.01683246
0.01745737
0.01814613
0.01852056
0.01859211
0.01870316
0.018545
0.01833895
0.01787008
0.01744576
0.01703272
0.01664165
0.01599044
0.01498498
0.01383674
0.0124515
0.01078683
0.009329238
0.008110253
0.007154748
0.006530348
0.006032626
0.005270836
0.004162253
0.002939604
0.001601774
0.000136159
-0.001471666
-0.003218304
-0.00498612
-0.006521054
-0.007996478
-0.00945294
-0.01082912
-0.01213246
-0.01335001
-0.0144393
-0.01540299
-0.01634507
-0.01734376
-0.01818242
-0.01885151
-0.01938266
-0.01961191
-0.0197471
-0.0201535
-0.02056206
-0.02073502
-0.02075118
-0.02053146
-0.01997029
-0.01908465
-0.01811017
-0.01731948
-0.01646281
-0.01570612
-0.01527916
-0.01477636
-0.01409446
-0.01339654
-0.01291798
-0.01257858
-0.01209818
-0.01142044
-0.01067218
-0.01008752
-0.009584423
-0.00895534
-0.008272723
-0.007722385
-0.007317719
-0.007189718
-0.007171929
-0.007162071
-0.007112285
-0.006935639
-0.006586424
-0.006102127
-0.00564802
-0.005343207
-0.005147142
-0.00491478
-0.004534617
-0.004092973
-0.003465204
-0.002728033
-0.002192443
-0.001929299
-0.00160353
-0.001071595
-0.0003596108
0.0003365633
0.0007956581
0.001074886
0.001304899
0.001467975
0.001474651
0.001407975
0.001408314
0.001276168
0.001073887
0.001011443
0.0009747174
0.0009294741
0.0008861656
0.0008693508
0.0009378474
0.00116843
0.0016224
0.002264713
0.002915559
0.003647211
0.004686197
0.005844293
0.006851009
0.007702419
0.008413143
0.008987801
0.009690818
0.01073001
0.01199877
0.01333384
0.01461672
0.01573919
0.01661969
0.01729303
0.01798035
0.01877135
0.01942823
0.01976506
0.01989108
0.01993808
0.01994131
0.01992972
0.01992571
0.01994785
0.02000099
0.02007599
0.0201319
0.02012087
0.01997241
0.01961011
0.0190102
0.01825999
0.01730544
0.01615044
0.01481565
0.01356537
0.01234458
0.01136417
0.01047635
0.009709127
0.009028589
0.008143619
0.007082898
0.006176977
0.005259037
0.004369387
0.003964074
0.003860064
0.003864683
0.003889927
0.003827182
0.003559057
0.00300005
0.002176681
0.001296272
0.0003362011
-0.0009398611
-0.002432995
-0.004009083
-0.005570439
-0.00731299
-0.008997093
-0.0105688
-0.01198878
-0.01311574
-0.01423777
-0.01528584
-0.01617775
-0.01705405
-0.01762656
-0.01781886
-0.01790024
-0.01793508
-0.01794725
-0.01793042
-0.01782032
-0.01754252
-0.01708026
-0.01653365
-0.01610889
-0.01563148
-0.01518448
-0.01501219
-0.01491974
-0.01484603
-0.01481666
-0.01480774
-0.01483605
-0.01489777
-0.01494156
-0.01487114
-0.01458856
-0.01401289
-0.01319262
-0.01238229
-0.01206931
-0.01189303
-0.0116909
-0.01145552
-0.01122856
-0.01114893
-0.01128122
-0.01147232
-0.01199725
-0.01299943
-0.01431352
-0.01554772
-0.01636301
-0.01664452
-0.01678362
-0.01695531
-0.01722056
-0.01756627
-0.01778353
-0.01767523
-0.01739659
-0.0170585
-0.01669902
-0.01606353
-0.01502956
-0.01374803
-0.01242442
-0.0108817
-0.009238399
-0.007385782
-0.00559025
-0.003722787
-0.001520907
0.0006545575
0.00281404
0.005042686
0.00717905
0.009139376
0.0107192
0.01217422
0.01370586
0.01525651
0.01679736
0.01810558
0.01923788
0.02019875
0.02082045
0.02103295
0.02112574
0.02117374
0.02117048
0.02110337
0.02093754
0.02066766
0.02036093
0.02019049
0.02017675
0.02009635
0.02003985
0.02020796
0.02042445
0.02051693
0.02052104
0.02071887
0.02111071
0.02156209
0.02216484
0.02278687
0.02327569
0.02357724
0.02366517
0.02370245
0.02374399
0.02380144
0.02386054
0.02385435
0.0236971
0.02331667
0.02267984
0.02186239
0.02085097
0.01973969
0.01866146
0.01759083
0.0164404
0.01534189
0.01419869
0.01293399
0.01162531
0.01027693
0.008895494
0.007477395
0.006006711
0.004493428
0.002998147
0.001611
0.0001828498
-0.001301239
-0.00289719
-0.00449288
-0.005999606
-0.00750993
-0.009013281
-0.01040611
-0.01157548
-0.01274603
-0.01403604
-0.0153751
-0.01675955
-0.01817516
-0.01957772
-0.0208859
-0.0219992
-0.02282684
-0.02338082
-0.02384632
-0.02430773
-0.02462151
-0.02479344
-0.02486742
-0.02476093
-0.02437838
-0.02365478
-0.02270991
-0.02188833
-0.02099875
-0.01998655
-0.01913755
-0.01813025
-0.01685842
-0.01562898
-0.01430397
-0.01302107
-0.01164136
-0.01024869
-0.008656382
-0.007016267
-0.005318662
-0.003927108
-0.00297564
-0.002015248
-0.0009822204
-0.0001522162
0.0007136729
0.001638949
0.00225903
0.002824497
0.003434578
0.003924737
0.004375984
0.004726141
0.004706492
0.004382181
0.00389608
0.003453644
0.003003275
0.002579712
0.002409068
0.002385288
0.002416893
0.002441478
0.002360047
0.002089301
0.001581294
0.0009263747
0.0003678949
-3.803343e-05
-0.0001839249
-0.000225477
-0.0003595744
-0.0007015405
-0.001322079
-0.002102965
-0.002707103
-0.002968001
-0.00306138
-0.003090136
-0.003106337
-0.003139143
-0.003194139
-0.003225388
-0.003155798
-0.00288125
-0.002338059
-0.001580076
-0.0008646415
-0.0002490479
0.0004718772
0.001286464
0.001882866
0.00213765
0.002227443
0.00225982
0.00226061
0.002258232
0.002257686
0.002265408
0.00227266
0.002280607
0.00228164
0.002280446
0.002273178
0.00226784
0.002262959
0.002267833
0.002279172
0.002300167
0.002315551
0.002313613
0.002267089
0.002166921
0.002016328
0.001872531
0.001850416
0.002075238
0.002243687
0.002347426
0.002402358
0.002333093
0.002060226
0.001543553
0.0008695063
0.0002974705
-0.0001242889
-0.0002279273
-9.130968e-05
0.0001556329
0.00042882
0.0009408197
0.001466039
0.00190828
0.002135391
0.002250681
0.002353116
0.00241897
0.002396771
0.002183576
0.001696096
0.0009331121
0.0001299746
-0.0002574981
-0.0003928731
-0.0004418726
-0.000430613
-0.000404996
-0.0003881628
-0.0004039345
-0.0004544434
-0.0005316406
-0.0005954478
-0.0005786109
-0.0003859127
6.333849e-05
0.0007758887
0.001556098
0.00201983
0.002425408
0.003007741
0.003748408
0.004465968
0.005158951
0.006096279
0.007226394
0.008189322
0.009155464
0.01009514
0.01099086
0.01203637
0.01309674
0.01408789
0.01501752
0.01560892
0.01610086
0.01665109
0.0170941
0.01710523
0.01665111
0.0162222
0.01595533
0.01560221
0.01497466
0.0140539
0.01300287
0.01182888
0.01045076
0.009122257
0.007537237
0.005902807
0.004019717
0.002309264
0.0008043388
-0.0008698808
-0.002341292
-0.003756976
-0.00511693
-0.006410468
-0.007627883
-0.008771819
-0.009906329
-0.01114694
-0.01214817
-0.01320608
-0.01416895
-0.01495756
-0.01572351
-0.01620138
-0.01644614
-0.01680489
-0.01743126
-0.01832372
-0.0191999
-0.01948856
-0.01943334
-0.01905406
-0.01834125
-0.01751112
-0.01695516
-0.01677567
-0.01673201
-0.01674255
-0.01676539
-0.01679029
-0.01682194
-0.01685417
-0.01687525
-0.01683813
-0.01664197
-0.01620039
-0.01555496
-0.01494352
-0.01473046
-0.01443118
-0.01424515
-0.01396695
-0.01341948
-0.01265474
-0.01191922
-0.01169112
-0.01155509
-0.01130587
-0.01085782
-0.01018339
-0.009475288
-0.009047088
-0.008904112
-0.008799691
-0.008636334
-0.008318623
-0.007816648
-0.007246925
-0.006776638
-0.006360713
-0.006007699
-0.005438082
-0.004551434
-0.003551529
-0.002646862
-0.00155803
-0.0004127847
0.0005567796
0.001605062
0.00274322
0.00410466
0.005703597
0.007446068
0.009251833
0.01080763
0.01223288
0.01365748
0.01501226
0.01632958
0.01750737
0.01855839
0.01947724
0.02041922
0.02111584
0.02141804
0.02158967
0.02166938
0.02163758
0.02146265
0.02109961
0.02057517
0.0200494
0.01953447
0.01903813
0.01845827
0.01771156
0.01699009
0.01639984
0.01578901
0.01511516
0.01458536
0.01398221
0.01323034
0.01244156
0.01176375
0.01123216
0.01060073
0.009822896
0.009137919
0.008567863
0.007888304
0.007132464
0.006595959
0.00632061
0.00599722
0.005433964
0.004622967
0.003787767
0.002980984
0.002077374
0.001283321
0.001096695
0.001363066
0.001847249
0.002283249
0.002219565
0.001684044
0.0012392
0.0009632837
0.0005330244
-0.0001661299
-0.001088635
-0.00196749
-0.002774394
-0.003645325
-0.00433861
-0.004898801
-0.005645143
-0.006485821
-0.007056258
-0.007302024
-0.007421869
-0.007410784
-0.007211016
-0.006788121
-0.006213779
-0.005705074
-0.005575455
-0.005248682
-0.004908087
-0.004835529
-0.004735696
-0.004472333
-0.00396084
-0.003221409
-0.002486576
-0.002008569
-0.001424812
-0.000663957
8.934074e-05
0.0005430695
0.0006959777
0.0007466866
0.0007468321
0.0007285263
0.0007245094
0.0007558473
0.0008269965
0.0009152104
0.0009625736
0.0008747364
0.0005465692
-8.134326e-05
-0.000922012
-0.001633071
-0.001871667
-0.001952287
-0.001993294
-0.002020683
-0.002075953
-0.002127814
-0.002090156
-0.001872724
-0.001412158
-0.0007322666
-5.616193e-05
0.0003279937
0.0005438081
0.0008633132
0.001408885
0.002187004
0.002959405
0.00341826
0.00351425
0.003313466
0.00279358
0.002036225
0.001325598
0.0009462054
0.0008506774
0.0008653727
0.0009012183
0.0008659112
0.0006573305
0.0002116308
-0.0004384367
-0.001087314
-0.001548917
-0.001951171
-0.002510387
-0.003215573
-0.003839927
-0.004143413
-0.004219917
-0.004329423
-0.004621172
-0.005167247
-0.005912851
-0.006573788
-0.006914215
-0.00705775
-0.007119032
-0.007101337
-0.007031808
-0.006950328
-0.006909052
-0.006949919
-0.007111743
-0.007409471
-0.007792554
-0.008083523
-0.007981264
-0.007475578
-0.007096351
-0.006980962
-0.006966622
-0.007010444
-0.007048608
-0.006977679
-0.006690509
-0.00612582
-0.005335718
-0.004574237
-0.004030119
-0.003610989
-0.003271658
-0.003134115
-0.00308338
-0.002825
-0.002168799
-0.001358629
-0.0003712491
0.000922395
0.00224751
0.003561087
0.004759655
0.005846426
0.006796308
0.007788498
0.008979601
0.01007114
0.01099844
0.01169362
0.01201704
0.01212099
0.01216903
0.01222747
0.01231195
0.01236624
0.01227547
0.01189089
0.01109923
0.009965945
0.008820549
0.007724399
0.006740009
0.005742295
0.004597905
0.003590937
0.002743473
0.002048306
0.00154487
0.0009941116
0.0002272539
-0.000605483
-0.001101203
-0.001279006
-0.001365846
-0.00139637
-0.001393462
-0.00138568
-0.001385489
-0.001392056
-0.001402366
-0.001409011
-0.001407716
-0.001395672
-0.001376628
-0.001338287
-0.001296953
-0.001304858
-0.001430893
-0.00173691
-0.002232786
-0.002758526
-0.003034348
-0.003294108
-0.003667587
-0.003904275
-0.004010439
-0.004078209
-0.004100246
-0.004060232
-0.003930499
-0.003701407
-0.003405834
-0.003149196
-0.003122561
-0.003227469
-0.003162963
-0.002666134
-0.001910472
-0.00142169
-0.001227351
-0.001136199
-0.001101
-0.001080664
-0.001053078
-0.00102593
-0.001044199
-0.001172843
-0.001473555
-0.001933289
-0.002449116
-0.003057388
-0.003467971
-0.003600141
-0.003650958
-0.003670284
-0.003685561
-0.003683162
-0.003651136
-0.003585134
-0.003502278
-0.003423945
-0.003410235
-0.003554472
-0.003957601
-0.00462358
-0.005368528
-0.005799422
-0.005978505
-0.006196075
-0.006588466
-0.007203443
-0.007915835
-0.008363582
-0.008620229
-0.008977967
-0.009542075
-0.01026711
-0.01090333
-0.01127329
-0.01151048
-0.01175097
-0.01195365
-0.01199417
-0.01197469
-0.01182231
-0.01154597
-0.01108733
-0.01025995
-0.009116297
-0.007980661
-0.006903095
-0.005929032
-0.004886214
-0.003604502
-0.002339355
-0.001134667
-9.629928e-05
0.0008143605
0.001643677
0.002393146
0.003288838
0.004367248
0.005304669
0.006060801
0.006654475
0.007079811
0.007348275
0.007605834
0.00807679
0.008808092
0.009633436
0.01013159
0.01030151
0.01034319
0.0103522
0.0104256
0.01066222
0.01108335
0.01157194
0.01186235
0.01250873
0.01277474
0.01288113
0.01298512
0.0129976
0.01290266
0.01260186
0.01208101
0.01142356
0.01093945
0.01057937
0.01050007
0.01046084
0.01028588
0.009869154
0.009170685
0.008365045
0.007870871
0.007775993
0.007850341
0.007984427
0.008020619
0.007812579
0.007754503
0.007682727
0.007469426
0.007089576
0.006563006
0.006017117
0.005312889
0.005077758
0.005006016
0.004969944
0.004995811
0.004998268
0.004992235
0.004972203
0.004964672
0.004980367
0.005038563
0.005119133
0.005180394
0.005128785
0.00486327
0.004304081
0.003497313
0.002735566
0.002521547
0.002486501
0.002445047
0.002298119
0.001912808
0.001264342
0.0005028153
1.32624e-05
-0.0001515833
-0.0003079448
-0.0006347911
-0.001240441
-0.002101735
-0.00296601
-0.003826422
-0.004772364
-0.005598637
-0.006234559
-0.007002654
-0.007839287
-0.008415358
-0.009022051
-0.009834322
-0.01065818
-0.01108034
-0.01127714
-0.01139619
-0.01139482
-0.01121903
-0.01078353
-0.0100754
-0.009253628
-0.008685849
-0.008111841
-0.007360571
-0.006590473
-0.006147909
-0.005755947
-0.005184873
-0.004511954
-0.003940705
-0.003481073
-0.003258204
-0.003182813
-0.003155169
-0.003160444
-0.003171286
-0.003181691
-0.003176437
-0.003152207
-0.003099484
-0.003029992
-0.002969119
-0.002947611
-0.003013391
-0.003233746
-0.003642203
-0.004173383
-0.004632044
-0.00510216
-0.005542837
-0.005729707
-0.005769387
-0.005764788
-0.005749992
-0.005767304
-0.005836841
-0.005924709
-0.005976463
-0.005906117
-0.005597318
-0.004971853
-0.004088358
-0.003233581
-0.002509689
-0.001807719
-0.001228648
-0.0007723331
-0.0005430602
-0.0003880945
-0.0001241531
0.0003087255
0.0008724509
0.001379411
0.001873157
0.002297923
0.002826889
0.00354925
0.004279372
0.004641348
0.004902141
0.005324815
0.005968521
0.006741748
0.007302755
0.00753355
0.007612381
0.007664786
0.007757304
0.007944614
0.008220862
0.00847793
0.008541805
0.008576774
0.008356549
0.008027971
0.007916239
0.007904485
0.007858677
0.00767143
0.007247609
0.006569927
0.005824324
0.005400244
0.005175242
0.004866874
0.004368305
0.003681857
0.003002355
0.002425329
0.001787613
0.001009037
0.0002837317
-0.0003078865
-0.0009520749
-0.001752947
-0.002511258
-0.00312882
-0.003772923
-0.004493918
-0.00505993
-0.005374864
-0.00566867
-0.006153566
-0.006876037
-0.007684448
-0.008174834
-0.008351145
-0.008416421
-0.008420968
-0.008394815
-0.008369041
-0.008361041
-0.008380982
-0.008423624
-0.008444392
-0.008363146
-0.00809974
-0.007604635
-0.006941262
-0.00634098
-0.005908475
-0.005426121
-0.004692532
-0.003749702
-0.002873656
-0.001954901
-0.0008512081
0.0001732758
0.001147901
0.00211562
0.00300513
0.003915834
0.004758193
0.005398963
0.005931574
0.006349699
0.006405082
0.006086494
0.005904532
0.006231258
0.00686848
0.007351467
0.007372271
0.007015106
0.006494126
0.005819294
0.005339275
0.005162319
0.005097243
0.005109578
0.005177421
0.005277311
0.005363224
0.005393328
0.005296557
0.004993582
0.00443131
0.003691003
0.003018828
0.00256196
0.002148377
0.001627159
0.001060947
0.000664328
0.000184795
-0.0004750767
-0.00126149
-0.0020629
-0.002450207
-0.002227997
-0.001597544
-0.0008850354
-0.0005577534
-0.0004027902
-0.0001688478
0.0002720744
0.0009864478
0.001815168
0.002374986
0.002906987
0.0035725
0.004223722
0.00452142
0.004356926
0.004074642
0.004056006
0.004262447
0.004577778
0.004816635
0.00468157
0.00426474
0.003749676
0.003078425
0.002751265
0.002688636
0.002708954
0.002743679
0.002662022
0.002343048
0.001696932
0.0007976594
-7.687228e-05
-0.0009429548
-0.001980475
-0.003012343
-0.004021811
-0.005102915
-0.005955421
-0.007008524
-0.008215847
-0.009113691
-0.009959238
-0.01054231
-0.01085811
-0.01125474
-0.01182092
-0.01244057
-0.01282106
-0.01297753
-0.01274929
-0.01240077
-0.01175542
-0.0113107
-0.01119095
-0.0110682
-0.01081722
-0.01032246
-0.00959398
-0.008860258
-0.00856021
-0.008256009
-0.007751352
-0.007038222
-0.00627658
-0.005876725
-0.005792604
-0.005752816
-0.005593756
-0.005154262
-0.00434304
-0.003269504
-0.002222459
-0.001289011
-0.0005636795
-0.0002728275
6.375631e-06
0.0004862652
0.001174213
0.001911612
0.002369138
0.002535928
0.002629706
0.002753863
0.002966185
0.003295781
0.003654988
0.003976843
0.004473615
0.005055919
0.005255948
0.005357701
0.005473262
0.005601121
0.005736978
0.005795198
0.005661202
0.005452509
0.005413388
0.005486586
0.005671442
0.005979448
0.006344604
0.006600396
0.00669261
0.006792048
0.006984407
0.007303818
0.007703289
0.008007585
0.008130538
0.008194621
0.008249829
0.008302297
0.008338303
0.008306102
0.008132023
0.007752619
0.007185962
0.006593446
0.006115193
0.005795149
0.005632414
0.005423519
0.005069983
0.004596476
0.004144359
0.003713682
0.003303313
0.003098885
0.003075787
0.003086639
0.003033407
0.002819357
0.002377437
0.001755466
0.001160428
0.0006810034
0.0004281908
0.0003768761
0.0004037345
0.0004374236
0.0004098465
0.0002711424
-3.494834e-06
-0.0003560593
-0.0006498735
-0.0009478796
-0.001058863
-0.0007973051
-0.0002460075
0.0001378377
0.000245485
0.0002923302
0.0003658944
0.0005529966
0.0009130328
0.001406442
0.001860963
0.002330538
0.002768177
0.002947111
0.002966746
0.002923647
0.002810444
0.002656243
0.002502027
0.002008601
0.001282417
0.0007564759
0.0005550138
0.0004695508
0.0003194118
-3.661181e-06
-0.0005708528
-0.001285969
-0.001859832
-0.00223375
-0.002666213
-0.003287185
-0.004031287
-0.004613245
-0.00497531
-0.005332714
-0.005777855
-0.006210377
-0.00643509
-0.006515073
-0.006481925
-0.006273697
-0.005862177
-0.005300513
-0.004760923
-0.004032806
-0.003205987
-0.002659037
-0.002466341
-0.00238528
-0.002351089
-0.002346869
-0.002360506
-0.002393061
-0.002444758
-0.002492222
-0.002484121
-0.002335531
-0.001969483
-0.001365848
-0.0006770843
-0.0002528664
-5.076958e-05
0.0002810534
0.0003761927
0.0003838303
0.0004069996
0.0004458519
0.0005211082
0.0005984932
0.0006188528
0.0004792613
8.649428e-05
-0.0005903578
-0.001394586
-0.001936589
-0.002117669
-0.002179558
-0.002195391
-0.00216626
-0.002136745
-0.002100996
-0.002089712
-0.002101028
-0.002139122
-0.002217685
-0.002338013
-0.002482054
-0.002570631
-0.002545963
-0.002852576
-0.003276724
-0.003544656
-0.003883647
-0.004297891
-0.004636199
-0.004738793
-0.004764416
-0.004775098
-0.00478879
-0.004829751
-0.004891324
-0.004939562
-0.004903525
-0.004696142
-0.004248519
-0.003583784
-0.002902648
-0.002496191
-0.002288648
-0.001973635
-0.001399635
-0.0005552368
0.0003329339
0.000994777
0.001689852
0.002308943
0.00258495
0.002677368
0.002820058
0.002824838
0.002915199
0.003168226
0.003247298
0.003274525
0.003295429
0.003314043
0.003346439
0.003392097
0.00342506
0.003393318
0.003222833
0.002857073
0.00230644
0.001735581
0.001365963
0.00105137
0.0005381487
9.030797e-05
-0.000328221
-0.0006942567
-0.001022046
-0.000925807
-0.0005602916
-0.0001941782
0.0002079959
0.0004777585
0.0005588524
0.0006392522
0.0008663699
0.001327828
0.00202272
0.002750592
0.003304155
0.003766919
0.004298363
0.00482048
0.005297411
0.005775356
0.006073967
0.006173181
0.006151396
0.006011274
0.005755263
0.005424885
0.005161339
0.004845407
0.00429771
0.003830044
0.003443808
0.002874622
0.00212556
0.001400537
0.0007903969
0.0001150477
-0.000685575
-0.001388702
-0.001920547
-0.002514118
-0.003188264
-0.003731946
-0.004143898
-0.004317877
-0.00437568
-0.004421548
-0.004465396
-0.004514453
-0.004522483
-0.004427679
-0.004145684
-0.00361904
-0.002939291
-0.002357369
-0.001928814
-0.001787012
-0.001698503
-0.001529429
-0.001229519
-0.0008010638
-0.0003708557
-0.0001942555
-0.0001491455
-0.000180951
-0.000294045
-0.0004507812
-0.0005731561
-0.0005893491
-0.0008897601
-0.001232709
-0.001319606
-0.001335841
-0.001330648
-0.00131983
-0.001304199
-0.001289928
-0.00128338
-0.001291813
-0.001318247
-0.001361515
-0.00140284
-0.001407906
-0.001324146
-0.001107727
-0.000754198
-0.000359027
-0.0001457526
-0.0003065221
-0.0006641425
-0.0009917286
-0.001112351
-0.001175835
-0.001250259
-0.001356847
-0.001515277
-0.001676224
-0.001744052
-0.001784441
-0.001914893
-0.002092213
-0.002320342
-0.00244982
-0.002547553
-0.002609083
-0.002543388
-0.00226747
-0.001695379
-0.0009002115
-0.000195143
0.0001665777
0.0002302714
6.321688e-05
-0.0002994506
-0.000730702
-0.000997467
-0.00109919
-0.001145048
-0.001162851
-0.001180795
-0.001221463
-0.001270804
-0.001281923
-0.001179383
-0.0008891523
-0.0003816028
0.0002670584
0.0008243484
0.001270864
0.001489772
0.001594538
0.001703909
0.001831457
0.001962373
0.001988709
0.001808175
0.001705924
0.001673892
0.001626516
0.001573246
0.001512331
0.001494552
0.001580454
0.001861091
0.002371152
0.003028029
0.003577457
0.004049791
0.004213015
0.00426545
0.004260898
0.004182958
0.004082528
0.003998358
0.004009822
0.004144643
0.003890656
0.003347278
0.002719202
0.00219813
0.001816853
0.001684369
0.00166281
0.001670206
0.001685634
0.001672336
0.001649887
0.001604649
0.00155625
0.001536146
0.001599039
0.001793533
0.002142488
0.002573618
0.002891275
0.002996568
0.003004548
0.002933257
0.002781586
0.002582179
0.002391923
0.002102456
0.001610264
0.001040078
0.0003805509
-0.0001335386
-0.0002602397
-0.0001960008
-0.0003335038
-0.0006400991
-0.0008341183
-0.0009116545
-0.0009593377
-0.0009857814
-0.0009885083
-0.0009709037
-0.0009361977
-0.0008996822
-0.0008920518
-0.0009645862
-0.001170835
-0.001538608
-0.002026774
-0.002485082
-0.002914445
-0.003317054
-0.003507705
-0.0035023
-0.003435068
-0.003391251
-0.003489119
-0.003812811
-0.003978063
-0.00391519
-0.004057418
-0.00438219
-0.004768032
-0.00541356
-0.005979115
-0.006241767
-0.00636741
-0.006423151
-0.006404332
-0.00627981
-0.006020192
-0.005642001
-0.005217832
-0.004567272
-0.004042828
-0.00386329
-0.00383218
-0.003803021
-0.003659643
-0.003294272
-0.002666316
-0.001909752
-0.001367081
-0.001023916
-0.0005714631
7.959955e-05
0.0008221129
0.001345112
0.001676908
0.002165009
0.002906643
0.003767788
0.004353325
0.004516062
0.004413886
0.004046088
0.00341403
0.002733295
0.002288663
0.002099618
0.001861289
0.001818701
0.001847455
0.001830954
0.001721345
0.001442549
0.0009935827
0.0004721759
1.88327e-05
-0.0004690106
-0.000882208
-0.001045028
-0.00105633
-0.0009039063
-0.0005577079
-3.130977e-05
0.0005430418
0.0009766453
0.001306561
0.001516121
0.001889112
0.002551418
0.003421636
0.004192812
0.004713951
0.005178862
0.005493216
0.00564196
0.005840824
0.00617074
0.006592801
0.006939542
0.007106708
0.007158887
0.007045413
0.006692091
0.006083287
0.005346204
0.004812728
0.004568557
0.004257237
0.003736993
0.003048404
0.002411148
0.002051555
0.001844208
0.001548228
0.001081965
0.0004679048
-9.940978e-05
-0.0005208414
-0.0007096401
-0.0007292638
-0.0007746835
-0.0009680887
-0.001390096
-0.002017684
-0.002659719
-0.003199655
-0.003477451
-0.00343072
-0.003093103
-0.002479765
-0.001765746
-0.001285942
-0.000894811
-0.0006936932
-0.0006423983
-0.0006383785
-0.000641262
-0.0005927431
-0.0004736823
-0.0002804661
-7.834745e-05
2.385716e-05
-0.0001206254
-0.0002772728
-0.0005437151
-0.001023596
-0.001646287
-0.002213319
-0.002718005
-0.003043753
-0.003314754
-0.003619884
-0.003863066
-0.003855077
-0.003905309
-0.004196358
-0.004292108
-0.004328265
-0.004362351
-0.004326377
-0.004188443
-0.003918893
-0.003549634
-0.003216492
-0.003144899
-0.003116684
-0.002949734
-0.002521793
-0.001807237
-0.0009899825
-0.0004885277
-0.0003092276
-0.0002153673
-0.0001342669
-2.774434e-05
0.0001052914
0.0002016358
0.0001338338
-0.0001060242
-0.0002101171
-0.0002447133
-0.0002074214
-3.444573e-05
0.0002814144
0.0006914728
0.001024707
0.001153137
0.001255283
0.001449466
0.001771973
0.002193753
0.002533476
0.002639536
0.002653306
0.002641776
0.002643767
0.00273307
0.002955016
0.003334678
0.003800614
0.00414277
0.004226922
0.004132499
0.00386702
0.003497588
0.00317577
0.002913735
0.002503205
0.001919095
0.001323548
0.0008419478
0.0005172176
0.0003950685
0.00032523
0.0002526742
0.0001814544
0.0001488339
0.0002396415
0.0005528168
0.001142745
0.001917518
0.002561733
0.002863028
0.002925897
0.002922399
0.002981167
0.003232075
0.003740284
0.004432368
0.005046777
0.005461001
0.005873767
0.006470246
0.007216707
0.007856632
0.00820018
0.008357904
0.008449213
0.008480954
0.008418992
0.008210186
0.007806696
0.007246454
0.006690533
0.006151304
0.00562442
0.005016117
0.004251877
0.00352692
0.002932582
0.002297432
0.001551358
0.0009041286
0.0004404681
-4.948699e-05
-0.000734564
-0.001517922
-0.00209442
-0.002568149
-0.003206523
-0.003971438
-0.004603654
-0.004944839
-0.005149774
-0.005370519
-0.005637552
-0.005919897
-0.006397741
-0.006974685
-0.007474156
-0.007751464
-0.007847051
-0.007910476
-0.008021568
-0.008229218
-0.008521436
-0.008798574
-0.009267078
-0.009675214
-0.009911244
-0.009887496
-0.009790793
-0.009481734
-0.009162551
-0.008808556
-0.008398055
-0.008086201
-0.007660986
-0.006997349
-0.006194843
-0.005599276
-0.005345417
-0.0052814
-0.005314347
-0.005393248
-0.005431639
-0.005326172
-0.004970932
-0.004323639
-0.003500879
-0.002856857
-0.002565711
-0.002459851
-0.002440238
-0.002482083
-0.002555843
-0.002633192
-0.002696278
-0.002704894
-0.002581953
-0.002244551
-0.001651547
-0.0009041167
-0.0003040903
5.789358e-05
0.0004562312
0.001064875
0.001856368
0.002588317
0.003192138
0.003955283
0.004799553
0.005352557
0.005543992
0.005613351
0.005627918
0.005608124
0.005583439
0.005569798
0.005583598
0.005633763
0.005716926
0.005799191
0.005804802
0.005617534
0.005118587
0.004262837
0.003237718
0.002460595
0.001599765
0.0007607021
0.0003545385
-9.140925e-05
-0.0007420951
-0.001488196
-0.00203865
-0.002379835
-0.002819393
-0.003412912
-0.004011035
-0.004293729
-0.004271483
-0.003860918
-0.003483166
-0.003065992
-0.002691551
-0.002627646
-0.002652307
-0.002644597
-0.002493311
-0.002096432
-0.001429744
-0.0006602717
-0.0001741215
-4.225015e-05
4.049177e-05
0.000234078
0.000649367
0.001307505
0.002010164
0.002321233
0.002271879
0.002100455
0.001447203
0.0007076533
0.000412037
0.0001274973
-0.0003202085
-0.0009434631
-0.001620054
-0.00210556
-0.002473775
-0.003005131
-0.003747065
-0.004519169
-0.005005672
-0.005180728
-0.005262253
-0.005284453
-0.005260154
-0.005237717
-0.005247389
-0.005310432
-0.005415227
-0.005493004
-0.005461231
-0.005203426
-0.004614033
-0.003701756
-0.002712675
-0.001922589
-0.001064285
-0.0002819602
0.0002105631
0.0008345648
0.001676063
0.002513368
0.003136942
0.00387802
0.004720745
0.005449588
0.00616721
0.007066697
0.007980449
0.008672613
0.00945498
0.01023246
0.01073661
0.01109253
0.01148132
0.01185049
0.01199506
0.01182828
0.01151209
0.01117945
0.01082556
0.01028132
0.009562049
0.008900917
0.008511639
0.00828736
0.00801043
0.007627927
0.007171518
0.006547173
0.005947321
0.005662928
0.005580594
0.005524626
0.005392513
0.005097666
0.004624983
0.004065543
0.003402525
0.002955408
0.002801069
0.00274223
0.00272936
0.002738018
0.002749458
0.002756951
0.002761026
0.002761511
0.002752862
0.002720659
0.002649255
0.00256127
0.002519803
0.002564336
0.002342272
0.001865627
0.001380939
0.001201084
0.0009570949
0.0006479635
0.000520124
0.0003606692
8.597481e-06
-0.0005991499
-0.00136495
-0.002000561
-0.002507215
-0.003156263
-0.003901168
-0.004445592
-0.004850499
-0.005446553
-0.006240434
-0.006971531
-0.00718122
-0.007269052
-0.007429994
-0.007697013
-0.008089684
-0.008423577
-0.008411908
-0.008179511
-0.007812498
-0.007458761
-0.007344644
-0.007246044
-0.007002853
-0.00652846
-0.005820288
-0.005090925
-0.004669324
-0.004541107
-0.004424033
-0.004159342
-0.003631831
-0.002841391
-0.002022936
-0.001431717
-0.000759085
-5.352479e-05
0.0003487635
0.0003798614
0.0001966827
-0.0002322821
-0.0007801058
-0.001250704
-0.001457512
-0.00169407
-0.002116009
-0.00271343
-0.003347281
-0.003863761
-0.004208851
-0.004316609
-0.004307901
-0.004236248
-0.004175069
-0.004236721
-0.004514265
-0.005062497
-0.005827463
-0.006541345
-0.006896236
-0.006919839
-0.006793816
-0.006630654
-0.006564089
-0.006523932
-0.006361779
-0.006085008
-0.00566138
-0.005241585
-0.004820199
-0.004557298
-0.004464866
-0.004435472
-0.004453928
-0.004499351
-0.004548806
-0.004555173
-0.004461114
-0.004202726
-0.003759488
-0.003193999
-0.00270825
-0.002356818
-0.002146279
-0.001943057
-0.00182585
-0.001827381
-0.001792937
-0.001616803
-0.001193254
-0.0005024836
0.0002710335
0.0007300505
0.0009239717
0.001161201
0.001597541
0.002295319
0.003115481
0.003703045
0.004304013
0.005077186
0.005836349
0.006218808
0.006487416
0.006898904
0.007486582
0.008150319
0.008614866
0.008868471
0.009186641
0.009353227
0.009395506
0.009421845
0.009428623
0.00943229
0.009409695
0.009355388
0.009245549
0.00909223
0.008910066
0.008769286
0.008402674
0.007939219
0.007359339
0.007074587
0.006905418
0.006581424
0.006019074
0.005224851
0.004488691
0.004291926
0.004262946
0.004192392
0.004001173
0.003523114
0.002758136
0.001884311
0.001341603
0.0007482335
-1.024924e-05
-0.0007119471
-0.001008573
-0.001343031
-0.00193323
-0.002748543
-0.00355424
-0.00384752
-0.003976038
-0.004040959
-0.004034466
-0.003974226
-0.003857365
-0.003698638
-0.003547299
-0.003532287
-0.003772929
-0.00385316
-0.003878897
-0.003954827
-0.004057182
-0.004182731
-0.004277325
-0.00423258
-0.003971592
-0.003979663
-0.004187839
-0.004531228
-0.004911828
-0.005112818
-0.005299182
-0.005018217
-0.004887461
-0.004971229
-0.004762546
-0.004511359
-0.004379544
-0.00407368
-0.00396806
-0.003960556
-0.003959605
-0.003980389
-0.00397094
-0.003962919
-0.003951766
-0.003927263
-0.003863405
-0.003772216
-0.003660864
-0.003586634
-0.003632875
-0.003853486
-0.00375962
-0.003398708
-0.002857691
-0.002253056
-0.001494036
-0.001210417
-0.001161888
-0.001187286
-0.001270866
-0.001291636
-0.001154584
-0.0007447866
-4.894878e-05
0.0007802987
0.001338138
0.001565098
0.001673918
0.001716758
0.001724699
0.001727082
0.001748735
0.001767966
0.00178037
0.001788876
0.001783127
0.001770656
0.001755439
0.001757188
0.001788888
0.001865138
0.001970084
0.002061742
0.002091833
0.002025748
0.001811529
0.001443919
0.001005078
0.0007436088
0.001026732
0.00163929
0.001853684
0.001948378
0.002020436
0.002046901
0.002056816
0.002041847
0.002032729
0.001997632
0.001961347
0.001953829
0.001984174
0.002069493
0.00222823
0.002480805
0.002725018
0.002835443
0.003122798
0.003260594
0.003416575
0.003722388
0.004142473
0.004559207
0.00470363
0.004763234
0.004790758
0.004793799
0.004786051
0.004774544
0.004758413
0.004744204
0.004738736
0.004761613
0.004822992
0.004923147
0.005017507
0.005025517
0.004862581
0.004448761
0.00372976
0.002899102
0.002381987
0.00227379
0.002307422
0.002355505
0.002314372
0.002063178
0.001517714
0.0007248302
-2.732498e-05
-0.0002516912
-0.0003449198
-0.0005157387
-0.0008593201
-0.001445649
-0.002174649
-0.002737567
-0.003050595
-0.002865463
-0.002335029
-0.001687246
-0.001146148
-0.0007610783
-0.0006505108
-0.0006772961
-0.0007480348
-0.0008220007
-0.0008374031
-0.0007410359
-0.0004704852
-3.109971e-05
0.0004693694
0.0007362409
0.0006133729
0.0005653872
0.0004007058
-0.0001817665
-0.0005881705
-0.0007371992
-0.0007986767
-0.0008117728
-0.0007956181
-0.0007662805
-0.0007342287
-0.0007110933
-0.0007019294
-0.000700261
-0.0007267829
-0.0007694372
-0.0008021507
-0.0007884128
-0.0006882163
-0.0004978422
-0.0002206637
5.40857e-05
0.0001261787
-0.0001390007
-0.0004302977
-0.0005345999
-0.0005850009
-0.0006070558
-0.000600551
-0.0005787795
-0.0005480979
-0.0005164789
-0.0004944843
-0.0004908252
-0.0004888904
-0.0004796059
-0.000459016
-0.0004273567
-0.0003959756
-0.000377031
-0.0003630604
-0.0003556086
-0.000362555
-0.0003873113
-0.00042789
-0.0004652641
-0.000464246
-0.000374225
-0.0001544553
0.0001933767
0.0005689958
0.0007473742
0.0005567088
0.0002159569
-6.810356e-05
-0.0001354363
-0.0001387901
-0.0001849126
-0.0003591075
-0.0007497872
-0.001343306
-0.001956352
-0.002319226
-0.002543468
-0.002814278
-0.002865957
-0.002845883
-0.002869543
-0.002991507
-0.003287227
-0.003751974
-0.004270189
-0.004690986
-0.005131672
-0.005482257
-0.005593578
-0.005626521
-0.005637378
-0.005634182
-0.005634403
-0.005636694
-0.00564168
-0.005642048
-0.005638023
-0.005628789
-0.005622659
-0.005626103
-0.005647676
-0.005682324
-0.005711028
-0.005688896
-0.005558414
-0.005267478
-0.004812946
-0.00429033
-0.003855531
-0.003407726
-0.003066124
-0.002972355
-0.002970815
-0.002997622
-0.003005867
-0.002922793
-0.002666203
-0.002168152
-0.001477494
-0.0008287398
-0.0004536227
-0.0002438284
5.522392e-05
0.000553481
0.001229466
0.001869717
0.002248643
0.002473451
0.00279483
0.003332894
0.004086675
0.004831848
0.005299836
0.005502421
0.005526252
0.005332505
0.004892412
0.004270667
0.003711802
0.003667415
0.004243881
0.0049097
0.005313192
0.005477254
0.005539643
0.005545665
0.005522685
0.005500745
0.005491484
0.00549988
0.005522041
0.005552559
0.005579741
0.005587583
0.005554765
0.005464518
0.005318631
0.005157906
0.005084023
0.00523472
0.005504004
0.005650361
0.005702886
0.005594651
0.00522234
0.004560691
0.003744928
0.003152727
0.002948668
0.002879492
0.002862468
0.002871006
0.002869598
0.002853925
0.002832026
0.002830571
0.002875979
0.002988387
0.00314535
0.003257382
0.00320747
0.00299574
0.002920306
0.002890182
0.002861864
0.002852766
0.0028493
0.002861801
0.002879672
0.002884639
0.002880739
0.002879972
0.002881918
0.002895791
0.002916979
0.002940779
0.002942773
0.002896167
0.00276541
0.002542226
0.002263245
0.002059941
0.001996109
0.001756808
0.001263231
0.0008673818
0.0005663254
0.0004033864
0.0001509742
-0.000325622
-0.001017037
-0.001736838
-0.002159078
-0.002279384
-0.002349589
-0.002506038
-0.002848529
-0.003410492
-0.004058086
-0.004580587
-0.004968258
-0.005111667
-0.005160677
-0.005188159
-0.005203488
-0.005221362
-0.005231013
-0.00524743
-0.005265249
-0.005278876
-0.005274141
-0.005237456
-0.005152373
-0.005017054
-0.004841827
-0.004653177
-0.004540809
-0.004514537
-0.00419665
-0.003451083
-0.002771436
-0.00254599
-0.002480838
-0.002484105
-0.002524729
-0.002512598
-0.002371114
-0.002032176
-0.001512483
-0.0009604449
-0.0005732842
-0.0002871811
-9.214769e-05
0.0001655577
0.0002518693
0.0002698006
0.0002818666
0.0002743124
0.0002689644
0.0002672327
0.0002873227
0.0003296273
0.0003916489
0.0004367802
0.0004077561
0.0002207525
-0.0001839354
-0.0007890658
-0.001401211
-0.001756905
-0.001964982
-0.002226761
-0.002302019
-0.002324271
-0.002366608
-0.002420943
-0.002475899
-0.002471681
-0.002333157
-0.001984175
-0.001421159
-0.0007831382
-0.0002843306
5.237345e-05
0.0001364579
0.0001986893
0.0004079917
0.0008572498
0.001562213
0.002319009
0.002797301
0.002959108
0.003014223
0.003032803
0.003064621
0.003146871
0.003283586
0.003413788
0.003390011
0.003187835
0.003119104
0.003093733
0.003074315
0.00307811
0.003090783
0.003108897
0.003116105
0.003102128
0.003051323
0.002961716
0.002846138
0.00275505
0.002774634
0.002870238
0.00271626
0.002436112
0.002196376
0.002067566
0.001793095
0.001376645
0.001266887
0.001366319
0.001384023
0.001508146
0.001715534
0.001633083
0.001362427
0.001010071
0.0007510989
0.0007580082
0.0008190136
0.0007684102
0.0005911651
0.0005509736
0.0005222544
0.0004234755
0.0002492164
-2.860252e-06
-0.0002397144
-0.0002843733
-9.079456e-06
0.0002807342
0.0003837866
0.0004327565
0.0004646017
0.000476876
0.000483263
0.000467267
0.0004086241
0.0002695427
4.331271e-05
-0.0002323571
-0.0005664662
-0.001137548
-0.001644334
-0.002027215
-0.002197835
-0.002286715
-0.002332332
-0.00229551
-0.00214611
-0.001852712
-0.001454896
-0.001107736
-0.001127619
-0.001636145
-0.002009559
-0.002138309
-0.002204813
-0.002224171
-0.002219616
-0.002207958
-0.002205336
-0.002209552
-0.002216135
-0.002211042
-0.002197904
-0.002195086
-0.002200566
-0.00221086
-0.002223531
-0.002225933
-0.002205555
-0.00215307
-0.002079738
-0.002026594
-0.002072249
-0.002314778
-0.002827327
-0.003569729
-0.004296629
-0.004731467
-0.00489801
-0.004960769
-0.004981025
-0.004986026
-0.004985857
-0.004968311
-0.004907192
-0.004780911
-0.004591875
-0.004401564
-0.004321327
-0.004261831
-0.004054974
-0.003695454
-0.003152313
-0.002658479
-0.002325055
-0.002199382
-0.002157123
-0.002144734
-0.002151604
-0.002156461
-0.002158594
-0.002154922
-0.002150219
-0.002142763
-0.002133607
-0.002120645
-0.002107874
-0.002101399
-0.002112595
-0.002148228
-0.002203333
-0.002247252
-0.002219646
-0.002038815
-0.00163723
-0.001032716
-0.0003978256
0.0001167962
0.0004566904
0.0005707496
0.0005805482
0.0005353823
0.0004662174
0.0004366355
0.0005292713
0.0008408893
0.001431151
0.002229576
0.002958988
0.003552081
0.00429547
0.005127836
0.005692335
0.005852561
0.005881503
0.005894374
0.005967208
0.006194764
0.006616178
0.007160271
0.007612619
0.00803829
0.00847545
0.00859049
0.008601657
0.008635936
0.008737196
0.008962298
0.009281352
0.009564295
0.009552353
0.009196869
0.008694725
0.008102291
0.00736168
0.006694858
0.00631898
0.006103403
0.005801691
0.005316911
0.00468853
0.004124271
0.003585277
0.002855192
0.002086189
0.001372967
0.0008338389
0.0003110189
-0.000416615
-0.001230485
-0.001765346
-0.001952444
-0.002028208
-0.002051584
-0.002047873
-0.002039946
-0.002038097
-0.002041575
-0.002048087
-0.002053008
-0.002056352
-0.00205726
-0.002057961
-0.002057454
-0.002055759
-0.002049767
-0.002039306
-0.002025584
-0.002017571
-0.002029093
-0.002079687
-0.002182683
-0.002334482
-0.00248478
-0.002554282
-0.00269259
-0.002962869
-0.003113128
-0.003317475
-0.003826913
-0.004294635
-0.004576454
-0.004673371
-0.004693915
-0.004689988
-0.00468037
-0.004693291
-0.00471004
-0.004677619
-0.004525187
-0.004205133
-0.003735079
-0.003261213
-0.002842212
-0.002403776
-0.002088079
-0.001979157
-0.00193024
-0.001905693
-0.001903921
-0.00193222
-0.002003256
-0.002121141
-0.002256004
-0.002322172
-0.002200507
-0.00203218
-0.001953427
-0.001877645
-0.001792166
-0.001713403
-0.001664898
-0.001719791
-0.00196936
-0.002483216
-0.003214353
-0.003915158
-0.004309793
-0.004437554
-0.004472868
-0.004482177
-0.004505029
-0.00456603
-0.004644864
-0.004679363
-0.004565506
-0.004199183
-0.00353551
-0.002707668
-0.002092295
-0.001869503
-0.001802371
-0.001827841
-0.001917471
-0.002005424
-0.002008317
-0.001820931
-0.001355015
-0.0006058629
0.0002229113
0.0006928512
0.0008097807
0.0007950771
0.0007286009
0.0007120347
0.0008696371
0.001304404
0.002030834
0.002859941
0.003368373
0.003548104
0.003600888
0.003597747
0.003581007
0.003569584
0.003570976
0.003579533
0.003585999
0.003581995
0.003568011
0.003553239
0.003557737
0.003604556
0.00371111
0.003867385
0.004021263
0.004075222
0.003925099
0.003771672
0.003717072
0.003686698
0.003673778
0.003676239
0.003691269
0.003714032
0.003742154
0.003764952
0.003769392
0.003759291
0.003755182
0.003773379
0.003830826
0.003926034
0.00402921
0.004089152
0.004052181
0.003848725
0.003427825
0.002834044
0.002262513
0.001800425
0.001546155
0.001469224
0.00147018
0.001531309
0.00162906
0.001715091
0.001730672
0.001574475
0.001154039
0.000460881
-0.0003237922
-0.000774748
-0.0009023764
-0.00093443
-0.0009355921
-0.0009376046
-0.0009474335
-0.000955787
-0.0009323365
-0.0008470704
-0.0006853909
-0.0004789862
-0.0003335496
-0.0003954135
-0.0005112205
-0.0006326276
-0.0005614445
-0.0001791496
0.0003568316
0.0007753704
0.0009812698
0.001242594
0.001529901
0.00151298
0.001156919
0.0006194403
0.0001540127
0.0001622843
0.0004733764
0.0004974284
3.911849e-05
-0.0005468843
-0.0009854203
-0.001378136
-0.001761967
-0.002019649
-0.002301885
-0.002819857
-0.00324634
-0.003248513
-0.002973202
-0.002691586
-0.002398886
-0.002368616
-0.002819334
-0.003367963
-0.003679333
-0.003819666
-0.003895338
-0.00392296
-0.003910119
-0.003856911
-0.00376646
-0.003685491
-0.003687818
-0.003863602
-0.004303563
-0.005022218
-0.005834395
-0.006321941
-0.00648316
-0.006527458
-0.006512871
-0.006483933
-0.006482262
-0.006532302
-0.006604806
-0.006627678
-0.006526163
-0.006214961
-0.005640432
-0.004894888
-0.004276038
-0.003959572
-0.003762658
-0.003460995
-0.002947036
-0.002243618
-0.001569126
-0.001033419
-0.0004399909
0.000346417
0.00116492
0.00160773
0.001710342
0.001742833
0.001840013
0.002124148
0.002672463
0.003416454
0.004070109
0.004430304
0.004612422
0.004756865
0.004890023
0.005009548
0.005051351
0.004893855
0.004730903
0.004672609
0.004632607
0.004609221
0.00460673
0.004614949
0.004627772
0.004641466
0.004646857
0.004635712
0.004619922
0.004606008
0.004607363
0.004629614
0.004649502
0.004632159
0.0045273
0.00429016
0.003928072
0.003512517
0.002918703
0.002346134
0.002072311
0.001986476
0.001936957
0.001852032
0.001674605
0.001385855
0.001057316
0.0008509324
0.0006784246
0.0003174401
-0.0002681266
-0.0006659766
-0.0008123388
-0.0009406485
-0.001105374
-0.001322612
-0.001597718
-0.002158872
-0.002923505
-0.003399246
-0.003570342
-0.003637764
-0.003642458
-0.003613041
-0.003578391
-0.00356422
-0.003590119
-0.003667317
-0.003759901
-0.003811045
-0.003742168
-0.003458034
-0.002898222
-0.002135438
-0.001457851
-0.00110698
-0.0009637726
-0.0009029247
-0.0008991395
-0.0009407114
-0.00101836
-0.001085518
-0.001052525
-0.0008084791
-0.0002779827
0.0004819666
0.001209463
0.001626221
0.001776324
0.001828545
0.001831939
0.001812245
0.0017894
0.001772044
0.001767088
0.001782979
0.001828287
0.00190106
0.001974523
0.001986273
0.001842297
0.001449472
0.0007808609
-1.583387e-05
-0.0005553788
-0.0006755921
-0.0006660929
-0.0006679669
-0.0007843898
-0.001152067
-0.001827761
-0.002677752
-0.003316869
-0.003551407
-0.003619556
-0.00359067
-0.003493555
-0.003403737
-0.003411484
-0.003634404
-0.004146918
-0.004902096
-0.005650745
-0.006131482
-0.006368623
-0.006477607
-0.006436872
-0.006179491
-0.005651467
-0.004902611
-0.004180875
-0.003768364
-0.003644619
-0.00364403
-0.003699257
-0.003770208
-0.003786222
-0.003663168
-0.003318399
-0.00272219
-0.001983969
-0.001415268
-0.001080525
-0.0006228146
8.121888e-05
0.0009233396
0.001573085
0.001867751
0.002030661
0.002092958
0.002030844
0.002055995
0.002425108
0.002997733
0.003541921
0.003885809
0.004170527
0.004441922
0.004538968
0.00458026
0.004603806
0.004609632
0.004620891
0.004638367
0.004657504
0.004660579
0.004623854
0.004517684
0.004326384
0.004076426
0.003875744
0.003675622
0.00321122
0.002620075
0.002284092
0.00217448
0.002126227
0.002110918
0.002113314
0.002117318
0.002122052
0.002130306
0.002148281
0.002172716
0.002192242
0.002198706
0.002201023
0.002199231
0.002195099
0.002189897
0.002188136
0.002191882
0.002203731
0.002219354
0.002231061
0.002223656
0.002185769
0.00211545
0.002039916
0.002019803
0.002151264
0.002528585
0.003185892
0.00398228
0.00454139
0.004699156
0.004729782
0.004733962
0.00475769
0.004861816
0.005069857
0.005338681
0.005549141
0.005709836
0.005820431
0.005711248
0.00551869
0.005368998
0.00516754
0.004796073
0.00431641
0.003604625
0.002764847
0.002180556
0.002007997
0.00199768
0.002017332
0.001965874
0.001712527
0.001185901
0.0004360325
-0.0002653096
-0.0006453026
-0.0007506141
-0.000761308
-0.0007607171
-0.0008299045
-0.001015312
-0.00131092
-0.001638738
-0.001797546
-0.001706177
-0.001578713
-0.001593476
-0.001709338
-0.001782323
-0.001737998
-0.001388672
-0.0009218297
-0.0006517467
-0.0007769111
-0.001259416
-0.002000479
-0.002721988
-0.00309767
-0.003125636
-0.00296004
-0.002684028
-0.002423898
-0.002401525
-0.002650303
-0.002877488
-0.002959236
-0.002999378
-0.002999951
-0.002962224
-0.002906783
-0.002862613
-0.002852451
-0.002883294
-0.002963095
-0.003085212
-0.003211182
-0.003254106
-0.003101852
-0.002872065
-0.002784186
-0.002765135
-0.002807979
-0.002913372
-0.003035148
-0.003100316
-0.002984004
-0.002809375
-0.002809387
-0.002897736
-0.003017384
-0.003093254
-0.00299549
-0.002820311
-0.00276119
-0.002734581
-0.00271104
-0.002698978
-0.002688976
-0.002689048
-0.0027032
-0.002742051
-0.002796785
-0.002840644
-0.002810584
-0.002629078
-0.002227742
-0.001629374
-0.001005522
-0.0005075243
-0.0001812992
-6.890749e-05
-3.527211e-05
-2.942795e-05
-3.613428e-05
-4.286332e-05
-4.905567e-05
-5.607809e-05
-6.169966e-05
-5.878603e-05
-3.595114e-05
1.134229e-05
7.307554e-05
0.0001113015
6.440257e-05
-0.0001399915
-0.0005385774
-0.001074943
-0.001514064
-0.001441102
-0.0008147873
-0.0002617699
-3.65018e-05
7.657416e-05
0.00011784
7.90399e-05
-3.393427e-05
-0.0002185928
-0.0004305274
-0.0005825765
-0.0007557339
-0.001027748
-0.00102219
-0.0005763229
-0.0001127202
2.891503e-05
5.491666e-05
3.708646e-05
1.172211e-05
7.762068e-05
0.0003136335
0.0007475343
0.001289717
0.001658251
0.001421124
0.0007744579
0.000369564
0.0002940524
0.0004030005
0.0006917579
0.001093449
0.001435379
0.001753592
0.002154534
0.002572761
0.002813137
0.002891559
0.002922006
0.002930754
0.002930371
0.002929754
0.002931747
0.00293544
0.002938993
0.002941134
0.002941522
0.002940787
0.002939475
0.002938374
0.002937418
0.002936844
0.002936122
0.002935576
0.002934939
0.002935049
0.002935761
0.002937619
0.002939375
0.002940181
0.0029376
0.002931149
0.002921111
0.002912563
0.002912303
0.002929144
0.002964706
0.003008263
0.003025965
0.002963635
0.002757989
0.002375081
0.001874657
0.001446
0.00109433
0.0007970748
0.0006889839
0.0006580933
0.0004793439
0.0003239702
0.0002772369
0.0002546447
0.0002414513
0.000233393
0.0002234301
0.0002096996
0.0001967313
0.0001958508
0.0002192517
0.0002715724
0.0003356921
0.0003635382
0.0002753647
-1.866997e-05
-0.0005902932
-0.001359746
-0.002014767
-0.002345996
-0.002452203
-0.002452859
-0.002395279
-0.002333036
-0.002335958
-0.002475938
-0.002805457
-0.003305265
-0.003814118
-0.003990066
-0.0036939
-0.003303785
-0.003056404
-0.002757547
-0.002525223
-0.002448761
-0.002437108
-0.00247275
-0.002547749
-0.0026328
-0.002669222
-0.002564937
-0.002221112
-0.001591329
-0.0007898716
-0.0001692727
4.629875e-06
-0.0002108973
-0.0006785917
-0.001192978
-0.001429777
-0.001582287
-0.001805794
-0.001959164
-0.002201338
-0.002368617
-0.002423694
-0.002451711
-0.002461718
-0.002463552
-0.002465153
-0.002474929
-0.002495321
-0.002523624
-0.002546532
-0.00254338
-0.002520551
-0.002492583
-0.002477927
-0.002471574
-0.002469252
-0.002471376
-0.002479859
-0.002496085
-0.002519277
-0.002541969
-0.002579144
-0.002631566
-0.002674711
-0.002654039
-0.002498146
-0.002141713
-0.00155636
-0.0008647166
-0.0004025309
-0.0002781632
-0.0002111579
1.277045e-05
0.0001027302
0.0001001942
0.000110065
0.000129086
0.0001630432
0.0002073961
0.0002492915
0.0002598686
0.0002437445
0.0002021599
0.0001487761
0.0001224562
0.00018475
0.0004180703
0.0008440285
0.001423803
0.001910645
0.001937211
0.002082918
0.002673646
0.002857873
0.002907811
0.002953732
0.002961559
0.00296657
0.00296284
0.002965584
0.002966405
0.002971184
0.002972509
0.00297484
0.002973495
0.002972979
0.002970227
0.002969378
0.002968072
0.002969686
0.00297145
0.002974758
0.002975052
0.002971744
0.002960811
0.002945253
0.002929073
0.002924911
0.002943442
0.002992338
0.003058421
0.003103872
0.003059091
0.002845548
0.002413776
0.001817838
0.00128882
0.001136446
0.00141609
0.002079247
0.00254968
0.002340861
0.001730324
0.0009940303
0.0004974111
0.0003041282
0.0002258662
0.0002139081
0.0002350783
0.0002621388
0.0002817918
0.0002924828
0.0002918643
0.000285574
0.0002914665
0.0002994454
0.0003129349
0.0003111641
0.0002984523
0.0002842311
0.0002768378
0.0002843641
0.000281222
0.0002577469
0.0002379161
0.0002412356
0.0002589014
0.0002861477
0.0003176794
0.0003628743
0.0004051292
0.0004014275
0.0002877455
2.346843e-06
-0.0004658677
-0.001005044
-0.001462406
-0.001896546
-0.002181997
-0.00221388
-0.002147885
-0.002074943
-0.002098486
-0.002330655
-0.002831118
-0.003547178
-0.004226905
-0.004608107
-0.004736235
-0.004761403
-0.004727672
-0.004662914
-0.004599284
-0.00455141
-0.004522036
-0.004522876
-0.00455463
-0.004601088
-0.004632989
-0.004566389
-0.004303896
-0.003776881
-0.003030261
-0.00231164
-0.001887251
-0.001716716
-0.001645952
-0.00162207
-0.001598814
-0.001545006
-0.001441225
-0.001273924
-0.001073357
-0.0009249853
-0.0009629421
-0.001116248
-0.0009962932
-0.0004395077
0.0003139837
0.0008787777
0.001087046
0.001171562
0.001200744
0.001195041
0.001187287
0.001185592
0.001190382
0.00120608
0.001240508
0.001270989
0.001287823
0.001294439
0.001286342
0.001257688
0.001211465
0.001165015
0.00115673
0.001239935
0.00146318
0.00182849
0.002234459
0.002458182
0.002375052
0.002062128
0.001600585
0.0011937
0.001025574
0.001097151
0.001265303
0.001330938
0.001370825
0.001397949
0.001394451
0.001383001
0.001373808
0.00137615
0.001391241
0.001416421
0.00143928
0.001457103
0.001476944
0.001497084
0.001518532
0.001537763
0.001530112
0.0014873
0.001401541
0.001281864
0.001154991
0.001093337
0.001204516
0.00138042
0.001433459
0.00144788
0.001451041
0.001445266
0.001446896
0.001460775
0.001482659
0.001489027
0.001442358
0.001298938
0.00103524
0.0006897875
0.0003950983
0.0001981688
-9.563977e-06
-0.0002154077
-0.0003307205
-0.0003991871
-0.0004680713
-0.0004683903
-0.0005779655
-0.0007458125
-0.0007969506
-0.0008156265
-0.0008234254
-0.0008204539
-0.0008138522
-0.0008077461
-0.0008037635
-0.0008021589
-0.0008007626
-0.000797714
-0.0007894473
-0.0007742552
-0.0007509769
-0.0007246501
-0.0007049158
-0.0006950004
-0.0006825622
-0.0006628761
-0.000634448
-0.000604125
-0.0005859955
-0.0005884652
-0.0006003834
-0.0006084009
-0.0005869542
-0.0005042794
-0.0003325611
-8.368178e-05
0.000178925
0.0004963083
0.0008834756
0.001151283
0.001277486
0.001318226
0.001327547
0.001281201
0.001412536
0.001727567
0.00189941
0.001754489
0.001342699
0.0007637793
0.0002684773
0.0001317297
0.0003491652
0.0007437327
0.00109099
0.001058434
0.0006080218
0.0002239577
8.754551e-05
2.137067e-05
1.602089e-06
1.995658e-05
4.856983e-05
6.796833e-05
7.371905e-05
8.374827e-05
0.000109257
0.0001510809
0.0001888491
0.0001778202
6.768259e-05
-0.0001688863
-0.0005114964
-0.0008526601
-0.001151008
-0.001461152
-0.001671704
-0.001730783
-0.001742318
-0.001736647
-0.001723053
-0.00171042
-0.001700368
-0.001692191
-0.001683698
-0.001673744
-0.001661929
-0.001649038
-0.00163593
-0.001623626
-0.001612288
-0.001601662
-0.00159038
-0.001577109
-0.001560492
-0.00154117
-0.001521723
-0.001507872
-0.001505501
-0.001517897
-0.001538167
-0.001545055
-0.001499705
-0.001356196
-0.001082665
-0.0007078437
-0.0003551161
-0.000106924
6.563751e-05
0.0002215623
0.0003797246
0.0004282869
0.0004414681
0.0004500769
0.0004510887
0.0004519638
0.000450758
0.0004492323
0.0004455172
0.0004416399
0.0004385115
0.0004394924
0.0004453782
0.0004553493
0.0004631447
0.0004595332
0.0004344886
0.0003861483
0.0003298389
0.0003066097
0.0003812348
0.0006221423
0.001057436
0.001599878
0.001997565
0.002117942
0.002083721
0.001903135
0.001584387
0.001205338
0.0007926411
0.0004567454
0.0003671874
0.0003896366
0.0004673256
0.0005679008
0.000609085
0.0005069262
0.0003286426
0.000232447
0.0002019926
0.0002777891
0.0005086074
0.0008863198
0.001298603
0.001496788
0.001326153
0.0009060864
0.0005025325
0.0002897136
0.000254083
0.00035792
0.0005903586
0.0008873701
0.001107181
0.001237987
0.001476335
0.001661128
0.001700263
0.001704186
0.001694608
0.001678417
0.001660608
0.001644565
0.001628723
0.001612739
0.001594008
0.001573023
0.001549547
0.00152696
0.001507857
0.001496546
0.001492936
0.001493131
0.001483775
0.001446305
0.001359813
0.001217597
0.00104218
0.0009126003
0.000950228
0.001107861
0.001217991
0.001271381
0.001297209
0.001264626
0.001146006
0.0009323488
0.0006537285
0.0004016098
0.0001704979
-5.091786e-05
-0.0001765919
-0.0002176448
-0.0002348332
-0.0002439753
-0.0002524586
-0.0002615682
-0.0002680997
-0.0002651744
-0.0002497204
-0.0002257882
-0.000212196
-0.0002409415
-0.00035183
-0.0005703532
-0.0008711809
-0.001153019
-0.001375495
-0.001496318
-0.001530714
-0.001533667
-0.001520238
-0.001495014
-0.00145922
-0.001413163
-0.00136274
-0.001323096
-0.001325124
-0.001390727
-0.001387687
-0.001233312
-0.0009567557
-0.000631373
-0.0004306555
-0.0004651225
-0.0006326587
-0.0008023155
-0.0009647823
-0.001096925
-0.001120582
-0.00112716
-0.001206649
-0.001239351
-0.001237378
-0.001231865
-0.001222657
-0.00121306
-0.001203756
-0.001195325
-0.001185029
-0.001168997
-0.001143166
-0.001107529
-0.001070217
-0.001050482
-0.001077251
-0.001178651
-0.001362166
-0.001581226
-0.00171629
-0.001714592
-0.001674994
-0.001598384
-0.001413236
-0.001223273
-0.001110457
-0.0009965667
-0.0009136959
-0.0008855101
-0.0008694586
-0.0008504731
-0.0008291375
-0.0008124576
-0.0008004357
-0.0007889057
-0.0007734041
-0.0007478941
-0.00070734
-0.0006526978
-0.0005963136
-0.0005696111
-0.0006082899
-0.0006455517
-0.0006492418
-0.0006444974
-0.0006347895
-0.000621654
-0.0006074384
-0.0005939669
-0.0005815995
-0.0005702981
-0.0005593066
-0.0005478685
-0.0005356215
-0.0005294108
-0.000532392
-0.0005467026
-0.0005655677
-0.0005641259
-0.0005166717
-0.0004850413
-0.0004956948
-0.0005154942
-0.00051316
-0.0004551356
-0.0003983606
-0.0003695442
-0.0003465612
-0.0003280737
-0.0003163389
-0.0003125289
-0.000316216
-0.0003223525
-0.0003185305
-0.0002849044
-0.000199732
-5.228304e-05
0.0001345403
0.0002881009
0.0003635497
0.000390059
0.000399694
0.0004027336
0.0004037363
0.0004024743
0.0003991802
0.0003949374
0.0003901316
0.0003869665
0.0003889418
0.000399637
0.0004194046
0.000442477
0.0004523264
0.0004263949
0.0003855413
0.0003698638
0.0003618571
0.0003558214
0.0003517963
0.0003498296
0.0003520531
0.0003543886
0.0003524966
0.0003435914
0.0003257312
0.0002981746
0.0002705262
0.0002584591
0.0002784929
0.0003102015
0.0003187624
0.0003201343
0.0003191402
0.0003151684
0.0003103687
0.0003052751
0.0003007889
0.000296932
0.0002942163
0.0002927748
0.0002928467
0.0002935402
0.000292988
0.0002901704
0.0002863748
0.0002817442
0.0002765041
0.0002711506
0.0002666762
0.0002641413
0.0002643192
0.0002664734
0.0002675647
0.0002615199
0.0002404572
0.0001978767
0.0001378793
8.124937e-05
4.179336e-05
1.699333e-05
-2.590459e-06
-2.237769e-05
-2.530988e-05
-2.179563e-05
-1.604809e-05
-7.494111e-06
1.575444e-06
8.702946e-06
9.260088e-06
2.56137e-06
-6.63106e-06
-9.337642e-06
5.412492e-06
2.744694e-05
3.691598e-05
4.276524e-05
4.78035e-05
5.22772e-05
5.741249e-05
6.313312e-05
6.935395e-05
7.568164e-05
7.924923e-05
7.54767e-05
5.960801e-05
3.062986e-05
-4.649907e-06
-4.28984e-05
-7.208782e-05
-7.3893e-05
-6.443693e-05
-5.031544e-05
-3.47353e-05
-2.455328e-05
-2.531199e-05
-2.621165e-05
-8.190065e-06
2.693244e-05
7.411237e-05
0.000118236
0.000143669
0.0001536078
0.0001568479
0.0001559391
0.00015277
0.0001500346
0.0001509883
0.0001595688
0.0001789071
0.0002095906
0.0002451387
0.000268553
0.0002732841
0.0002716764
0.0002674961
0.0002619876
0.0002566598
0.000251981
0.0002480924
0.0002447249
0.0002414908
0.0002377713
0.0002334159
0.0002288696
0.0002243084
0.0002197672
0.0002152034
0.000210516
0.000205607
0.0002005298
0.0001955762
0.0001913231
0.0001877735
0.0001845701
0.0001812478
0.0001777864
0.0001741906
0.00017023
0.0001655264
0.0001598503
0.0001532738
0.0001465988
0.0001417291
0.0001407531
0.0001384625
0.0001323268
0.0001246962
0.0001173504
0.0001077257
9.804205e-05
9.109309e-05
8.739948e-05
8.427582e-05
8.229561e-05
8.081236e-05
7.657565e-05
7.281008e-05
7.14102e-05
7.145734e-05
7.282273e-05
7.51739e-05
7.750416e-05
7.838837e-05
7.925768e-05
7.88137e-05
7.668141e-05
7.506079e-05
7.562726e-05
7.937352e-05
8.266038e-05
8.276384e-05
8.136023e-05
7.936277e-05
7.697759e-05
7.443328e-05
7.187556e-05
6.942521e-05
6.722669e-05
6.548347e-05
6.43711e-05
6.368923e-05
6.299433e-05
6.170048e-05
6.114248e-05
5.978537e-05
5.770173e-05
5.529497e-05
5.233436e-05
4.876663e-05
4.467431e-05
4.073806e-05
3.801198e-05
3.6028e-05
3.434833e-05
3.29079e-05
3.153556e-05
3.007789e-05
2.829776e-05
2.601581e-05
2.315337e-05
2.002848e-05
1.733125e-05
1.513171e-05
1.377089e-05
1.28907e-05
1.21552e-05
1.150818e-05
1.087036e-05
1.023703e-05
9.571041e-06
8.868753e-06
8.158251e-06
7.471095e-06
6.797333e-06
6.143306e-06
5.479013e-06
4.788514e-06
4.084914e-06
3.388182e-06
2.696771e-06
2.025638e-06
1.368694e-06
7.240003e-07
6.740662e-08
-5.890537e-07
-1.258192e-06
-1.9203e-06
-2.575144e-06
-3.22348e-06
-3.876748e-06
-4.519904e-06
-5.153602e-06
-5.778353e-06
-6.402754e-06
-7.015439e-06
-7.617996e-06
-8.212365e-06
-8.807134e-06
-9.395406e-06
-9.977179e-06
-1.053793e-05
-1.107066e-05
-1.157204e-05
-1.205271e-05
-1.253241e-05
-1.304512e-05
-1.354716e-05
-1.403159e-05
-1.451526e-05
-1.50207e-05
-1.552106e-05
-1.601039e-05
-1.648895e-05
-1.695546e-05
-1.741065e-05
-1.785369e-05
-1.827957e-05
-1.867868e-05
-1.904809e-05
-1.94057e-05
-1.974513e-05
-2.006342e-05
-2.036715e-05
-2.065818e-05
-2.093709e-05
-2.120424e-05
-2.145969e-05
-2.170345e-05
-2.193498e-05
-2.215365e-05
-2.235923e-05
-2.255286e-05
-2.273448e-05
-2.290429e-05
-2.306295e-05
-2.321071e-05
-2.334756e-05
-2.347357e-05
-2.358874e-05
-2.36931e-05
-2.378667e-05
-2.386951e-05
-2.394169e-05
-2.400329e-05
-2.405438e-05
-2.409507e-05
-2.412547e-05
