8.280727e-06
9.36559e-06
1.049455e-05
1.116385e-05
1.101165e-05
9.409206e-06
6.426077e-06
2.342559e-06
-1.882072e-06
-5.418195e-06
-7.219549e-06
-5.902964e-06
-1.066632e-06
6.145835e-06
1.529186e-05
2.385984e-05
2.978717e-05
3.208293e-05
3.235472e-05
2.89107e-05
2.369106e-05
1.754315e-05
1.305258e-05
7.942112e-06
2.734122e-06
6.97484e-07
6.786926e-06
2.123479e-05
4.303032e-05
7.196054e-05
0.0001002609
0.0001255429
0.0001512628
0.0001716649
0.0001830231
0.0001865897
0.0001896147
0.0001904818
0.0001896667
0.0001904333
0.0001972403
0.0002048555
0.000209347
0.0002080182
0.0001988595
0.0001853256
0.0001747093
0.0001642591
0.0001562469
0.0001413833
0.0001152992
8.016968e-05
2.833107e-05
-3.261633e-05
-9.725385e-05
-0.0001602911
-0.000214334
-0.0002538156
-0.0002729681
-0.0002583828
-0.0002161115
-0.0001633999
-0.0001120889
-8.897625e-05
-9.421129e-05
-0.0001291796
-0.0001998445
-0.0002978402
-0.0003977828
-0.0004965311
-0.0005734933
-0.0006320781
-0.000661575
-0.0006316742
-0.0005438717
-0.0004163007
-0.0002658173
-0.0001148041
-1.980907e-07
6.565011e-05
7.7734e-05
4.706304e-05
-1.47501e-05
-9.010522e-05
-0.0001799173
-0.0002620687
-0.0002799196
-0.000194761
-1.327387e-05
0.0002701027
0.0006073297
0.0009464123
0.001240875
0.001442903
0.001530469
0.001533075
0.001466437
0.001345833
0.001214447
0.001098229
0.001008613
0.0009873937
0.0009945576
0.000983127
0.0009225677
0.0007897742
0.000596569
0.0003958292
0.0001830171
-7.670001e-06
-0.000191428
-0.0003490777
-0.0004561186
-0.0005175694
-0.000564702
-0.0005796942
-0.0005436685
-0.0004765016
-0.0003945887
-0.0002725846
-8.450234e-05
0.0001385473
0.0003686555
0.000591988
0.0007466708
0.0008148113
0.0007979802
0.0006518094
0.0003410052
-0.000121347
-0.0006864644
-0.001266272
-0.001763632
-0.002118447
-0.002326964
-0.002416118
-0.002377426
-0.002239859
-0.002007186
-0.001680579
-0.001343829
-0.00101958
-0.0006670074
-0.0003246842
1.641994e-05
0.0004241729
0.0008731787
0.001352906
0.001804665
0.00216695
0.002432794
0.002596793
0.002611584
0.002458231
0.00217248
0.001831025
0.001509511
0.001239691
0.001028994
0.0009203495
0.0008423732
0.0007613636
0.000758072
0.000820002
0.0008771116
0.0008667561
0.000815754
0.0006980517
0.0004464892
0.000167083
-2.792005e-06
-4.371984e-05
-3.367833e-05
2.397757e-05
9.067989e-05
0.0001515156
0.0002601866
0.0004212352
0.0006070185
0.000842903
0.001025537
0.001024413
0.0008576587
0.0004705111
-8.764104e-05
-0.0006967359
-0.001403921
-0.002188749
-0.002904019
-0.003378495
-0.003564695
-0.003669291
-0.003805483
-0.003921608
-0.003954151
-0.00393601
-0.003820996
-0.00361151
-0.003307768
-0.002876601
-0.002262009
-0.001471189
-0.0005734191
0.000351753
0.001298435
0.002248665
0.00308701
0.00375708
0.004222815
0.004431454
0.004398533
0.004132194
0.003632296
0.002994483
0.002312995
0.001624704
0.0009511211
0.0003016529
-0.0003356594
-0.0009765456
-0.001498144
-0.001873339
-0.002088003
-0.002123569
-0.001981474
-0.001615659
-0.001031596
-0.0003628343
0.000242577
0.0007029642
0.000982027
0.0009754658
0.0006537687
0.0001046457
-0.0005077996
-0.00104098
-0.001445506
-0.001582874
-0.001382167
-0.001026522
-0.0006553414
-0.0003708828
-0.0002277377
-0.0002357794
-0.0002830839
-0.000356426
-0.0005565324
-0.0007424223
-0.000812639
-0.0007678564
-0.000755838
-0.0008246805
-0.0008809027
-0.0008161897
-0.0005188247
-9.836808e-05
0.0003601393
0.0009765137
0.001564037
0.002197868
0.002891961
0.003657014
0.004333931
0.004759215
0.004913128
0.004909076
0.004559121
0.003879591
0.003065496
0.002167538
0.001166721
-6.236403e-06
-0.001373565
-0.002590119
-0.003480142
-0.004189031
-0.004834817
-0.005318416
-0.005590207
-0.005510085
-0.005107885
-0.004511683
-0.003926983
-0.003441479
-0.002972334
-0.002574409
-0.002127936
-0.001628713
-0.001263841
-0.001063356
-0.001106534
-0.001244028
-0.001282138
-0.001317845
-0.001161351
-0.0008951325
-0.0007163147
-0.000539673
-0.0003005532
-3.85736e-05
0.0001744475
0.0004632155
0.0006092139
0.0005400403
0.0002221239
-0.0003625654
-0.0008076703
-0.001151349
-0.001412786
-0.001749774
-0.001949859
-0.001929166
-0.001607247
-0.0008992637
-0.0001310548
0.0009662066
0.002274591
0.003325528
0.004152273
0.004778284
0.005262756
0.005431197
0.005343283
0.004949517
0.004168599
0.003080759
0.001993302
0.001054826
-3.254049e-05
-0.001154416
-0.002271582
-0.003419529
-0.004633421
-0.005887998
-0.006782755
-0.007758583
-0.008354453
-0.008248886
-0.007849663
-0.006935672
-0.005479994
-0.003782417
-0.002132907
-0.0009108826
-0.0001094606
0.0006872894
0.001487522
0.002476016
0.003617901
0.005313577
0.007082362
0.008755482
0.01010039
0.01109559
0.01171382
0.01190237
0.01184423
0.01150321
0.01085703
0.009945549
0.008575916
0.006863089
0.004930696
0.003017918
0.001628276
0.0009162516
0.000661251
0.000526452
0.000379605
0.000131357
-0.0002145228
-0.0005290059
-0.0006524116
-0.00117898
-0.00170988
-0.002569705
-0.003039885
-0.003092732
-0.003130915
-0.003311954
-0.003806222
-0.004665283
-0.00575025
-0.006593997
-0.006882484
-0.006481667
-0.005612289
-0.004535328
-0.003355295
-0.002506843
-0.001882773
-0.001625905
-0.001705532
-0.002098573
-0.002400968
-0.002572315
-0.002496057
-0.001974939
-0.00135557
-0.0005986393
0.0001242767
0.000855072
0.001386885
0.001680265
0.001507054
0.0009691764
0.0001432514
-0.001255487
-0.003108949
-0.004870392
-0.006355311
-0.007218128
-0.007438798
-0.007188376
-0.006837553
-0.006275926
-0.005050221
-0.003503321
-0.002256769
-0.001354029
-0.000441405
0.000397315
0.001248599
0.001877822
0.002268404
0.002645173
0.003118216
0.003908423
0.004774207
0.00570983
0.006727859
0.007545848
0.008080967
0.008305037
0.008030164
0.007358121
0.006450662
0.005520326
0.004593795
0.003661791
0.002975992
0.002583449
0.00229995
0.00190829
0.001597483
0.00127469
0.0008311257
7.458133e-05
-0.0007767429
-0.001768619
-0.00303198
-0.004361638
-0.005623327
-0.006652449
-0.007264909
-0.007340434
-0.006848007
-0.005649306
-0.003766198
-0.00151131
0.0007933604
0.002878969
0.004327631
0.005190384
0.005395718
0.004925694
0.003978212
0.002654853
0.0009668988
-0.0008647539
-0.002908984
-0.005030784
-0.00689918
-0.008422938
-0.009592749
-0.01023844
-0.01033158
-0.01018047
-0.009542664
-0.00838379
-0.007127375
-0.005996323
-0.005036378
-0.003987788
-0.002848289
-0.001469588
0.0002686798
0.002166215
0.004301342
0.006599106
0.009039363
0.01134792
0.0133362
0.01495673
0.01618775
0.01680689
0.01670243
0.01621622
0.01543258
0.01415247
0.01236949
0.01013508
0.007881907
0.005814163
0.003978705
0.002277255
0.0005593035
-0.0008789142
-0.00214163
-0.003501695
-0.004875486
-0.006429827
-0.0080033
-0.009554581
-0.01066539
-0.01116583
-0.0109222
-0.009889675
-0.008116994
-0.005937963
-0.003878096
-0.002159403
-0.0007956762
0.0002954568
0.001126881
0.00178682
0.00248216
0.003333616
0.004131199
0.004593247
0.004646692
0.004276316
0.003615021
0.002967097
0.00232126
0.001622294
0.0008821025
7.593321e-05
-0.0007503855
-0.001547046
-0.002190899
-0.002748062
-0.003308584
-0.003922977
-0.004709192
-0.005519301
-0.006124292
-0.006484128
-0.006583131
-0.006453863
-0.006353883
-0.006309981
-0.006096425
-0.005754999
-0.005438443
-0.005084974
-0.004761738
-0.004436666
-0.003875759
-0.003018146
-0.00200066
-0.001023558
-0.0001369192
0.0007172662
0.001517349
0.002137203
0.002680134
0.003289392
0.003873126
0.004329932
0.004635366
0.004773484
0.004875777
0.004982541
0.005089101
0.005137012
0.005015036
0.004605581
0.003828949
0.002774777
0.001766203
0.000883165
0.0002090979
-0.0001206987
-0.0002237725
-0.0002293444
-0.0001801537
-0.0001058645
-2.209812e-05
4.994391e-05
5.561976e-05
-8.6062e-05
-0.0004557449
-0.001076222
-0.001823025
-0.002362649
-0.00243797
-0.002091408
-0.00148634
-0.0008569349
-0.0003518321
-0.0001425716
-0.0002831857
-0.0006950157
-0.00128709
-0.001869814
-0.002358466
-0.002666707
-0.002812591
-0.002867392
-0.002795122
-0.002522362
-0.001983461
-0.001203648
-0.0003743948
0.0003728979
0.001085777
0.001692775
0.00214225
0.002382712
0.002462813
0.002486151
0.002485161
0.002475426
0.002470158
0.002478121
0.002507841
0.002561767
0.002630738
0.002684151
0.002697153
0.002623672
0.002381578
0.001911932
0.001242876
0.0005791461
0.0002770335
0.0001048781
-0.0001936138
-0.000744094
-0.001555921
-0.002442132
-0.003355983
-0.004360559
-0.005236173
-0.005840602
-0.006177699
-0.006065411
-0.005572306
-0.004817588
-0.003634046
-0.002055929
-0.0004969279
0.0009113326
0.001985431
0.002492525
0.002696775
0.002727778
0.002560556
0.002170394
0.001576085
0.0009629319
0.0006715156
0.0008268619
0.001214943
0.001885164
0.002457864
0.002650007
0.002515409
0.002057857
0.001331955
0.0005734924
0.0001984733
8.580369e-05
0.000119513
0.0002504507
0.0003967786
0.0004430132
0.0002919118
0.000213187
0.0001954333
0.0001566321
0.0001084639
5.294114e-05
2.55482e-05
7.814511e-05
0.0002954694
0.0007368412
0.001381689
0.00204038
0.002684561
0.003129701
0.003319238
0.003171195
0.002864908
0.002285018
0.001292978
2.426999e-05
-0.001118484
-0.002054148
-0.002475622
-0.00245642
-0.002054185
-0.001193837
2.399971e-05
0.001281047
0.002621474
0.003868497
0.005071317
0.006063801
0.006936494
0.007592285
0.007928818
0.008087687
0.008044438
0.007683071
0.006854782
0.005545668
0.003914281
0.001790987
-0.0006179016
-0.003129617
-0.005727298
-0.008376787
-0.01100213
-0.01309
-0.01446051
-0.01516025
-0.01517961
-0.01460631
-0.01357234
-0.01231445
-0.01098549
-0.009650669
-0.008360436
-0.007151345
-0.006079274
-0.005197215
-0.004492978
-0.003808414
-0.003179711
-0.002518017
-0.001860917
-0.001129999
-0.000374399
0.0004683781
0.001281388
0.002081858
0.002616564
0.002878967
0.003114139
0.003380174
0.003690417
0.004024222
0.004684136
0.005382518
0.006142255
0.007204969
0.008426998
0.009392375
0.01021205
0.01059824
0.01042512
0.009933908
0.009300404
0.00883747
0.008542813
0.008129154
0.007495249
0.006685286
0.005949406
0.005323339
0.004664819
0.004112661
0.003547767
0.003052383
0.002485475
0.001925421
0.001649787
0.001551795
0.001245319
0.0009017996
0.0002755284
-0.0007509337
-0.001961389
-0.002917788
-0.003688176
-0.003995061
-0.004199119
-0.004531006
-0.005025351
-0.005647463
-0.006157638
-0.006590487
-0.00679361
-0.006927491
-0.0069865
-0.006875349
-0.006472824
-0.00565933
-0.004466373
-0.003144897
-0.001400214
0.0005303279
0.00233018
0.003650183
0.004419402
0.004776134
0.00456416
0.003868447
0.002792813
0.001635157
0.0007888339
0.0001243427
-0.0005064536
-0.001046364
-0.001589594
-0.00196617
-0.001892124
-0.00145311
-0.0009786749
-0.0005011204
-0.000114386
0.0002722826
0.0006124512
0.0008363032
0.001169174
0.001685241
0.002319865
0.002964005
0.003659689
0.004306623
0.004921262
0.005403469
0.005776373
0.005973975
0.006138527
0.006312944
0.006434704
0.006425062
0.006260522
0.006161403
0.005944196
0.005458166
0.004668531
0.003678719
0.0026365
0.001539145
0.0004911926
-0.0004246492
-0.001329277
-0.002204812
-0.003194328
-0.004385511
-0.005700722
-0.007143975
-0.00870546
-0.01030052
-0.0117505
-0.01296178
-0.01383959
-0.01421273
-0.01408012
-0.0132314
-0.01169485
-0.009860376
-0.008056735
-0.006443144
-0.005083496
-0.00416736
-0.003617432
-0.003367131
-0.003330933
-0.003364701
-0.003390015
-0.003332681
-0.003110914
-0.002666971
-0.002024536
-0.00133527
-0.0006401309
-1.825498e-05
0.0004726889
0.0007488265
0.0008525715
0.0008993809
0.0009194261
0.0009163481
0.0008897841
0.0008664856
0.0008924656
0.001021613
0.001310011
0.001799055
0.002423651
0.002978028
0.003460609
0.003766926
0.003980599
0.004142555
0.004197595
0.004026155
0.00355476
0.003082969
0.002396195
0.001662369
0.001002727
0.0002932213
-0.0003769621
-0.001057686
-0.001649119
-0.002218481
-0.002616398
-0.002928434
-0.003082521
-0.003280628
-0.003206185
-0.002956703
-0.002693878
-0.002513821
-0.002198572
-0.002085919
-0.002096817
-0.002142942
-0.002224454
-0.00224452
-0.002080239
-0.001575424
-0.0006683284
0.0005373389
0.001624072
0.002403882
0.003224805
0.004056145
0.00470623
0.005265477
0.005883925
0.006590822
0.007537612
0.008593287
0.009513303
0.01048815
0.01137545
0.01202831
0.01210193
0.01146939
0.0103514
0.008984386
0.0074504
0.005832438
0.00414837
0.002272169
0.0005215323
-0.0009389121
-0.001906435
-0.002421893
-0.002594361
-0.00262035
-0.00260257
-0.002567682
-0.002536267
-0.002512835
-0.002527882
-0.002591995
-0.00274472
-0.003002091
-0.003550787
-0.004512637
-0.005497263
-0.006233728
-0.006689154
-0.006693699
-0.006406942
-0.005983574
-0.005324525
-0.004507302
-0.003818851
-0.00333089
-0.002809681
-0.002229768
-0.001557001
-0.0006695666
0.0004761776
0.001904243
0.003402129
0.004748681
0.005741321
0.006486652
0.007017239
0.007325222
0.007378521
0.007255154
0.006843264
0.006119246
0.005107203
0.003864165
0.002472061
0.0009614323
-0.0006306063
-0.002208098
-0.00361071
-0.004892621
-0.006246707
-0.007780625
-0.009283069
-0.01058668
-0.01166981
-0.01243149
-0.01283472
-0.01300201
-0.01302617
-0.01285823
-0.01241043
-0.01160959
-0.0105163
-0.009072431
-0.007053676
-0.004635029
-0.001879855
0.00126685
0.004366296
0.007149064
0.00927943
0.01070484
0.01154682
0.01185143
0.01176363
0.01131297
0.01048195
0.009359226
0.007901839
0.006393909
0.005195167
0.004309169
0.003639186
0.003032017
0.002519917
0.002009966
0.001535091
0.001331477
0.001297859
0.001417871
0.001301374
0.00104197
0.0007478278
0.0005580532
0.0003242511
0.0004356423
0.0008740081
0.00149393
0.00207328
0.002138704
0.001577321
0.0006270343
-0.0008577934
-0.00266314
-0.004580763
-0.006244672
-0.007664271
-0.00880165
-0.009750558
-0.01028471
-0.01023264
-0.009736108
-0.009074987
-0.008280142
-0.007473636
-0.006695209
-0.006126203
-0.005747788
-0.005361048
-0.005003649
-0.004688279
-0.004162901
-0.003342516
-0.002376368
-0.001425478
-0.0005107292
0.0002578686
0.0006275371
0.0006152335
0.0003417127
-9.237066e-05
-0.0005220644
-0.0008447171
-0.001077841
-0.001066993
-0.0007672211
-0.0001746528
0.0007108491
0.001631067
0.002576047
0.00346601
0.004158704
0.004691225
0.005008758
0.005155337
0.005224484
0.00522706
0.00514374
0.00496818
0.004698171
0.004402703
0.004209102
0.004066182
0.003827784
0.003447757
0.002969595
0.00257831
0.002260093
0.002080573
0.002245426
0.002616417
0.002970613
0.003416683
0.00397404
0.004527686
0.005206895
0.006029616
0.00673359
0.007203668
0.007498803
0.00751061
0.007018588
0.006198301
0.005034843
0.003656534
0.002099043
0.0003833237
-0.001359253
-0.002903316
-0.004345238
-0.005623059
-0.006545035
-0.006992951
-0.007326375
-0.007160355
-0.006450325
-0.005245321
-0.003657809
-0.001822242
-0.0003522755
0.0006907641
0.001447174
0.001768415
0.002024355
0.00234444
0.002692792
0.002905293
0.002808844
0.002550016
0.002253765
0.001948382
0.001436882
0.0006614796
-0.0002366914
-0.001105719
-0.001946522
-0.002689193
-0.003126252
-0.003269819
-0.003173185
-0.002779887
-0.002050059
-0.00109734
-0.0002276631
0.0005160505
0.001157446
0.0016644
0.001976587
0.002125123
0.002176004
0.002074819
0.001742026
0.001123293
0.0002947053
-0.0004789478
-0.00107197
-0.001540737
-0.00178108
-0.00187691
-0.001912203
-0.001893287
-0.00180661
-0.001632077
-0.001372273
-0.001106455
-0.0009448666
-0.0006697182
-0.0006028208
-0.0006246195
-0.0006550298
-0.0006863382
-0.0006413338
-0.0004768919
-0.000154495
0.0002727792
0.0006657549
0.000715733
0.0004807253
-5.482939e-05
-0.0008330808
-0.001703417
-0.002655221
-0.00346314
-0.004050906
-0.004412416
-0.00437062
-0.003993528
-0.003299638
-0.002387455
-0.001355877
-0.0003054332
0.0006959625
0.001759011
0.002809381
0.003845597
0.004769448
0.005468279
0.006065092
0.006589531
0.00704317
0.007216581
0.007036877
0.00652495
0.00572947
0.004853547
0.004048083
0.003275479
0.002631687
0.002161359
0.001674058
0.00103141
0.0002877212
-0.0006716097
-0.001803519
-0.003069987
-0.004166338
-0.005092943
-0.005667542
-0.006106969
-0.006567338
-0.00689545
-0.006866443
-0.006859549
-0.006947902
-0.007039878
-0.00704624
-0.006393499
-0.004934545
-0.003195181
-0.001353265
0.0007536795
0.002718116
0.004245976
0.005510192
0.006452382
0.006988859
0.007180964
0.007277021
0.007357271
0.007406791
0.007372834
0.00717317
0.006672107
0.005790797
0.004589057
0.00288508
0.0005110492
-0.002085364
-0.004652234
-0.00698403
-0.008822219
-0.009985661
-0.01049757
-0.01038824
-0.009859512
-0.009005688
-0.007668967
-0.006132667
-0.004331015
-0.002502504
-0.0005583608
0.001664982
0.003764871
0.005570668
0.007072048
0.008366573
0.009410252
0.0101299
0.01052921
0.01064695
0.01043417
0.01001415
0.009293275
0.008573945
0.007883919
0.007101402
0.006294779
0.005420455
0.004552831
0.003795381
0.003148604
0.002356832
0.001466746
0.0006211452
-3.549933e-05
-0.0004445271
-0.0008486991
-0.001255126
-0.001513026
-0.001572807
-0.001553941
-0.001514971
-0.001513077
-0.001640642
-0.001986402
-0.002591344
-0.003377975
-0.004274112
-0.005203795
-0.005966886
-0.006512764
-0.006786606
-0.006788218
-0.006586065
-0.006199479
-0.005717801
-0.005330999
-0.005072637
-0.004939905
-0.005022016
-0.005161682
-0.00528443
-0.005187587
-0.004733118
-0.004030077
-0.003284964
-0.002597472
-0.001840628
-0.0009597659
0.0001190006
0.001354417
0.002615762
0.003830133
0.004959533
0.00600162
0.007012936
0.008099789
0.009131401
0.009852877
0.01011975
0.00992012
0.009239106
0.008095881
0.006692317
0.005026883
0.003216151
0.001383801
-0.0003981787
-0.001859695
-0.002889312
-0.003769088
-0.004628537
-0.005224816
-0.005608112
-0.00589315
-0.005922782
-0.005489806
-0.004681738
-0.003598925
-0.002402315
-0.00135227
-0.0006282302
-0.000299365
-0.0001742652
-0.0001369585
-0.0001595508
-0.0002344513
-0.0003373101
-0.0004595887
-0.0005663934
-0.0005626591
-0.000354596
-0.0002123081
-0.0001324753
-6.602606e-05
-1.734537e-05
4.384428e-06
-4.168372e-05
-0.0002029371
-0.000517872
-0.0009507632
-0.001424732
-0.002055716
-0.002464497
-0.002385917
-0.001925412
-0.001221734
-0.0005327484
7.773406e-05
0.0007703181
0.001519117
0.002059609
0.002309801
0.002435879
0.002515447
0.002534808
0.002445044
0.002167454
0.001636447
0.000876567
6.26011e-05
-0.0008134752
-0.00193422
-0.003229939
-0.004648974
-0.006180816
-0.007756744
-0.009213643
-0.01034425
-0.01127944
-0.01216702
-0.01284175
-0.01316899
-0.01283543
-0.01174405
-0.009992277
-0.007945705
-0.005750297
-0.003680872
-0.001934494
-0.0004929054
0.0005580455
0.001418461
0.002005963
0.002275529
0.002420371
0.002522724
0.002598663
0.002621129
0.002521473
0.002213335
0.001642948
0.0008764893
0.0001476323
-0.0005654056
-0.001392536
-0.002181646
-0.002528767
-0.002720082
-0.002763685
-0.0025128
-0.001892981
-0.0008341431
0.0004691443
0.001567765
0.002531664
0.003051084
0.003375381
0.003562591
0.003487575
0.003445501
0.003237752
0.003139877
0.002978495
0.002612338
0.002025888
0.001322542
0.0008390923
0.0006217939
0.0004911786
0.000428541
0.0004689961
0.0006664524
0.001075762
0.001701634
0.002437954
0.002996059
0.003365565
0.003825919
0.004461822
0.00513045
0.005538952
0.005673243
0.005805924
0.006009151
0.005853956
0.005393208
0.004705147
0.004019796
0.003736366
0.003482568
0.003088171
0.002524056
0.001863321
0.001362559
0.0009128453
0.0002851765
-0.0005173897
-0.001244451
-0.001477891
-0.001519744
-0.001502473
-0.001472853
-0.001550412
-0.001822746
-0.002356106
-0.003083888
-0.003748965
-0.004062142
-0.004273495
-0.004401922
-0.004331716
-0.003901472
-0.002925211
-0.001317243
0.0008017171
0.003256042
0.005717715
0.007954714
0.009795496
0.01105512
0.01159288
0.0118587
0.01192866
0.01168926
0.01099752
0.009724241
0.007980317
0.006049685
0.003983039
0.001960203
0.0001255376
-0.001251734
-0.002181438
-0.002837891
-0.003177079
-0.003525259
-0.00372217
-0.003808577
-0.003753166
-0.003563148
-0.003528405
-0.003524815
-0.003465317
-0.003265606
-0.002838893
-0.002181709
-0.001430432
-0.0007958919
-0.0002368947
0.0004047466
0.001052794
0.001532412
0.001839542
0.00191208
0.001928795
0.002007671
0.002217096
0.002605837
0.003114302
0.003541502
0.003631336
0.003380953
0.002874723
0.00250542
0.002278536
0.001945394
0.001405042
0.0006511822
-0.0001412282
-0.000798321
-0.001612766
-0.002540071
-0.00332496
-0.003934083
-0.004351762
-0.004408014
-0.004136235
-0.003512252
-0.002560446
-0.001411043
-0.0001281786
0.001019599
0.002033182
0.002716858
0.003202442
0.003279902
0.002715201
0.001898521
0.0007679888
-0.0008765698
-0.00288715
-0.005066986
-0.007134353
-0.008990278
-0.01072265
-0.0124189
-0.01371445
-0.01463709
-0.01544038
-0.01600189
-0.016416
-0.01690708
-0.01748191
-0.01791865
-0.01789665
-0.01744071
-0.0167832
-0.015852
-0.01471762
-0.01341544
-0.01212365
-0.01075008
-0.009490332
-0.008317321
-0.007403787
-0.006664917
-0.006249061
-0.006133
-0.006048956
-0.005890349
-0.005569108
-0.005084361
-0.004549357
-0.004134394
-0.003780885
-0.003523461
-0.003324533
-0.003522345
-0.004122628
-0.005074797
-0.00616416
-0.007083835
-0.007912326
-0.008436207
-0.008601831
-0.008492438
-0.008005445
-0.00704859
-0.005671898
-0.003937998
-0.001576409
0.001270241
0.004637252
0.008525661
0.01275036
0.01704492
0.02077054
0.02368955
0.02584151
0.02713148
0.02787155
0.02823889
0.02837641
0.02834221
0.02831056
0.02815023
0.0279742
0.02756045
0.02674063
0.02555762
0.02417083
0.0226623
0.02111448
0.01969013
0.01844869
0.01727423
0.01635162
0.01557401
0.01509492
0.01491541
0.01482977
0.01480836
0.01482662
0.0148472
0.01481579
0.01468142
0.01440419
0.013999
0.01334671
0.01241624
0.01146749
0.010539
0.009679984
0.00887614
0.007840223
0.006623036
0.005227861
0.003528752
0.001552065
-0.0006031546
-0.00254768
-0.004127972
-0.005418951
-0.006360421
-0.006785972
-0.006706017
-0.006112465
-0.005189843
-0.004054564
-0.002794045
-0.00151144
-0.0001653784
0.001172247
0.002476177
0.003561325
0.004300296
0.00452863
0.004329676
0.003633359
0.002391947
0.0007760713
-0.001106872
-0.003196527
-0.00518044
-0.00703817
-0.009017751
-0.01138242
-0.01413154
-0.01710405
-0.02014761
-0.02319253
-0.02627504
-0.02924287
-0.03198087
-0.03450955
-0.03671817
-0.03848061
-0.0397755
-0.04061195
-0.0409493
-0.04089909
-0.04065899
-0.04036732
-0.04019892
-0.04017732
-0.04007381
-0.03968748
-0.0388441
-0.03748872
-0.03583481
-0.03405646
-0.03186743
-0.02910111
-0.02597858
-0.02264622
-0.01918498
-0.01567545
-0.01230259
-0.009095658
-0.006107434
-0.003439138
-0.001043711
0.00104013
0.002821436
0.004462056
0.006135642
0.007853927
0.009691078
0.01162926
0.01339184
0.01503732
0.0167107
0.01838387
0.02011675
0.02188292
0.02341166
0.02484461
0.02619067
0.02744051
0.02851344
0.0294042
0.0300706
0.03039567
0.03050759
0.03053524
0.03052671
0.03050925
0.03051171
0.03054809
0.03062555
0.03072111
0.0307797
0.0306957
0.03033866
0.02959091
0.02847212
0.02719965
0.02576585
0.02420746
0.02252176
0.02085864
0.01934932
0.01772537
0.01596789
0.01404996
0.01188805
0.009633511
0.00741702
0.005182735
0.002767062
0.0001869155
-0.002405383
-0.004873402
-0.007093471
-0.009254716
-0.0112063
-0.01256164
-0.01323683
-0.01352799
-0.01369922
-0.01379836
-0.01376736
-0.0134689
-0.0127251
-0.01145734
-0.009789432
-0.007683632
-0.005314529
-0.003010082
-0.0009034463
0.001006162
0.002901243
0.00487347
0.006794068
0.008770461
0.01111881
0.01350446
0.01554154
0.01696048
0.01765303
0.01783892
0.01750934
0.01647522
0.01464262
0.01214396
0.008888897
0.005075864
0.001126198
-0.002961836
-0.006877538
-0.01054806
-0.01400017
-0.01725599
-0.02004349
-0.02222367
-0.023989
-0.02525925
-0.0261051
-0.02665667
-0.02708971
-0.02737527
-0.02728221
-0.02686629
-0.02618821
-0.02499111
-0.02319863
-0.02112411
-0.01880454
-0.01606961
-0.01305823
-0.01002727
-0.007301896
-0.004991984
-0.003197905
-0.00193454
-0.001000107
-0.0005577443
-0.0003803675
-0.0003162547
-0.0003890442
-0.0006521178
-0.001180636
-0.00195282
-0.002769745
-0.003553126
-0.004374817
-0.00502887
-0.005088894
-0.004710825
-0.004124896
-0.003564979
-0.003020582
-0.002171583
-0.0008431632
0.0008763205
0.002905075
0.005067715
0.007328706
0.009800915
0.01231675
0.01470009
0.0168379
0.01867155
0.02025072
0.02148083
0.02246634
0.02300306
0.02322877
0.02318578
0.02270936
0.0216459
0.01998432
0.01800349
0.01571112
0.01321759
0.01057406
0.007750545
0.004729084
0.001557915
-0.001600058
-0.004802341
-0.007988657
-0.01123412
-0.01444726
-0.01727462
-0.01961325
-0.02164794
-0.02324106
-0.02436923
-0.02532028
-0.02602101
-0.02641328
-0.02664792
-0.02674104
-0.02663121
-0.02656421
-0.0264547
-0.02607513
-0.02526013
-0.02395007
-0.02231619
-0.02014446
-0.01760769
-0.01483412
-0.01185051
-0.008730226
-0.005620745
-0.002465135
0.0006822029
0.003690548
0.006252907
0.008360761
0.00994797
0.01106994
0.01204776
0.01264936
0.01276358
0.01250572
0.01185615
0.01087906
0.009826219
0.008717916
0.007556574
0.006681528
0.005866916
0.005251778
0.004792767
0.004177164
0.003414018
0.002689397
0.001909053
0.0007979649
-0.0005533759
-0.001908888
-0.003399055
-0.004836184
-0.006207662
-0.007207688
-0.007856646
-0.0082494
-0.00848699
-0.008489398
-0.008165903
-0.007683692
-0.006816858
-0.00555479
-0.004066844
-0.002406962
-0.0005242678
0.001788088
0.004253279
0.00676808
0.009361015
0.01206389
0.0149493
0.01804776
0.02130123
0.02459367
0.02796197
0.03123229
0.03428335
0.03701623
0.03932187
0.0412754
0.0427631
0.04358511
0.04393677
0.04413322
0.04421107
0.04408187
0.04359358
0.04258712
0.04102763
0.03896433
0.03643949
0.0334692
0.02993839
0.0257699
0.02092505
0.01534219
0.009025565
0.002027394
-0.005469262
-0.01314969
-0.02058181
-0.02740432
-0.03338103
-0.03855312
-0.04308585
-0.04696504
-0.05008357
-0.05230734
-0.05345091
-0.05323802
-0.05181073
-0.04939571
-0.04635125
-0.0429135
-0.03911779
-0.03495922
-0.03060229
-0.0261314
-0.02155409
-0.01682444
-0.0119573
-0.007002627
-0.002183504
0.002245795
0.006480476
0.01060804
0.01449877
0.01797905
0.02118669
0.02402276
0.02644301
0.0283537
0.02963569
0.03030899
0.03003466
0.02914527
0.02790889
0.02626166
0.02417597
0.02215886
0.02038146
0.01865874
0.01667477
0.01469498
0.01264431
0.01018197
0.00731488
0.003914013
-3.459694e-05
-0.004307743
-0.008568935
-0.01256581
-0.01617869
-0.01920196
-0.0215059
-0.02313078
-0.02413286
-0.02474195
-0.02521793
-0.02588279
-0.02682318
-0.02797979
-0.02932813
-0.03065956
-0.03206072
-0.0333934
-0.03471177
-0.03595838
-0.03706636
-0.03788502
-0.03830522
-0.03803696
-0.03703511
-0.03531205
-0.03260308
-0.02896037
-0.02470449
-0.02011589
-0.01556748
-0.01116992
-0.007072902
-0.003342186
8.145257e-05
0.003230591
0.005986133
0.008252113
0.01002661
0.0113245
0.01211005
0.0123212
0.01210913
0.0115912
0.01088415
0.009867295
0.008584403
0.007058783
0.005258751
0.003287311
0.001410098
-0.0002555809
-0.00179184
-0.003131865
-0.004041497
-0.004227834
-0.003485305
-0.00201474
-0.0001312883
0.002030316
0.004683244
0.007797852
0.01138486
0.01530755
0.01913286
0.02291905
0.0262895
0.02933371
0.03180797
0.0335553
0.03483122
0.03575333
0.03608342
0.03592449
0.03514061
0.0335349
0.03121642
0.02854179
0.0256649
0.02271973
0.01997813
0.01766586
0.01570633
0.01410913
0.01309491
0.0125804
0.01246115
0.01251753
0.01261983
0.01261806
0.01230482
0.01145983
0.009967731
0.007968624
0.005656757
0.003114336
0.0005507013
-0.00192475
-0.004243906
-0.006379812
-0.008387903
-0.01023888
-0.01181756
-0.01326007
-0.01459676
-0.01565535
-0.01635043
-0.01657982
-0.0164855
-0.01606831
-0.01530872
-0.01433263
-0.01325472
-0.0120144
-0.01063496
-0.00919555
-0.007692667
-0.00628883
-0.004952451
-0.003708784
-0.002610824
-0.001712004
-0.001206316
-0.001093138
-0.001103854
-0.001114006
-0.001005067
-0.0006535091
1.307422e-05
0.0009157315
0.001772542
0.002629353
0.003568167
0.004380433
0.005192434
0.006179563
0.00720128
0.008398318
0.009909156
0.01166244
0.01356135
0.01565771
0.0179283
0.02001988
0.02156124
0.02238263
0.02259094
0.02218851
0.02092435
0.01863108
0.01545546
0.01142831
0.006637538
0.001249808
-0.004355298
-0.01010099
-0.01585971
-0.02127782
-0.02624135
-0.03056959
-0.03409875
-0.03690726
-0.03915503
-0.04087082
-0.04209235
-0.04271816
-0.04295746
-0.04283479
-0.04220791
-0.04097884
-0.0392086
-0.03695991
-0.03438148
-0.03154845
-0.02884673
-0.02640024
-0.02424675
-0.02241366
-0.02071809
-0.01878879
-0.01673861
-0.01456777
-0.01204516
-0.00923299
-0.006211694
-0.003113002
-0.0001617377
0.002606629
0.005068803
0.007007581
0.008454924
0.009586174
0.01041046
0.01096741
0.01139511
0.01157688
0.01168841
0.01178717
0.01182367
0.01173525
0.01141586
0.01080371
0.009952064
0.009121404
0.008338201
0.007506768
0.006924159
0.007148936
0.007949478
0.009116684
0.01034316
0.01182645
0.0133314
0.01498922
0.01645767
0.01770394
0.01866788
0.0192224
0.01941908
0.01947134
0.01947567
0.01944163
0.01937719
0.01930422
0.01925767
0.01928941
0.01950819
0.02000534
0.02086037
0.02193286
0.02288831
0.02393058
0.02488417
0.02570142
0.02649099
0.02697437
0.02714251
0.02722735
0.0273093
0.02738445
0.02742189
0.02730511
0.02688917
0.0260179
0.02469845
0.02309878
0.02088136
0.01824975
0.01517538
0.01157216
0.007967673
0.004148934
0.0002647959
-0.00357477
-0.007333239
-0.01097412
-0.0145094
-0.01804401
-0.02174186
-0.02538964
-0.02888507
-0.03218037
-0.03488965
-0.03734178
-0.03970718
-0.04203529
-0.04394821
-0.04516477
-0.04556627
-0.04486724
-0.04306257
-0.04023703
-0.03653035
-0.03244202
-0.02787208
-0.02272764
-0.01720417
-0.0115984
-0.005905821
-0.0003026227
0.004941867
0.009789831
0.01406377
0.01764166
0.02052216
0.02254412
0.02342326
0.02324826
0.02207038
0.0200896
0.01732345
0.01376388
0.009518752
0.005073597
0.0005383781
-0.003937587
-0.008433607
-0.01305241
-0.01733278
-0.02113075
-0.024466
-0.02723488
-0.02949475
-0.03139656
-0.03271563
-0.03346105
-0.03380861
-0.03362561
-0.03299963
-0.03203299
-0.03085977
-0.02957092
-0.0284147
-0.02730803
-0.02617022
-0.02479515
-0.02317498
-0.02130598
-0.01904747
-0.01641945
-0.01363081
-0.01076511
-0.008015848
-0.005390236
-0.002922821
-0.0006759168
0.001368982
0.003300116
0.005169657
0.006983883
0.009039714
0.0114669
0.01405328
0.0167179
0.01939235
0.02193427
0.02420638
0.02609332
0.02764243
0.02913991
0.03080267
0.03264249
0.03464752
0.03664429
0.03881562
0.041224
0.04362413
0.04601769
0.04836522
0.05047184
0.05226475
0.05380132
0.05504779
0.05582463
0.05621465
0.05624361
0.05565016
0.05409002
0.05139398
0.04782399
0.04354469
0.03847501
0.03291383
0.02705568
0.02095972
0.01493597
0.009269853
0.004069452
-0.0005005776
-0.004492152
-0.007967454
-0.01084345
-0.01313536
-0.01487932
-0.01638112
-0.01777663
-0.01913064
-0.02038153
-0.02149854
-0.02240535
-0.0231843
-0.02392725
-0.02441986
-0.02480423
-0.02536695
-0.02617759
-0.02712303
-0.02818531
-0.02946214
-0.03085396
-0.03241562
-0.03409633
-0.0358363
-0.03764898
-0.03936108
-0.04093017
-0.04231509
-0.04339309
-0.0442949
-0.04507403
-0.04568819
-0.04628286
-0.04686412
-0.04717114
-0.04701948
-0.04653621
-0.04568065
-0.04432956
-0.04238535
-0.03997717
-0.03724316
-0.03414085
-0.03059793
-0.02664566
-0.02226277
-0.01737927
-0.01204789
-0.00632145
-0.0002436266
0.005995255
0.01224652
0.01841501
0.02417238
0.02939151
0.03405699
0.03800181
0.04106993
0.04302681
0.04381596
0.04354137
0.04240585
0.04062361
0.03832185
0.03570252
0.03288413
0.02995215
0.02710677
0.02469143
0.02314816
0.02245451
0.02222754
0.02232836
0.02278774
0.02360838
0.02465473
0.02557831
0.02650391
0.02729954
0.02749133
0.02713324
0.02630986
0.02514747
0.02399201
0.02276284
0.02155872
0.02012628
0.01842582
0.01621597
0.01365072
0.01087209
0.00791201
0.004913216
0.002079839
-0.0006340027
-0.003251248
-0.005681097
-0.00780829
-0.009501702
-0.01071735
-0.0113056
-0.01149372
-0.01136975
-0.01085787
-0.009926388
-0.00871593
-0.007610559
-0.006622366
-0.005934225
-0.005343326
-0.004756275
-0.004335847
-0.004026205
-0.003870745
-0.00364528
-0.003105187
-0.002109613
-0.0007139367
0.0007346612
0.002239368
0.003787502
0.005205039
0.006219565
0.00646255
0.005632916
0.00373974
0.001014513
-0.002527412
-0.006529309
-0.01069867
-0.0147974
-0.01851916
-0.02189683
-0.02500945
-0.02763492
-0.02968539
-0.03106131
-0.03171239
-0.03155292
-0.03063121
-0.02903723
-0.02699549
-0.02432293
-0.02147683
-0.0183689
-0.01492152
-0.01137841
-0.00815338
-0.005069689
-0.002253357
-3.907417e-05
0.001714294
0.003170179
0.004648164
0.00584964
0.0068222
0.00713274
0.0068471
0.00581525
0.00388349
0.001213133
-0.002378994
-0.006636508
-0.01101899
-0.01501885
-0.01849681
-0.02164833
-0.02421093
-0.0261335
-0.02728277
-0.02758344
-0.02689395
-0.02528862
-0.02295386
-0.01998368
-0.01630641
-0.01222692
-0.008123157
-0.003955561
0.0001625501
0.003956985
0.007097332
0.009380887
0.0110655
0.01222002
0.01275794
0.01284139
0.01226803
0.01085471
0.008861001
0.006446464
0.003851075
0.001233679
-0.001302817
-0.003617633
-0.005569473
-0.007062908
-0.008027749
-0.008195465
-0.007357003
-0.005497548
-0.00261357
0.001262277
0.005871806
0.01113331
0.01690792
0.02303386
0.02924068
0.03537393
0.04147868
0.04737432
0.05298946
0.0581894
0.06258198
0.06588603
0.06795895
0.0686026
0.06784974
0.0659109
0.06293463
0.05906753
0.05431085
0.04881424
0.04282109
0.03650789
0.02999331
0.02330004
0.01646746
0.009617231
0.003013939
-0.002960201
-0.008210184
-0.01284489
-0.01683635
-0.01985716
-0.02189538
-0.02318802
-0.02368531
-0.02361534
-0.02306375
-0.02203172
-0.02066104
-0.01899302
-0.0170151
-0.01486168
-0.0128641
-0.01106858
-0.0093401
-0.007841531
-0.006822001
-0.006123236
-0.005624882
-0.005549548
-0.005824538
-0.006489148
-0.007541664
-0.008796169
-0.01027869
-0.01208743
-0.0140222
-0.01631134
-0.01922287
-0.02253341
-0.02639689
-0.03069497
-0.03508805
-0.03960137
-0.04406658
-0.04821965
-0.05211627
-0.05589369
-0.05931658
-0.06242706
-0.06498143
-0.06678414
-0.06758361
-0.06720312
-0.06554282
-0.06275863
-0.05902176
-0.05436119
-0.04891328
-0.04295434
-0.03678104
-0.03037475
-0.02379205
-0.01736732
-0.01140752
-0.005921801
-0.0009532247
0.003281679
0.006910853
0.01014487
0.0128247
0.01477348
0.01593829
0.016358
0.01595489
0.01513536
0.01416882
0.01307602
0.0121441
0.01125208
0.01052736
0.01043743
0.01092839
0.01193305
0.0133747
0.01526487
0.01765077
0.02042818
0.02363426
0.02728709
0.03124258
0.03545693
0.03988076
0.04418472
0.04838938
0.0523595
0.05622574
0.05956417
0.06197702
0.06374481
0.06494799
0.06540447
0.0654142
0.06496673
0.06390546
0.06223622
0.0601773
0.05753489
0.05432566
0.05053794
0.04634659
0.04222966
0.03786835
0.03311673
0.02806849
0.02292784
0.01782245
0.01288168
0.008231913
0.003903343
-0.0002269453
-0.004261015
-0.00785862
-0.01096814
-0.01355492
-0.0156359
-0.01714663
-0.01815313
-0.01880664
-0.01903057
-0.01923801
-0.01963923
-0.02029177
-0.02111923
-0.02192541
-0.02274102
-0.02365837
-0.02461921
-0.02580211
-0.02728572
-0.02887949
-0.03039671
-0.03174531
-0.03300546
-0.03417029
-0.03521937
-0.0361498
-0.03681208
-0.03708914
-0.03713227
-0.03687342
-0.03619169
-0.03505204
-0.03362317
-0.03198073
-0.03008281
-0.02806982
-0.02588653
-0.02336725
-0.02050252
-0.01740513
-0.01423569
-0.01102718
-0.007845296
-0.004763581
-0.00217062
-0.0001901822
0.00137119
0.002521798
0.003392903
0.004007396
0.004295748
0.0044072
0.004473647
0.004539349
0.004607894
0.004659445
0.004629592
0.004439927
0.004012312
0.003342941
0.002585282
0.002057218
0.001519757
0.0008005086
9.435052e-07
-0.0006137421
-0.001278833
-0.002103743
-0.002842449
-0.003044281
-0.002782125
-0.002161818
-0.001305109
-0.0004953077
0.0005227405
0.001835205
0.00319447
0.004712255
0.006190159
0.007641466
0.009116379
0.01054799
0.01180697
0.01274532
0.01362638
0.01440848
0.01475917
0.01489328
0.01498564
0.01506915
0.01514462
0.01515738
0.01500714
0.01457948
0.01381099
0.01281961
0.01192843
0.01101417
0.01017655
0.00982618
0.009660146
0.00963039
0.009829413
0.01033378
0.01118095
0.01220785
0.01307835
0.01401704
0.01479764
0.01487784
0.01445693
0.01355789
0.01228633
0.01097569
0.009388145
0.007731462
0.005784307
0.003438
0.0008684344
-0.001925266
-0.004505177
-0.006898773
-0.009139481
-0.01128938
-0.01353371
-0.01568589
-0.01773891
-0.01978058
-0.02154915
-0.02302266
-0.02437981
-0.02517725
-0.02539582
-0.02473571
-0.02365062
-0.0222079
-0.02030967
-0.01841683
-0.01653635
-0.01441148
-0.01209282
-0.009897981
-0.007971703
-0.006305104
-0.004713834
-0.00322243
-0.001927012
-0.0005575911
0.0006779705
0.001955299
0.002984769
0.003884779
0.004397928
0.004370869
0.003986672
0.003307572
0.002553737
0.002034965
0.001816564
0.001795233
0.002035584
0.002622091
0.003582942
0.004774875
0.006036275
0.007577701
0.009378248
0.01160284
0.01403133
0.01665799
0.01961423
0.02282065
0.02586503
0.028654
0.03130145
0.03371316
0.03576185
0.03732317
0.03828179
0.03842707
0.03785333
0.03644022
0.03418364
0.03127609
0.02774514
0.02389973
0.01979711
0.0153831
0.01066938
0.005832407
0.0012348
-0.002992126
-0.006923098
-0.01082419
-0.01473648
-0.01841891
-0.02195962
-0.02530873
-0.02835908
-0.03089406
-0.03268697
-0.0340111
-0.03508762
-0.03601034
-0.03669923
-0.03692206
-0.0366868
-0.0361438
-0.03546487
-0.03499027
-0.03482263
-0.03466826
-0.03437716
-0.03387702
-0.03321036
-0.03261751
-0.03232864
-0.03227931
-0.03224095
-0.03203654
-0.03147299
-0.03041098
-0.02889357
-0.0271177
-0.0252699
-0.02343993
-0.02137272
-0.0189606
-0.01644054
-0.01388145
-0.01129438
-0.008678274
-0.005977995
-0.003122233
-3.540488e-05
0.003257994
0.006610955
0.01002812
0.01354417
0.01690925
0.02020355
0.02358941
0.02686445
0.0295644
0.03161763
0.0331974
0.03426896
0.03492364
0.03515331
0.03491925
0.0342615
0.03320522
0.03170121
0.02988719
0.02786409
0.02569199
0.02345373
0.02137712
0.01974833
0.01865609
0.01793696
0.0175826
0.01768465
0.0183159
0.01930025
0.02042929
0.02169405
0.02287135
0.02388473
0.02462251
0.02514026
0.02555094
0.02567749
0.02519406
0.02400637
0.02231001
0.02030257
0.01793814
0.01520768
0.01214723
0.008766871
0.005196735
0.001495885
-0.002379788
-0.006249089
-0.01007579
-0.01376418
-0.01730042
-0.02061196
-0.02351601
-0.02601552
-0.02810972
-0.02972532
-0.03060518
-0.03061996
-0.0299036
-0.02861977
-0.02684366
-0.02490079
-0.02308986
-0.02139244
-0.0198473
-0.01862189
-0.01756538
-0.01676953
-0.01599694
-0.01519012
-0.01460332
-0.01398455
-0.0132071
-0.01245437
-0.01209551
-0.01196354
-0.01190516
-0.01189653
-0.01190767
-0.011931
-0.01196123
-0.01202401
-0.01209733
-0.01215256
-0.01212444
-0.01191834
-0.01144574
-0.01069103
-0.009794956
-0.009089153
-0.008410328
-0.007721511
-0.007253675
-0.006990287
-0.006613476
-0.005862192
-0.004638991
-0.003050596
-0.001173383
0.0009155456
0.003342554
0.006087159
0.00913964
0.01250743
0.01602168
0.01932028
0.02248899
0.02546369
0.02790594
0.02978695
0.03115997
0.03218492
0.03262884
0.03263493
0.03228146
0.03151169
0.03041179
0.02924504
0.02783754
0.02622808
0.02425126
0.02209178
0.01986764
0.01748295
0.01519493
0.01321224
0.01159403
0.01020524
0.008960253
0.007469527
0.005707043
0.003749348
0.001852944
0.0001473315
-0.001211129
-0.002682316
-0.004479335
-0.00662232
-0.009104777
-0.01217502
-0.0156537
-0.01925539
-0.022997
-0.02694964
-0.03098016
-0.03485796
-0.0382859
-0.04085628
-0.04208331
-0.04191196
-0.04057344
-0.03809067
-0.03480058
-0.03080231
-0.0262664
-0.02130414
-0.01612988
-0.01081224
-0.005382721
4.112394e-05
0.005266904
0.01002973
0.01445555
0.01824204
0.02125907
0.02341881
0.02478803
0.02548211
0.02591342
0.0260569
0.02566419
0.02487532
0.02335565
0.02108917
0.01856385
0.01594536
0.01334062
0.01088113
0.008658468
0.006709413
0.004919695
0.003010844
0.00101456
-0.0008073889
-0.002507861
-0.004341717
-0.005881693
-0.007099341
-0.008318446
-0.009325409
-0.01042182
-0.01148494
-0.01244194
-0.01328598
-0.0136397
-0.01379862
-0.01382959
-0.01366297
-0.01326378
-0.01261988
-0.01187654
-0.01135551
-0.01111529
-0.01095897
-0.01087738
-0.01092866
-0.01119832
-0.01175832
-0.01258605
-0.01341474
-0.01376094
-0.01379498
-0.01344293
-0.01251012
-0.01099008
-0.009040182
-0.006390654
-0.003436446
-0.0004670147
0.002419519
0.005013531
0.007441328
0.009758769
0.0120853
0.01449835
0.01677342
0.01874921
0.02040441
0.0218672
0.02330539
0.0244735
0.02534535
0.02563099
0.02544772
0.02471242
0.02333957
0.02153027
0.01966029
0.01780247
0.01611945
0.01461502
0.01331095
0.01209739
0.01115465
0.01040403
0.009890703
0.009302524
0.008570486
0.007909178
0.007514204
0.007369769
0.00729676
0.007249393
0.007209021
0.007207049
0.007323312
0.007652688
0.008244182
0.009004203
0.009620892
0.009966138
0.01023662
0.01041136
0.01035803
0.01010492
0.009726324
0.009047665
0.008016818
0.006806806
0.005478655
0.003948836
0.002239725
0.0003809283
-0.001397881
-0.003145625
-0.004748921
-0.005796463
-0.006319863
-0.006427575
-0.006138185
-0.005659852
-0.004982891
-0.004012391
-0.002928036
-0.001909231
-0.001064448
-0.0007023017
-0.0008645139
-0.001398793
-0.002194068
-0.003024897
-0.004052193
-0.0054991
-0.007222023
-0.009231718
-0.01160679
-0.01411469
-0.01652955
-0.01900964
-0.02163246
-0.02429775
-0.0269359
-0.0294281
-0.03162163
-0.03337807
-0.03471356
-0.03588472
-0.0369462
-0.03775905
-0.03831574
-0.03904804
-0.04033859
-0.04132994
-0.04146768
-0.0409466
-0.03986855
-0.03813384
-0.03580558
-0.03308478
-0.03001804
-0.02662229
-0.02301052
-0.01916446
-0.01528335
-0.01126621
-0.007275413
-0.003294995
0.0004034292
0.003728384
0.006409155
0.008605121
0.01054591
0.0120538
0.01314663
0.01412758
0.01490981
0.01501759
0.01451679
0.01354587
0.01229055
0.0108711
0.009323363
0.007709946
0.006119011
0.004382728
0.002771978
0.001382739
-1.81621e-08
-0.001132988
-0.001984183
-0.002253791
-0.001691514
-0.0004332069
0.0012551
0.003217006
0.005268421
0.00747885
0.009696392
0.01195502
0.01444177
0.01691848
0.01925928
0.02138653
0.023301
0.02518597
0.02737302
0.02944479
0.03121724
0.0327658
0.03432831
0.0355455
0.03645455
0.03711924
0.03756716
0.03757299
0.03711176
0.03615329
0.03463047
0.03235959
0.02961337
0.02647547
0.02297623
0.01932713
0.01552732
0.01187708
0.008146484
0.004545496
0.00124153
-0.001758872
-0.004540001
-0.007022683
-0.009441229
-0.01151614
-0.01301089
-0.01410851
-0.01500026
-0.01549036
-0.01552205
-0.01520691
-0.01451754
-0.01353221
-0.01241995
-0.01118749
-0.009890826
-0.008837162
-0.008033049
-0.007689334
-0.007597384
-0.00774686
-0.008236631
-0.009071562
-0.01009185
-0.01099651
-0.01169568
-0.01224602
-0.01277139
-0.01327441
-0.01391593
-0.01460785
-0.01509913
-0.01526502
-0.01486026
-0.01393295
-0.01262923
-0.01110681
-0.009225533
-0.007172838
-0.004940299
-0.002766709
-0.001007503
0.0004712057
0.001655314
0.002699439
0.003541705
0.004358994
0.004957735
0.005099112
0.005077388
0.005014323
0.005009636
0.005182116
0.005414495
0.005467159
0.005333269
0.004964737
0.004354352
0.003663846
0.003239834
0.003213357
0.003289249
0.003270598
0.003158099
0.003006007
0.002636292
0.001969916
0.001103824
0.0003160915
-0.0002679255
-0.0007851671
-0.001073091
-0.0009824272
-0.0005333596
0.0002982601
0.001428387
0.002732858
0.004231068
0.00596905
0.00793853
0.01000263
0.01203577
0.01413352
0.01636404
0.01865909
0.02088119
0.02270346
0.02394357
0.02465466
0.02487233
0.02449616
0.02359621
0.02226261
0.02052393
0.01836138
0.01591095
0.01325022
0.01032279
0.00718529
0.003872579
0.0003554682
-0.003258016
-0.006737155
-0.009984996
-0.01294847
-0.01567572
-0.01821542
-0.02050474
-0.02246417
-0.02409741
-0.02554138
-0.02661558
-0.02717618
-0.02731958
-0.02703854
-0.02650137
-0.02582365
-0.02505653
-0.02420415
-0.02333987
-0.02252731
-0.0216555
-0.02076171
-0.0198956
-0.01894943
-0.01797387
-0.01705038
-0.01611609
-0.0152432
-0.01422309
-0.01281509
-0.01116027
-0.009239428
-0.006943823
-0.004408903
-0.001778889
0.0008775422
0.003508671
0.006048887
0.008393112
0.01042917
0.01212881
0.01361537
0.01497092
0.01613657
0.01700127
0.01748169
0.01769306
0.01755909
0.01690732
0.01597312
0.01480518
0.01326772
0.01154382
0.009523187
0.007150818
0.004639672
0.002142326
-0.000211489
-0.002310204
-0.004168383
-0.005939756
-0.007582232
-0.00886561
-0.009823726
-0.01052433
-0.01105657
-0.01131258
-0.01134602
-0.01116092
-0.01068015
-0.009894766
-0.008900883
-0.007676079
-0.006395278
-0.004912037
-0.003314027
-0.001511666
0.0002240077
0.001787798
0.003394624
0.004763604
0.005802383
0.006465399
0.006754782
0.006860377
0.00688725
0.006859594
0.006796089
0.006716237
0.006672433
0.00675636
0.007097259
0.007810613
0.00889612
0.01014819
0.01151769
0.01300013
0.01456373
0.01611541
0.01753305
0.01902687
0.02025803
0.02129518
0.02223245
0.02309291
0.02355893
0.02346722
0.02294443
0.02201446
0.02084553
0.01939912
0.01760859
0.01584624
0.01404206
0.0118483
0.009660871
0.007599358
0.005604058
0.003474001
0.001269416
-0.001068516
-0.00328762
-0.005245154
-0.006990413
-0.008731587
-0.0104592
-0.01202453
-0.01363841
-0.01537298
-0.01709191
-0.01857693
-0.02000401
-0.02140751
-0.02268918
-0.02384746
-0.02483921
-0.02562648
-0.02625779
-0.02680709
-0.02716571
-0.0273753
-0.02728061
-0.02660402
-0.02523305
-0.02349265
-0.02162354
-0.01983106
-0.01801479
-0.01601191
-0.01414906
-0.01241925
-0.01062442
-0.008807412
-0.00708089
-0.005388965
-0.003856263
-0.002650256
-0.001630693
-0.0006920786
0.0002014278
0.0008458044
0.001241306
0.001497863
0.001640069
0.001984289
0.002617532
0.003230183
0.003870265
0.004711472
0.005635531
0.006497969
0.007332371
0.008097178
0.00863509
0.009027171
0.009391024
0.009635415
0.009777833
0.009991489
0.01011339
0.009845124
0.00937921
0.008985931
0.00852493
0.007757853
0.006669456
0.005475552
0.004322031
0.003206396
0.002176638
0.001137676
0.000185243
-0.0006581726
-0.001287517
-0.001676966
-0.002127764
-0.002700142
-0.003277051
-0.003765048
-0.004128169
-0.004323476
-0.004427063
-0.004384568
-0.004056186
-0.003322531
-0.002173396
-0.0008296271
0.0005327408
0.001858074
0.00299118
0.003909281
0.0047726
0.00569286
0.006475046
0.007203775
0.008001525
0.008660349
0.009037033
0.009220657
0.009280855
0.009183708
0.008873689
0.008308484
0.00753129
0.006468321
0.005147858
0.003683324
0.002155976
0.0006666704
-0.0008590636
-0.002300047
-0.003559306
-0.004675995
-0.005636193
-0.006468973
-0.00727517
-0.007999021
-0.008576264
-0.009157265
-0.009781517
-0.0102349
-0.01036859
-0.01007145
-0.009450318
-0.008848272
-0.008416707
-0.007970441
-0.007382603
-0.006719176
-0.006202922
-0.005870743
-0.005487859
-0.004940305
-0.004285058
-0.003736737
-0.003316682
-0.003148517
-0.003127541
-0.003102707
-0.002993375
-0.002727722
-0.002254079
-0.001638926
-0.001089813
-0.0006429162
-0.000424027
-0.0003513658
-0.0003356579
-0.0003647843
-0.0004110941
-0.0004600099
-0.0004691101
-0.0003913075
-0.0001564015
0.0002768148
0.0009068737
0.001611302
0.002426271
0.003220297
0.004065423
0.004705142
0.005100428
0.005492626
0.005868837
0.006109869
0.006459928
0.007003403
0.007643095
0.008154287
0.008556529
0.008692394
0.008724402
0.008748554
0.008801783
0.008936267
0.009157495
0.009426219
0.009586552
0.009515556
0.009915213
0.01042601
0.01060598
0.01051881
0.01044804
0.01023445
0.01018741
0.01021803
0.01018769
0.01003087
0.009614354
0.008911572
0.008015491
0.007166981
0.006371255
0.005609904
0.005034023
0.00454933
0.003887847
0.003048276
0.002117482
0.0009815966
-0.000475565
-0.002006227
-0.003373005
-0.004401743
-0.00513577
-0.005417269
-0.005545141
-0.005609951
-0.00559187
-0.005436512
-0.005069677
-0.004448944
-0.003680609
-0.00296161
-0.00223434
-0.001366322
-0.000533903
8.336714e-05
0.0007824009
0.001530722
0.002118036
0.002594014
0.003120884
0.003573672
0.003655876
0.003360154
0.002920727
0.002313682
0.001466569
0.0002776024
-0.001083413
-0.002472565
-0.003884266
-0.005168492
-0.00644315
-0.00777192
-0.008970027
-0.009765613
-0.01019524
-0.01021513
-0.009766666
-0.009034675
-0.008076306
-0.006882278
-0.005577868
-0.004182463
-0.00268971
-0.001133471
0.0004021722
0.001963881
0.00358374
0.005078527
0.006420064
0.007500733
0.00837465
0.009215797
0.009794588
0.01001432
0.01012834
0.01021646
0.01024832
0.01014619
0.009792873
0.009100946
0.008107321
0.007051215
0.00589426
0.004626468
0.003407699
0.002328768
0.001426142
0.0006693163
-7.666302e-05
-0.0008074985
-0.001500459
-0.002039815
-0.002313327
-0.002191712
-0.001727039
-0.00114808
-0.0004977743
0.0001801967
0.000882747
0.001573776
0.002232924
0.002781502
0.00315366
0.003266248
0.003162556
0.002969134
0.00250329
0.001761883
0.0007811713
-0.000386441
-0.001661133
-0.003059283
-0.004616151
-0.006372722
-0.008525118
-0.01071521
-0.01280255
-0.01463601
-0.01611025
-0.01730145
-0.01821435
-0.01888884
-0.01937242
-0.01958082
-0.01959467
-0.0194578
-0.01914749
-0.01870175
-0.01821499
-0.01753711
-0.01663393
-0.01572996
-0.01491059
-0.01413722
-0.01360325
-0.01335887
-0.01315932
-0.01283096
-0.01228776
-0.01155938
-0.0108291
-0.01008511
-0.009095729
-0.007825888
-0.006153153
-0.003948456
-0.001596104
0.0006042084
0.002520265
0.004147799
0.005687189
0.00724081
0.008796858
0.01022441
0.01131679
0.01221486
0.01315011
0.01406562
0.01497581
0.01569687
0.01643896
0.01725513
0.01787042
0.01817985
0.01829719
0.01824123
0.01794692
0.01737359
0.01657153
0.01575476
0.01496234
0.01406452
0.01315812
0.01224473
0.0111901
0.01015185
0.009266202
0.008537256
0.007874827
0.007417686
0.007119541
0.006664158
0.006164572
0.005583614
0.004926817
0.004057363
0.00301045
0.002094275
0.001159568
0.0002427254
-0.0006621722
-0.001707862
-0.002759615
-0.003700925
-0.004528344
-0.005295809
-0.005803817
-0.005987947
-0.006043915
-0.005706801
-0.005005832
-0.004150042
-0.003138144
-0.002193295
-0.001488545
-0.001015004
-0.0005866588
-0.0001662165
0.0001219462
0.0003992973
0.0007351195
0.001017998
0.0009833158
0.0003557316
-0.0004089529
-0.001318081
-0.00234357
-0.003477341
-0.004851083
-0.006275852
-0.007825404
-0.009227176
-0.01041846
-0.01141769
-0.01223229
-0.01293816
-0.01336008
-0.01347793
-0.01352909
-0.0133397
-0.01303534
-0.01285792
-0.01268241
-0.01238506
-0.01191645
-0.01132766
-0.01074517
-0.009746328
-0.008365535
-0.006741451
-0.005311422
-0.00423472
-0.00322304
-0.00231383
-0.001490871
-0.0006055699
0.0002357383
0.001000515
0.001784294
0.002441285
0.002967404
0.003583315
0.004366236
0.005110218
0.005370713
0.005220813
0.004755534
0.004040678
0.003309733
0.002580563
0.001656499
0.0005721739
-0.0003381039
-0.00118381
-0.001943119
-0.002960603
-0.004068767
-0.005011242
-0.005687361
-0.006071725
-0.006338936
-0.006527712
-0.006536902
-0.006184844
-0.005628396
-0.004816507
-0.003756399
-0.002385262
-0.0009168899
0.0003809622
0.001647525
0.003016526
0.00425379
0.005434019
0.006395339
0.007252875
0.007955791
0.008544874
0.009286014
0.01010057
0.01067418
0.01092588
0.01101444
0.01094339
0.01068483
0.01023367
0.009692503
0.009255136
0.008787544
0.008371108
0.00826073
0.00833598
0.008599725
0.009065253
0.009673293
0.01022116
0.01078454
0.01125144
0.01174471
0.01224686
0.01292687
0.01328637
0.01310521
0.01254456
0.0116982
0.01084257
0.009998333
0.009055338
0.008215732
0.00747774
0.006674662
0.005970631
0.005282104
0.004336472
0.003225043
0.002295449
0.001302558
0.0004041825
-0.0003680675
-0.001154712
-0.001756402
-0.00224023
-0.002905477
-0.003780899
-0.004679626
-0.005661471
-0.006886725
-0.008124516
-0.009244763
-0.0102826
-0.01130025
-0.01231601
-0.0132003
-0.01421464
-0.01516215
-0.01568419
-0.01587317
-0.01563825
-0.0151473
-0.0144736
-0.01341781
-0.01205521
-0.01053723
-0.008709261
-0.006793762
-0.004657112
-0.002112106
0.0003676721
0.002500016
0.004214663
0.005542554
0.006580643
0.007358231
0.007944065
0.008334868
0.008445176
0.008288856
0.007773563
0.006837902
0.005590622
0.004225915
0.002842139
0.001332119
-0.0004254082
-0.002174409
-0.003740626
-0.005069217
-0.006136179
-0.006967201
-0.007446352
-0.007599024
-0.007435497
-0.007127786
-0.006745753
-0.006246103
-0.005728537
-0.005139661
-0.00441947
-0.003725723
-0.003141884
-0.002514373
-0.001787328
-0.001150242
-0.0007130679
-0.0003328201
9.176569e-05
0.0004778125
0.0006508772
0.0006940735
0.0007041129
0.0007218001
0.0007936906
0.0009542275
0.001211717
0.001549939
0.001866054
0.00199141
0.002098809
0.002393226
0.003005354
0.003968004
0.005148263
0.00642948
0.007417009
0.008101983
0.00874153
0.009275075
0.009896713
0.01058447
0.01104925
0.01131581
0.01162659
0.01160296
0.01127562
0.01069711
0.009959279
0.009367208
0.008908982
0.008393682
0.007858413
0.007493974
0.007177924
0.006936323
0.006540301
0.006332143
0.006220803
0.005731813
0.005043672
0.0044059
0.003751789
0.002810232
0.001625239
0.0004753542
-0.0009804617
-0.002593122
-0.004164478
-0.005677337
-0.007187712
-0.008414286
-0.009359716
-0.01004532
-0.01054132
-0.01100975
-0.01131813
-0.01126638
-0.01092925
-0.01031566
-0.009521981
-0.008757785
-0.007978182
-0.007086814
-0.006322621
-0.005976212
-0.005820947
-0.005838331
-0.005987367
-0.005974986
-0.005940947
-0.005993023
-0.006228588
-0.006760919
-0.007585617
-0.008478301
-0.009187145
-0.009911195
-0.01051132
-0.01085535
-0.01112791
-0.01121963
-0.01117165
-0.01094913
-0.01048493
-0.009804533
-0.009063265
-0.008400749
-0.007679322
-0.006774934
-0.00584017
-0.004897421
-0.00373879
-0.002549044
-0.001506664
-0.0006222819
8.119535e-05
0.0008092064
0.001479297
0.001946044
0.002339568
0.002814061
0.003333166
0.003895973
0.004398122
0.004456022
0.004055345
0.003414493
0.002838174
0.002562489
0.002518002
0.002540313
0.002521652
0.002327865
0.001832314
0.001003121
5.08649e-06
-0.001027066
-0.002081886
-0.002989832
-0.003796796
-0.004543498
-0.004953714
-0.005107577
-0.005236634
-0.00539935
-0.005592643
-0.005732547
-0.005672449
-0.005489553
-0.005129587
-0.004397483
-0.003279061
-0.001978623
-0.0007706349
0.0001602593
0.0009853499
0.001839179
0.002539775
0.00323605
0.004160799
0.00519572
0.006200815
0.007133978
0.007763103
0.008136524
0.008431965
0.008600096
0.008502675
0.008250443
0.008105342
0.008041424
0.00790867
0.007617928
0.007120692
0.006473354
0.005893823
0.005489699
0.005087977
0.00452609
0.003822741
0.003170871
0.002675102
0.00219497
0.00164599
0.00112192
0.0006138099
0.0001138434
-0.0004805457
-0.001257127
-0.002070668
-0.00283882
-0.003659745
-0.004500207
-0.005294523
-0.005861452
-0.006025268
-0.005876812
-0.005566021
-0.005214429
-0.004722993
-0.003909981
-0.002815406
-0.001719372
-0.0006638795
0.0003198737
0.001357222
0.002554357
0.003635144
0.004508428
0.005078343
0.005476368
0.005960534
0.006555702
0.007127113
0.007625049
0.007971396
0.008179424
0.008335476
0.008402113
0.008328171
0.008317691
0.008418823
0.008495233
0.008700598
0.008999864
0.009097742
0.008955325
0.008671368
0.008353716
0.008181826
0.008122115
0.008014582
0.007745639
0.007229047
0.006479306
0.005684031
0.004963054
0.004242487
0.003548564
0.00288734
0.002311697
0.001844741
0.001531105
0.001314828
0.001090769
0.0008863267
0.0007825638
0.0006594602
0.0005566762
0.0004884348
0.0005806425
0.0008653869
0.001159917
0.001503934
0.001701098
0.001575168
0.001383008
0.001243513
0.001122167
0.001079043
0.001164306
0.00113713
0.0008651614
0.0004472359
1.177053e-05
-0.000473012
-0.00104592
-0.001564258
-0.002009462
-0.002377033
-0.002779056
-0.003355198
-0.004052851
-0.004622552
-0.004907757
-0.005025763
-0.005120919
-0.005253756
-0.005452951
-0.005688306
-0.005839995
-0.00571837
-0.00540224
-0.005153488
-0.004988204
-0.004843853
-0.004719809
-0.004360352
-0.003702922
-0.003009407
-0.002405763
-0.00178991
-0.00116537
-0.0007705778
-0.0007213865
-0.0007774079
-0.000666055
-0.0007219505
-0.001022953
-0.001237805
-0.001323059
-0.001360976
-0.001381557
-0.001391693
-0.001397875
-0.001393851
-0.001372135
-0.001322701
-0.001254509
-0.001196168
-0.001189866
-0.00128692
-0.0015511
-0.002007282
-0.002584066
-0.003110337
-0.003587175
-0.003917413
-0.004211999
-0.004566954
-0.00491993
-0.005092337
-0.005163386
-0.005207167
-0.005224975
-0.005219983
-0.005181376
-0.005102845
-0.004987194
-0.004867917
-0.004832794
-0.004971165
-0.005025557
-0.005037137
-0.005128541
-0.005359873
-0.005776936
-0.006331436
-0.006809348
-0.006849598
-0.006688807
-0.006323923
-0.006070818
-0.006075106
-0.006373146
-0.006677322
-0.006885988
-0.006889605
-0.006488163
-0.005896064
-0.005154974
-0.004395311
-0.003605475
-0.002925275
-0.002356529
-0.0016565
-0.0007786405
4.829533e-05
0.0007157885
0.001319653
0.002138771
0.003263749
0.004493591
0.005666779
0.006666504
0.007438221
0.008049918
0.008723359
0.009449717
0.009962509
0.01017783
0.01027136
0.01035507
0.01047396
0.01064497
0.01082405
0.01087881
0.01064617
0.01030663
0.009779027
0.009018949
0.008184535
0.007281987
0.006521779
0.00602728
0.005663688
0.005095897
0.004449533
0.003756234
0.003147938
0.00264171
0.002023722
0.001256569
0.000518612
0.0001839339
8.002728e-05
4.491192e-05
2.47898e-05
-4.644621e-05
-0.0002165532
-0.000502386
-0.000847266
-0.001124405
-0.001407833
-0.001850754
-0.002461418
-0.003117774
-0.003784602
-0.004376965
-0.004833723
-0.005079013
-0.005151918
-0.005171492
-0.005182239
-0.005210389
-0.005261772
-0.005316805
-0.00532512
-0.005217972
-0.004927977
-0.004436621
-0.003838784
-0.003390202
-0.003204579
-0.003098352
-0.00310902
-0.003194537
-0.003132158
-0.003009147
-0.002830895
-0.00271034
-0.002729277
-0.002815644
-0.00291825
-0.002945408
-0.002797722
-0.002660741
-0.002628563
-0.00263222
-0.002649809
-0.002644953
-0.002560993
-0.00233716
-0.001921729
-0.001340433
-0.0007476776
-0.0001946185
0.0002534559
0.0006163041
0.0009232725
0.001063113
0.001124632
0.001312658
0.001726467
0.002099462
0.002197211
0.002192376
0.002328842
0.002537734
0.002866129
0.003497775
0.004435491
0.005466682
0.006375864
0.007088427
0.007636906
0.007955144
0.008052146
0.007984445
0.007712269
0.007203797
0.006513082
0.005845714
0.005299324
0.00472233
0.004027959
0.003354968
0.002742589
0.001998837
0.001039434
5.561488e-05
-0.0007444477
-0.00129055
-0.001661526
-0.001897678
-0.00215103
-0.002357975
-0.002456851
-0.002506436
-0.002505191
-0.002445192
-0.00232706
-0.002181133
-0.002082877
-0.002165992
-0.002554604
-0.003064578
-0.003436679
-0.003744701
-0.004167803
-0.004518899
-0.004642583
-0.004830005
-0.004979359
-0.00492667
-0.004734797
-0.004430718
-0.004078521
-0.00362358
-0.003069714
-0.002676998
-0.002360653
-0.001917098
-0.001337349
-0.000750625
-0.0002761724
4.308495e-05
0.0001869333
0.0003101715
0.0004587644
0.0005986986
0.0006645599
0.0005684246
0.0004058983
0.0003548385
0.0003355293
0.0003220855
0.000317121
0.0003103447
0.0003015887
0.0002940897
0.0003007894
0.0003205257
0.0003333666
0.0003334578
0.0003356009
0.0003519723
0.000397802
0.0004857023
0.0006159901
0.0007553906
0.0008427378
0.0009820346
0.001291472
0.001533365
0.001620944
0.00167688
0.001715265
0.001725643
0.001718869
0.001698715
0.001669417
0.001646189
0.001657075
0.001742374
0.001938746
0.002255253
0.002622432
0.00286278
0.00297326
0.00304327
0.003108415
0.003195191
0.003302985
0.003381175
0.003337959
0.003324328
0.003360861
0.003258967
0.002894962
0.00248173
0.002178568
0.001801836
0.001442671
0.00122408
0.001145774
0.001046314
0.0009177666
0.0007190742
0.0005448677
0.000467453
0.0004233466
0.0004275036
0.0005147151
0.0007260247
0.00106769
0.00151903
0.0022116
0.002938734
0.003558441
0.004167046
0.004677564
0.0051655
0.005566332
0.005635243
0.005385593
0.004856915
0.004138731
0.003493971
0.002986292
0.002443719
0.001850923
0.001374066
0.0009867053
0.0007566164
0.0005385596
0.0002166523
-0.0001952954
-0.0005657127
-0.0006440613
-0.0004606115
-6.676754e-05
0.0003813154
0.0002915353
4.752981e-05
-0.0001580818
-0.0005738701
-0.001001704
-0.001468855
-0.001540515
-0.001524389
-0.001686551
-0.002125445
-0.002510973
-0.002832363
-0.003003517
-0.00321267
-0.003572396
-0.004079248
-0.004644888
-0.004988224
-0.005136695
-0.004975209
-0.004763715
-0.004346664
-0.004102811
-0.004069305
-0.00427692
-0.004383224
-0.004430412
-0.004476019
-0.004491947
-0.004489771
-0.004455837
-0.004389932
-0.004283952
-0.004156238
-0.004046887
-0.004055732
-0.004249149
-0.004248553
-0.004140758
-0.004000501
-0.003878168
-0.003783959
-0.003398803
-0.002983673
-0.00275454
-0.002633546
-0.002559051
-0.002272722
-0.001954924
-0.001727715
-0.001403689
-0.0009561742
-0.000483461
-8.725638e-05
0.0003428766
0.0007325263
0.0009661262
0.001194588
0.001421658
0.001550024
0.001546034
0.001566503
0.001470454
0.001373715
0.001173958
0.001037269
0.00082705
0.0004395463
-8.625096e-05
-0.0006171814
-0.000952071
-0.001250312
-0.001632743
-0.0020128
-0.002467333
-0.002926802
-0.003337458
-0.003767259
-0.004081953
-0.004215943
-0.004261468
-0.004216056
-0.004036758
-0.003706403
-0.003255672
-0.002818216
-0.002443621
-0.002061854
-0.001750584
-0.001502673
-0.00110895
-0.0005044108
0.0002311938
0.001031619
0.001827528
0.002460479
0.002994845
0.00351465
0.0038792
0.00405598
0.004361513
0.004976069
0.005656914
0.006246865
0.006620498
0.00671979
0.006806133
0.006921012
0.006902953
0.006865357
0.006800112
0.00677605
0.006775844
0.00661762
0.00646014
0.006378506
0.006304551
0.006251265
0.006289271
0.006488362
0.006890695
0.007470742
0.008052403
0.008304478
0.008334591
0.008462011
0.00863101
0.008850017
0.008979897
0.008888279
0.008618368
0.008226221
0.007823651
0.007339433
0.006936114
0.006434471
0.005934092
0.005455856
0.005039606
0.004556736
0.003950173
0.003353492
0.002694783
0.002064118
0.001388833
0.0007123553
-4.087782e-05
-0.0008144125
-0.001641593
-0.002383552
-0.003009905
-0.003695462
-0.004440873
-0.005364377
-0.006408768
-0.007527416
-0.008384441
-0.008675042
-0.008676489
-0.008641473
-0.008718222
-0.008702911
-0.008698794
-0.00883785
-0.008823917
-0.008672435
-0.008496522
-0.008434709
-0.008606853
-0.008385972
-0.00779594
-0.007149764
-0.006782553
-0.006494517
-0.006083109
-0.005531763
-0.004928035
-0.004546379
-0.004428033
-0.004296588
-0.003937322
-0.003580231
-0.003194508
-0.002805971
-0.00262818
-0.002569697
-0.002567617
-0.00262144
-0.002717238
-0.002836621
-0.002925158
-0.002947888
-0.00319666
-0.003515063
-0.003714492
-0.00399771
-0.004417677
-0.004897451
-0.005278052
-0.005716592
-0.006170318
-0.006447318
-0.006709366
-0.006954827
-0.007077092
-0.006958541
-0.006846653
-0.006552909
-0.006364664
-0.006156266
-0.005827501
-0.005486529
-0.005230639
-0.004824235
-0.004143648
-0.003287537
-0.002508954
-0.001859717
-0.001213119
-0.0007309005
-0.0003097649
2.690297e-05
0.0004997124
0.0007079464
0.000592284
0.0005350784
0.0007885322
0.001129601
0.001349926
0.001644017
0.002045838
0.002456007
0.002709787
0.002988746
0.003371952
0.003740873
0.003918766
0.004068736
0.004239937
0.004373574
0.004379133
0.004225923
0.004129409
0.003911478
0.003461178
0.002782702
0.00203086
0.001490059
0.001154829
0.0008791266
0.0007070322
0.0006465549
0.000521608
0.0004918924
0.0005188807
0.000705812
0.0009014847
0.001082209
0.001269405
0.001308781
0.001336622
0.001428645
0.001632184
0.001938854
0.002238828
0.002317929
0.002094283
0.00173645
0.001453873
0.001340812
0.001332179
0.001423094
0.001640936
0.0019559
0.002282574
0.00244637
0.002487274
0.002559735
0.002780966
0.003233403
0.003920959
0.004678907
0.005445106
0.00631677
0.006983989
0.007276502
0.007461737
0.007478701
0.007303082
0.007101672
0.007016959
0.00681655
0.006294835
0.005705149
0.005143297
0.004758557
0.004539144
0.004144478
0.003658687
0.003064087
0.002762103
0.002664134
0.002628686
0.002634391
0.002637669
0.002603502
0.002503909
0.002338933
0.002152454
0.002062407
0.002193985
0.002256626
0.002507161
0.003096068
0.003570836
0.003923791
0.004371448
0.004527098
0.004811926
0.005145125
0.005693422
0.006104479
0.006247706
0.005979717
0.005500198
0.00511904
0.004734867
0.004349489
0.003836859
0.003506602
0.003319136
0.002999052
0.002581144
0.002499176
0.00274806
0.003000557
0.003063472
0.00304411
0.002999126
0.002986215
0.002991509
0.002752046
0.002427442
0.002219225
0.00216545
0.002147341
0.002105993
0.002001152
0.001777557
0.001437838
0.001057357
0.0006351765
1.12269e-05
-0.0007568941
-0.001419273
-0.001942422
-0.002613008
-0.003432394
-0.004177062
-0.004803901
-0.005537185
-0.006311649
-0.007109938
-0.007835651
-0.008399691
-0.008930758
-0.009481753
-0.009917624
-0.01021218
-0.01037949
-0.01055805
-0.01069513
-0.01080196
-0.01101755
-0.01109642
-0.01085935
-0.01031142
-0.009514822
-0.008685186
-0.007945254
-0.007591806
-0.007383052
-0.007083733
-0.006632462
-0.006058573
-0.005559902
-0.00518323
-0.005085255
-0.005175102
-0.005290025
-0.005343536
-0.005581293
-0.005885299
-0.00602276
-0.006204357
-0.006520592
-0.006961283
-0.007410017
-0.007628436
-0.007714637
-0.007625057
-0.007348903
-0.007342293
-0.00753988
-0.007453663
-0.007101172
-0.006551288
-0.006341892
-0.006210429
-0.006016583
-0.005770943
-0.005464899
-0.005082991
-0.004453701
-0.003852573
-0.003322148
-0.002993736
-0.002709163
-0.002217525
-0.001659686
-0.0009371464
-0.0001712211
0.0005066633
0.001214963
0.001695474
0.001945555
0.002083003
0.002294759
0.002780737
0.003543053
0.004482697
0.005171177
0.00558821
0.006008563
0.006442063
0.006766975
0.006938573
0.007057805
0.007098826
0.007009042
0.006994313
0.007190591
0.007502102
0.00783874
0.008307093
0.008752884
0.008993371
0.009220026
0.009636387
0.01003816
0.01024247
0.01038887
0.01035381
0.01009446
0.009805278
0.009694819
0.009733326
0.009750789
0.00958625
0.009057784
0.008075659
0.007022827
0.006129523
0.005220958
0.004414006
0.003708546
0.002931685
0.002125501
0.001246921
0.000466951
-0.000122077
-0.0006068718
-0.000914426
-0.00114627
-0.001359657
-0.001473885
-0.00139395
-0.001325847
-0.001214196
-0.001288411
-0.001522931
-0.001753134
-0.002153008
-0.002478894
-0.002669494
-0.002702309
-0.002807703
-0.002926749
-0.003204581
-0.0034093
-0.003681097
-0.004089285
-0.004475291
-0.004643172
-0.004721885
-0.004750196
-0.004681551
-0.004495205
-0.004126736
-0.003625847
-0.003174415
-0.003021589
-0.002601013
-0.002058591
-0.001660005
-0.001246554
-0.000900094
-0.0008629927
-0.0009983208
-0.00122567
-0.001463118
-0.001656365
-0.001935331
-0.00206471
-0.002127518
-0.002157465
-0.00214199
-0.002069699
-0.001889192
-0.001592779
-0.001235616
-0.0009965593
-0.001065657
-0.001330149
-0.00168491
-0.001955489
-0.001956521
-0.001813448
-0.001612318
-0.001359912
-0.0009868887
-0.000708246
-0.0004280633
-0.0001636502
-8.59495e-05
-0.0001997667
-0.0002786106
-0.0003039622
-0.0003256439
-0.0002748999
-0.0001985846
-4.214102e-05
0.0001334118
0.000303866
0.0003447944
0.0003927854
0.0005555589
0.0008905527
0.001408054
0.001989677
0.002557718
0.00309291
0.003370136
0.003295448
0.003205302
0.003262713
0.003446346
0.003771179
0.004173457
0.004476457
0.004672315
0.004818963
0.004872218
0.004737534
0.004336104
0.003948972
0.003827071
0.003814061
0.003694029
0.00358274
0.00350556
0.003336469
0.003031639
0.002615437
0.002224832
0.002114349
0.002225397
0.002103158
0.001709693
0.001508593
0.001667328
0.001948547
0.002028641
0.001588099
0.001042812
0.0006470778
0.0003285776
0.0001472559
-0.0001030924
-0.0002452534
-0.0003183816
-0.000434596
-0.0005775173
-0.0006880623
-0.0006509155
-0.0003081985
0.0004189583
0.001021201
0.001323302
0.001402137
0.001191654
0.001091456
0.001042067
0.001015362
0.001044625
0.001108457
0.001185105
0.001212019
0.001119256
0.0008573906
0.0004120533
-0.0001432287
-0.0006218472
-0.001109104
-0.001613363
-0.002325335
-0.0032285
-0.004016094
-0.004349076
-0.004468269
-0.004659132
-0.00480927
-0.005147585
-0.005666556
-0.005931399
-0.005896161
-0.00575484
-0.005461218
-0.004787512
-0.004046357
-0.003477408
-0.002749801
-0.001825744
-0.000949017
-0.0003267277
0.0002423388
0.0006683908
0.001051768
0.001695069
0.002381901
0.002926182
0.003414593
0.003944504
0.004401476
0.004714011
0.004944497
0.005008133
0.004942986
0.005050563
0.005361927
0.005584417
0.005588535
0.005441392
0.00515387
0.004786331
0.004479355
0.004240433
0.003900006
0.003406082
0.002819243
0.002134415
0.001297819
0.0005158341
-0.0001504294
-0.0009297412
-0.001731915
-0.002415524
-0.003067427
-0.003758281
-0.004489345
-0.005274494
-0.005849757
-0.006122666
-0.006357646
-0.006603589
-0.006803607
-0.006844004
-0.006747086
-0.006790897
-0.007016848
-0.007175944
-0.007197546
-0.007026281
-0.006497719
-0.005838929
-0.005416595
-0.005334621
-0.005275554
-0.005059163
-0.004835407
-0.004659805
-0.004478208
-0.004349879
-0.004375564
-0.004366164
-0.003980341
-0.003245582
-0.002478729
-0.00187666
-0.001435478
-0.001209001
-0.00111615
-0.0009769006
-0.0006906871
-0.0002240864
0.0003336977
0.0007316915
0.000869729
0.0009642764
0.001040997
0.00117693
0.001344403
0.001570217
0.001996003
0.002360593
0.002661817
0.002857092
0.002860885
0.002723542
0.002453701
0.002101186
0.001779439
0.001402989
0.0008293918
9.91806e-05
-0.0005582696
-0.0009673808
-0.001189853
-0.001286931
-0.001231134
-0.001264116
-0.001514695
-0.001866723
-0.002174887
-0.002473715
-0.002850449
-0.003233507
-0.003457871
-0.003611792
-0.003708394
-0.003356616
-0.002834399
-0.002332985
-0.002041403
-0.001991588
-0.00217406
-0.002273917
-0.002223148
-0.00204224
-0.001710989
-0.001330148
-0.00105723
-0.0007656128
-0.0003351519
0.0001563423
0.0005473868
0.0008853689
0.001145615
0.001164849
0.001125629
0.001249237
0.001697129
0.002208196
0.002700745
0.003026404
0.00323227
0.003343074
0.003307159
0.003404075
0.003572222
0.003650036
0.003826705
0.003925722
0.004029316
0.004298445
0.004757701
0.00503084
0.005283252
0.005405369
0.005458265
0.005587038
0.005821218
0.006162003
0.006501084
0.006653288
0.006712
0.006786117
0.006926773
0.007173948
0.007504198
0.007786723
0.007844749
0.007894865
0.008018583
0.007800979
0.00731568
0.006699628
0.006153629
0.005644552
0.005314049
0.005025121
0.004779511
0.004685576
0.004408201
0.003823167
0.003385639
0.003146671
0.002842408
0.002396729
0.001789906
0.001176465
0.0008177549
0.0002780692
-0.000213558
-0.000692161
-0.001116357
-0.001664203
-0.002317723
-0.002842276
-0.003312457
-0.003615903
-0.003954021
-0.004356743
-0.004763084
-0.005406882
-0.005859506
-0.006008272
-0.006084826
-0.006134979
-0.006188501
-0.006210156
-0.006154939
-0.005991677
-0.005713557
-0.00536305
-0.00510832
-0.005180658
-0.005411611
-0.00563949
-0.005797709
-0.005947992
-0.005838808
-0.005557897
-0.005224661
-0.004991395
-0.005030381
-0.005165283
-0.005266577
-0.005300559
-0.005462968
-0.005478159
-0.005200477
-0.004913469
-0.004816202
-0.004792702
-0.004797326
-0.004769518
-0.004626718
-0.004298367
-0.003788877
-0.003224984
-0.002683432
-0.002135882
-0.001558214
-0.0008248654
0.0001579349
0.001275946
0.002215955
0.00308009
0.003871172
0.004444652
0.004940393
0.005436778
0.00578431
0.005959284
0.006006414
0.00614031
0.006396366
0.006578714
0.006720904
0.00666362
0.006301583
0.005770692
0.005272291
0.004877202
0.004633362
0.004438271
0.00409669
0.003519577
0.002757721
0.002053131
0.001493651
0.0009785448
0.0005415673
6.611518e-05
-0.0001036523
0.0002110814
0.0007341014
0.00111688
0.001303078
0.001526881
0.001624489
0.00169076
0.001891837
0.002298456
0.002912449
0.003554546
0.003869152
0.003803688
0.003663729
0.003642819
0.003482092
0.003042626
0.002706443
0.002439507
0.002292144
0.002035622
0.001954173
0.00193131
0.001858932
0.001725281
0.001489528
0.001205538
0.000923658
0.0003849276
-0.0001001281
-0.0005243353
-0.0008812756
-0.001304465
-0.001815526
-0.002354459
-0.002967935
-0.003315176
-0.003648604
-0.004023475
-0.004321571
-0.004468673
-0.00464939
-0.00494588
-0.005339397
-0.005722089
-0.005967536
-0.006196795
-0.006398862
-0.006489496
-0.006459129
-0.00647117
-0.006343114
-0.006149679
-0.005776399
-0.005422605
-0.005023729
-0.004620012
-0.004323406
-0.004008319
-0.003735488
-0.00365811
-0.003801155
-0.003947059
-0.004079965
-0.004174539
-0.004074513
-0.003906579
-0.003822195
-0.003804704
-0.003814175
-0.003892614
-0.003979074
-0.004049661
-0.003979241
-0.003684851
-0.003066051
-0.002392402
-0.001893655
-0.001478121
-0.001052867
-0.0006771182
-0.0003487993
9.175802e-05
0.0006072489
0.001002234
0.00113931
0.001267937
0.001432141
0.001456709
0.001429931
0.001326106
0.001184529
0.001019595
0.0009666771
0.001119208
0.001368211
0.001595559
0.001609925
0.001478437
0.001394135
0.001296086
0.001271445
0.001345443
0.001357306
0.001455138
0.001659544
0.002043233
0.002520178
0.002980736
0.003375237
0.003738453
0.003869982
0.003846287
0.003784748
0.003851862
0.004117396
0.004412149
0.004530594
0.004509225
0.004466447
0.004504228
0.004697156
0.004737243
0.00458046
0.004259106
0.003814738
0.003394702
0.002897483
0.002363412
0.00199833
0.00179106
0.001747184
0.001638505
0.001531441
0.001294163
0.001083018
0.0008792768
0.0006082178
0.0003639824
0.0002432183
0.0001091013
0.0001481776
0.0003112662
0.0004436901
0.0007723344
0.001132412
0.001525675
0.001593995
0.00151389
0.001242105
0.0009945128
0.0008032917
0.0006642146
0.0006954793
0.0009806859
0.001226906
0.001379772
0.001409434
0.001178971
0.0006207457
0.0001229214
-0.000108346
-0.0002058977
-0.0002346336
-0.0002198233
-0.0002156646
-0.0002729084
-0.0003912657
-0.0005354635
-0.0006173184
-0.0005450833
-0.0005735165
-0.0006310583
-0.0005880737
-0.0007089118
-0.0008923431
-0.00094526
-0.001017236
-0.0009173635
-0.0007610858
-0.0007613872
-0.0007513852
-0.0008748876
-0.001028058
-0.00132828
-0.001897308
-0.002315776
-0.002377467
-0.002216291
-0.001959792
-0.001737187
-0.001763408
-0.001880032
-0.001832274
-0.001360356
-0.0006517506
-7.404784e-05
0.0002334793
0.0003646688
0.0003831937
0.0006570566
0.001211064
0.001851447
0.0022546
0.002311501
0.00225866
0.002287746
0.002253507
0.002334192
0.002460525
0.002756956
0.003053503
0.003354884
0.003684223
0.003940439
0.004304412
0.004548974
0.004666403
0.004708837
0.004972287
0.005419021
0.005850762
0.006354456
0.006877858
0.007190786
0.007289323
0.007110632
0.006560132
0.005992407
0.005558418
0.005098972
0.004595775
0.004168895
0.003700398
0.003183493
0.002787881
0.002471038
0.002233215
0.001876922
0.001581956
0.001331143
0.001089873
0.000992912
0.001186506
0.001452842
0.001465499
0.001293931
0.001048671
0.0008065915
0.0003826284
2.098569e-05
-0.0002203738
-0.0002993123
-0.0004188151
-0.0004891598
-0.0006274908
-0.0006826343
-0.000731411
-0.0009554736
-0.001416024
-0.002132176
-0.002925991
-0.003466003
-0.003938296
-0.004472655
-0.004984512
-0.005650719
-0.006485928
-0.007264564
-0.007894641
-0.008466105
-0.008900211
-0.009341717
-0.009779149
-0.01034899
-0.01063017
-0.010458
-0.0101578
-0.009942876
-0.009641065
-0.009216009
-0.008780004
-0.008509549
-0.008263019
-0.008034896
-0.007936232
-0.008065497
-0.008159001
-0.008373219
-0.008399384
-0.008319398
-0.008251939
-0.008262122
-0.008445484
-0.008408516
-0.008302826
-0.008233938
-0.008277981
-0.008495098
-0.008488576
-0.008308719
-0.007994989
-0.007580722
-0.007212824
-0.006653743
-0.005881597
-0.00502463
-0.00400413
-0.003078806
-0.002357112
-0.001774578
-0.001106455
-0.0003969109
8.877705e-05
0.0007972223
0.001402493
0.001861623
0.002422988
0.003038797
0.003510048
0.003911536
0.00413812
0.00439114
0.004722689
0.005070884
0.005335827
0.005700234
0.005751789
0.005512963
0.005447305
0.005478693
0.005568417
0.005705527
0.005846361
0.005851139
0.005627378
0.005541622
0.005524054
0.005513934
0.005511264
0.005513203
0.005481263
0.005407561
0.005292118
0.005112746
0.004942071
0.004840656
0.004453028
0.003904574
0.00312512
0.002640669
0.002253197
0.001990062
0.002044831
0.002110043
0.001957007
0.001441172
0.0009295306
0.0004286719
2.280242e-05
-0.0003617562
-0.0006408529
-0.0006648284
-0.0006195954
-0.0006049519
-0.000687932
-0.0009002412
-0.0008523001
-0.0005870577
-0.0005944946
-0.0007257776
-0.0006243317
-0.0003786661
-5.680582e-05
0.0002333023
0.0004170819
0.0007069484
0.001187508
0.001833935
0.002481827
0.002850947
0.002919195
0.00290443
0.002919214
0.002937394
0.002680205
0.00227703
0.001905949
0.00170125
0.001579097
0.00145556
0.001072532
0.0006224134
0.0002919432
3.542118e-07
-0.0001336115
-2.712083e-05
5.29102e-05
-1.444066e-05
-9.211547e-05
-0.0003028821
-0.000355551
-0.0001555503
-0.000102811
6.804695e-05
0.0001509254
-1.040027e-05
-0.0001391447
-0.0001133151
-0.000120371
-0.0001760041
-3.672276e-05
8.92997e-05
9.364973e-05
0.0001388481
7.05968e-05
7.508494e-06
-0.000132204
-0.0001862515
-0.0002777858
-0.0003858379
-0.0001498344
0.0003526534
0.00100581
0.001672836
0.002350369
0.002890845
0.003271005
0.003400576
0.003430222
0.003427817
0.003393476
0.003338784
0.003248904
0.003127303
0.002989994
0.002769143
0.002197975
0.001532207
0.001062672
0.0007578014
0.0004442416
0.0001403916
-3.253208e-05
-1.31554e-06
-4.432057e-06
-0.0002354983
-0.0007182276
-0.001162728
-0.001523987
-0.001714237
-0.001853482
-0.001981402
-0.002049174
-0.001977777
-0.001613167
-0.0009785101
-0.000465324
-0.0001329472
0.000139617
0.000262425
0.0002030241
0.0001331965
-4.686207e-05
-0.0001737764
-0.0002912378
-0.0001479464
0.000176442
0.0005184607
0.0006810944
0.0004474094
0.0001295243
0.0001356235
0.0001964246
0.0001496009
0.0002279763
0.0002106611
0.000248697
0.0001501578
0.0001415988
5.988778e-05
0.0001659327
0.0002712569
0.0002066379
0.00023713
0.000118104
0.0001297384
7.703348e-05
-0.000185856
-0.0002446114
-0.0002252485
-0.000171464
-0.0001331684
-0.0002150242
-0.0004837455
-0.0009891897
-0.001664241
-0.002314682
-0.002985904
-0.003507284
-0.00391928
-0.004122942
-0.004342104
-0.004670396
-0.005030795
-0.005327883
-0.005719657
-0.005770867
-0.005450292
-0.005183388
-0.004885762
-0.004576695
-0.00396663
-0.003341635
-0.002696642
-0.002202534
-0.001741665
-0.0009613526
-0.0002171503
0.0003775635
0.0005403659
0.0006802079
0.001099185
0.001875835
0.002550018
0.002911788
0.003002837
0.002638306
0.002145985
0.00188203
0.00180241
0.001563952
0.001358837
0.0009710255
0.0007134058
0.0005800981
0.0005881576
0.0004366932
0.0003253523
0.0004658139
0.0005302488
0.0002974061
3.815395e-05
-5.935264e-07
-2.91693e-05
-8.641625e-05
0.0002323158
0.0003252814
7.009369e-05
-0.0001613064
-0.0005185564
-0.0005060671
-8.983804e-05
0.0002654355
0.0001603255
4.697933e-05
0.0002676497
0.0006068167
0.0008904817
0.0009107951
0.0008327325
0.0007461618
0.0007620218
0.0009720614
0.001012933
0.0009681782
0.000892973
0.0007984587
0.0007246818
0.0002819895
-0.000323136
-0.0007440318
-0.0005654388
-0.0002047551
-9.714558e-07
0.0001354973
0.0001152073
-0.000139428
-0.0002188851
-0.0001520844
1.050287e-06
-0.0001750751
-0.000210523
-0.0001159192
5.487082e-05
0.000332073
0.0006032208
0.0007541167
0.0009768225
0.0009439172
0.0007419103
0.0004961835
0.0003204212
0.000417355
0.0005016988
0.0003867242
0.0002973505
1.62757e-05
-0.0001729838
-0.0003129711
-0.0004523736
-0.0004486727
-0.0002391094
-0.0001702246
-0.0001440377
-6.59539e-05
6.842765e-05
0.0002728164
0.0004701819
0.0006120988
0.0009772194
0.001334493
0.001841212
0.002563143
0.003224161
0.003504712
0.003740031
0.004102215
0.004564513
0.005055679
0.00524797
0.004775951
0.004170143
0.003973483
0.003857915
0.003788791
0.003766924
0.003789182
0.003808093
0.003810479
0.003767951
0.003681984
0.003543093
0.003388615
0.003284473
0.003303597
0.003100397
0.002829005
0.002292754
0.001803212
0.001401409
0.001241209
0.001195586
0.001193611
0.001231435
0.001267135
0.001270759
0.001195557
0.001005228
0.0006876771
0.0003046314
-0.0001045253
-0.0007173334
-0.001141252
-0.001250376
-0.001273774
-0.001295418
-0.001390223
-0.00162916
-0.002031699
-0.002519335
-0.002999159
-0.003454043
-0.003539527
-0.003528536
-0.003643854
-0.003886356
-0.004005474
-0.004049475
-0.004002743
-0.003772154
-0.003328046
-0.002703926
-0.002106497
-0.001799422
-0.001736993
-0.001613813
-0.001207915
-0.0005156989
6.622322e-05
0.0004526545
0.0006963361
0.0007728377
0.0008290748
0.0007164509
0.0006620563
0.0007854325
0.0009100572
0.001138548
0.001236715
0.00129348
0.001359825
0.00142311
0.00147616
0.001471827
0.001346372
0.001030156
0.0006412569
0.0005133924
0.0003117993
-4.964309e-05
-0.0002766606
-0.0004366465
-0.0004715516
-0.0003677808
-0.0004743396
-0.001012648
-0.001744536
-0.002431902
-0.002969231
-0.003091575
-0.002858281
-0.002653426
-0.00272033
-0.002976984
-0.003329995
-0.003570431
-0.003475103
-0.00314705
-0.002694161
-0.002367262
-0.002438813
-0.002753252
-0.002907681
-0.002831809
-0.002497001
-0.002132456
-0.001700756
-0.001320793
-0.001170837
-0.001137949
-0.001216278
-0.001423873
-0.001744007
-0.002103327
-0.002460378
-0.002886944
-0.003175261
-0.003475101
-0.003890577
-0.00427782
-0.004689836
-0.005209102
-0.005805617
-0.00619509
-0.006415078
-0.006620183
-0.006824495
-0.007007256
-0.007274076
-0.007693052
-0.007911614
-0.007701639
-0.007265201
-0.006853756
-0.006513464
-0.006247239
-0.005908238
-0.005458183
-0.004975962
-0.004460113
-0.003824717
-0.003203272
-0.002724521
-0.002239149
-0.00173976
-0.001280593
-0.0007202389
-0.0002059936
0.0002021621
0.0004872218
0.0007226104
0.0008867882
0.00106229
0.001357473
0.00170333
0.002237498
0.002932404
0.003560492
0.003903683
0.004031214
0.004130226
0.00429657
0.00458962
0.005006816
0.005435058
0.005835094
0.006281076
0.006681241
0.00700039
0.007352762
0.007677593
0.007792477
0.007627273
0.007363804
0.0071984
0.007180378
0.007138749
0.006943844
0.006673727
0.006520317
0.006443197
0.006282334
0.005886077
0.005452405
0.005066451
0.004674929
0.004410999
0.004319311
0.004249725
0.004132216
0.003936938
0.00368147
0.003452482
0.003228363
0.003012522
0.002981275
0.003074992
0.003267746
0.003522948
0.00373884
0.003945896
0.004161315
0.004242418
0.004277123
0.004299064
0.00429502
0.004255739
0.004158433
0.003992832
0.003780696
0.003586488
0.003340615
0.002999468
0.002711772
0.002413882
0.001981745
0.001559362
0.001547103
0.00166069
0.001616124
0.00146042
0.001187404
0.0008333804
0.0003337622
-0.0003009258
-0.0007960735
-0.001164934
-0.001524523
-0.002001986
-0.00266218
-0.003124546
-0.003256659
-0.003328229
-0.003462183
-0.003739757
-0.004204247
-0.004790398
-0.00545923
-0.00602508
-0.006208573
-0.006119966
-0.005770645
-0.005384892
-0.005369592
-0.005678873
-0.006025296
-0.006275366
-0.006443068
-0.006407439
-0.006024066
-0.005417534
-0.004901317
-0.004636249
-0.004736303
-0.004925153
-0.00485327
-0.004461796
-0.003900403
-0.003498418
-0.003259156
-0.003085381
-0.003000867
-0.002860318
-0.00249223
-0.002097543
-0.001952727
-0.00204145
-0.002086787
-0.002125976
-0.002154657
-0.002118957
-0.001991192
-0.001758144
-0.001465657
-0.001238731
-0.001290741
-0.001677618
-0.002150889
-0.002396601
-0.002388588
-0.002350369
-0.002374195
-0.00263322
-0.002994862
-0.003236239
-0.003252537
-0.003098365
-0.00279879
-0.00242399
-0.002158296
-0.002053293
-0.00195504
-0.001777479
-0.001501488
-0.001178028
-0.0009560342
-0.0008650759
-0.0007448201
-0.0004980689
-8.292059e-05
0.000470965
0.0009813244
0.001320519
0.001661082
0.002087851
0.002458676
0.002827583
0.003292956
0.003855122
0.004278103
0.004655426
0.00517685
0.005815355
0.00636502
0.006630998
0.006697382
0.00656497
0.006111936
0.005570648
0.00507915
0.004646793
0.004282739
0.003870959
0.003457613
0.003237191
0.003297757
0.003331239
0.003013833
0.00236035
0.001490804
0.0007763387
0.0006661101
0.001119439
0.001630026
0.002053174
0.00263113
0.003366127
0.004077133
0.004602025
0.005022293
0.005454001
0.005808514
0.006080839
0.006425706
0.006816988
0.007072097
0.00710584
0.007003113
0.00679608
0.006519376
0.006083241
0.00542016
0.004710647
0.004039824
0.003526388
0.003060384
0.002487704
0.001861931
0.001216338
0.0005085038
-0.0002579959
-0.001088313
-0.001897639
-0.002572048
-0.002919378
-0.002993656
-0.002973469
-0.002944935
-0.002996
-0.003191149
-0.003535623
-0.003946427
-0.004229582
-0.004274722
-0.004160464
-0.003915153
-0.003625609
-0.003479919
-0.003517975
-0.003556778
-0.003648474
-0.003883546
-0.003994153
-0.003887096
-0.003747545
-0.003728748
-0.003811416
-0.00393462
-0.004290826
-0.00476419
-0.005033013
-0.004961435
-0.00453804
-0.004049994
-0.003683321
-0.003461588
-0.003347631
-0.003301596
-0.003394996
-0.003399597
-0.003106816
-0.002561179
-0.001959135
-0.001370845
-0.0008997782
-0.0006015499
-0.0004774104
-0.0003656368
-0.0001608604
0.0001942757
0.0006785672
0.001135673
0.001460388
0.001676111
0.00186761
0.002079347
0.002188034
0.002291743
0.002421081
0.002529143
0.002538371
0.002337973
0.00203669
0.001859826
0.001807348
0.001749759
0.001550952
0.001374288
0.001200254
0.0007875443
0.0002476599
-0.0001292555
-0.0004116811
-0.0007818751
-0.001245999
-0.001701707
-0.002101801
-0.002503351
-0.002776521
-0.002869197
-0.002913907
-0.002965428
-0.003044695
-0.003162318
-0.003276728
-0.003315107
-0.003362693
-0.003540172
-0.003623049
-0.00337777
-0.002792138
-0.002195487
-0.001843594
-0.00168777
-0.00157549
-0.001449198
-0.001283783
-0.001102265
-0.0009855673
-0.0008833738
-0.0007121681
-0.0005163105
-0.0003089035
-0.0002607567
-0.0003408996
-0.0005428426
-0.0008560559
-0.001170901
-0.001292379
-0.00114021
-0.0008795832
-0.0006840782
-0.0006714523
-0.0006372834
-0.0005241519
-0.0005493758
-0.0005227886
-0.000419456
-0.000512852
-0.0006574117
-0.0007075924
-0.0006415795
-0.0006390645
-0.0005027324
-0.0002167037
-9.094255e-05
-8.919463e-05
-0.0002247036
-0.0005296089
-0.0009648364
-0.001380098
-0.001479994
-0.00111053
-0.0007226127
-0.0004357939
-0.0003924017
-0.0004883086
-0.0006009648
-0.0006404893
-0.0005681018
-0.0005763281
-0.0004591234
-0.0001894596
-5.248301e-05
3.138925e-05
6.725037e-05
0.0001029996
0.0004522861
0.0009670665
0.001400088
0.001627421
0.001974226
0.002237016
0.002264905
0.002271374
0.002358571
0.002590881
0.002999485
0.003528568
0.004097241
0.004681981
0.00490401
0.004971215
0.004962981
0.00485317
0.004675118
0.00448638
0.004273425
0.003821439
0.003301099
0.002768707
0.002586503
0.002539377
0.002515074
0.002497228
0.002422052
0.002274972
0.002051734
0.001810658
0.001709762
0.001859835
0.00200343
0.002021855
0.0021384
0.002375524
0.002454882
0.002472803
0.002466151
0.002429972
0.002387267
0.002366527
0.002413838
0.002574996
0.002875547
0.003276444
0.003628684
0.003777581
0.00382668
0.003783186
0.003613992
0.003321566
0.002950062
0.002642771
0.002517386
0.002414589
0.002254211
0.002021488
0.001736772
0.001390672
0.0008315126
0.0003376067
-2.764373e-05
-0.0001693359
-0.0002208115
-0.0002299505
-0.0002078862
-0.0001683415
-0.0001346129
-0.0001369836
-0.0001686569
-0.000237067
-0.0003347299
-0.0004414154
-0.000502449
-0.0004376164
-0.0002818784
-0.0003402349
-0.000534049
-0.0007812621
-0.0009657173
-0.0009901696
-0.0009531976
-0.0006581966
-0.0003435472
-0.0002122482
-0.0001425553
-0.0001320131
-0.0002003333
-0.0003568705
-0.0005860387
-0.0008268635
-0.0009447055
-0.000873216
-0.0007562457
-0.000476175
-0.0003307581
-0.0005798689
-0.001082385
-0.001684277
-0.002184933
-0.002555617
-0.002687162
-0.002722157
-0.002727265
-0.002725229
-0.002735678
-0.002753197
-0.002742618
-0.002630933
-0.002356757
-0.001917583
-0.001412768
-0.0009705427
-0.0006430161
-0.0007958073
-0.001124309
-0.001287957
-0.001050763
-0.0004699783
0.0001820061
0.0003513367
0.0001760658
7.94904e-05
0.0002892713
0.0007171833
0.001207549
0.001460618
0.001223363
0.0008020663
0.0001082316
-0.0007736998
-0.001601637
-0.00225128
-0.002547604
-0.002846024
-0.003321832
-0.003975304
-0.004664047
-0.005107826
-0.005307728
-0.005429437
-0.005527584
-0.005633172
-0.005755296
-0.0058363
-0.005774393
-0.005559097
-0.005441728
-0.005284221
-0.005037023
-0.00476457
-0.004434157
-0.00390956
-0.003461772
-0.003144476
-0.003031683
-0.002980763
-0.002896787
-0.002752055
-0.002511067
-0.00219954
-0.001926541
-0.001796153
-0.001608446
-0.001401694
-0.001525474
-0.001824048
-0.001877901
-0.001653386
-0.001176808
-0.0007682956
-0.0005282656
-0.0005528288
-0.0006694123
-0.000702765
-0.0005754821
-0.0004360971
-0.0002176302
-0.000174898
-0.0002617393
-0.0004177628
-0.0005856375
-0.0006307698
-0.000496103
-0.0003454594
-0.0001169982
-3.381382e-05
-4.361898e-05
-5.940712e-05
-5.21576e-05
6.163041e-05
0.0003342499
0.000818749
0.001417664
0.00186584
0.00200643
0.002045197
0.0019671
0.001844137
0.001729178
0.00176538
0.001799447
0.001673892
0.001266091
0.0007222621
0.0004037611
0.0003001255
0.0002656928
0.0002745905
0.000295584
0.0002938938
0.0002583869
0.0002187654
0.0002209123
0.0003297693
0.0006026893
0.001056516
0.001593944
0.001986972
0.002248204
0.002594364
0.002992572
0.003366923
0.003451276
0.003355152
0.003221895
0.003085383
0.003124852
0.003253504
0.003378894
0.003398099
0.003361139
0.003370563
0.003258646
0.00312767
0.003176347
0.003304636
0.003427554
0.003445711
0.003240247
0.002909762
0.002673569
0.002557422
0.002680622
0.00299082
0.003114527
0.002885671
0.002589856
0.002583305
0.002766854
0.002845587
0.002754328
0.002467643
0.001888525
0.00133142
0.001052135
0.0009672085
0.0008638663
0.0006139813
0.0001479544
-0.0005127188
-0.001169286
-0.001600332
-0.001833067
-0.001964516
-0.001960152
-0.001956774
-0.002139103
-0.002349622
-0.002398339
-0.002250334
-0.002078227
-0.001873426
-0.001625317
-0.001507563
-0.001462334
-0.001475921
-0.001550446
-0.001670049
-0.001805609
-0.001883485
-0.001808956
-0.00167558
-0.001655034
-0.00164512
-0.001577403
-0.001422464
-0.001349179
-0.001418869
-0.001346469
-0.00116038
-0.0008859049
-0.000566733
-0.0001637354
0.0003109731
0.0006158132
0.0008500193
0.001037633
0.001029827
0.0009338066
0.000824661
0.0007832279
0.0009176343
0.00113394
0.001255853
0.001334414
0.001345648
0.001220224
0.0009151349
0.0004300447
-0.0001321695
-0.0005340875
-0.0005677721
-0.0003866306
-0.0001526447
0.0002327111
0.0005279098
0.0003145555
-0.0003376793
-0.001049138
-0.001532995
-0.001686485
-0.001524435
-0.001306112
-0.001203901
-0.001270627
-0.001598692
-0.002212062
-0.002983919
-0.003584463
-0.003759145
-0.003542944
-0.003051541
-0.002451234
-0.002038385
-0.001953304
-0.001975102
-0.001822091
-0.001573921
-0.001484431
-0.001541363
-0.001622674
-0.00162959
-0.001461008
-0.001295743
-0.001228364
-0.001204321
-0.001212578
-0.001235297
-0.001269066
-0.001310511
-0.00134065
-0.001324315
-0.001217378
-0.0009802533
-0.0005893595
-0.0001015111
0.0003080466
0.0006084937
0.0007871738
0.0007203682
0.0006165517
0.0007539146
0.0009567923
0.0009784815
0.000934527
0.000983149
0.001220349
0.001412006
0.00158412
0.001768251
0.001889621
0.001865026
0.001963778
0.00209809
0.002457372
0.002848477
0.00290714
0.002956019
0.003035294
0.003380445
0.003525159
0.003197636
0.002986639
0.003199694
0.003641365
0.003708582
0.003408053
0.002866695
0.002254529
0.001898814
0.001573916
0.001428415
0.001434468
0.001491554
0.001565069
0.001603672
0.001547888
0.001393293
0.00160084
0.002129768
0.0028674
0.003535501
0.003647406
0.003478593
0.003180272
0.002851111
0.002350286
0.00207579
0.002028224
0.001844743
0.001735101
0.001487294
0.001395116
0.001371411
0.0013506
0.001353683
0.001355795
0.001354401
0.00133244
0.001324055
0.001318234
0.001317592
0.001320952
0.001329429
0.001336058
0.001335272
0.001315402
0.001270527
0.001197973
0.001113949
0.001048427
0.001076146
0.001258937
0.001210423
0.0009988935
0.0006648711
0.0002719947
6.312148e-06
-0.000316183
-0.0007204791
-0.001088533
-0.001223163
-0.001272134
-0.001278538
-0.00122977
-0.001134021
-0.001001991
-0.0008755869
-0.0008493965
-0.001001949
-0.0009903285
-0.0009434182
-0.0009938437
-0.001176877
-0.0012145
-0.001162431
-0.001071487
-0.0009422379
-0.0008563492
-0.0009071152
-0.001102617
-0.001169784
-0.00119946
-0.001219542
-0.001223943
-0.001217749
-0.001204541
-0.001182588
-0.001154715
-0.001122327
-0.001101272
-0.001101083
-0.001116993
-0.0011398
-0.001162712
-0.001170899
-0.001176737
-0.001177274
-0.001172929
-0.001156952
-0.001131085
-0.001094908
-0.00106405
-0.001056723
-0.001094591
-0.001158196
-0.001226658
-0.001269187
-0.001228049
-0.001020187
-0.000589773
4.865734e-05
0.0007159848
0.001147661
0.001329761
0.001425095
0.001457697
0.001429758
0.001348004
0.00121339
0.00102835
0.0008342606
0.0006889993
0.0005539218
0.0002893881
5.049993e-06
-0.0004119329
-0.0008181636
-0.0009317178
-0.000964527
-0.001013721
-0.001092292
-0.001236725
-0.001427654
-0.00160031
-0.001726162
-0.001949762
-0.002095976
-0.002319708
-0.002574443
-0.002499542
-0.002216049
-0.002003957
-0.001804994
-0.001666156
-0.001716867
-0.001986624
-0.002248673
-0.002571445
-0.002899872
-0.003045892
-0.00288105
-0.002556497
-0.002213358
-0.001983099
-0.001769045
-0.001564535
-0.001415362
-0.001294068
-0.001015278
-0.0007125121
-0.0002791104
0.0002923118
0.0007829617
0.001049771
0.001330742
0.001480835
0.001594518
0.001727983
0.001838759
0.002004562
0.002436435
0.002907152
0.003163084
0.003165747
0.002836404
0.002428051
0.002151126
0.001986063
0.001905977
0.001731839
0.001543839
0.00126557
0.001129038
0.001142231
0.001227097
0.001137803
0.0008997817
0.0005787305
0.0002706573
0.0001080347
-2.49883e-05
-0.0001335781
-0.0001816637
-0.0002166591
-0.0004649845
-0.0007345984
-0.0008846523
-0.001029569
-0.001174711
-0.001277341
-0.001239749
-0.001063278
-0.0009623984
-0.0008421579
-0.000661421
-0.0004521464
-0.0002803056
-0.0001714599
1.205758e-05
9.229963e-05
0.0001647883
0.0002859673
0.0004350357
0.0005665478
0.0005633863
0.0003802466
0.0001616152
-0.0002283152
-0.0007230017
-0.001007944
-0.001301867
-0.001629026
-0.001977577
-0.002457783
-0.002815833
-0.00303949
-0.00327959
-0.003526604
-0.003798534
-0.004227212
-0.004583285
-0.004817778
-0.004855551
-0.004785526
-0.004669732
-0.004543758
-0.004484501
-0.004543091
-0.004674912
-0.004597588
-0.004319924
-0.003842908
-0.00321773
-0.002679951
-0.002453617
-0.002345737
-0.002287444
-0.002250848
-0.002186346
-0.00205928
-0.001850637
-0.001580007
-0.001329615
-0.001172152
-0.00105517
-0.001062691
-0.0009040891
-0.000801194
-0.0007223677
-0.0006067338
-0.0004728396
-0.0003325876
-0.0002350867
-0.0002326333
-0.0003153874
-0.0002566109
-0.0001188383
6.353865e-05
0.0002406955
0.0004053719
0.0006788989
0.0009350901
0.001255739
0.001655847
0.002014126
0.002195272
0.002312661
0.002564946
0.002788115
0.002867606
0.002908035
0.002935689
0.00295615
0.002980299
0.003012575
0.003043861
0.003050923
0.003040355
0.002999018
0.002922303
0.002831098
0.002766918
0.002788446
0.00287809
0.002840668
0.002761607
0.002711432
0.002752716
0.002883637
0.002914312
0.002913206
0.002906446
0.002884551
0.002855518
0.002819044
0.002782666
0.002750815
0.002734622
0.002740362
0.00277084
0.002809443
0.002819896
0.002750129
0.002553949
0.002199882
0.001726181
0.001280375
0.001007812
0.00089204
0.000847466
0.0008370122
0.000843636
0.0008524618
0.0008567368
0.0008491988
0.0008303948
0.0008129139
0.0008072088
0.0008080641
0.000797123
0.0007622783
0.000699694
0.0006101036
0.0005211604
0.0004760337
0.0005369573
0.0006456394
0.0006896367
0.0007143864
0.0007367695
0.0007332009
0.0006680951
0.0005002028
0.0002106277
-0.0001685816
-0.0005121342
-0.0007123761
-0.0008356875
-0.001014016
-0.001296339
-0.001661543
-0.001975962
-0.002104994
-0.002095599
-0.002077726
-0.002125834
-0.002194267
-0.002197724
-0.002191868
-0.002193776
-0.002201868
-0.00221202
-0.002206527
-0.002154624
-0.002020157
-0.001778504
-0.001451085
-0.001130286
-0.0008962741
-0.0007764606
-0.0007761683
-0.00079095
-0.0007424427
-0.0006680518
-0.0006419705
-0.0005978378
-0.000495834
-0.000320233
-7.979044e-05
0.0001609684
0.0003738364
0.0005841021
0.0007257313
0.0007690937
0.0007791395
0.0007746078
0.0007612337
0.0007463844
0.0007354294
0.0007363075
0.0007660267
0.0008496847
0.0009966065
0.001181335
0.001329486
0.00140985
0.001468837
0.001495419
0.001457351
0.001422759
0.00142258
0.001376585
0.001331654
0.001332584
0.001310173
0.001208337
0.0009934402
0.0007870191
0.0006937878
0.0006430363
0.0005501214
0.0004928778
0.0005012707
0.0005248388
0.0005287344
0.0004705599
0.0003146986
5.246579e-05
-0.0002694938
-0.000533151
-0.0006653482
-0.000710554
-0.0007207154
-0.0007125388
-0.0006964497
-0.0006780267
-0.0006593567
-0.0006426606
-0.000633361
-0.0006322658
-0.0006475466
-0.0006913674
-0.0007655098
-0.000852219
-0.0009027484
-0.0008457355
-0.0007187695
-0.0006303637
-0.0005884029
-0.0005626876
-0.0005506545
-0.0005501318
-0.0005503279
-0.0005446544
-0.0005343006
-0.0005207045
-0.0005085012
-0.000503894
-0.0005147969
-0.0005461352
-0.0005968037
-0.0006494258
-0.0006735897
-0.0006912366
-0.000734614
-0.0007801286
-0.000817236
-0.000797777
-0.0007548906
-0.0007171042
-0.0007071933
-0.0006914379
-0.0006162653
-0.0005368024
-0.0005101766
-0.0005330983
-0.0005290824
-0.0004895828
-0.0004269819
-0.000320857
-0.0001987295
-3.731496e-05
0.0001373634
0.0002482161
0.0002975152
0.0003478314
0.000396774
0.0004454278
0.0004571625
0.0004560747
0.0004534064
0.0004469017
0.0004401885
0.0004324105
0.0004251618
0.0004172961
0.000409637
0.0004013256
0.0003933018
0.0003852866
0.000378425
0.0003725071
0.0003680175
0.0003636291
0.0003582446
0.0003492607
0.0003358008
0.0003220775
0.0003174439
0.0003277013
0.0003633227
0.0004269369
0.0005029351
0.0005975154
0.0006987018
0.0007388607
0.0007298374
0.0006723385
0.0005441572
0.0004101336
0.000315314
0.0002748614
0.000291313
0.0003138122
0.0002959875
0.0002339016
0.0001809024
0.0001564938
0.0001403068
0.0001289185
0.0001214599
0.000115076
0.0001085084
0.0001013281
9.503175e-05
9.11748e-05
9.127252e-05
9.404018e-05
9.51628e-05
8.549528e-05
5.386548e-05
-9.665521e-06
-0.0001040174
-0.0002078486
-0.0002902198
-0.000350201
-0.0003819131
-0.0004048337
-0.00042057
-0.0004187804
-0.0004126244
-0.0004365158
-0.0004803858
-0.0005499464
-0.0006056989
-0.0006374631
-0.00064047
-0.0006305199
-0.0006165022
-0.0005995849
-0.0005836447
-0.000568424
-0.0005548052
-0.00054138
-0.0005282886
-0.0005144439
-0.0005003049
-0.0004854428
-0.0004707851
-0.0004564855
-0.0004437437
-0.0004326543
-0.0004234909
-0.0004145101
-0.0004032458
-0.0003852289
-0.0003567143
-0.000315636
-0.0002664757
-0.0002231884
-0.0002105691
-0.0002232815
-0.0002118233
-0.0001812733
-0.0001525184
-0.0001157962
-7.716085e-05
-5.41178e-05
-6.14369e-05
-8.446882e-05
-0.0001095035
-0.0001267171
-0.000136218
-0.0001189035
-0.0001044088
-9.05075e-05
-7.413197e-05
-5.832399e-05
-4.54157e-05
-4.184277e-05
-4.062602e-05
-2.520815e-05
-9.792261e-06
2.951378e-06
2.129819e-05
2.932665e-05
3.342579e-05
3.640817e-05
3.815839e-05
3.944585e-05
4.040478e-05
4.126791e-05
4.223377e-05
4.381342e-05
4.677382e-05
5.197805e-05
5.992337e-05
7.000324e-05
7.958038e-05
8.349087e-05
8.201329e-05
9.134347e-05
0.0001179754
0.000145515
0.0001598313
0.0001629971
0.0001620199
0.0001588243
0.0001546259
0.0001505044
0.0001469561
0.0001440029
0.0001413241
0.0001383358
0.0001343534
0.000129075
0.0001228423
0.0001156675
0.0001086954
0.0001037465
9.68668e-05
8.373544e-05
7.140229e-05
6.227273e-05
5.372185e-05
4.747078e-05
4.204355e-05
3.630582e-05
3.423803e-05
3.42006e-05
3.619609e-05
4.113318e-05
4.847122e-05
5.563511e-05
5.845799e-05
6.01726e-05
6.478132e-05
6.639336e-05
6.46911e-05
5.885076e-05
5.144048e-05
4.793811e-05
4.886216e-05
5.250387e-05
5.596275e-05
6.034929e-05
6.453704e-05
6.567656e-05
6.324806e-05
6.00163e-05
5.803361e-05
5.896858e-05
6.081563e-05
6.127577e-05
6.02677e-05
5.674853e-05
5.290591e-05
4.963625e-05
4.589323e-05
4.169885e-05
3.768857e-05
3.486313e-05
3.200357e-05
2.981293e-05
2.846484e-05
2.662999e-05
2.369084e-05
1.958431e-05
1.525885e-05
1.251254e-05
1.175139e-05
1.2746e-05
1.373038e-05
1.388134e-05
1.35944e-05
1.298436e-05
1.231902e-05
1.215822e-05
1.301291e-05
1.373903e-05
1.383117e-05
1.370005e-05
1.345091e-05
1.324976e-05
1.332524e-05
1.390557e-05
1.505274e-05
1.654566e-05
1.767332e-05
1.730611e-05
1.5233e-05
1.306406e-05
1.163429e-05
1.075176e-05
1.037928e-05
1.066513e-05
1.081358e-05
1.076735e-05
1.065469e-05
1.047717e-05
1.027861e-05
1.008783e-05
9.919102e-06
9.751919e-06
9.538822e-06
9.219197e-06
8.745931e-06
8.127948e-06
7.490772e-06
7.032098e-06
6.629957e-06
6.639774e-06
6.681826e-06
6.6948e-06
6.781329e-06
6.929897e-06
7.127417e-06
7.267172e-06
7.211182e-06
7.047431e-06
6.855523e-06
6.648714e-06
6.450063e-06
6.263724e-06
6.094408e-06
5.929997e-06
5.749498e-06
5.536602e-06
5.418134e-06
5.356662e-06
5.258801e-06
5.026964e-06
4.676814e-06
4.36422e-06
4.117033e-06
3.958539e-06
3.828033e-06
3.682229e-06
3.553808e-06
3.370417e-06
3.150124e-06
2.964174e-06
2.805206e-06
2.674367e-06
2.538831e-06
2.413519e-06
2.307247e-06
2.191203e-06
2.077488e-06
1.973096e-06
1.878986e-06
1.783271e-06
1.708785e-06
1.641137e-06
1.570842e-06
1.504468e-06
1.443492e-06
1.390067e-06
1.346786e-06
1.311766e-06
1.284176e-06
1.261279e-06
1.243836e-06
1.230507e-06
1.222118e-06
1.219239e-06
1.220985e-06
1.227888e-06
1.239537e-06
1.256115e-06
1.277382e-06
1.303418e-06
1.334177e-06
1.369559e-06
1.409523e-06
1.453987e-06
1.502869e-06
1.556094e-06
1.613573e-06
1.675215e-06
