0.001144633
-0.0001014596
0.001163772
0.0007838266
0.0004253836
0.0007443026
-0.0007176171
-0.002517077
-0.003435176
-0.006045375
-0.009090017
-0.00630222
-0.002705485
0.0002558666
-0.0004302253
-0.001947542
-0.002512103
-0.003624329
-0.003580821
-0.0005445601
0.002770234
0.0011636
0.0005321583
0.0009993275
0.0004057675
0.002316378
0.004831917
0.004932166
0.004009422
0.005770367
0.00993246
0.007909338
0.002313223
0.0003748942
0.00174041
0.002572531
0.002818216
0.001487045
-0.0003224438
0.001215771
0.001823806
0.003203024
0.004731223
-0.0005592167
-0.008754557
-0.008980578
-0.004670599
0.003750038
0.008524233
-0.0009396946
-0.007185464
-0.005457838
-0.002897836
-0.001408777
-0.0009559835
0.001062565
0.000818808
-0.003685435
-0.009085185
-0.002661042
0.004047733
0.005195521
0.00387598
0.0005307708
0.001049372
0.003443803
0.001015725
-0.003621624
-0.005180565
-0.005347157
-0.003237061
-0.003537176
-0.002348045
0.002082693
0.001595038
-0.004684131
-0.008911016
-0.007490113
0.001095313
0.006235223
0.005180718
0.003376557
0.003621618
0.004599083
0.00260635
-0.0003981811
-0.0009658905
-0.002881998
-0.006359685
-0.007109852
-0.004207358
0.004942674
0.009013149
0.00552648
0.00139623
-0.004080382
-0.005175034
-0.00514357
-0.006917468
-0.00648303
-0.005757854
-0.001664603
0.003075364
0.004750266
0.001273184
-0.002588402
-0.003908115
0.003867545
0.01255818
0.008345849
-0.0001167892
-7.769461e-05
0.005643852
0.01056167
0.01157904
0.005755305
0.00150342
0.001237724
0.00788154
0.01248743
0.01265226
0.01059352
0.007219021
0.003117285
-0.001583162
-0.000688881
0.001211148
0.001404745
-0.0004712097
-0.002428738
-0.001492498
-0.004897352
-0.01698034
-0.0153749
-0.009337536
-0.002646327
-0.002563672
-0.01055531
-0.01382636
-0.008782355
-0.003158962
-0.005738384
-0.007350822
-0.007260858
-0.006581308
-0.004671617
-0.006685842
-0.009344687
-0.01107021
-0.007602886
0.004886357
0.004784741
0.003725365
0.003229052
0.001350658
0.001677526
0.002761253
0.004285641
0.008614029
0.01572907
0.009600461
-0.0004265732
0.002124031
0.007024734
0.008169814
0.008922213
0.004835751
-0.0006572738
0.004536259
0.01300299
0.01511717
0.01397758
0.009151719
0.001632056
-0.004105651
-0.003865121
0.003364463
0.007815584
0.00432704
-0.002610109
-0.005570263
0.001857279
0.007226474
0.0009238247
-0.007961452
-0.004903532
0.002014079
-0.0008388744
-0.003673455
-0.001904763
-0.0001064764
-0.002510577
-0.005355305
-0.003450902
-0.0009508052
-0.0009864164
-0.005525316
-0.008740242
-0.005305779
0.0001676773
-0.001229576
-0.01862042
-0.02260539
-0.01658618
-0.01271816
-0.004597734
-0.001252942
0.0003211396
-0.002506068
0.002646194
0.007963707
0.01034873
0.01111094
0.007976759
0.004516187
0.003156825
0.002873573
0.002156828
0.007129652
0.007205465
0.0002361464
-0.003672144
-0.003438208
-0.004399702
-0.00335383
0.003959949
0.01064542
0.007859171
0.0003758337
-0.006226217
-0.009198081
-0.001177399
0.00505421
0.006359226
0.003309867
0.0003961759
0.002294851
0.00241261
0.005996335
0.005736709
0.001154326
-0.0002548306
0.002930098
0.006535271
0.007518031
0.002279815
-0.001930237
-0.005524203
-0.001983265
0.009467779
0.01121658
0.01192908
0.005844293
0.002544114
-0.001835221
-0.003897113
-0.003567101
-0.003922525
-0.003442565
-0.007152761
-0.01454515
-0.01343176
-0.006111672
-0.006335496
-0.008908376
-0.01799905
-0.01522815
-0.004052441
0.002502669
-0.008331177
-0.01787982
-0.01449487
-0.003083522
0.0008267407
-0.0001875543
0.004429573
0.002561542
0.001776753
0.003403246
0.00477576
0.003399377
0.004338394
0.004346153
0.005221934
0.006634236
0.0075549
0.006651804
-0.0003529303
-0.004950464
0.002005544
0.01222657
0.01287287
0.005491752
-0.003615197
-0.002067226
-0.0008793136
-0.0004625211
0.004486131
0.008081245
0.01420902
0.01213395
0.007416066
0.00637018
0.009227834
0.01494352
0.01369262
0.01374935
0.005631809
-0.008116139
-0.008073685
-0.004401051
-0.00325598
-0.0007512483
-0.007493837
-0.01859794
-0.01998961
-0.01581923
-0.00937526
-0.005175292
-0.006182425
-0.01090338
-0.01288869
-0.01257493
-0.01521203
-0.01818471
-0.008244188
0.002289972
0.00857685
0.006199847
0.005296741
0.005119875
0.003109048
0.003759399
-0.001752073
-0.002713325
0.001095961
0.003522126
0.006415449
0.01193425
0.007672269
0.003362348
0.001134243
0.004038776
0.007612428
0.004445919
-0.002553753
-0.01297043
-0.009597723
0.003585339
0.010832
0.003342716
-0.00568983
-0.005277175
0.002699795
0.005997004
0.007453111
0.009695636
0.006840196
0.005851356
9.095266e-05
-0.004606613
-0.00297712
0.0003690285
-0.0006422646
-0.006678081
-0.007720998
-0.004758379
0.0006532572
-0.003833189
-0.0111175
-0.00983687
-0.007686183
0.0007803396
0.0049037
0.005600878
0.002822912
0.004827724
0.003400233
-0.008639341
-0.006137798
-0.001323917
0.0075006
0.005495775
-0.01287903
-0.01791123
-0.005288239
0.01853638
0.02553508
0.02093842
0.01332255
0.009885624
0.001105931
-0.008736606
-0.006458483
-0.004135486
-0.001288211
-0.01017808
-0.03137731
-0.03437974
-0.004465762
0.0158745
0.01428781
0.009036265
0.005620714
0.0004140408
0.006621163
0.0182914
0.0232072
0.01314021
-0.01132
-0.01362479
-0.009050707
-0.001225886
-0.002686129
-0.01469522
-0.01199387
-0.0001278187
0.004237145
0.006664105
0.009462343
0.008896616
0.01236193
0.02255617
0.008515217
-0.01567882
-0.0254062
-0.01336577
0.01922052
0.02304179
0.01709655
0.0002995283
-0.01627106
-0.01297714
0.01142771
0.03108649
0.0255982
0.005495338
-0.02090705
-0.01732144
-0.007774941
-0.003417194
-0.006955272
-0.003874572
0.002974005
0.006815617
-0.003065853
-0.02588705
-0.04733736
-0.0378623
0.01912537
0.0454192
0.01317116
-0.02103938
-0.02139407
-0.01729036
-0.003565998
-0.001038185
-0.009035755
-0.02418046
-0.01974833
0.01543886
0.03130826
0.01659498
-0.01394767
-0.0388538
-0.03018867
0.01168764
0.0359914
0.0002926375
-0.03147097
-0.02378404
0.00532594
0.0270195
0.03044588
0.006690273
-0.01607797
-0.02367067
-0.0128187
0.01198584
0.02392818
0.04708337
0.02839307
0.01172644
0.01341164
0.01356888
-0.002310314
-0.01926766
-0.006452223
0.01301871
0.01869924
0.01544456
0.01285492
0.01666272
0.002745976
-0.02778249
-0.03699296
-0.03118802
0.005494369
0.02634125
0.002763047
-0.02192695
-0.03652815
-0.03902602
-0.01150427
0.01735877
0.007226192
-0.01723229
-0.01782889
-0.001836224
0.003116985
0.008928011
0.01395159
0.009935935
-0.008970708
-0.01730607
-0.01219988
0.01017389
0.02879304
0.00464256
-0.003739738
0.01934598
0.0408099
0.02904119
-0.005310319
-0.03158649
-0.03736882
-0.01436166
0.0006099369
0.001843155
0.003273229
-0.009821497
-0.02254291
-0.03759808
-0.03083137
6.444704e-05
0.01614987
0.0143761
-0.0002109003
-0.01801907
-0.02271411
0.0005888103
0.03598485
0.0469978
0.02596744
-0.01462652
-0.0307619
-0.003961413
0.0274352
0.02320117
-0.01684609
-0.0155405
0.02210258
0.0443763
0.03539314
0.01729117
-0.004996871
-0.03419134
-0.03288781
0.001397417
0.03758188
0.03816732
0.01467056
-0.01582136
-0.03097962
-0.03458842
-0.01122639
0.03137488
0.04973177
0.04890041
0.01883892
-0.005951219
-0.01381854
-0.008315701
-0.01410528
-0.008044509
-0.002216294
-0.007780463
-0.01931878
-0.02356714
0.004735739
0.01820068
0.005216006
-0.01890809
-0.01679983
-0.004161097
-4.752218e-05
-0.004716149
-0.003787017
-0.008929947
-0.01205736
-0.007646971
-0.01262569
-0.0197974
-0.02223836
-0.007718758
0.00855524
0.009231399
0.02020343
0.03710269
0.03561542
0.01338849
-0.01205245
-0.01411399
0.01187958
0.02233447
-0.000998151
-0.02463473
-0.0376021
-0.0230101
0.01927591
0.04031125
0.01383805
0.009046982
0.01056564
-0.008760431
-0.02159522
-0.01487151
0.006212778
0.01950427
-0.002000527
-0.0326537
-0.03643498
-0.01123193
0.009973727
0.01432593
0.01872811
0.02794979
0.04450424
0.03771192
0.02469555
0.00444025
-0.005679317
-0.01959941
-0.02066341
0.005216897
0.01955591
0.02684977
0.01939138
-0.01776328
-0.04515758
-0.04486398
-0.01897552
0.01582774
0.0008876518
-0.02610375
-0.03037362
-0.007497225
0.008790995
-0.004767007
-0.01023539
0.006799468
0.02168009
0.01635858
-0.01155898
-0.03211317
-0.02072095
0.01609476
0.04122636
0.02408204
-0.006654808
-0.02038316
-0.01138284
-0.009795897
-0.02411074
-0.03457102
-0.02360211
0.009373295
0.01873672
0.01120079
0.005697714
-5.32196e-05
-0.002775774
0.002940131
0.003985455
0.01157102
0.01166366
0.008325025
0.01190913
0.00970575
0.02525547
0.03322965
0.01962573
0.01261102
0.0222376
0.02449774
0.007372779
-0.01457985
-0.02574494
-0.02955482
-0.02795972
-0.007693523
0.004971636
0.01090684
0.005150792
0.0002627712
-0.0006696904
-0.01585767
-0.01249083
0.01741743
0.0366065
0.02499974
-0.006857083
-0.0211954
-0.007406207
0.01727251
0.03116881
0.02768124
-0.001578657
-0.02711147
-0.01542246
-0.0006663045
0.002283353
-0.01651747
-0.02728783
-0.01859558
-0.01091821
-0.005027898
-0.00973946
-0.0197591
-0.02409836
-0.02692904
-0.02618055
-0.01425387
-0.003595049
-0.00148179
-0.01082517
-0.02297967
-0.009779012
0.01418571
0.01100822
-0.005955571
-0.007350091
0.01247343
0.02406147
0.006759032
-0.009151107
-0.004981525
0.01241338
0.02126986
0.01026082
-0.008689935
0.0007193888
0.02286035
0.02745731
0.0185658
0.01462026
0.01311967
0.009420977
0.0108794
0.005694569
0.008796216
0.01372367
0.00389579
-0.02051808
-0.02991246
0.01020194
0.03747962
0.02634819
0.009762825
-0.006450245
-0.01580891
-0.0006467821
0.02192769
0.006634663
-0.008937844
-0.00628295
-0.01802944
-0.02580914
-0.01791349
-0.00272483
0.01051257
0.001844443
-0.0105222
-0.02307244
-0.02486882
-0.01126014
-0.001202084
0.003938556
0.01344276
0.01538264
-0.008082618
-0.03252912
-0.03509355
0.001364152
0.02226074
0.01511753
0.0004640481
-0.03163755
-0.04109922
-0.02918271
-0.01261092
-0.008959471
-0.01052838
-0.01109361
-0.00801132
0.0003372328
0.01526682
0.0217804
0.01229833
0.003948469
-0.003000935
0.0109515
0.03680938
0.02853908
0.005783755
0.002915374
0.01452283
0.02577228
0.01482448
1.597946e-05
0.0001861827
0.02341247
0.01521969
-0.007094983
-0.006905396
-0.001739229
-0.0002797415
-0.01646626
-0.02209169
-0.01369008
-0.004017542
0.00109967
-0.007044137
-0.01255736
-0.01743615
-0.01651521
-0.01000366
-0.0006208009
-0.002878183
-0.005664945
-0.01276426
-0.01449124
0.003297436
0.01172864
0.01849928
-0.002456736
-0.02753865
-0.02571092
-0.00309458
0.03522977
0.04870181
0.03378012
0.001539854
-0.002912556
0.01652343
0.0166906
0.009032341
-0.004775505
-0.00698391
0.0001223258
0.0225612
0.02622392
0.004605939
0.0003126578
-0.004212162
-0.01268744
-0.01272426
-0.009552155
-0.008363952
0.009811334
0.02499904
0.01757538
0.004745732
0.001386781
0.00727923
0.00461694
-0.01565259
-0.02942472
-0.009028885
0.00895567
-0.0009251562
-0.01640272
-0.02436288
-0.03173349
-0.03901025
-0.02887051
-0.009711929
-0.002580168
-0.001932546
-0.0005076834
-0.008989059
-0.02021322
-0.02169127
-0.007237943
0.01690232
0.03537038
0.0450705
0.02934203
0.005623903
0.009148956
0.03330147
0.04559138
0.04511191
0.01990663
-0.01848012
-0.03809477
-0.02567226
0.006789183
0.006293404
-0.007661276
-0.007570553
0.00917677
0.02516113
0.01468669
-0.001179457
0.00180909
0.007151797
0.01075234
0.02394497
0.01471188
-0.0108718
-0.02611371
-0.01757636
-0.0001752067
0.001213988
-0.008178216
-0.01611998
-0.004383904
0.01441873
0.01243276
0.001779833
-0.01321828
-0.03557877
-0.03211284
-0.01930474
-0.006733274
0.00226105
0.0004362359
-0.006607917
0.00476709
0.0109962
0.001730488
-0.008429763
-0.02268531
-0.02572188
-0.0296999
-0.01682754
0.01020856
0.02472007
0.008999813
-0.009173551
-0.009226612
0.01268806
0.03504951
0.02780137
0.003770147
-0.00395433
-0.005825028
-0.008881984
0.00140674
0.001239445
-0.01069151
-0.025353
-0.01801105
0.006503614
0.02096618
0.01116601
-0.01475117
-0.02147095
-0.001029132
-0.004317619
-0.01392704
-0.01756437
-0.01692177
0.0002019815
0.0145595
0.03341114
0.04658341
0.0537428
0.05122849
0.03341624
-0.003668923
-0.01973392
-0.02086917
-0.02298364
-0.02607831
-0.01267245
0.01967482
0.03637528
0.046509
0.04419768
0.02074891
-0.02373225
-0.04941483
-0.03895981
-0.01164115
0.02304907
0.02097338
-0.02259285
-0.03851401
-0.02623218
-0.012913
0.001738296
-0.001479786
-0.005502648
-0.006616469
-0.008428992
0.004562768
0.01220871
0.003531591
-0.007987247
-0.01840857
-0.01338198
0.0005400214
-0.001209255
-0.005041369
-0.01645515
-0.009650697
0.02086263
0.0311004
0.0272897
0.02386253
0.01731621
0.005896312
-0.01677928
-0.02819407
-0.005441915
0.01646363
0.03200541
0.02083848
-0.003127404
-0.01432799
-0.003536355
0.01947692
-0.000503823
-0.03181983
-0.03305398
-0.002346852
0.02123864
0.03085728
0.03611338
-0.004572336
-0.04153709
-0.02957246
-0.001956934
0.0137919
0.01097777
0.005862512
0.001827435
0.001575539
0.005939143
0.01027725
0.001764373
-0.02175168
-0.02126714
0.0006802505
0.02515112
0.03324691
0.009713512
-0.01861184
-0.03017247
-0.02410444
-0.01266918
-0.004947723
-0.003970512
-0.01203458
-0.00608589
-0.006296978
-0.01352363
-0.01387853
0.002284438
0.02426957
0.02546098
0.006196298
-0.007898007
-0.0007293931
0.005763981
0.01174124
0.008097853
0.008448789
0.02063886
0.02473728
-0.0127038
-0.04512648
-0.04675741
-0.03409813
-0.01940701
-0.006725292
0.003742006
0.01999576
0.02635145
0.005596545
-0.01886605
-0.008351834
0.03148943
0.04386616
0.03649979
0.01192295
-0.00857185
-0.009679509
0.002999154
0.0185685
0.0204984
0.001153142
-0.0216846
-0.02857667
-0.02114795
-0.01238099
-0.007171779
-0.002634755
0.003032429
0.02019501
0.03218007
0.0293782
0.01256663
-0.01785684
-0.04425744
-0.04151969
0.00837775
0.05682577
0.06193808
0.01651143
-0.03637245
-0.03886525
-0.0008059308
0.03695963
0.0339813
0.001003751
-0.03258784
-0.03886077
-0.01890033
-0.0138788
-0.02003647
-0.02057803
-0.02283929
-0.02189573
-0.02075326
-0.01624989
0.003628957
0.007750845
0.001854293
0.0008710825
0.006877929
0.02815928
0.04036773
0.02367448
-0.01492838
-0.03623304
-0.0234789
0.01386337
0.04241018
0.04465527
0.03206956
0.01209497
0.002283659
-0.007228792
0.008265077
0.02725856
0.03629176
0.02533907
-0.007969986
-0.01684086
-0.01659598
-0.01859818
-0.02274339
-0.02763116
-0.01553899
0.01228566
0.02062627
-0.0001582045
-0.03110392
-0.04108862
0.0003367021
0.03843377
0.03847566
0.01097652
-0.01833616
-0.02107479
-0.008237006
-0.004209977
-0.01460677
-0.02511271
-0.03138053
-0.02434654
-0.01236454
-0.003665909
-0.009562462
-0.0129743
-0.01076593
-0.0009962992
0.001587428
-0.006006404
-0.0137308
-0.02492013
-0.02526482
-0.01476998
0.005503609
0.01202453
0.01096686
0.009754147
0.02243588
0.01598852
-0.02065389
-0.04113135
-0.001038144
0.07175014
0.09706356
0.05854127
0.009903656
-0.02043108
-0.02603694
-0.002150511
0.01015687
0.001854137
-0.02236366
-0.04157428
-0.03582754
0.00956355
0.04466895
0.04844403
0.03723531
0.01984846
0.01451188
0.01472818
0.006062325
-0.01495982
-0.01499341
0.007696548
0.02405333
0.02824151
0.02312117
0.005518068
-0.02109265
-0.03786853
-0.04215655
-0.03492265
-0.03292645
-0.03804272
-0.0389474
-0.02913086
0.0007358168
0.01738227
0.01450389
0.006329668
0.006502104
0.004082721
0.003572777
0.009498013
0.01101481
0.008048703
-0.003577201
-0.007193047
-0.008962693
-0.008309839
-0.02173502
-0.02995923
-0.03742047
-0.03884536
-0.02727035
-0.0173304
0.007248592
0.02080547
0.01654497
-0.001844554
-0.01373464
-0.01093877
-0.002516583
0.01103111
0.02755516
0.03658833
0.04956889
0.0439416
0.02198003
0.02877633
0.04783304
0.04559215
0.008973182
-0.0175223
-0.02793339
-0.03545992
-0.005335194
0.01754855
0.01414282
0.00577172
-0.0007001356
-0.0008408518
-0.002683948
0.01971733
0.04052436
0.05198512
0.05407106
0.01764181
-0.0138374
-0.01303359
-0.002729512
-0.007887611
-0.04657617
-0.07431299
-0.07133149
-0.05108343
-0.01069854
0.01597042
0.02218226
0.01314714
-0.003259525
-0.01568819
-0.01826977
-0.01020663
-0.008162519
-0.003519444
-0.000677689
-0.002381054
0.0007626198
0.006530754
0.007666047
0.004869241
-0.0006846269
-0.01670777
-0.02124063
-0.01709531
-0.00322736
0.009075912
0.008397642
0.006111851
0.001585122
-0.009617508
-0.02338442
-0.002743671
0.01356106
0.02107338
0.02185167
0.01514214
0.01962812
0.03465072
0.04867166
0.01633462
-0.01237733
-0.008242225
0.004494539
-0.006473497
-0.03280579
-0.0374182
-0.0005910864
0.03162767
0.02847283
0.01378078
-6.059814e-05
0.006982523
0.01400117
0.008020924
-0.01177522
-0.01032679
0.002341623
0.007756821
-0.00577754
-0.037371
-0.03908152
-0.02104995
-0.00861511
-0.02832965
-0.05546469
-0.05794634
-0.02175877
0.02098945
0.02135769
0.001657419
-0.002646967
0.02164231
0.0374768
0.03711675
0.03336215
0.0267954
0.02251957
0.004068801
-0.02721867
-0.03028988
0.009707393
0.04921812
0.05784224
0.03175166
-0.01512039
-0.03361196
-0.01469095
0.0004907359
-0.005431377
-0.01161053
0.006234377
0.006507744
-0.01458075
-0.02883932
-0.006390138
0.02974235
0.02435063
-0.01161966
-0.0398808
-0.01897079
0.01215043
0.00939235
-0.02048957
-0.01728676
0.004094476
0.01138238
-0.003918641
-0.03338236
-0.04093648
-0.04049073
-0.03079971
-0.02159523
0.01419758
0.05584214
0.05942234
0.02653651
-0.004543905
0.01243705
0.04674781
0.04120003
0.003761943
-0.02548758
-0.01264987
0.03188843
0.05785151
0.04795036
0.02382634
0.010651
0.008802746
0.008293761
-0.001547206
-0.01319969
-0.02077626
-0.02567022
-0.02011124
-0.002259201
0.01117623
-0.007596878
-0.0419107
-0.04309698
0.0002887152
0.02002265
-0.01045598
-0.04048786
-0.0552799
-0.03812045
0.003077335
0.01591198
-0.01298055
-0.04637026
-0.05081441
-0.02583564
-0.0002387558
0.005492612
0.0006883987
0.003245525
0.01460831
0.02314366
0.02947479
0.03284485
0.04124454
0.05058772
0.04295402
-0.001277268
-0.03534324
-0.008729419
0.04450233
0.06208915
0.03464195
-0.000267563
-0.01051858
0.0008707236
0.01765888
0.02579541
0.01359313
-0.0009051658
-0.01496997
-0.01096036
-0.0005023198
-0.003920358
-0.02549847
-0.03257934
-0.01667755
0.004893386
0.008748969
-0.01725595
-0.04137387
-0.05021627
-0.01971217
-0.008173954
-0.02532629
-0.02581999
-0.02223982
-0.007049995
0.004064923
0.005463322
-0.0006036594
-0.002587581
0.007311497
0.02253293
0.01554286
-0.003308808
0.002959069
0.004919487
0.009389105
0.01110268
-0.002832582
-0.01329781
-0.009840028
0.01830277
0.03986452
0.02988381
0.0006097794
-0.01342851
0.01062919
0.03550901
0.04418
0.03755814
0.0313912
0.03015085
0.02509774
0.02453162
0.01959582
0.01116039
-0.01437227
-0.02987221
-0.03315358
-0.03737538
-0.04477041
-0.06201251
-0.06298154
-0.04921666
-0.03639325
-0.03044973
-0.02682162
-0.02028753
0.002256489
0.02355101
0.01817762
0.01048577
0.007075886
-0.0003680991
-0.004633764
-0.0002936903
0.003478244
-0.01064776
-0.01358539
-0.01608543
-0.01689636
-0.01270827
-0.01617425
-0.02297971
-0.01833874
-0.002198288
0.01012329
0.03278664
0.03423399
0.00886657
-0.015692
-0.01628261
0.001625512
0.01075958
0.007133461
0.003180935
0.01491091
0.03511301
0.03426128
0.005371792
-0.02247015
-0.008275859
0.01720678
0.02226289
0.02043095
0.0118772
0.003820196
0.00233097
0.005311385
0.01281652
0.02612954
0.02549405
0.01459431
-0.002377498
-0.008402663
-0.001725768
0.0137272
0.03079484
0.02865282
0.008346634
-0.03445463
-0.04932421
-0.04173952
-0.03149568
-0.01962494
-0.005918208
0.004046149
0.004650984
0.01426752
0.008332119
-0.006378344
-0.01147633
-0.00236673
0.02065566
0.02468566
0.01403684
0.00485886
-0.008172682
-0.01032082
-0.01445184
-0.009212127
-0.0005992687
-0.00454669
-0.003707251
-0.005547352
-0.008511494
-0.006705094
-0.002214054
0.008221545
0.006384505
-0.009001196
-0.009276615
0.003860965
0.002904185
-0.006983714
-0.009228753
0.005044088
0.01669654
0.01747173
0.003459973
-0.02010612
-0.01591599
-0.004426721
-0.004902059
-0.01898317
-0.03406594
-0.03767879
-0.02239002
-0.01483185
-0.02001652
-0.01205033
0.001991988
0.006454472
0.003918737
0.005198822
0.01756835
0.03602421
0.03823351
0.0244074
0.01670945
0.01690833
0.01683794
0.006961268
0.002512015
0.007957782
0.004797809
-0.005887722
-0.004413835
0.007578293
0.01370032
0.01734987
-0.00436186
-0.03633581
-0.03146022
0.004275468
0.01722436
0.004878268
-0.01903157
-0.02710691
-0.00674058
0.01723247
0.03278033
0.02429289
0.003894928
-0.01054114
-0.008495028
0.0004758664
-0.00301764
-0.009989346
-0.008275752
-0.005020938
-0.006848784
-0.005888969
-0.003053374
-0.004107038
-0.01167646
-0.01566977
-0.01422545
-0.003181913
0.01545247
0.02398782
0.02670714
0.02331869
0.02850336
0.03286283
0.04273746
0.03740387
0.01004646
0.007254711
0.004285492
0.001347892
0.002822813
0.0006451145
-0.000123964
-0.004225382
-0.00977724
-0.004852678
0.01882561
0.03370332
-0.001423428
-0.02864825
-0.00150808
0.0286829
0.02678877
-0.002805505
-0.0188348
-0.01815343
-0.01894087
-0.01002606
-0.005205533
-0.008630687
-0.008710239
-0.00360105
-0.001998622
-0.005068813
-0.006632464
0.003987786
0.01646036
0.02240798
0.02620953
0.01161947
0.001808097
0.00281485
0.003249381
-0.01107039
-0.01898149
-0.01415994
-0.01329089
-0.009839194
-0.004054759
-0.004540265
-0.01229734
-0.01588569
-0.005328679
0.001908236
-0.001573007
-0.008366191
-0.01513286
-0.01478705
-0.008437539
-0.00214412
0.002993639
0.001604418
-0.02033985
-0.03718512
-0.03229828
-0.01469408
-0.006572822
0.002779578
0.02153638
0.0259734
0.02342546
0.01475447
-0.00713777
-0.02523255
-0.03189108
-0.02368312
0.002370765
0.02483731
0.03589006
0.0248904
-0.0009910532
-0.02360341
-0.02925316
-0.008313554
0.01274029
0.01991092
0.01949275
0.0206056
0.01973965
0.01449279
0.01708567
0.02027626
0.01082803
-0.007708402
-0.02456285
-0.02881316
-0.007262568
0.01446244
0.02388829
0.01200431
-0.0206989
-0.03731059
-0.02239508
0.005078645
0.0143566
-0.004928506
-0.03165859
-0.03493683
-0.01581588
0.002467658
0.006245775
-0.003537008
-0.00761901
0.004334407
0.0186991
0.02434892
0.02485284
0.02800775
0.0305435
0.0173172
-0.001432398
-0.01310625
-0.01332857
-0.006481274
-0.007304372
-0.00760523
-0.007429748
-0.008278346
-0.01401886
-0.0184395
-0.01618118
-0.006644131
0.003997573
0.002200378
-0.0128609
-0.01521196
0.0002900537
0.01269942
0.008190046
-0.004535427
-0.00419368
0.01138075
0.0165573
-0.001680257
-0.00992691
0.006844999
0.02529582
0.02901684
0.01034987
-0.01019084
-0.0122971
-0.006050562
-0.005064172
-0.009434821
-0.01274161
-0.0134372
-0.003774686
0.002250505
-0.001502021
-0.007030368
-0.01063908
-0.01054314
-0.008801949
-0.01427827
-0.0228911
-0.02405691
-0.01892625
-0.01300101
-0.01019086
-0.01055699
-0.01384949
-0.02268467
-0.01950732
-0.002011202
0.02197109
0.03847475
0.03995279
0.03843407
0.01126642
-0.01079306
-0.02085325
-0.01936706
-0.008187801
-0.003271342
0.0007740366
0.01140964
0.02741146
0.03200356
0.02696787
0.02166087
0.0200167
0.01051342
0.003969159
0.01062268
0.02245576
0.0219397
0.01936426
0.01987636
0.01768037
0.01758965
0.01489793
0.01096487
0.005671138
-0.005933338
-0.007850874
-0.004598031
-0.003703427
-0.001786784
0.0005082804
0.0001533845
-0.005894131
-0.01152345
-0.0153137
-0.02107562
-0.03014233
-0.03294421
-0.0313866
-0.02505233
-0.02331521
-0.02658629
-0.02367514
-0.02078235
-0.02517849
-0.03088634
-0.02794051
-0.01686937
-0.007122183
-0.007648436
-0.009170211
-0.004706623
0.004002204
0.007461091
0.008519919
0.01086394
0.01234404
0.01821726
0.02246358
0.02169151
0.01533086
0.01462203
0.01394073
0.002638185
-0.002064968
0.01426836
0.03022123
0.03720217
0.02530599
0.001413572
-0.007551139
0.0002896683
0.01778376
0.02468106
0.02412625
0.01396814
0.007359629
0.009276278
0.01337368
0.01886952
0.01986918
0.01777008
0.01224074
0.01007738
0.01146262
0.008558744
0.001150551
-0.01075788
-0.01501733
-0.008394406
-0.003480996
-0.01107687
-0.02049344
-0.02000989
-0.01797595
-0.02195081
-0.03724769
-0.04238944
-0.03435075
-0.02912216
-0.02907314
-0.02612731
-0.01975122
-0.009620519
0.001241529
0.005139016
0.003955883
0.003532649
0.005881776
0.005675803
0.01391237
0.02483561
0.02769984
0.02481535
0.008268975
-0.00120982
0.006900265
0.01723599
0.01639761
0.008899661
0.002671607
-0.0007698081
-0.005768763
-0.0085227
-0.003495054
0.00424273
0.007957634
0.006928518
0.005728041
0.005034505
0.007790608
0.01662387
0.02391286
0.01589367
0.00444118
0.009119982
0.02296246
0.02732302
0.02251481
0.01355417
0.00549929
-1.374858e-05
-0.004356847
-0.006118327
-0.007191307
-0.006476227
-0.004997168
-0.005387768
-0.00821005
-0.009107591
-0.008817851
-0.004353253
-0.001990875
-0.002619137
-0.00532922
-0.01229679
-0.01497831
-0.007676069
0.006077668
0.008867424
0.005126119
-0.0003400058
-0.00372023
-0.003081656
-0.0009487817
-0.0003877276
-0.0007854739
0.003268059
0.002052272
-0.002904875
-0.007563163
-0.01272941
-0.0124815
-0.01472851
-0.01232125
-0.007806686
-0.007833157
-0.005412646
0.0005737828
0.002046712
-0.0007684398
-0.0007010716
-0.006842444
-0.01628658
-0.01655173
-0.007544062
-8.169686e-05
0.0007006889
0.001346394
0.00863434
0.0142556
0.01633848
0.01693626
0.01705156
0.01387124
0.01015848
0.01426708
0.01696196
0.01359702
0.005098425
-0.0009531966
-0.003677577
-0.007720818
-0.01071652
-0.005123822
-0.005920403
-0.01777277
-0.02465467
-0.01922619
-0.01006962
-0.002184984
0.00704809
0.004611345
-0.008015201
-0.01768987
-0.01450743
-0.005030584
-0.004049312
-0.007513201
-0.008003792
-0.01283958
-0.01777839
-0.02086794
-0.02300073
-0.02101579
-0.01736212
-0.008695153
-0.003453347
-0.001287862
0.002663642
0.005092287
0.007654551
0.006587654
0.003123757
0.004620119
0.00593492
0.006295002
0.0117714
0.01408682
0.01300768
0.009269399
0.006161477
0.001980514
-0.001850589
-0.003561113
-0.006503797
-0.005547023
-0.0002134284
0.003172985
0.004530618
0.009357271
0.01637182
0.01558235
0.01068636
0.008918713
0.01578842
0.02706045
0.03007252
0.02885056
0.01950635
0.01192266
0.008120105
-0.003566029
-0.01470341
-0.0169168
-0.01272052
-0.01107933
-0.01966569
-0.0261835
-0.02891914
-0.02767678
-0.0238579
-0.02292562
-0.0231694
-0.02148946
-0.01591822
-0.01431581
-0.01315914
-0.008053024
0.00307109
0.0113851
0.007290814
0.001357465
0.0003037958
0.001452306
0.004396015
0.009045165
0.01252132
0.01638302
0.01767433
0.01523957
0.01254166
0.0110147
0.01268136
0.01178884
0.005401589
0.0003739906
0.001869291
0.004209151
0.00295963
-0.00637747
-0.01279533
-0.009886314
-0.007007899
-0.007391443
-0.002840228
0.006144927
0.006780361
0.004625073
0.001498746
0.003205178
0.005781668
0.002330979
-0.004004272
-0.01033238
-0.01230918
-0.01400138
-0.0136383
-0.007215395
-0.00217663
-0.004442086
-0.01068656
-0.01614258
-0.01450246
-0.009707476
-0.005666275
-0.007101455
-0.008669237
-0.007698236
-0.005422659
0.0001648583
0.005354575
0.007506731
0.007410806
0.01087366
0.01802585
0.01945687
0.0142793
0.01213725
0.01198828
0.01324079
0.00975132
0.004877709
0.002835618
0.003876985
0.006406532
0.003247537
0.004271563
0.004929407
0.002450751
-0.0009969058
-0.002242384
-0.001326482
-0.0007482007
-0.002903521
-0.008109661
-0.01368708
-0.01688688
-0.01432471
-0.009664389
-0.006452472
-0.002519417
-0.001695322
-0.0007753478
0.005589385
0.01304042
0.02429605
0.02793942
0.02064125
0.01193242
0.007074093
0.006448762
0.005421551
0.002934718
-0.002005214
-0.004424728
-0.006441342
-0.01070603
-0.007419672
0.001709251
0.004171454
-0.002625902
-0.007209861
-0.007257879
-0.001490878
0.006316121
0.006087561
-0.0036729
-0.0110129
-0.008560903
-0.003788407
0.0009504303
-0.0002899736
-0.002364738
-0.001872163
4.127116e-05
0.003913105
0.004192498
0.00468201
0.005395922
0.008106995
0.01207777
0.01690636
0.01621267
0.007555835
-0.0009153557
-0.001601907
0.00331134
0.004435287
0.003842575
-0.0009433589
-0.000376333
0.007482672
0.01694409
0.0221868
0.02060775
0.01762007
0.01027495
0.006404974
0.006789417
0.008512099
0.01100692
0.00880872
0.00436244
0.0006954406
-0.0013926
-0.00147124
-0.002462782
-0.003907203
-0.004182706
-0.002352928
-0.001915451
-0.004575714
-0.007624598
-0.009587182
-0.008163367
-0.00756167
-0.009179496
-0.01230386
-0.01438579
-0.01289975
-0.00997654
-0.006527006
-0.004645212
-0.004521898
-0.003636647
-0.001890515
-0.004854742
-0.00460495
0.00152004
0.003151932
0.003777083
0.002696794
0.001319685
0.001145155
0.002847425
0.007484234
0.011099
0.01173333
0.008547763
0.004497233
0.002473442
0.001859291
0.00436124
0.005435188
0.003472597
0.001191765
0.002085174
0.002173802
0.00228385
3.973812e-05
-0.002931634
-0.0004031659
-0.000591978
0.003400189
0.004835217
0.004913645
0.002602213
-0.001054599
0.0003029089
0.0006485768
0.001224764
-0.004588328
-0.01362054
-0.01448867
-0.01148386
-0.008684076
-0.006075028
-0.005776279
-0.007685831
-0.01067148
-0.01355717
-0.0111409
-0.004976136
0.004662753
0.01265027
0.01237067
0.006028201
-0.001114969
-0.0005887589
0.002080471
0.003916361
0.0004013326
-0.002658777
0.001962734
0.005026706
0.003001897
-0.001369929
-0.004562637
-0.006211064
-0.007164872
-0.008817379
-0.007613884
-0.00633491
-0.006421716
-0.008167041
-0.007609205
-0.00524291
-0.004082254
-0.002562557
-0.00498924
-0.009878203
-0.01065759
-0.004556046
0.001038553
0.001356692
-0.0001417877
-0.002624567
-0.004283186
-0.004885084
-0.005745042
-0.005812459
-0.005945156
-0.005484212
-0.006524707
-0.004285902
0.0002815641
0.001345331
-0.0008130819
-0.002523714
-0.002309605
0.0003453642
0.005415694
0.006560046
0.003455077
0.0006938495
0.0005295427
0.003153917
0.006979851
0.008234368
0.005347683
0.001387961
0.0008370795
0.0002107185
-0.0005635414
-0.003797021
-0.005245499
-0.005060956
-0.004474532
-0.006015827
-0.008257863
-0.008122275
-0.006137427
-0.002745999
-0.004946209
-0.006098878
-0.007293366
-0.004657753
-0.001946659
9.633594e-05
0.001759892
0.0006980097
-0.0003006317
-0.002802752
-0.003626971
-0.003091529
-0.004623625
-0.004926621
-0.007346115
-0.008704809
-0.006502679
-0.00514103
-0.003920139
-0.002255547
-0.001397773
0.0007492816
0.003896958
0.004546655
0.005865474
0.006726315
0.005337037
0.001174381
-0.0005310946
0.002226951
0.00545318
0.005756088
0.004893139
0.003134632
0.002402245
0.003365101
0.002284898
0.002656157
0.004999077
0.007046198
0.007544962
0.007403167
0.006049614
0.004038162
0.004470632
0.004025904
0.001652358
0.001153574
0.002181731
0.006955329
0.00855061
0.006792133
0.004113617
0.001960403
0.002819252
0.002236841
-0.0006670864
-0.004826632
-0.007725457
-0.00918098
-0.008075279
-0.007792718
-0.005900595
-0.002707969
-0.001784842
-0.002617132
-0.00424298
-0.004231727
-0.00468355
-0.004839573
-0.005804453
-0.005574911
-0.006266427
-0.00492508
-0.002084332
-0.002745241
-0.002656448
-0.001484413
0.002768025
0.008084324
0.01073638
0.00979601
0.006728937
0.004516626
0.002647037
0.004114891
0.005157407
0.005290084
0.002953346
0.001616208
0.007103894
0.01211729
0.01277834
0.01202669
0.009257481
0.00781938
0.003493659
0.003581482
0.007046527
0.005657395
0.001201126
-0.003093981
-0.002134045
0.0004484367
0.004246182
0.005085037
0.002057095
-0.0012857
-0.001383203
0.000360643
0.002656387
0.004172676
0.002761624
-0.0004971826
-0.002244848
-0.001263909
0.001048202
0.001639994
-9.265409e-05
-0.002602788
-0.002663512
-7.388467e-05
0.00227877
0.004201289
0.002891879
0.0009650721
0.0003373805
0.001006087
0.0007322344
-0.0006871261
-0.001121461
-0.001105615
-7.175944e-05
-0.0002477335
-0.001192102
-0.00111261
-0.001220541
0.0009762861
0.0007960137
-0.0008078487
-0.001307731
-0.0002507289
0.003111153
0.004938069
0.005780557
0.004356156
0.0003047311
-0.00174646
0.0005200239
0.003323333
0.00498159
0.00564724
0.005415193
0.004197172
0.003140957
0.001235564
-0.0008215385
-0.001533515
-0.002374855
-0.002531136
-0.003472642
-0.003704779
-0.001937084
0.0005762342
0.0004195732
-0.001446275
-0.001448839
-0.001490893
-0.002684101
-0.004710021
-0.005792772
-0.00558524
-0.005392026
-0.004438952
-0.003157095
-0.001779824
-0.002359022
-0.002983342
-0.003005105
-0.002554763
-0.0009096204
-0.0008236323
-0.001472726
-0.002620803
-0.002732334
-0.002120323
-0.002712579
-0.002202092
-0.002193188
-0.0006687859
0.001168373
0.001929344
0.001184539
-0.000608576
-0.0008259887
-0.001958234
-0.001255245
-0.0006908205
-0.0007711222
-0.001129201
-0.0009805253
-0.0005435465
3.123534e-05
0.001203764
0.001387044
5.991423e-06
-0.002751939
-0.003392772
-0.001728015
0.0001428973
0.0006839892
0.0004751828
-0.0002287128
-0.001023975
-0.001681725
-0.002265419
-0.002996693
-0.002536623
-0.001649753
-0.001466367
-0.0007877548
0.0002438438
0.0007578719
0.0005270795
0.0007540845
0.0005594031
-0.0002389609
1.362787e-05
0.0003365594
0.0003302776
7.327724e-05
-0.0008079195
-0.001229123
-0.0009108971
-0.0008814028
-0.0009530962
-0.001003844
-0.0009181616
-0.0006633505
-0.0009957834
-0.000792101
9.304568e-06
0.001012298
0.00134629
0.00127601
0.0008171423
0.0002617728
-0.0001727567
-0.0001211424
0.001140434
0.001929183
0.001988696
0.001796485
0.001518821
0.001925204
0.002082365
0.001687667
0.0007915962
4.286327e-05
-0.0002458879
-0.0002756397
4.161711e-05
0.0002442141
0.0001629602
-0.0003705889
-0.0008363256
-0.0009265856
-0.000663591
-0.0001978185
-0.0002875018
-0.0005538497
-0.0003179619
-0.0002647764
-6.095239e-05
0.0002043603
0.0004812204
0.0004703911
0.0001641303
9.425022e-05
0.000158265
0.0003573095
0.0004940784
0.000667762
0.0006327267
0.0004081718
0.0002042514
0.0001078371
0.0001680917
0.000197118
0.0001594536
5.749852e-05
-3.337163e-05
-2.179147e-05
2.754996e-05
-2.110361e-06
-1.505841e-05
-1.892293e-05
5.304239e-05
0.0002085631
0.0002717968
0.0003099079
0.0003060223
0.0002124342
0.0001296997
9.685606e-05
3.575723e-05
-4.944841e-05
-0.0001248075
-0.0001630605
-0.0001167057
-5.236101e-05
-1.404311e-05
-3.662149e-05
-7.088529e-05
-0.0001220312
-0.0001057563
-7.339629e-05
-8.157228e-05
-6.74883e-05
-4.32361e-05
1.389843e-05
3.897183e-05
3.686972e-05
1.386908e-05
9.093759e-06
1.515608e-05
1.85913e-05
4.110512e-05
6.40968e-05
7.1541e-05
7.110847e-05
5.722656e-05
3.577438e-05
3.257505e-05
2.407135e-05
1.615177e-05
1.423186e-05
1.521757e-05
1.154083e-05
1.005547e-06
-3.106116e-07
-7.614602e-06
-1.297308e-05
-1.835637e-05
-1.814424e-05
-1.266568e-05
-1.214993e-05
-1.504151e-05
-1.566195e-05
-1.61391e-05
-1.675614e-05
-1.590632e-05
-1.582011e-05
-1.553681e-05
-1.599023e-05
-1.633386e-05
-1.611146e-05
-1.438529e-05
-1.388691e-05
-1.419322e-05
-1.437691e-05
-1.458212e-05
-1.46467e-05
-1.432084e-05
-1.378099e-05
-1.344912e-05
-1.318581e-05
-1.305124e-05
-1.271882e-05
-1.247243e-05
-1.232264e-05
-1.220763e-05
-1.211548e-05
-1.200359e-05
-1.189303e-05
-1.177026e-05
-1.162291e-05
-1.143904e-05
-1.120813e-05
-1.092517e-05
-1.058576e-05
-1.018663e-05
-9.728172e-06
