-0.000186718
-0.0001878567
-0.0001891474
-0.0001903713
-0.0001918474
-0.0001933107
-0.0001949585
-0.0001963132
-0.0001976641
-0.0001987443
-0.0001997979
-0.000200721
-0.0002026385
-0.0002046164
-0.0002070019
-0.000209421
-0.0002116338
-0.0002141887
-0.0002180138
-0.000222995
-0.0002271476
-0.0002291911
-0.0002279114
-0.0002240838
-0.0002201382
-0.0002158798
-0.0002124686
-0.0002086151
-0.0002043916
-0.0002003708
-0.0001973883
-0.0001941339
-0.0001934052
-0.0001937025
-0.000193925
-0.0001924704
-0.0001892054
-0.0001897565
-0.0001983767
-0.000211778
-0.0002271328
-0.0002415713
-0.0002452828
-0.0002397217
-0.0002270972
-0.0002106793
-0.0001965468
-0.000181201
-0.0001623975
-0.000154326
-0.000155005
-0.0001623411
-0.0001754321
-0.0001922334
-0.0002168116
-0.0002387957
-0.0002573558
-0.0002704941
-0.0002809622
-0.0002805608
-0.0002756232
-0.0002741851
-0.0002858329
-0.0003220174
-0.0003912943
-0.0004917104
-0.000603581
-0.000701856
-0.000774962
-0.0008141382
-0.000811801
-0.0007680808
-0.000693087
-0.0005919889
-0.0004789108
-0.0003643297
-0.0002561294
-0.0001598524
-7.562047e-05
-9.984564e-06
2.202955e-05
2.334797e-05
-7.142984e-06
-7.794511e-05
-0.0001823094
-0.0003173739
-0.0004713874
-0.0006347101
-0.0007838774
-0.0008886399
-0.0009318205
-0.0008724438
-0.0007014732
-0.0004654544
-0.0002108371
4.75686e-06
0.0001486039
0.000229094
0.0002476156
0.0002246297
0.0001795786
0.0001346592
0.0001179381
0.0001282114
0.0001397311
0.0001279491
9.943401e-05
5.419844e-05
-1.97031e-05
-0.0001130292
-0.0001931578
-0.0002052947
-0.0001509946
-4.379665e-05
7.827931e-05
0.0002008359
0.0003326303
0.0004553261
0.0005672776
0.0006672025
0.0007274894
0.0007441863
0.0007276179
0.0006840863
0.0006240153
0.0005178993
0.0003272627
9.949003e-05
-9.629781e-05
-0.0002651721
-0.0003706281
-0.0003543837
-0.0002295019
-5.246639e-05
9.141926e-05
0.0001817774
0.0002345841
0.0002475016
0.000216592
0.0001403098
2.407878e-05
-0.0001132357
-0.0002875404
-0.0004633854
-0.0005890462
-0.0006737305
-0.000735463
-0.0008329702
-0.000991907
-0.001162716
-0.001256303
-0.001209409
-0.001052327
-0.0008735842
-0.0007361486
-0.0006401879
-0.0005791929
-0.0005632214
-0.0006071443
-0.0007255662
-0.0009248805
-0.00118479
-0.001434408
-0.001549091
-0.00150304
-0.00134625
-0.001153724
-0.001047816
-0.001032461
-0.001033612
-0.001057679
-0.001069624
-0.00106103
-0.001077542
-0.001100929
-0.001229414
-0.001490516
-0.001754079
-0.001926989
-0.001982657
-0.001897301
-0.001638913
-0.001219995
-0.0007163749
-0.0001258605
0.0005388196
0.001124658
0.001516093
0.001587367
0.00130813
0.000768307
3.995986e-05
-0.0007196662
-0.001271159
-0.001484038
-0.001341963
-0.000868782
-0.0002416608
0.0003886338
0.0009796411
0.001513307
0.001933216
0.002185897
0.0022993
0.002302203
0.002185293
0.001931513
0.001560046
0.001152441
0.0008673318
0.0007305117
0.0006855434
0.0007140663
0.0007969383
0.0008955325
0.0009546555
0.0009064008
0.000679984
0.0002140519
-0.0004899787
-0.001311466
-0.002115891
-0.002801869
-0.00323781
-0.003378082
-0.003163392
-0.002549925
-0.001525228
-0.0002593903
0.001046257
0.002119595
0.002783916
0.003112934
0.003234043
0.003225769
0.003009287
0.002493519
0.001617219
0.0004331349
-0.0008805931
-0.002076509
-0.00290102
-0.003270796
-0.003187061
-0.002668159
-0.001814177
-0.0007184986
0.0004382678
0.00146719
0.002268079
0.002785511
0.002886238
0.002570511
0.001976913
0.001303491
0.000779219
0.0005289497
0.000636741
0.0009972434
0.001268097
0.001274089
0.0009483581
0.0003608356
-0.0002293488
-0.0006707198
-0.0009144296
-0.0009579619
-0.0007687338
-0.0003368241
0.0002764067
0.0009148225
0.001517949
0.002066572
0.002361666
0.002345284
0.002088034
0.001724262
0.001539063
0.001447611
0.001408262
0.001413574
0.001419242
0.00138186
0.001278809
0.001132968
0.001019114
0.001068804
0.001445395
0.002286978
0.003607839
0.005169138
0.006522368
0.007346034
0.007271226
0.006137076
0.004266149
0.001969814
-0.0003101498
-0.002166098
-0.003283522
-0.003567889
-0.003173118
-0.002187764
-0.0008125267
0.0006670712
0.002140647
0.003308769
0.004010961
0.00398322
0.003257339
0.001879481
6.848162e-05
-0.001744119
-0.003375178
-0.004752772
-0.005743191
-0.006213816
-0.00614543
-0.00563492
-0.004782927
-0.003795826
-0.002907712
-0.002077973
-0.001408847
-0.0009505403
-0.0008178439
-0.001008142
-0.001556362
-0.002480761
-0.003626914
-0.004677801
-0.005650153
-0.006337858
-0.006619641
-0.006561652
-0.006111852
-0.005250093
-0.00406321
-0.002771175
-0.001224743
0.0004018284
0.001881399
0.002991228
0.003742654
0.003873735
0.00328157
0.002217831
0.0009819602
-0.0005229302
-0.002097593
-0.003502903
-0.004535122
-0.005276475
-0.005503963
-0.004852053
-0.003579992
-0.001680108
0.0008455644
0.003507336
0.005913121
0.007745131
0.008776255
0.009086681
0.008779732
0.00761033
0.006101451
0.004639256
0.003237383
0.002280321
0.001731922
0.001415975
0.001308524
0.001458972
0.001909073
0.002370883
0.002814244
0.003113342
0.002985993
0.002147096
0.0007234448
-0.0005940656
-0.001496983
-0.001892312
-0.001583546
-0.0006296709
0.0007298223
0.002306652
0.003919397
0.005382747
0.0064848
0.007015694
0.00659875
0.005303978
0.00342401
0.00127892
-0.0007005377
-0.002232936
-0.00327867
-0.003605058
-0.003336334
-0.002677145
-0.001874067
-0.00129139
-0.0008666248
-0.0005139122
-0.0002634778
-0.0002030722
-0.0004709571
-0.000979619
-0.001797386
-0.002669455
-0.003348864
-0.003741547
-0.003932376
-0.004008054
-0.004020162
-0.004025458
-0.004056929
-0.004124097
-0.004187815
-0.004196704
-0.004305478
-0.004416491
-0.004320912
-0.003792085
-0.002587043
-0.0006207167
0.001910045
0.004853995
0.007819225
0.01028637
0.01174642
0.01179185
0.01036834
0.007567555
0.003834714
-0.0002435568
-0.003943089
-0.006868511
-0.008893148
-0.009870223
-0.009635962
-0.008123011
-0.005428075
-0.001951667
0.001751495
0.005237132
0.00803747
0.009992425
0.01106673
0.01131075
0.01081823
0.009777197
0.008365772
0.006802762
0.00538944
0.004385864
0.003777992
0.003281014
0.002623321
0.001646657
0.000360804
-0.001160812
-0.002837524
-0.004545513
-0.006098219
-0.007288093
-0.008109484
-0.00853099
-0.008337317
-0.007687456
-0.007012324
-0.006416368
-0.005897014
-0.005565888
-0.005384854
-0.005239657
-0.00507736
-0.004888294
-0.004508981
-0.003938787
-0.003416424
-0.003102056
-0.003144781
-0.003548212
-0.004138584
-0.004815232
-0.005420263
-0.005594338
-0.00488238
-0.003240261
-0.0008981415
0.001645047
0.00390037
0.005418163
0.006010355
0.005816237
0.005005883
0.003807373
0.002421954
0.001137989
0.0001011112
-0.0005562895
-0.0006864078
-0.0003584078
0.0002612572
0.0009398296
0.00133662
0.001416791
0.00134453
0.001272234
0.001408821
0.001952128
0.002819352
0.00380779
0.004593263
0.004775466
0.004140436
0.002805277
0.0009936035
-0.00104522
-0.003065628
-0.004897227
-0.006257683
-0.006959753
-0.007066018
-0.006638594
-0.005704111
-0.004392168
-0.002865228
-0.001211117
0.000480236
0.002089279
0.003453932
0.004388045
0.004879468
0.005076187
0.004994869
0.004743697
0.004494751
0.004246829
0.004040118
0.003816179
0.003493679
0.003128037
0.002804216
0.0027718
0.003159799
0.003939771
0.004800399
0.005518715
0.006067355
0.006352769
0.006384088
0.006115233
0.005487324
0.004500767
0.003287793
0.002033968
0.0006937536
-0.0008671915
-0.002444118
-0.003770499
-0.00475133
-0.00528977
-0.005389677
-0.005155042
-0.004804391
-0.00450787
-0.004236006
-0.004059177
-0.003853574
-0.003511258
-0.002990239
-0.002331338
-0.001725184
-0.001372738
-0.001261183
-0.001222733
-0.001078918
-0.0006248635
0.0003132962
0.001759534
0.003466826
0.005106003
0.006465578
0.007258306
0.007242277
0.006386431
0.004870938
0.002915875
0.0007560379
-0.001271546
-0.002989348
-0.004357207
-0.005228872
-0.005698805
-0.005820835
-0.005457541
-0.004444868
-0.002813474
-0.0007262467
0.001680854
0.004018144
0.006006857
0.007498494
0.008243687
0.007957993
0.006620436
0.004300597
0.001407186
-0.001347433
-0.003283242
-0.003927336
-0.003143957
-0.001066744
0.001720546
0.004581355
0.007166995
0.009179326
0.01047977
0.01108134
0.01104113
0.01046887
0.009435385
0.008073136
0.006552479
0.004969901
0.003422714
0.002010649
0.0006903977
-0.0006368074
-0.001879054
-0.002968392
-0.003895926
-0.004712377
-0.005443222
-0.006046614
-0.006498403
-0.006740423
-0.006789366
-0.006578349
-0.006010536
-0.005044588
-0.003769141
-0.00235337
-0.0009265339
0.0003733885
0.001420924
0.00213774
0.00239042
0.002016171
0.001134629
-2.273144e-07
-0.001307835
-0.002780879
-0.004311527
-0.005748821
-0.006997479
-0.007875286
-0.008274762
-0.008008903
-0.006985127
-0.005199014
-0.002897022
-0.0004850897
0.001626835
0.002929422
0.003153228
0.002325048
0.0006509951
-0.001582982
-0.004031119
-0.006178789
-0.007485064
-0.007819006
-0.007392728
-0.006349823
-0.004959526
-0.003582089
-0.002463439
-0.001623551
-0.001044563
-0.0007766794
-0.0005622218
-0.0002320864
0.0002747445
0.0009259681
0.001669713
0.0024758
0.003103342
0.003280841
0.002964342
0.002300922
0.001535531
0.000950713
0.0006576119
0.0006957078
0.001162777
0.002121777
0.003486186
0.005012261
0.006455281
0.007543559
0.008015094
0.007710942
0.006641448
0.004820629
0.002359522
-0.0001382063
-0.002397456
-0.003962489
-0.004531077
-0.004099205
-0.00267869
-0.0002542639
0.002726056
0.005855771
0.008554495
0.01044166
0.01125134
0.01086129
0.009276315
0.006577347
0.00316638
-0.0003822281
-0.003482464
-0.00580226
-0.007263418
-0.007885499
-0.007720693
-0.006956904
-0.005770833
-0.004504153
-0.003543605
-0.00300139
-0.003006571
-0.003327394
-0.00394944
-0.00471
-0.005146148
-0.005235339
-0.00481253
-0.00370259
-0.001863765
0.0004431464
0.002679622
0.00446539
0.005499132
0.00558392
0.005062603
0.003994618
0.002484514
0.0006452894
-0.00125661
-0.003063774
-0.004320246
-0.004836386
-0.004661982
-0.003654059
-0.001729889
0.0009096887
0.003782406
0.006477413
0.008597149
0.00979511
0.009856819
0.008654747
0.006350857
0.003314285
1.681508e-05
-0.003051071
-0.005415005
-0.006887861
-0.007462363
-0.007316541
-0.006474059
-0.004961029
-0.002972939
-0.0008212229
0.001369832
0.003285281
0.004797791
0.006036641
0.0070289
0.00754356
0.007797229
0.007833266
0.007560674
0.006900407
0.005801955
0.004405502
0.003059186
0.001783694
0.0008832689
0.000283116
8.942878e-05
0.000532741
0.00111015
0.001297622
0.001162913
0.0007169992
-3.012841e-06
-0.0007400392
-0.001130485
-0.001326063
-0.001422902
-0.001473581
-0.001610985
-0.001919006
-0.002440827
-0.003083794
-0.003650471
-0.004108836
-0.004335172
-0.004447316
-0.004565848
-0.004770812
-0.005181852
-0.005791385
-0.006515292
-0.007415001
-0.008383928
-0.009396716
-0.01018131
-0.01021828
-0.009538606
-0.008132876
-0.006156269
-0.003824212
-0.001460061
0.000716782
0.002301679
0.003038645
0.002698897
0.001235386
-0.0009488761
-0.003454178
-0.00572129
-0.007276018
-0.007887374
-0.007632285
-0.006466665
-0.004415085
-0.001796086
0.001004949
0.003725332
0.0061643
0.00811889
0.009260684
0.009768267
0.009514244
0.008518092
0.006858416
0.004442872
0.001550149
-0.001663522
-0.004724842
-0.007359079
-0.008959161
-0.009657482
-0.00947027
-0.007909793
-0.005265112
-0.001807861
0.00194138
0.005368404
0.008357245
0.0103036
0.01097407
0.0104345
0.008895125
0.00668921
0.004138022
0.001692486
-0.0003420338
-0.001814292
-0.002471485
-0.002438299
-0.001989144
-0.001005801
0.0005302244
0.002388042
0.004070948
0.005339304
0.005916462
0.005915812
0.005635082
0.005033576
0.004436325
0.003561807
0.002200191
0.0003498894
-0.002040069
-0.00455587
-0.006863113
-0.008740146
-0.01003811
-0.01053239
-0.01007703
-0.009116508
-0.007845646
-0.00658838
-0.005301071
-0.004114904
-0.00275929
-0.001203681
0.0002596722
0.001725844
0.003238075
0.004809894
0.006436939
0.008099247
0.009698277
0.01103477
0.01186434
0.01195382
0.01124865
0.009964091
0.008171345
0.006254918
0.004611201
0.003001799
0.001596847
0.0005284281
-0.0004770483
-0.001380954
-0.002242297
-0.003242992
-0.004292238
-0.005364375
-0.006154166
-0.006445519
-0.006195568
-0.005600929
-0.004628871
-0.00372002
-0.002870584
-0.002234884
-0.001870002
-0.001863645
-0.002124063
-0.002862603
-0.003953107
-0.00539088
-0.006998046
-0.00886909
-0.01071139
-0.01209009
-0.01286643
-0.01283571
-0.0119748
-0.01027619
-0.007932026
-0.005197968
-0.002845879
-0.001164104
6.430628e-05
0.0006827022
0.00101048
0.001250495
0.001441964
0.001582115
0.001823716
0.002327053
0.003111837
0.003834571
0.004166906
0.004033411
0.003568334
0.002819143
0.002172708
0.001733839
0.001589632
0.001913456
0.002286767
0.002652909
0.002989505
0.003146159
0.002966673
0.002552155
0.001839832
0.0008159721
-0.0003356928
-0.001434207
-0.002096908
-0.002209828
-0.001634775
-0.0001938443
0.002081862
0.004785013
0.007267734
0.009155669
0.01020413
0.01015959
0.008888952
0.006371767
0.002923155
-0.0008366038
-0.004395952
-0.007369331
-0.009322526
-0.01008974
-0.009554153
-0.007740367
-0.004872459
-0.001311787
0.002259463
0.005011304
0.00657506
0.006809453
0.005895109
0.004189804
0.002242576
0.000409513
-0.001236564
-0.002377048
-0.002952546
-0.003055793
-0.002727363
-0.002222302
-0.001632605
-0.001068602
-0.000766404
-0.0007414416
-0.001025287
-0.0016401
-0.002483052
-0.003289039
-0.003839695
-0.003787077
-0.002942293
-0.001241555
0.001154081
0.00390972
0.00639646
0.008049135
0.008363911
0.007226131
0.004906237
0.001749958
-0.001866732
-0.005518701
-0.008654725
-0.0108286
-0.01190917
-0.01186179
-0.01074245
-0.008735285
-0.006052441
-0.003190694
-0.0005962954
0.001498748
0.002963726
0.003890885
0.004316831
0.004247786
0.003729621
0.003005424
0.002361977
0.002109876
0.002480753
0.003390537
0.004754793
0.006585253
0.00864584
0.01045638
0.01144626
0.01138008
0.01022911
0.008228847
0.005849044
0.003485389
0.001583618
0.00032776
-0.0003170478
-0.0002907955
0.0001577732
0.0007138003
0.001132477
0.001059523
0.0003130922
-0.001078987
-0.002878748
-0.004709075
-0.006328195
-0.00754434
-0.008160087
-0.008232612
-0.007861933
-0.007049201
-0.006061176
-0.005011605
-0.003793319
-0.002395012
-0.0008473167
0.0006551808
0.002038853
0.003413637
0.004744752
0.005947912
0.007035587
0.007870288
0.008411813
0.008762474
0.009067837
0.009363727
0.009572171
0.009508062
0.009030534
0.008023168
0.006253604
0.003744044
0.0006677099
-0.002757195
-0.006175389
-0.009280782
-0.01161298
-0.01265936
-0.01218881
-0.01031362
-0.007263051
-0.003421198
0.0009285844
0.005341826
0.00898101
0.01120792
0.01177966
0.01064766
0.007981545
0.004290932
0.0001886904
-0.003731545
-0.007017075
-0.009550727
-0.01143599
-0.01265895
-0.01312709
-0.01270032
-0.01144678
-0.009458632
-0.006918193
-0.004116151
-0.001273204
0.001477147
0.003994024
0.006370453
0.008489064
0.009919485
0.01046168
0.01019248
0.009380676
0.008160926
0.006984181
0.005934031
0.00494685
0.003920653
0.002836618
0.001638766
0.0004569044
-0.0005962102
-0.001569032
-0.002747515
-0.004147823
-0.00554345
-0.006708599
-0.007343706
-0.007085476
-0.005490817
-0.002584746
0.001178558
0.0055012
0.009611809
0.01273314
0.01430116
0.01425208
0.0127107
0.009805999
0.005889602
0.001246104
-0.003658305
-0.008185566
-0.01200058
-0.01501045
-0.0171563
-0.01836606
-0.01863799
-0.01799082
-0.01658907
-0.01471477
-0.01276122
-0.01091501
-0.009371893
-0.008138672
-0.007184587
-0.006426885
-0.005732261
-0.005118189
-0.004523963
-0.004108188
-0.004144747
-0.004652794
-0.005488254
-0.006661387
-0.008048442
-0.009609195
-0.01135817
-0.01327786
-0.01529869
-0.01721406
-0.01871776
-0.01970783
-0.02020938
-0.01992832
-0.01851043
-0.01583176
-0.01178719
-0.006740229
-0.001159247
0.00462957
0.01006508
0.0147354
0.01855115
0.02135418
0.02309855
0.02393967
0.02384656
0.02287335
0.02119841
0.01877095
0.01555702
0.01179634
0.007765188
0.003906533
0.0002700936
-0.00285811
-0.005325357
-0.006972106
-0.007648183
-0.007200795
-0.005904935
-0.003778404
-0.001096289
0.001679979
0.004241964
0.006337829
0.007880615
0.009027438
0.009961031
0.01097497
0.01250064
0.01466597
0.01756462
0.0211133
0.02512963
0.02895367
0.03236937
0.03521614
0.03684837
0.03733062
0.0365826
0.03426058
0.03015215
0.02411929
0.0162342
0.006912092
-0.003251802
-0.01317149
-0.02162831
-0.02780554
-0.03134039
-0.03232757
-0.03145907
-0.02937478
-0.02627278
-0.02260636
-0.01886216
-0.01550708
-0.01258047
-0.01011664
-0.008431549
-0.007502126
-0.007242399
-0.007463647
-0.007679713
-0.00755282
-0.00677106
-0.005064305
-0.002391285
0.001112811
0.005012597
0.0088974
0.01216518
0.0142472
0.01489249
0.01407672
0.01175244
0.008054702
0.003368058
-0.001736148
-0.006605951
-0.01077804
-0.01404329
-0.01636395
-0.01799312
-0.01909734
-0.01974699
-0.02002116
-0.02009495
-0.02014384
-0.02007608
-0.01988917
-0.01975161
-0.0198804
-0.02051338
-0.02164288
-0.02312392
-0.02464709
-0.02589327
-0.02643416
-0.02592897
-0.02420351
-0.02121018
-0.01714978
-0.01239711
-0.007632159
-0.003732595
-0.001205545
-0.0001240843
-0.000311457
-0.001524558
-0.003453566
-0.005522909
-0.007212893
-0.008274867
-0.008590897
-0.008167062
-0.007095937
-0.005534291
-0.003637837
-0.001504718
0.0008994197
0.003421957
0.005805428
0.007946525
0.009889311
0.01190008
0.01422827
0.01697164
0.02023733
0.02398824
0.02782197
0.03121904
0.03396153
0.03613868
0.0377641
0.03905044
0.04044555
0.04204321
0.04384375
0.0458231
0.04772173
0.04944707
0.05077662
0.05129215
0.05063901
0.04843998
0.04463079
0.03933921
0.03271163
0.02512859
0.0172048
0.00960902
0.003022467
-0.001988404
-0.005016587
-0.005888448
-0.004740378
-0.001874149
0.002539494
0.007877187
0.01310646
0.01757158
0.02082788
0.02256917
0.02283867
0.02179496
0.01965895
0.01666339
0.01291925
0.008463533
0.003377133
-0.00213975
-0.007726632
-0.01290592
-0.01745388
-0.02102451
-0.02362811
-0.02562743
-0.02718422
-0.02861022
-0.03018062
-0.03208493
-0.03440199
-0.03699131
-0.03949568
-0.04151561
-0.04259527
-0.04204561
-0.03923479
-0.03383954
-0.02585064
-0.0159576
-0.005218934
0.005249616
0.01458415
0.02230516
0.0282956
0.03238086
0.03459037
0.03505793
0.03372752
0.03104757
0.02726791
0.02274342
0.01800098
0.01360061
0.009582082
0.005950241
0.002578617
-0.0007964558
-0.004167195
-0.007396785
-0.01054222
-0.01352023
-0.01645879
-0.01905204
-0.02089978
-0.021676
-0.02114965
-0.01887415
-0.01482798
-0.009163298
-0.002237898
0.005284147
0.01254722
0.01908371
0.02479216
0.02942375
0.03308376
0.03544529
0.03658474
0.03657026
0.03505689
0.03228019
0.02810491
0.02292982
0.01679744
0.01028019
0.004354451
-0.0006196228
-0.004234591
-0.006313217
-0.006965243
-0.006827508
-0.006356408
-0.005987058
-0.00620012
-0.007073189
-0.008542827
-0.01028135
-0.01191958
-0.01305483
-0.01359558
-0.01329238
-0.01248439
-0.01127925
-0.009929098
-0.008731252
-0.008195322
-0.0083943
-0.009182356
-0.0107574
-0.01305531
-0.01571577
-0.01855796
-0.02122786
-0.02378671
-0.02644762
-0.02947255
-0.03287038
-0.0362422
-0.03942374
-0.04236255
-0.04484764
-0.04663181
-0.04747828
-0.04665106
-0.04389199
-0.03940574
-0.03327592
-0.02601267
-0.01837857
-0.01085339
-0.004252348
0.001295407
0.005530043
0.008305992
0.01020201
0.01136395
0.01200718
0.01239581
0.01259092
0.01280027
0.01284156
0.0126926
0.01204311
0.01088764
0.009374546
0.007321822
0.004829252
0.002200575
-0.0003420499
-0.002657788
-0.004726216
-0.006661583
-0.008243775
-0.009369541
-0.01024456
-0.01089832
-0.01143647
-0.01214402
-0.01293164
-0.01377834
-0.01478398
-0.01583706
-0.01683765
-0.01772726
-0.01817955
-0.01756059
-0.01513053
-0.01079629
-0.00458477
0.003113856
0.01134587
0.01923946
0.02609271
0.03143092
0.03500618
0.03682876
0.03738499
0.03690062
0.03556662
0.03339399
0.03020139
0.02589798
0.02054782
0.01454818
0.008483642
0.003005389
-0.001405769
-0.004553318
-0.006628755
-0.007880846
-0.008688303
-0.009640784
-0.01122908
-0.0138662
-0.01782568
-0.02280781
-0.02834237
-0.03370142
-0.03812554
-0.0412796
-0.04264994
-0.04193298
-0.03903386
-0.03394333
-0.02710342
-0.01941446
-0.01170733
-0.004483526
0.001726768
0.006680293
0.01054593
0.01358052
0.01614602
0.01861361
0.02131091
0.02450189
0.0280091
0.03153292
0.03476106
0.03754526
0.03984724
0.04159169
0.04252312
0.04218044
0.04017585
0.03610982
0.03000815
0.02227676
0.01338389
0.004154065
-0.004508555
-0.01183423
-0.01724605
-0.02061242
-0.02210521
-0.02199487
-0.02048436
-0.01791669
-0.01477161
-0.01156477
-0.00876325
-0.006788914
-0.006182769
-0.007452663
-0.0105431
-0.01549607
-0.02206144
-0.02958481
-0.03726856
-0.0440409
-0.04910634
-0.05207367
-0.05280314
-0.051116
-0.04706222
-0.04075878
-0.03283332
-0.02393004
-0.01493385
-0.006613068
0.0005882536
0.006368894
0.01080846
0.01421782
0.01687191
0.01914379
0.02139975
0.02393259
0.02671897
0.02945712
0.0318274
0.03347858
0.03418371
0.03384199
0.03219682
0.02917761
0.02523252
0.02077212
0.01636063
0.01247379
0.009246976
0.006788228
0.005308478
0.004563137
0.004310528
0.004195332
0.003929113
0.003307087
0.002214607
0.0007382414
-0.001133755
-0.003383609
-0.005882828
-0.008329826
-0.01050976
-0.01225737
-0.01316855
-0.01305036
-0.01140756
-0.007743373
-0.002278314
0.004628093
0.01232781
0.01989056
0.02663383
0.03176233
0.03463097
0.03510111
0.03295015
0.02812181
0.02104532
0.01248098
0.003349797
-0.005494253
-0.01289309
-0.01843066
-0.02211681
-0.02435785
-0.02556367
-0.02599523
-0.0261631
-0.02617816
-0.02621281
-0.02643873
-0.02694716
-0.02776288
-0.02876526
-0.02962952
-0.03006004
-0.02990193
-0.02894698
-0.02702468
-0.02424077
-0.02111275
-0.01794041
-0.01495157
-0.01211882
-0.009303882
-0.006602965
-0.004107443
-0.001841314
0.0002298383
0.002040587
0.003954509
0.006367438
0.009270211
0.01263736
0.01640739
0.0203058
0.02378456
0.0263008
0.02746944
0.02677708
0.02407839
0.01956958
0.01385034
0.007992552
0.003166423
0.00018619
-0.0007781639
0.0002012404
0.002804096
0.00638376
0.01033814
0.01430388
0.01785807
0.02072133
0.02292542
0.02455225
0.02557477
0.02616105
0.0265941
0.02698503
0.02729862
0.0273808
0.02725702
0.02698993
0.02666628
0.02623731
0.02597925
0.02606968
0.02666565
0.02791579
0.02976555
0.03185288
0.0338917
0.03550594
0.03642439
0.03643459
0.03544374
0.0334363
0.03060133
0.02727893
0.02376178
0.02010081
0.01634032
0.0123585
0.008114615
0.003781128
-0.0007340873
-0.005518083
-0.01027321
-0.0145265
-0.01800094
-0.02071139
-0.0223698
-0.02292422
-0.02240662
-0.02096227
-0.01860686
-0.01558962
-0.0124184
-0.009354314
-0.006651949
-0.004613001
-0.003457054
-0.003204214
-0.003773489
-0.005110189
-0.007063851
-0.009466811
-0.01210282
-0.01482505
-0.01731504
-0.01949119
-0.02117311
-0.02225915
-0.02267563
-0.0224172
-0.02175501
-0.02104936
-0.02050601
-0.02012277
-0.01993993
-0.02003914
-0.02046218
-0.02091462
-0.02119035
-0.02100729
-0.01993454
-0.01758918
-0.01385708
-0.008895654
-0.003141197
0.002720824
0.007965476
0.01212905
0.0149684
0.01631069
0.01604657
0.01409072
0.01039321
0.00497749
-0.00196827
-0.009928057
-0.01781488
-0.02481573
-0.03013642
-0.03333391
-0.03457373
-0.0344114
-0.03326239
-0.0314806
-0.02930114
-0.02685478
-0.02404484
-0.02090321
-0.01776979
-0.01482969
-0.01231446
-0.01048511
-0.009252482
-0.008762963
-0.008906876
-0.009533293
-0.01050468
-0.01152995
-0.01242524
-0.01310224
-0.01332144
-0.012962
-0.01214273
-0.0107496
-0.008467411
-0.005160007
-0.0006203757
0.005092504
0.01197968
0.01950187
0.02695011
0.0336127
0.03895321
0.04266198
0.04458673
0.04479553
0.04333124
0.04045938
0.03651349
0.0320708
0.02769983
0.02391797
0.02095787
0.01907803
0.0182827
0.01855106
0.01975283
0.02166826
0.02410091
0.02652024
0.02866382
0.03020455
0.03088065
0.03050941
0.02906283
0.02666789
0.02347775
0.01982029
0.01584238
0.01202015
0.008523138
0.005302579
0.002659709
0.000414293
-0.001787552
-0.003812234
-0.005559015
-0.007094453
-0.008410358
-0.009455199
-0.01020499
-0.01068334
-0.01079058
-0.01056509
-0.01005699
-0.009322765
-0.00847109
-0.007152286
-0.005077774
-0.002233253
0.001463074
0.005514149
0.009348386
0.01271965
0.01522282
0.01659743
0.01648609
0.0147916
0.01153288
0.006742722
0.0005667969
-0.006462228
-0.01364821
-0.02038309
-0.02638182
-0.03132792
-0.0351998
-0.03830044
-0.04077652
-0.04271135
-0.04421431
-0.04554068
-0.04690728
-0.04843163
-0.04968
-0.05054279
-0.05075215
-0.04998482
-0.04793248
-0.04421156
-0.03880181
-0.03208815
-0.02462344
-0.01731435
-0.01054417
-0.004363767
0.001073203
0.005902506
0.01016246
0.01398563
0.01721937
0.01970911
0.02174191
0.02317813
0.02387231
0.02374618
0.02278929
0.02102492
0.01834104
0.01470534
0.01033533
0.005367371
6.495991e-05
-0.005068681
-0.009554979
-0.01305659
-0.01535004
-0.01641982
-0.01651508
-0.0158283
-0.0144799
-0.01264881
-0.01033067
-0.007591163
-0.004570424
-0.001289318
0.002194433
0.005724449
0.009029159
0.01209247
0.01480111
0.01683516
0.01812707
0.01867186
0.01820442
0.01653163
0.0136621
0.009774619
0.0053844
0.001166567
-0.002407345
-0.005018065
-0.006529748
-0.006794669
-0.005655209
-0.003203741
0.00036775
0.004894402
0.009866066
0.01470862
0.0188917
0.02218637
0.02446958
0.02568179
0.02560673
0.02411003
0.02131241
0.01759401
0.01330717
0.008842247
0.004694375
0.00114913
-0.001500305
-0.002995827
-0.003276029
-0.002362181
-0.0003122284
0.002619783
0.005944537
0.009290848
0.0123258
0.01461122
0.01572443
0.01561285
0.01437062
0.01229904
0.009714097
0.007102219
0.004875675
0.003166481
0.002121963
0.001684023
0.001551263
0.001639303
0.001874879
0.002287148
0.002843816
0.003510807
0.004295472
0.005244352
0.006318008
0.007228441
0.00786193
0.008365509
0.008492429
0.008061666
0.006959542
0.005106724
0.002422554
-0.0008189716
-0.004243796
-0.007428485
-0.01011952
-0.01236364
-0.01407155
-0.01526989
-0.01600646
-0.01636304
-0.01654147
-0.01666575
-0.01677759
-0.01686165
-0.0168355
-0.01660153
-0.01632287
-0.01599475
-0.01556219
-0.01479664
-0.01373633
-0.01234319
-0.0104375
-0.008095489
-0.005257903
-0.001968775
0.001693488
0.005598183
0.009490485
0.01347127
0.0175876
0.02188183
0.02623612
0.03044184
0.03426595
0.03751607
0.04034925
0.04265069
0.04423739
0.04504132
0.04494409
0.04388864
0.04185599
0.03895568
0.03506577
0.03062053
0.0255775
0.02013279
0.01427402
0.007786546
0.0008657827
-0.006222313
-0.01321227
-0.01955406
-0.02505859
-0.02940272
-0.03232167
-0.03422147
-0.0350659
-0.03496163
-0.0337751
-0.03160165
-0.02842725
-0.02467044
-0.02077565
-0.01699228
-0.01349944
-0.01061912
-0.008401338
-0.00652709
-0.004918781
-0.003597035
-0.002319454
-0.001242613
-0.0005625626
-0.0003612227
-0.0005797817
-0.001182349
-0.002040678
-0.002846833
-0.003413599
-0.003356599
-0.002498352
-0.0007073088
0.001961174
0.005330368
0.008941102
0.0122098
0.01478219
0.0165947
0.01762198
0.01743696
0.01612745
0.01412727
0.01174441
0.009382649
0.007280623
0.005492146
0.004161857
0.00318243
0.002725828
0.002540649
0.002510021
0.002650378
0.002964962
0.003473798
0.004100132
0.004696933
0.005276525
0.00566133
0.005503162
0.004690841
0.00311271
0.0008155326
-0.002130977
-0.005510537
-0.009258112
-0.01324387
-0.01723376
-0.02114684
-0.02491463
-0.02831145
-0.03124659
-0.0337802
-0.03594149
-0.03775529
-0.03912389
-0.04011181
-0.0407568
-0.04107981
-0.04102071
-0.0406916
-0.04020406
-0.03961647
-0.03882832
-0.03787042
-0.03688627
-0.03583167
-0.03466344
-0.0335065
-0.0323826
-0.03129483
-0.03034001
-0.02928863
-0.02802605
-0.02630005
-0.02386123
-0.02071049
-0.01678967
-0.01230099
-0.00734378
-0.002117246
0.002841023
0.007195785
0.01084399
0.01385931
0.01612557
0.01750518
0.01800238
0.01785148
0.0173883
0.01687031
0.01640842
0.01623637
0.01659487
0.01745685
0.01882267
0.02077071
0.02312472
0.02569847
0.02837845
0.03085472
0.0328943
0.03436301
0.03525964
0.03558077
0.03535592
0.03462899
0.03363819
0.03249369
0.03139521
0.03045066
0.02961408
0.02867066
0.02728453
0.02535166
0.02291999
0.01987321
0.01631403
0.01261101
0.009052109
0.005757992
0.003014911
0.001091894
-8.938876e-05
-0.0007383557
-0.0009897581
-0.0007838706
-9.89027e-05
0.001045708
0.002705424
0.004658598
0.006539494
0.008065357
0.00895939
0.009109477
0.008362057
0.006516894
0.003557779
-0.0002478241
-0.004449103
-0.008564487
-0.01231804
-0.01558705
-0.0182228
-0.02020863
-0.02157118
-0.02233405
-0.02245017
-0.02178564
-0.02009544
-0.01722267
-0.01323534
-0.008356804
-0.002928572
0.002597871
0.007800732
0.01228423
0.01569466
0.01812768
0.01952394
0.0198647
0.01915028
0.01733322
0.01451308
0.01080338
0.006579913
0.002147564
-0.002355936
-0.00650529
-0.01007137
-0.0128747
-0.0147256
-0.01547519
-0.01519843
-0.01415982
-0.01261752
-0.01074888
-0.008643801
-0.00648832
-0.004353338
-0.002303996
-0.0003570152
0.001494618
0.003329489
0.00514706
0.006999375
0.00890629
0.01071769
0.01254199
0.01443907
0.01630165
0.01812858
0.01981565
0.02128141
0.02243366
0.02308592
0.02320077
0.02291052
0.0223889
0.02149855
0.02007924
0.01815185
0.01581501
0.01324467
0.01058319
0.007866491
0.005044936
0.001989435
-0.001257039
-0.004519445
-0.007787062
-0.01108533
-0.01435544
-0.01769046
-0.02125523
-0.02507924
-0.02903545
-0.03296409
-0.03657009
-0.03971318
-0.04234521
-0.04432839
-0.04560833
-0.04633387
-0.04658573
-0.04642148
-0.04592471
-0.04513404
-0.04414476
-0.04295042
-0.04136113
-0.03927094
-0.03647231
-0.0327529
-0.02822276
-0.02311332
-0.01788798
-0.01288717
-0.008172252
-0.004021388
-0.0006705818
0.001856173
0.003534627
0.004505654
0.004925272
0.005030984
0.004996289
0.004916373
0.004869818
0.004917217
0.005115079
0.005498693
0.006060543
0.006693397
0.007170455
0.007402923
0.007556046
0.007773143
0.007908009
0.007983868
0.008082744
0.00824284
0.008504073
0.008914932
0.009742938
0.01098282
0.01267253
0.0149549
0.01790464
0.02140768
0.02526198
0.0291406
0.03276391
0.03593974
0.03836025
0.03991934
0.04042241
0.03986423
0.03822376
0.03555405
0.03229052
0.0287303
0.02524665
0.02234526
0.02024397
0.01875367
0.01750814
0.01648352
0.01558707
0.01469576
0.01396215
0.01305965
0.01188426
0.01053359
0.008942322
0.007018517
0.004699764
0.001975895
-0.001362616
-0.005505702
-0.009890796
-0.0143974
-0.01891956
-0.02325004
-0.0272133
-0.03062725
-0.03340669
-0.03564655
-0.03739897
-0.03847554
-0.03891267
-0.03871535
-0.03771101
-0.03571738
-0.03274619
-0.02890924
-0.02463094
-0.02017177
-0.01579075
-0.01203572
-0.008662892
-0.005590088
-0.002834688
-5.439468e-05
0.002724669
0.005456736
0.008163641
0.01112843
0.01399712
0.01669128
0.01887129
0.02048672
0.02136362
0.02160686
0.0214567
0.02072967
0.01995252
0.01904686
0.01805646
0.01707383
0.0157799
0.01412843
0.01223394
0.01006638
0.008060817
0.006343803
0.004860814
0.00365625
0.002735093
0.002030533
0.00144434
0.0009833768
0.0005538579
0.0002088663
3.803842e-05
-6.572173e-05
-0.0001480336
-0.0002190926
-0.0002789889
-0.0002958779
-0.0002212201
3.987366e-05
0.0005671965
0.001371115
0.002347388
0.003379116
0.004647337
0.006062418
0.007391135
0.008638998
0.009612693
0.01032852
0.01054335
0.009989264
0.008928896
0.007524709
0.005620449
0.00334699
0.0009160704
-0.001405432
-0.003468519
-0.005203168
-0.006492136
-0.007466473
-0.008329256
-0.009320869
-0.01055991
-0.01225917
-0.01458262
-0.01731174
-0.02010383
-0.02274733
-0.02522922
-0.02732322
-0.02891003
-0.02997994
-0.0304223
-0.0300802
-0.02870074
-0.02622532
-0.0225266
-0.01769056
-0.01219409
-0.006478796
-0.0008809968
0.004307833
0.008886641
0.01277038
0.01582858
0.01804611
0.0196271
0.0207838
0.02163044
0.02219036
0.02229886
0.02187522
0.02083604
0.01934703
0.01744994
0.01516393
0.01254471
0.009524916
0.006246264
0.002866151
-0.0003729966
-0.003166615
-0.005392775
-0.006946953
-0.007776667
-0.007802827
-0.00706557
-0.005766227
-0.003965764
-0.001952086
7.344764e-06
0.001794652
0.003140511
0.00380204
0.003730338
0.002791549
0.001136615
-0.000948511
-0.003271688
-0.005754675
-0.008214065
-0.01052188
-0.01242402
-0.0137934
-0.01466612
-0.0150519
-0.01500218
-0.01454606
-0.01386567
-0.01293083
-0.01175576
-0.01030055
-0.008699296
-0.007093465
-0.005655502
-0.004504513
-0.003566996
-0.002978693
-0.002722428
-0.002636161
-0.002659329
-0.002757416
-0.002899896
-0.003043957
-0.003112739
-0.003070462
-0.003009138
-0.002709332
-0.001938569
-0.0005363086
0.001500922
0.003997902
0.006904248
0.009977095
0.0129648
0.01561783
0.01767556
0.01895593
0.01949027
0.01953243
0.01917657
0.01859519
0.01813199
0.01763783
0.01703396
0.01635582
0.01571886
0.01522605
0.01455998
0.01352343
0.01203242
0.01002215
0.007234978
0.003725094
-0.0004761272
-0.005199177
-0.01000368
-0.01447581
-0.01837179
-0.02142493
-0.02351653
-0.02477987
-0.02532304
-0.02507817
-0.02435588
-0.02335454
-0.02197666
-0.02007916
-0.01773226
-0.01510066
-0.01245174
-0.009984336
-0.007805467
-0.005900291
-0.00410643
-0.002364397
-0.0005790261
0.001449011
0.003624737
0.005979355
0.008456525
0.0109996
0.01340704
0.01554976
0.01742794
0.01900463
0.01993587
0.01999467
0.01888248
0.01677642
0.0139516
0.01050653
0.006725626
0.002686981
-0.001338803
-0.005018379
-0.008321695
-0.0110974
-0.01332713
-0.0150233
-0.01619944
-0.01675618
-0.01655487
-0.0155442
-0.01363955
-0.01091319
-0.007528066
-0.003774336
0.0001539166
0.003735524
0.006775728
0.00912083
0.01091456
0.0119018
0.011994
0.01122825
0.009801748
0.008001374
0.006057341
0.004167039
0.00235487
0.0007241919
-0.0006579033
-0.0018768
-0.00280709
-0.003546976
-0.003928754
-0.003719223
-0.0031525
-0.002379743
-0.001295311
0.0002784372
0.002252881
0.004351124
0.006452266
0.008343516
0.009896739
0.0109858
0.01162013
0.01163183
0.01103575
0.01011407
0.009042138
0.007656782
0.006050417
0.004468039
0.002943214
0.00178009
0.001011739
0.0005908546
0.0004114896
0.0004692579
0.00082348
0.001531026
0.002584307
0.003801266
0.004911969
0.005872464
0.006426269
0.006443233
0.005965007
0.005006283
0.00371654
0.002292981
0.0006869383
-0.0009011006
-0.002259082
-0.003293236
-0.004097368
-0.004609126
-0.004924977
-0.005292914
-0.00582299
-0.006523148
-0.007222631
-0.007628016
-0.007621801
-0.007263463
-0.006629791
-0.005914654
-0.005388002
-0.005115661
-0.004991831
-0.004942205
-0.004879671
-0.004718869
-0.004397752
-0.003918864
-0.00337636
-0.002895721
-0.002343881
-0.001510962
-0.0004873163
0.0007293696
0.00197509
0.003095555
0.004023134
0.004736351
0.005285074
0.005530093
0.005307859
0.004767311
0.00428562
0.003990764
0.003860073
0.003957037
0.004378316
0.005213571
0.006468049
0.008033845
0.009866474
0.0118775
0.01389538
0.01570674
0.01723534
0.01830384
0.01881595
0.01895841
0.01873732
0.01808507
0.01698559
0.01553237
0.01389907
0.01202254
0.01007692
0.008054785
0.006041105
0.004173702
0.002424393
0.0008950338
-0.0003293236
-0.001333763
-0.002060895
-0.002766293
-0.003516102
-0.004162303
-0.004571993
-0.004969717
-0.005463782
-0.006049427
-0.006638833
-0.007164734
-0.00786283
-0.008622356
-0.00944563
-0.01018699
-0.01063647
-0.01097142
-0.01122083
-0.01132996
-0.01129555
-0.01124928
-0.0109992
-0.01045406
-0.009787533
-0.009001789
-0.008288299
-0.007882347
-0.007629589
-0.007501793
-0.007533463
-0.007776355
-0.008306036
-0.009141713
-0.01019527
-0.01126273
-0.01221935
-0.01293417
-0.01321852
-0.01330302
-0.01335957
-0.0134947
-0.01349604
-0.01345134
-0.01343606
-0.01348928
-0.01369376
-0.01411128
-0.01476258
-0.01553856
-0.01617728
-0.01658736
-0.01683139
-0.01684072
-0.01648703
-0.0156346
-0.01421216
-0.01231841
-0.01004139
-0.007535538
-0.004827972
-0.002170212
0.000237974
0.002295749
0.003999629
0.005252277
0.006190035
0.006716938
0.007142948
0.007627909
0.00815738
0.008630062
0.009106373
0.009518576
0.009674935
0.009692111
0.009635725
0.009587028
0.009635382
0.009884871
0.01040844
0.01120843
0.01213961
0.01290947
0.01367279
0.01438251
0.01481092
0.01493758
0.01463303
0.01409965
0.01357878
0.01307697
0.01270665
0.01234829
0.01191692
0.01141786
0.01088221
0.01014861
0.009138317
0.007619199
0.005545988
0.002899272
-0.0002142864
-0.003377529
-0.006505729
-0.009442561
-0.01197593
-0.01392785
-0.01522165
-0.01597951
-0.01632152
-0.01615686
-0.01562079
-0.01483801
-0.01398432
-0.01299206
-0.01163869
-0.009929441
-0.008125005
-0.00618676
-0.00409865
-0.001654335
0.0009031813
0.003445466
0.006001511
0.008600036
0.01106531
0.01331383
0.01537019
0.01701808
0.01826082
0.01906151
0.0194009
0.01941351
0.01914769
0.0186267
0.01792954
0.01727343
0.0169654
0.01675747
0.01647176
0.01600453
0.01527706
0.01434216
0.01309615
0.01169457
0.01023229
0.008766534
0.007357742
0.006006048
0.004362238
0.00242261
0.0005741966
-0.001083932
-0.002670764
-0.004212125
-0.005698911
-0.007137331
-0.008483599
-0.00966403
-0.01061862
-0.01130434
-0.01146099
-0.01132733
-0.01074438
-0.00993682
-0.009289208
-0.00860206
-0.007891415
-0.007284088
-0.006733026
-0.006625011
-0.006813225
-0.007153315
-0.007465667
-0.007491239
-0.007549186
-0.007268499
-0.006641537
-0.005796065
-0.004923051
-0.004051338
-0.003082116
-0.002130871
-0.001202067
-0.0005261821
-0.0001836501
-0.0001011973
-0.0003289259
-0.0009284133
-0.001900377
-0.003084665
-0.004144519
-0.005129593
-0.005839827
-0.006195981
-0.006326682
-0.00623199
-0.005897273
-0.005315356
-0.00454789
-0.003795284
-0.003389519
-0.003146893
-0.002972594
-0.002843348
-0.002737277
-0.00272332
-0.002848352
-0.00287906
-0.002886065
-0.002925647
-0.003003934
-0.003091403
-0.002789737
-0.002001448
-0.0006797639
0.001146514
0.003452249
0.006137006
0.008956116
0.01174937
0.01426962
0.01619319
0.01767671
0.01846318
0.01831941
0.01738751
0.01576849
0.01358219
0.0107648
0.007605034
0.004345984
0.001264723
-0.001341356
-0.003433456
-0.004961292
-0.005810996
-0.006141737
-0.006128416
-0.005809225
-0.005201721
-0.004363346
-0.003466697
-0.002674281
-0.001791393
-0.0008215135
0.0001151038
0.001055866
0.002059836
0.003043837
0.004065325
0.005206961
0.006357715
0.007501233
0.008621091
0.009582346
0.01051392
0.01129483
0.01172899
0.0120121
0.0121748
0.01216531
0.01187675
0.01115936
0.00989492
0.008028088
0.005541632
0.002701701
-0.0003609411
-0.003562159
-0.006767673
-0.00980475
-0.0124496
-0.01454021
-0.01624627
-0.01772373
-0.01884233
-0.01962981
-0.01987487
-0.01947377
-0.01853844
-0.01723182
-0.01577401
-0.01413317
-0.01245735
-0.01073417
-0.009145633
-0.00766049
-0.006280015
-0.005065671
-0.004029806
-0.003228275
-0.002806698
-0.002584576
-0.002498366
-0.002575587
-0.002838427
-0.003324993
-0.00400713
-0.004745908
-0.0053047
-0.005621809
-0.005769466
-0.0057483
-0.005512779
-0.005033666
-0.004317854
-0.003463739
-0.002651308
-0.00191212
-0.00120163
-0.000673886
-0.0004603192
-0.0003595774
-0.0004241126
-0.0005723863
-0.0008522258
-0.001131397
-0.001474507
-0.001917737
-0.002359485
-0.002697666
-0.002951652
-0.003065626
-0.002990408
-0.002871852
-0.002652892
-0.002500072
-0.002365049
-0.002216414
-0.002056997
-0.001918991
-0.001862295
-0.001983054
-0.002294322
-0.002575639
-0.002785033
-0.00279253
-0.002477092
-0.002006367
-0.001248201
-0.0002008238
0.0009588752
0.002209434
0.003622907
0.005272297
0.006912381
0.00827422
0.009361631
0.01012578
0.01024751
0.009605659
0.008443716
0.007052389
0.005303313
0.003394834
0.00154696
-0.0003404073
-0.002253595
-0.00409313
-0.005678369
-0.007067041
-0.008252157
-0.009242116
-0.01008482
-0.01057508
-0.01062546
-0.01034818
-0.009817329
-0.009148403
-0.008246768
-0.007141524
-0.005713526
-0.004072739
-0.002350561
-0.0006607697
0.001089291
0.002615596
0.003891932
0.004891778
0.005598639
0.006097723
0.00629295
0.006324735
0.006266663
0.006160823
0.006073099
0.006058056
0.006193912
0.006557256
0.007172314
0.00796259
0.008723482
0.009435497
0.01024473
0.01106876
0.01168158
0.01201286
0.01216628
0.01209765
0.01172556
0.01098335
0.009893023
0.008627982
0.007246716
0.005788736
0.004597624
0.003663894
0.003212293
0.003030398
0.002981824
0.003021821
0.003078383
0.003123589
0.003130007
0.003095746
0.003020288
0.002924453
0.002842035
0.002833274
0.002970895
0.003325854
0.003922135
0.004685586
0.00535731
0.005538762
0.005371843
0.004960244
0.004407524
0.003622648
0.002637803
0.001668836
0.0007580261
-0.0001353842
-0.0008263832
-0.001249111
-0.001220424
-0.0007845803
-0.0003519923
-1.145304e-05
0.000377238
0.0008736567
0.001477349
0.002104006
0.002531811
0.00277572
0.003082605
0.003632457
0.004533339
0.005756292
0.007026013
0.008112377
0.008784769
0.008918725
0.008594301
0.007882529
0.006988388
0.006224924
0.005401697
0.004503888
0.003727978
0.003376081
0.003247132
0.003238057
0.003287165
0.003279825
0.003142857
0.002793256
0.002178949
0.001330702
0.0004183124
-0.0005700172
-0.001788512
-0.003148444
-0.004657204
-0.006360225
-0.007922456
-0.009295304
-0.01042814
-0.01120351
-0.01130324
-0.01093287
-0.01031253
-0.009665956
-0.009097051
-0.008806254
-0.008776598
-0.009012195
-0.009566136
-0.01037443
-0.01127204
-0.01195039
-0.01258905
-0.01319176
-0.01361187
-0.01361532
-0.01323685
-0.01280315
-0.0123831
-0.01214123
-0.01200264
-0.01191428
-0.01186453
-0.01183136
-0.01183424
-0.01190905
-0.0121149
-0.01248727
-0.01301213
-0.01355191
-0.01386036
-0.01389668
-0.01364425
-0.01326512
-0.01272551
-0.01208819
-0.01145749
-0.01074839
-0.01004394
-0.009473482
-0.00894832
-0.008223386
-0.007202403
-0.005943696
-0.004581732
-0.003021737
-0.001358443
0.0004761167
0.00235284
0.004213819
0.005735349
0.00686206
0.007746426
0.0083166
0.008691722
0.009117207
0.009714593
0.01049255
0.01140692
0.01245928
0.01350091
0.01449118
0.01551072
0.01667278
0.01786286
0.01886069
0.01971381
0.02027157
0.02051163
0.02057471
0.02054054
0.02048887
0.02049738
0.02062948
0.02089715
0.02127131
0.02161821
0.02167727
0.02125132
0.02048965
0.0190645
0.0168695
0.01407674
0.01088
0.007454863
0.004016571
0.0007989177
-0.002141712
-0.004661071
-0.006605976
-0.007926735
-0.008693267
-0.008988209
-0.008924309
-0.008497242
-0.007668507
-0.00646915
-0.005003989
-0.003296459
-0.001352444
0.0007536328
0.002915703
0.005134896
0.007235857
0.0089344
0.01017322
0.01101052
0.01137365
0.0115279
0.01163156
0.01175345
0.01196013
0.01221261
0.01239496
0.01237569
0.01215495
0.01150614
0.01047569
0.008983966
0.007091212
0.00486631
0.00236563
-0.000357732
-0.003013314
-0.005743122
-0.00829794
-0.01060495
-0.01245581
-0.01372315
-0.01449737
-0.01484217
-0.01491822
-0.01475702
-0.01434733
-0.01367507
-0.01280238
-0.01183866
-0.01073455
-0.00941196
-0.008110571
-0.007178404
-0.006622258
-0.006317728
-0.006114448
-0.006073781
-0.006043663
-0.005882078
-0.00551822
-0.004910742
-0.004147086
-0.003461155
-0.003096584
-0.00287091
-0.002693208
-0.002503754
-0.002250065
-0.001843357
-0.001100397
-0.0002621065
0.0004105266
0.001018282
0.001430653
0.001487368
0.001227719
0.0006776842
-6.997188e-05
-0.0008569903
-0.00163202
-0.002225851
-0.002467707
-0.002094834
-0.001204117
6.009226e-06
0.001277065
0.002377855
0.003152194
0.003545247
0.003556808
0.00323542
0.002672884
0.00181401
0.000708068
-0.0005635872
-0.001915871
-0.003261103
-0.004598568
-0.00587398
-0.007099077
-0.008120799
-0.008818826
-0.009181455
-0.009194004
-0.008752912
-0.007887965
-0.006792783
-0.005639737
-0.004558075
-0.003531411
-0.002640674
-0.001850816
-0.00113309
-0.0006669641
-0.0006470196
-0.001021214
-0.0015512
-0.002059905
-0.002435101
-0.002598851
-0.002602193
-0.002485141
-0.002299978
-0.002135613
-0.002088497
-0.002143067
-0.002232274
-0.002466372
-0.002905884
-0.003553544
-0.004310972
-0.004926365
-0.005276382
-0.00550331
-0.005645945
-0.005692288
-0.005608664
-0.005323535
-0.004766934
-0.003927071
-0.002928881
-0.001943655
-0.001028715
-0.0002774519
0.0001598491
0.000337608
0.0004193609
0.0005343154
0.0007872935
0.00124184
0.00187552
0.002519151
0.003005777
0.003416146
0.003886664
0.004459501
0.005072699
0.005530234
0.005754368
0.005762474
0.005549307
0.00525086
0.004832951
0.004214534
0.003625682
0.003126395
0.002630355
0.002198508
0.001980167
0.001965801
0.001853986
0.001432031
0.000660678
-0.0004151458
-0.001750188
-0.003172062
-0.004583219
-0.005855593
-0.006941375
-0.007774151
-0.008236401
-0.008353284
-0.008132798
-0.007525445
-0.006525726
-0.005256915
-0.003854063
-0.002387015
-0.0009081412
0.0005058822
0.001574878
0.00211446
0.002169792
0.001788633
0.001230977
0.0007610361
0.0003936883
0.0001080001
-4.528338e-05
-1.153462e-05
3.814437e-05
0.0001285339
0.0003317635
0.0004318594
0.0003979029
0.0002441715
-2.989817e-05
-0.0003651541
-0.0006580472
-0.001023828
-0.001538552
-0.001937326
-0.002326278
-0.00258792
-0.002665136
-0.002548788
-0.002150615
-0.001422478
-0.0004135551
0.0006626963
0.001914019
0.003286284
0.00443595
0.005307694
0.005970113
0.006328499
0.006408141
0.006202999
0.005660686
0.004769573
0.003655002
0.00261199
0.001656899
0.0009208602
0.0004991468
0.0002753375
0.0001937023
0.0002516849
0.0004827321
0.0009211129
0.00157382
0.002331928
0.002953112
0.003378237
0.003728395
0.004020141
0.004196747
0.004188536
0.004158993
0.00394337
0.00368946
0.003249648
0.00249072
0.001441868
0.0002808213
-0.0009040221
-0.002125636
-0.003391424
-0.004434766
-0.005058925
-0.005534646
-0.005919201
-0.006108739
-0.005935345
-0.00551084
-0.004913934
-0.003937569
-0.002546567
-0.0009227558
0.0008032503
0.002503679
0.004281769
0.005875442
0.007313947
0.008613735
0.00974629
0.01074639
0.01168222
0.01235153
0.01265593
0.01268097
0.01236372
0.01161869
0.01045019
0.008992739
0.007282889
0.0053429
0.003242638
0.001124342
-0.001070882
-0.003223642
-0.00502472
-0.006368754
-0.007419369
-0.008296628
-0.008945014
-0.009368369
-0.009415669
-0.009227477
-0.009014483
-0.008605928
-0.008297004
-0.007907971
-0.007291565
-0.006433178
-0.005425438
-0.004409765
-0.003217815
-0.001971631
-0.0009148844
-2.15883e-05
0.0005397766
0.0007586304
0.0007960991
0.0007447709
0.0007002764
0.000770923
0.001053616
0.001609369
0.002406167
0.003255043
0.003932181
0.004576897
0.005149046
0.005450144
0.005366422
0.005155762
0.00481445
0.004378032
0.004001554
0.003806249
0.003716123
0.003677213
0.003681405
0.003690583
0.003690831
0.003682969
0.003706354
0.003803549
0.004016138
0.004355025
0.004775199
0.005139698
0.005306881
0.005335737
0.005348437
0.00563999
0.006140904
0.006603894
0.007238883
0.008079685
0.008972538
0.009678476
0.01010101
0.01024295
0.01008083
0.009760326
0.009178508
0.008298583
0.007232469
0.006176006
0.005212468
0.004305094
0.003393991
0.002552465
0.001788382
0.001203518
0.0007554401
0.0002598983
-0.0003377455
-0.001010417
-0.001870195
-0.003237077
-0.004997932
-0.007077234
-0.009334819
-0.01151064
-0.01343718
-0.01487833
-0.01580878
-0.01622435
-0.01621316
-0.01579798
-0.01489725
-0.01356646
-0.01182249
-0.009831603
-0.007822715
-0.0059962
-0.004479749
-0.003329475
-0.002404904
-0.001646902
-0.00108913
-0.000744844
-0.0006523745
-0.0007558298
-0.00104485
-0.001489606
-0.001987831
-0.00249526
-0.003055053
-0.003588294
-0.004043345
-0.004456955
-0.004742759
-0.004862344
-0.004908491
-0.004929427
-0.004957844
-0.005021767
-0.005125045
-0.005242577
-0.005309615
-0.005222561
-0.004860718
-0.004286863
-0.003831536
-0.003507899
-0.002992973
-0.002282447
-0.001461255
-0.0006080042
0.0001704629
0.0006979335
0.0009619459
0.001033092
0.0009020505
0.0005525279
-7.681421e-06
-0.0007105275
-0.001528242
-0.002484867
-0.003555787
-0.004688817
-0.005728975
-0.006588835
-0.007144472
-0.007340209
-0.007263125
-0.006892137
-0.006424986
-0.005983312
-0.005563288
-0.005262354
-0.005091786
-0.004902856
-0.004596057
-0.004121027
-0.003508439
-0.00292188
-0.002530634
-0.002291862
-0.002045171
-0.001680371
-0.001128792
-0.0004168197
0.0002673516
0.0007068417
0.0009073907
0.000941066
0.0008435207
0.0006824707
0.0005701903
0.0006406152
0.0008496951
0.001228503
0.001892929
0.002868018
0.004208519
0.005678213
0.007025874
0.008165373
0.00903057
0.009648626
0.009999266
0.01013946
0.01017153
0.01013446
0.01003829
0.009899443
0.009751375
0.009633852
0.009427126
0.009118862
0.008686991
0.008249205
0.007961431
0.007734889
0.007432047
0.006971273
0.00632927
0.005616776
0.005110433
0.004853172
0.004745086
0.00475836
0.004854013
0.004991337
0.005112073
0.005134851
0.004956934
0.004517359
0.003805953
0.002942625
0.002182559
0.001436794
0.0006773439
5.867683e-05
-0.0003975126
-0.0005643408
-0.0004703875
-0.0001571881
0.0003411143
0.0009367635
0.001700217
0.002642944
0.003608917
0.004503913
0.005093825
0.005495019
0.005819843
0.006065178
0.006168482
0.006014003
0.005743823
0.005570372
0.005483887
0.005468109
0.00551955
0.005608555
0.005673846
0.00562938
0.005371173
0.004815554
0.003960418
0.002946667
0.001787702
0.0007499004
7.880961e-05
-0.000210928
-0.0002918016
-0.0002595597
-0.0002144402
-0.0002962399
-0.0006066353
-0.001222596
-0.002088529
-0.002975837
-0.003851038
-0.004786834
-0.005614663
-0.006016167
-0.006204232
-0.006270758
-0.006240023
-0.00615991
-0.006063009
-0.005993363
-0.006007347
-0.006179693
-0.006587483
-0.007267467
-0.008115873
-0.008947308
-0.01001343
-0.01100267
-0.01170128
-0.0120839
-0.01224467
-0.01220149
-0.0119173
-0.01138139
-0.01061327
-0.009772014
-0.009124003
-0.008448868
-0.00765701
-0.006867607
-0.006285657
-0.005658669
-0.004894895
-0.004122391
-0.003596341
-0.003448279
-0.003584481
-0.003990755
-0.004580333
-0.005198256
-0.005897275
-0.006632505
-0.007518787
-0.008506601
-0.009348269
-0.01025847
-0.01117641
-0.01180671
-0.01203117
-0.01190497
-0.01140293
-0.01053897
-0.009485419
-0.008553018
-0.007582318
-0.006651776
-0.006026157
-0.005441235
-0.004789713
-0.004145112
-0.003642128
-0.002922535
-0.002096387
-0.001131069
-0.0001192535
0.0009313254
0.002148724
0.003370463
0.004552008
0.005663885
0.006424642
0.006941243
0.007169545
0.00727942
0.00738608
0.007189577
0.006749771
0.006138155
0.005479478
0.004727915
0.004028346
0.003655993
0.003345568
0.002934465
0.002364097
0.001638553
0.0009724131
0.0007225903
0.0007812311
0.00108273
0.00158413
0.002126539
0.002812484
0.003589431
0.004288905
0.00492162
0.005420487
0.005815011
0.006028254
0.00594037
0.005669888
0.00532171
0.004992882
0.004614499
0.004206907
0.003869502
0.003698281
0.003589257
0.003505911
0.003448827
0.003443432
0.003546874
0.003847553
0.004429941
0.005292926
0.006286172
0.007252676
0.008331378
0.00943407
0.01038155
0.01131356
0.01209209
0.01253194
0.01282858
0.01303823
0.0131013
0.01296029
0.01274967
0.01234782
0.01164608
0.01069423
0.009626372
0.008472594
0.00719284
0.005979203
0.004619681
0.003194183
0.001775289
0.000397755
-0.0008696365
-0.001977288
-0.002940682
-0.003828995
-0.004486151
-0.004878319
-0.00517046
-0.005378722
-0.005450433
-0.005311183
-0.005160867
-0.004892586
-0.004769345
-0.004782978
-0.004925975
-0.005225096
-0.005623193
-0.006044723
-0.006633142
-0.007100175
-0.00739998
-0.007761213
-0.008264722
-0.008945788
-0.009676116
-0.01015458
-0.0102632
-0.01010252
-0.009730589
-0.009286116
-0.008935213
-0.008319676
-0.007783542
-0.007120958
-0.006187619
-0.005144667
-0.00425429
-0.003376384
-0.002597949
-0.002214565
-0.001939274
-0.001605916
-0.001138359
-0.0005310173
8.884695e-05
0.0004514771
0.000798736
0.0009369234
0.0009187961
0.0008303069
0.0007345457
0.000740279
0.0009257422
0.00102324
0.001075898
0.001120774
0.001136457
0.001155372
0.001192448
0.001286859
0.001448846
0.001669629
0.001921292
0.002464087
0.003112965
0.003581633
0.003839372
0.004075822
0.004414379
0.00494876
0.005726013
0.006620385
0.007338729
0.008038928
0.008679764
0.009014439
0.008750595
0.008223573
0.007805557
0.007575569
0.00740361
0.00717992
0.006804711
0.006212078
0.005459027
0.004745961
0.004126249
0.003478334
0.00285578
0.002422325
0.002077382
0.001542843
0.0009584886
0.0002594599
-0.0004502873
-0.0009003824
-0.001332393
-0.001516985
-0.001467351
-0.001179003
-0.0006113444
0.0001670033
0.0009505606
0.001386768
0.001634199
0.001733603
0.001661053
0.001420646
0.001014446
0.0004989813
1.982372e-05
-0.0001676869
-9.467127e-05
-7.636566e-05
-3.206968e-05
0.0003876552
0.0008327048
0.001219288
0.001422976
0.001522176
0.001582557
0.001618552
0.001666521
0.001718749
0.001751628
0.001699076
0.001489876
0.001057982
0.0004052601
-0.0003450388
-0.0009116332
-0.001212905
-0.001356744
-0.001402575
-0.00139638
-0.001367741
-0.001332229
-0.001317689
-0.001335129
-0.0013867
-0.001461097
-0.001530515
-0.001546012
-0.001439293
-0.00111784
-0.0005453627
0.0002296287
0.0009905763
0.001383052
0.001580276
0.001659929
0.001643918
0.001597314
0.001559612
0.001550386
0.001565278
0.001598436
0.00162544
0.001631369
0.001613862
0.001583196
0.001553338
0.001547576
0.001568759
0.001619881
0.001685861
0.001734861
0.001710557
0.001547712
0.001185971
0.0006135352
-8.825798e-05
-0.0006860079
-0.0009641507
-0.00111479
-0.001268676
-0.001521367
-0.001972381
-0.002621197
-0.003332486
-0.003861698
-0.004154181
-0.004271265
-0.004210689
-0.003958371
-0.003536698
-0.00300929
-0.002445467
-0.001853486
-0.00148714
-0.001161558
-0.0007819265
-0.0003681067
-1.563907e-05
7.269195e-05
-4.955191e-05
-0.0003742699
-0.0008589393
-0.001380542
-0.002056163
-0.002868367
-0.003609944
-0.003960271
-0.004119658
-0.004173312
-0.004145287
-0.004103971
-0.004089734
-0.004147878
-0.00429265
-0.004520546
-0.004774403
-0.004934919
-0.004838637
-0.004654875
-0.004535466
-0.004337485
-0.003964688
-0.003359807
-0.002507351
-0.001520876
-0.0004056987
0.0005883638
0.001299285
0.001721488
0.002014033
0.00224801
0.002423105
0.002478261
0.002300312
0.00208413
0.002014477
0.001981956
0.001913817
0.001738272
0.001368486
0.0007639767
-9.349062e-06
-0.0007395959
-0.001400625
-0.002130912
-0.002879387
-0.00345977
-0.003856509
-0.003915303
-0.003689706
-0.00322942
-0.00262238
-0.00206219
-0.001517094
-0.001063213
-0.0005405759
0.0001193758
0.0008294739
0.001365947
0.001661829
0.00185531
0.001984629
0.002053585
0.002045865
0.001911954
0.001590819
0.001044076
0.00031297
-0.0004009473
-0.0007645793
-0.0009562346
-0.001058503
-0.001095188
-0.001117311
-0.001136194
-0.001143527
-0.001091297
-0.0009193946
-0.0005647976
-1.05774e-05
0.0006442464
0.001182283
0.001622626
0.002212087
0.003094318
0.00428304
0.005613055
0.006983061
0.008319832
0.009540481
0.01062695
0.01165112
0.01274341
0.01378581
0.01475768
0.01567823
0.01629086
0.0164895
0.01636606
0.01593593
0.01526351
0.01449675
0.01360603
0.01269906
0.01171846
0.01077647
0.00987638
0.008876679
0.007874225
0.006807957
0.005524742
0.004139554
0.002737605
0.00138703
0.0001586776
-0.0009320505
-0.001940092
-0.002954146
-0.00388404
-0.004768236
-0.005667099
-0.006465851
-0.007197302
-0.007988153
-0.008801386
-0.009417098
-0.009698753
-0.009699546
-0.009430415
-0.008928579
-0.008321912
-0.007827045
-0.007490545
-0.007163376
-0.006961136
-0.006862684
-0.006813818
-0.006833543
-0.006949081
-0.007208521
-0.007631872
-0.008180653
-0.008722235
-0.009255659
-0.00971822
-0.01018356
-0.01068337
-0.0111182
-0.01130034
-0.0112535
-0.01123098
-0.01099572
-0.01051633
-0.01014486
-0.009790659
-0.009330196
-0.008741556
-0.008084958
-0.007524348
-0.007089831
-0.006597866
-0.005912229
-0.005016672
-0.004061271
-0.003105833
-0.002133491
-0.001311693
-0.000749026
-0.0003810782
-0.0002308218
-0.0003781436
-0.0006307747
-0.0007162583
-0.0005979398
-0.0002740985
0.000203208
0.0006937503
0.001198261
0.001660713
0.001922679
0.002039372
0.002070078
0.002045612
0.001995604
0.001952196
0.001942597
0.001996089
0.002112454
0.002294079
0.002510598
0.002679601
0.002685595
0.002617858
0.002376153
0.002059715
0.001617293
0.0009800773
0.0002139835
-0.0005143166
-0.001143426
-0.001787821
-0.002454324
-0.003019478
-0.003469825
-0.003724761
-0.003861618
-0.003965494
-0.004068127
-0.004182249
-0.004277582
-0.004282744
-0.004081491
-0.003585254
-0.003028155
-0.002569614
-0.002384094
-0.002225057
-0.002014947
-0.001792644
-0.001598994
-0.001516562
-0.001411402
-0.001389739
-0.001347225
-0.001118148
-0.0008226748
-0.0004136527
0.0001584449
0.0008036579
0.001333857
0.001662502
0.001684938
0.001471746
0.0009204512
0.0001943873
-0.0005693133
-0.001178567
-0.001540347
-0.001797963
-0.002055225
-0.002361462
-0.002677696
-0.002877947
-0.00300121
-0.003088497
-0.003096871
-0.002979044
-0.00264757
-0.002047385
-0.001180168
-0.0001748258
0.0009250081
0.001897093
0.002626581
0.003162364
0.003724405
0.004408977
0.005158425
0.005756141
0.00614292
0.006433867
0.006614185
0.006612321
0.006353979
0.005781234
0.004894319
0.003843105
0.002990422
0.002550331
0.002330242
0.002250423
0.002265713
0.002311129
0.002347946
0.00235374
0.002341414
0.002310938
0.002274438
0.002238335
0.00219682
0.002145667
0.002094619
0.002063085
0.00208442
0.002178702
0.002365329
0.002640159
0.002970216
0.003239304
0.003332408
0.003354588
0.003296283
0.003055274
0.003049865
0.003347149
0.003730579
0.004044971
0.004379892
0.004902443
0.005507713
0.006279141
0.00714805
0.007890253
0.008457344
0.008868843
0.008995017
0.00879827
0.008589353
0.008246234
0.007883203
0.007431152
0.006851399
0.006248306
0.005736471
0.005323146
0.00504136
0.004760061
0.004390133
0.003942101
0.003512249
0.003149879
0.00264458
0.002269441
0.001855496
0.001303609
0.0006661819
8.191869e-05
-0.0002947283
-0.0006377997
-0.0008080355
-0.0008599386
-0.0008597574
-0.0008261595
-0.0007946294
-0.0007746158
-0.0008070583
-0.000922745
-0.0011504
-0.001483201
-0.001858109
-0.002200449
-0.002535469
-0.002704592
-0.002947645
-0.003187222
-0.003359064
-0.003578125
-0.003692694
-0.003777928
-0.003885166
-0.004027123
-0.004207863
-0.004475333
-0.00500118
-0.005601778
-0.006044316
-0.006219968
-0.005981223
-0.005451271
-0.0048333
-0.004366587
-0.004075888
-0.00379089
-0.003400337
-0.002824939
-0.002081013
-0.001354343
-0.0008630945
-0.0004731721
-0.0001921509
-0.0001241131
-0.0003057404
-0.0005193729
-0.0006134414
-0.0006934199
-0.0008309163
-0.001099649
-0.001562062
-0.002206248
-0.002887111
-0.003376277
-0.003641538
-0.003789376
-0.003860339
-0.003879938
-0.003863182
-0.003798647
-0.003656514
-0.003401475
-0.003024539
-0.002576436
-0.002114841
-0.001546002
-0.0008967435
-0.0002251271
0.0005422637
0.001287945
0.001776695
0.001955452
0.001914116
0.00169186
0.001349667
0.0009213968
0.000323806
-0.0002304303
-0.0006739993
-0.0009025549
-0.0009337261
-0.0007498297
-0.0003235064
0.0003079254
0.001021163
0.001629737
0.002166368
0.002789529
0.003520099
0.004224281
0.004672676
0.004790308
0.00465347
0.004289359
0.003779418
0.003207332
0.002488569
0.001669092
0.0008740988
0.0001393382
-0.0003851661
-0.0007497153
-0.001168016
-0.001752277
-0.002519306
-0.003333712
-0.004030563
-0.004770864
-0.005518298
-0.006137306
-0.006622639
-0.006878781
-0.006959063
-0.006838291
-0.006448187
-0.005751018
-0.00478846
-0.003678844
-0.002412452
-0.0009783607
0.0004024041
0.001542413
0.002390504
0.003154253
0.003809833
0.004242089
0.004539303
0.00480196
0.004853505
0.004716993
0.004382317
0.003841089
0.003119014
0.002177864
0.001277859
0.0003587147
-0.0004133985
-0.000805384
-0.001001337
-0.001054108
-0.000960338
-0.0007155285
-0.0003082547
0.0002377219
0.0009167794
0.001783447
0.002630594
0.003604382
0.004646256
0.005603013
0.006652617
0.007686242
0.008517359
0.00927481
0.00984158
0.009973689
0.00968004
0.009162642
0.008590502
0.007886582
0.006833868
0.005366005
0.00365902
0.002051127
0.0005875668
-0.0008282995
-0.002074496
-0.003283281
-0.004370451
-0.005283495
-0.005991716
-0.006389093
-0.006729151
-0.007160143
-0.007704068
-0.008286064
-0.008653628
-0.008582898
-0.00830415
-0.00795414
-0.00747271
-0.006942812
-0.006444739
-0.005885212
-0.005276213
-0.00467014
-0.004080506
-0.003783021
-0.00364159
-0.003580528
-0.00358251
-0.003605807
-0.003625031
-0.003614137
-0.003559575
-0.003447845
-0.003265196
-0.003023794
-0.002776057
-0.00261435
-0.002596191
-0.002531667
-0.002331642
-0.002191099
-0.002194652
-0.00223592
-0.002325009
-0.002582704
-0.002838637
-0.002956568
-0.003018122
-0.003044531
-0.003036277
-0.003007237
-0.002968837
-0.002924111
-0.002865357
-0.002795808
-0.002723403
-0.00266362
-0.00265291
-0.002733171
-0.002930882
-0.003248388
-0.003632161
-0.003936591
-0.0039241
-0.003588323
-0.003193398
-0.002854421
-0.002645723
-0.002528717
-0.002483692
-0.002502831
-0.002559911
-0.002633624
-0.002689836
-0.002690037
-0.002582334
-0.002322944
-0.001882889
-0.001296069
-0.000702346
-0.0002507555
-3.338943e-05
-0.0001053436
-0.0003509012
-0.0006429026
-0.0009571367
-0.001405016
-0.002017607
-0.002742042
-0.003550356
-0.004436939
-0.005187347
-0.005661438
-0.005942284
-0.005974239
-0.005798227
-0.005505796
-0.004971305
-0.004120204
-0.002989715
-0.001645985
-9.224013e-05
0.001530226
0.003011944
0.004339024
0.005486665
0.00645764
0.0073553
0.008224854
0.008878955
0.009209342
0.009351199
0.009315001
0.009078399
0.0086416
0.008047231
0.007426397
0.006899184
0.006512804
0.006305311
0.006191039
0.006133405
0.006129214
0.006189854
0.006343896
0.00661319
0.006982083
0.007354131
0.007543631
0.007503654
0.007290256
0.006942642
0.006360862
0.00560798
0.004809542
0.004100552
0.003580677
0.003149392
0.002695196
0.002218632
0.001815847
0.001506139
0.001308248
0.001323299
0.001504819
0.001861426
0.002298618
0.002695511
0.00298888
0.003226791
0.003534253
0.003995459
0.004636822
0.005346706
0.0058619
0.006160196
0.006354705
0.006468256
0.006503571
0.006439131
0.006232722
0.005854461
0.005347752
0.004840055
0.004362303
0.003937012
0.003697098
0.003631404
0.003634821
0.00361763
0.003476334
0.003108531
0.002471723
0.001644663
0.0008449447
5.768708e-05
-0.0008042652
-0.001635978
-0.002373685
-0.003112716
-0.00387795
-0.004504048
-0.00487295
-0.005039009
-0.005083292
-0.00504407
-0.004955125
-0.004850488
-0.004783564
-0.004820603
-0.00502828
-0.005460993
-0.006117762
-0.006871118
-0.007435759
-0.00776282
-0.007935631
-0.007945722
-0.007770395
-0.007391157
-0.006817618
-0.006124942
-0.005513476
-0.005100088
-0.004785223
-0.004427947
-0.003949768
-0.003355829
-0.002769276
-0.002263522
-0.001923472
-0.001746763
-0.001660156
-0.001630094
-0.001631862
-0.001636605
-0.001622152
-0.001583411
-0.001531831
-0.00149601
-0.001520289
-0.001654177
-0.001921262
-0.00231003
-0.002738875
-0.003036115
-0.003127547
-0.003025484
-0.0028994
-0.002662445
-0.002221733
-0.001889573
-0.001747894
-0.001669426
-0.001582625
-0.001411613
-0.001086735
-0.000574562
6.703219e-05
0.0006488103
0.001058517
0.001396989
0.001799213
0.002334698
0.002988251
0.00361438
0.004124159
0.00461917
0.005193882
0.005809995
0.006308396
0.00658558
0.006554116
0.006228291
0.005576578
0.004718082
0.003854643
0.003023319
0.002328211
0.001837674
0.001409545
0.0008813829
0.000207605
-0.0005122216
-0.001013104
-0.001267448
-0.001394747
-0.001436365
-0.001423911
-0.001395979
-0.001383186
-0.001407682
-0.001479512
-0.001594258
-0.001724563
-0.001806987
-0.001763535
-0.001707629
-0.001675443
-0.001568039
-0.001310621
-0.0008451048
-0.0001696771
0.0005835038
0.001130544
0.001442756
0.00163072
0.001700323
0.001642886
0.001434036
0.001053921
0.0005341654
-2.955261e-05
-0.0006159095
-0.001001168
-0.001105339
-0.001058165
-0.0009590735
-0.0009154359
-0.0008568528
-0.0007766
-0.0005985945
-0.0003155078
-9.848775e-05
2.416084e-05
8.395949e-05
6.417425e-05
-5.597047e-05
-0.000284999
-0.0006059731
-0.0009431332
-0.001168944
-0.001348767
-0.00156213
-0.001855888
-0.002244988
-0.002648067
-0.002897675
-0.002997672
-0.002952992
-0.002730021
-0.002331667
-0.001816725
-0.001302374
-0.0007215841
-7.54454e-05
0.0004973168
0.0009906549
0.001344493
0.001644309
0.001967296
0.002290918
0.002518407
0.002472471
0.002210981
0.001868167
0.001626419
0.001477385
0.001406403
0.001424761
0.001528605
0.001694567
0.00187296
0.001973569
0.001860926
0.001406788
0.0007902659
9.119945e-05
-0.0005484569
-0.001073575
-0.00138843
-0.001561872
-0.001683586
-0.001785246
-0.001879546
-0.001916838
-0.001834756
-0.001803901
-0.00178176
-0.001643829
-0.001297006
-0.00065142
0.0002837075
0.001355044
0.002455915
0.003554669
0.004462389
0.005304954
0.006120531
0.006715321
0.007022804
0.007165438
0.007228446
0.007249456
0.007252246
0.007212505
0.007083287
0.006825303
0.00643742
0.005944496
0.005214125
0.004435168
0.003677977
0.002882727
0.002127414
0.001335069
0.000591927
-0.0001368593
-0.000730123
-0.001207287
-0.00147552
-0.001653524
-0.001807416
-0.00190479
-0.001884869
-0.001674338
-0.001525492
-0.001364078
-0.001124992
-0.0008114267
-0.0004360465
-5.921042e-05
0.0004883648
0.0009257792
0.001229018
0.001603304
0.001826845
0.001965168
0.002044011
0.002032149
0.001906676
0.001623355
0.001207279
0.0007698712
0.0005102464
0.000400425
0.0004528344
0.0003945935
0.0002818224
0.0002047511
0.0002474252
0.0002429448
0.000336368
0.0003881075
0.0004526618
0.0003991722
0.0005413491
0.0007168934
0.0007661168
0.0008502242
0.0009349518
0.0008230109
0.00055781
0.000253144
-4.550883e-05
-0.0004373569
-0.000970854
-0.001571258
-0.002071021
-0.002316968
-0.002514878
-0.002570824
-0.002648041
-0.002816236
-0.002900005
-0.002957002
-0.003005003
-0.003023852
-0.003028106
-0.003017538
-0.003004451
-0.002987412
-0.002958627
-0.002904236
-0.002827105
-0.002733612
-0.002668118
-0.002710146
-0.002866084
-0.002932432
-0.002964288
-0.002988486
-0.003005015
-0.0030146
-0.003021744
-0.003038669
-0.003053555
-0.003056284
-0.003049068
-0.003028915
-0.00300046
-0.002972243
-0.002954248
-0.002945567
-0.002952497
-0.002976047
-0.003014354
-0.003050909
-0.003058678
-0.002993038
-0.002808529
-0.00247132
-0.002002763
-0.001492351
-0.0009917855
-0.0004863968
-8.423034e-05
0.0001509406
0.0002549929
0.0001936607
-8.854377e-05
-0.0006120555
-0.001339072
-0.0021055
-0.002732448
-0.003205833
-0.003572602
-0.003910956
-0.004302747
-0.004673862
-0.005043198
-0.005320698
-0.00545002
-0.005509696
-0.005545124
-0.00558298
-0.005618738
-0.005624937
-0.00555506
-0.005345601
-0.004949428
-0.0043667
-0.003696963
-0.003155087
-0.002809122
-0.00242143
-0.001840534
-0.001140214
-0.0004115473
0.000486566
0.001479688
0.00240427
0.003095718
0.003465449
0.003686298
0.003836287
0.003955365
0.00406803
0.004129088
0.004060552
0.003957059
0.003837177
0.003592545
0.003168454
0.002559875
0.00187425
0.001339737
0.0009215349
0.0004404125
-0.0001658022
-0.000863054
-0.001472834
-0.001866346
-0.002090602
-0.002225214
-0.002299793
-0.002326998
-0.002290538
-0.002139744
-0.001804997
-0.001253418
-0.000554208
7.364412e-05
0.0004737356
0.000679643
0.0007608289
0.0007498322
0.0006900304
0.0006415571
0.000679684
0.0008717838
0.001267764
0.00185745
0.002504113
0.002937201
0.003191216
0.003456085
0.003642991
0.003709847
0.003738181
0.003746885
0.003731235
0.003678019
0.003576869
0.003425344
0.003251812
0.003128006
0.003155875
0.003272179
0.003468473
0.003641641
0.003719241
0.00374237
0.003731557
0.003716504
0.003740198
0.003843592
0.004051544
0.004350065
0.004666714
0.004839728
0.00468953
0.004417803
0.004133846
0.003939556
0.003973542
0.004258868
0.004803499
0.00550994
0.006148675
0.006571246
0.006815398
0.006958626
0.00704995
0.007107386
0.007121561
0.007036369
0.006789817
0.006330475
0.00566818
0.004924064
0.004368357
0.003893421
0.003395283
0.002898291
0.002485971
0.002073602
0.001629115
0.001225201
0.0007452609
0.0001164519
-0.0005912652
-0.001170999
-0.001504757
-0.001678525
-0.001752848
-0.00176124
-0.001733441
-0.001693815
-0.001672037
-0.001678369
-0.001708167
-0.001752876
-0.001787963
-0.001780061
-0.001682829
-0.001457587
-0.001087683
-0.0006288749
-0.0002094268
0.0001915195
0.0005466194
0.0007460566
0.00087602
0.0007641896
0.0004532858
7.340773e-05
-0.000457165
-0.0008987867
-0.001131603
-0.001291365
-0.001252837
-0.001082473
-0.0009514203
-0.001028194
-0.001219824
-0.001355859
-0.001507844
-0.001754184
-0.00212967
-0.002632733
-0.003161671
-0.003510428
-0.003616465
-0.003421707
-0.003126428
-0.003023939
-0.002911364
-0.002803684
-0.002806152
-0.003000185
-0.003442814
-0.003862263
-0.004129961
-0.004331626
-0.004273808
-0.003944664
-0.003449006
-0.002935603
-0.002416872
-0.001968945
-0.001763549
-0.001692347
-0.00169574
-0.001737376
-0.00176064
-0.001718737
-0.001568384
-0.001295101
-0.000922424
-0.000557902
-0.0003614885
-0.000223028
-6.704778e-05
0.0001434622
0.0004494923
0.0008075896
0.001110411
0.00151834
0.002118539
0.002869994
0.003601172
0.00398195
0.004201812
0.004325374
0.004363188
0.004330728
0.004221316
0.00401552
0.003728785
0.003401306
0.003133636
0.002799734
0.002608915
0.002237363
0.002060459
0.002207165
0.002436924
0.002594262
0.002751253
0.002970952
0.003259583
0.003617327
0.003929755
0.004088541
0.004181906
0.00425515
0.004310452
0.004345208
0.004300659
0.00412014
0.00373942
0.003150382
0.002317571
0.001178059
-1.6813e-05
-0.001272431
-0.00240332
-0.003250302
-0.003801213
-0.004172598
-0.00453972
-0.004779991
-0.004951535
-0.005015767
-0.004848373
-0.004404924
-0.003865164
-0.003232131
-0.002651366
-0.002256514
-0.001832411
-0.001437276
-0.0009394641
-0.0002776356
0.0004353332
0.001022209
0.001456397
0.001857022
0.00222691
0.002483588
0.002562454
0.002597508
0.002673641
0.002770155
0.002692753
0.002482415
0.002186131
0.001884941
0.001596357
0.001188008
0.0006060501
-0.0001206625
-0.0008203283
-0.001422705
-0.002102492
-0.002858428
-0.003529112
-0.003950264
-0.004139648
-0.004195825
-0.004165509
-0.004100337
-0.004063327
-0.004110988
-0.004281893
-0.004593
-0.005010431
-0.005425469
-0.005779032
-0.006115271
-0.006400475
-0.006657215
-0.006901153
-0.006999969
-0.006957187
-0.006740335
-0.00631188
-0.005707761
-0.005062995
-0.004510504
-0.0041112
-0.003902358
-0.003808184
-0.003792034
-0.003825603
-0.003864602
-0.003871007
-0.003805202
-0.003633246
-0.003338231
-0.002939642
-0.002509307
-0.002053415
-0.001484486
-0.0009819661
-0.0007407096
-0.0006228617
-0.0005725081
-0.0005644023
-0.0005596209
-0.0005370478
-0.0004765771
-0.0003677042
-0.000221771
-8.106726e-05
-1.348042e-05
-0.0001018634
-0.0002316313
-0.0003272256
-0.0004080089
-0.0004318584
-0.0003341377
-5.714462e-05
0.0004279437
0.001070963
0.001712151
0.002249823
0.002580907
0.002707291
0.002705433
0.002626185
0.002525687
0.002481976
0.00257093
0.002646982
0.002618993
0.002521823
0.002405772
0.002351764
0.002273727
0.002194999
0.002290558
0.002498114
0.002611686
0.002614644
0.002594693
0.002614821
0.002763268
0.003125947
0.00353518
0.003822249
0.004061517
0.004158451
0.004049508
0.003801326
0.00349203
0.003244861
0.003040028
0.002754554
0.002313686
0.00170694
0.001015872
0.0002623415
-0.0004997016
-0.001236432
-0.001889044
-0.002436652
-0.002860301
-0.00322323
-0.003610736
-0.003987591
-0.004233467
-0.004349997
-0.004405899
-0.004426895
-0.004435428
-0.004450165
-0.004478654
-0.004512056
-0.004523614
-0.004470353
-0.004303
-0.003984481
-0.003527128
-0.003004775
-0.002418895
-0.001951356
-0.001625074
-0.001282373
-0.000863384
-0.000379074
8.478824e-05
0.0005295433
0.0009486876
0.001227456
0.001383801
0.001517397
0.00168209
0.001911295
0.002188287
0.002427873
0.002686141
0.003077418
0.003438265
0.003638211
0.003801044
0.003900533
0.003960907
0.004127522
0.004296773
0.004405434
0.004489705
0.004546396
0.004562883
0.004519611
0.004393898
0.004172578
0.003871153
0.003563367
0.003367383
0.003240969
0.00304104
0.00268019
0.002341082
0.002206937
0.002174025
0.002079512
0.001959958
0.001794025
0.001645856
0.001571719
0.001527462
0.001505713
0.001498571
0.001498669
0.001496908
0.001491292
0.001481105
0.001472574
0.001458453
0.00144362
0.001441339
0.001454559
0.001472834
0.001486367
0.001490403
0.001489078
0.001481149
0.00145647
0.001396079
0.001292796
0.001150987
0.001003287
0.0009180449
0.0009798538
0.001092887
0.001216087
0.001205944
0.0009551545
0.0005113182
-3.071915e-05
-0.0006517348
-0.001121468
-0.001352399
-0.00145232
-0.001459633
-0.001398758
-0.001290126
-0.001159569
-0.001052879
-0.001035526
-0.001160697
-0.001289925
-0.00134728
-0.001362886
-0.001332268
-0.001282469
-0.001254519
-0.001295891
-0.001452997
-0.001752989
-0.002169792
-0.002590837
-0.002807709
-0.00271768
-0.002321537
-0.001867786
-0.00162246
-0.001593282
-0.001695976
-0.001827347
-0.001847725
-0.001777049
-0.001564083
-0.001268237
-0.0009630575
-0.000630949
-0.000338262
-0.0002041202
-0.0001741407
-0.0001004021
-6.71606e-05
-7.90125e-05
-2.919805e-05
-4.13809e-05
-0.0001713039
-0.0003374508
-0.0006434906
-0.001068999
-0.001570629
-0.002139835
-0.002642334
-0.003013707
-0.003214738
-0.003326533
-0.003502911
-0.003665843
-0.003772648
-0.003867451
-0.003931881
-0.003900084
-0.003701628
-0.003473457
-0.00332643
-0.003269223
-0.003133829
-0.002830825
-0.002448029
-0.002116362
-0.001853279
-0.001632549
-0.001496782
-0.001497598
-0.001501885
-0.001461289
-0.001484738
-0.001639416
-0.001791901
-0.001867564
-0.001881582
-0.00179196
-0.001560978
-0.001163138
-0.000634546
-9.789407e-05
0.0004131231
0.0008665998
0.001107073
0.001109946
0.0009350974
0.0006426145
0.0003235917
-4.802957e-05
-0.0003656624
-0.0005059739
-0.0004481412
-0.0003369076
-0.0002564236
-0.0001713664
-0.0001000498
-6.874635e-05
-0.0001106919
-0.0002564562
-0.0005166976
-0.0008528657
-0.001176139
-0.001329708
-0.001305401
-0.00119967
-0.001094486
-0.0009122599
-0.000664122
-0.000342882
-3.953159e-05
0.0003724125
0.0009724303
0.001403454
0.001693173
0.001939415
0.001989094
0.00186799
0.001525728
0.001020925
0.0006434718
0.0005450054
0.0006197303
0.0008551355
0.001141914
0.001361761
0.001469718
0.001391987
0.001265661
0.001179477
0.001096337
0.001022175
0.0009769141
0.0009840693
0.001075548
0.00128649
0.001632601
0.002072994
0.002476294
0.002818148
0.003125459
0.003321475
0.003282036
0.003077916
0.002890906
0.002714653
0.002458369
0.002072736
0.001552753
0.0009651797
0.0002847966
-0.0004910836
-0.001188204
-0.001686095
-0.002045947
-0.002305364
-0.002427584
-0.00252855
-0.00261937
-0.002723384
-0.002769659
-0.002722008
-0.002658694
-0.002437697
-0.002033952
-0.001602646
-0.00116346
-0.0007211458
-0.0003755409
-9.773231e-05
0.000205347
0.0005571035
0.0008837929
0.001035724
0.0009853466
0.0008095927
0.0005757405
0.0002054992
-0.0002434285
-0.0006992219
-0.001139582
-0.001426902
-0.001548091
-0.001544895
-0.001430062
-0.001228642
-0.0009658872
-0.0007047185
-0.0005631786
-0.0004768192
-0.0002949626
-0.0001036964
5.615428e-05
0.0002444148
0.000446382
0.0005967524
0.0005997728
0.0005324159
0.0004010042
0.0002982584
0.0002783391
0.0002655124
0.0001851977
-2.487865e-05
-0.0001975577
-0.0002108342
-0.0002535103
-0.0003975758
-0.0005670619
-0.0006696615
-0.0005778603
-0.0003420314
-0.0001563227
-5.622664e-05
-7.980178e-06
-4.57929e-06
-2.996377e-05
-4.807483e-05
-5.284482e-06
0.0001460555
0.0004178409
0.0007922596
0.001172469
0.001379045
0.001345988
0.00109934
0.0006949197
0.0002651071
-0.0001532362
-0.0003653655
-0.0003738959
-0.0002295461
-2.772901e-05
0.0001594643
0.0003568669
0.00054269
0.00068638
0.0009389159
0.001320594
0.001646221
0.001868651
0.001977507
0.001906523
0.001777161
0.001659079
0.001519005
0.001366093
0.001231121
0.001176181
0.001275039
0.001390763
0.001458611
0.001545286
0.001684917
0.00190166
0.002196982
0.002508959
0.002695318
0.002745882
0.002742998
0.00275412
0.002844772
0.002881863
0.002784886
0.002591774
0.002344204
0.00214457
0.002153779
0.002354912
0.002592651
0.002681616
0.002574227
0.002331383
0.002056276
0.001923189
0.001972659
0.002134348
0.002309841
0.002352005
0.002258202
0.001958534
0.001505929
0.001183162
0.001145421
0.001285155
0.001563868
0.001810696
0.001830043
0.001544795
0.001077993
0.0005793746
0.0001828315
-6.252073e-05
-0.0001671728
-0.0001188049
-0.0001052475
-0.000238781
-0.000492172
-0.0007950227
-0.001008802
-0.001126776
-0.001222608
-0.001348047
-0.001555353
-0.001877194
-0.002282827
-0.002664242
-0.003013728
-0.003349984
-0.003618128
-0.003901875
-0.004150577
-0.004317322
-0.004443897
-0.004499631
-0.004423229
-0.004340506
-0.004303391
-0.004228246
-0.004053064
-0.003720305
-0.003205196
-0.002570215
-0.002003648
-0.001626345
-0.001325176
-0.000921871
-0.000327524
0.000267126
0.0008265561
0.001415044
0.001930152
0.002358473
0.002706679
0.002889545
0.00295635
0.003023569
0.002976532
0.002782019
0.00256535
0.00245925
0.002416042
0.002294654
0.002177545
0.00208845
0.001936011
0.001676713
0.001314047
0.0009123463
0.0004331837
2.096433e-05
-0.000137043
-0.0001228919
-8.633749e-05
1.162828e-05
9.419542e-05
-6.375435e-05
-0.0004286474
-0.0007788751
-0.00105017
-0.001414292
-0.001856074
-0.00217165
-0.002482019
-0.002676797
-0.002700019
-0.002739489
-0.002755039
-0.002691897
-0.002681237
-0.002676845
-0.002577328
-0.002493247
-0.00238688
-0.002195
-0.002095785
-0.00213685
-0.002188518
-0.002275525
-0.002435886
-0.002459199
-0.002240959
-0.00190919
-0.001625904
-0.00149495
-0.001486879
-0.001606124
-0.001836299
-0.002108578
-0.002301108
-0.002389592
-0.002500876
-0.002592844
-0.002552053
-0.002474287
-0.002443479
-0.002540307
-0.002700077
-0.002773415
-0.00278009
-0.002706954
-0.002520795
-0.002232876
-0.001903103
-0.001517561
-0.001076465
-0.0007392503
-0.0005360524
-0.0004295211
-0.0002514248
-1.428284e-05
0.0001670128
0.0003329796
0.0004503187
0.0004219797
0.0001478438
-0.00031213
-0.0007626605
-0.001118671
-0.001316057
-0.001414575
-0.00145397
-0.001460303
-0.001446499
-0.00139875
-0.001291905
-0.001114544
-0.0008772116
-0.0006257074
-0.0004736175
-0.000526397
-0.0006336305
-0.0006342224
-0.0004323493
-0.0001975399
-4.62568e-05
0.0001033853
0.0002675901
0.0004337604
0.0005743832
0.0007186823
0.001049495
0.001411024
0.001660167
0.001867327
0.002027859
0.00209001
0.00207641
0.00216218
0.002242167
0.002291258
0.002449968
0.002615561
0.002845737
0.002971553
0.003038261
0.003079484
0.003086758
0.003073836
0.003041661
0.00300142
0.002964086
0.00295593
0.003010338
0.003168351
0.003456102
0.003861227
0.004291918
0.004638514
0.00497809
0.005287456
0.005486713
0.005681401
0.005661691
0.005489416
0.005257876
0.005017606
0.004595034
0.004184162
0.003767173
0.00338414
0.003205018
0.003058229
0.00287946
0.002618619
0.00225253
0.001851837
0.001559758
0.001277907
0.001009742
0.0008271538
0.0008184598
0.0007947495
0.0009302829
0.001087582
0.001394406
0.001625108
0.001803883
0.001946266
0.001988246
0.001917948
0.002018481
0.002240568
0.002471106
0.002615984
0.002783653
0.002729702
0.002504164
0.002229988
0.002009983
0.001793081
0.001482446
0.001057032
0.0005547853
0.0001204493
-0.0002900567
-0.000634803
-0.0007959511
-0.0008813855
-0.001033277
-0.001325238
-0.001534148
-0.0015797
-0.001660891
-0.001730193
-0.001943435
-0.002228061
-0.00239013
-0.002471926
-0.002518067
-0.002544836
-0.002555254
-0.002544222
-0.002498764
-0.002398514
-0.002227717
-0.001991265
-0.00174672
-0.00157179
-0.001279189
-0.001008647
-0.0007455946
-0.0004394564
-0.0001575538
-9.308478e-07
0.0001418279
0.0003835474
0.0005083506
0.000484253
0.000311784
-2.732128e-05
-0.0004926497
-0.0009372538
-0.001147558
-0.001339331
-0.001482863
-0.001484832
-0.001306638
-0.001206435
-0.001186955
-0.001207154
-0.001275663
-0.001351128
-0.001381644
-0.001293616
-0.001314314
-0.001476626
-0.001753418
-0.002090282
-0.002367657
-0.002666248
-0.003065524
-0.003567324
-0.004107889
-0.004489341
-0.004691317
-0.004925817
-0.00511231
-0.005071474
-0.004920691
-0.004792731
-0.004571385
-0.004383672
-0.004130271
-0.003723387
-0.003170537
-0.002552671
-0.00210122
-0.00188728
-0.001675557
-0.001307984
-0.0009356703
-0.0005118274
-8.700199e-05
0.0004147554
0.001032284
0.001670982
0.002096484
0.002226351
0.002204512
0.00193068
0.001554615
0.001354106
0.001351049
0.001294665
0.001204002
0.001089372
0.0009549971
0.0008427927
0.0005430059
0.0001314734
-0.0002327428
-0.0006735054
-0.001198029
-0.001724966
-0.00240189
-0.003215005
-0.003996368
-0.004725102
-0.005194476
-0.005343999
-0.005046075
-0.004484846
-0.003917034
-0.003358176
-0.002960137
-0.002617984
-0.00230255
-0.002016323
-0.001504631
-0.0009309719
-0.0002688832
0.0004106132
0.00116329
0.001867697
0.002253136
0.002600063
0.002731639
0.002750124
0.002762149
0.002820356
0.002990053
0.003290777
0.003690266
0.004053812
0.004176548
0.004123081
0.003934298
0.003676145
0.003462896
0.003223463
0.003200287
0.003322361
0.003485187
0.003585399
0.003535349
0.00343741
0.003211499
0.003018526
0.002800542
0.002529201
0.002245691
0.002026871
0.001927305
0.001765148
0.001491934
0.001291006
0.001110883
0.0009656581
0.0008400938
0.0005511872
0.0002637535
0.0001127578
-2.156162e-06
-0.0001286445
-0.000293213
-0.000507458
-0.0007427467
-0.0009094424
-0.0009551431
-0.00106992
-0.0013352
-0.001606135
-0.001962443
-0.002394132
-0.002778248
-0.00300965
-0.003162029
-0.003245541
-0.003226609
-0.003068885
-0.002727367
-0.002183172
-0.00148496
-0.0008190455
-0.000378969
-0.0001621963
-7.779641e-05
-8.435526e-05
-0.000141019
-0.0002066957
-0.0002459622
-0.0002257694
-0.0001275839
-9.582165e-05
-0.0003384404
-0.0007043499
-0.0009373354
-0.001071732
-0.001255634
-0.001455182
-0.001570804
-0.001675421
-0.001796254
-0.001921946
-0.002013765
-0.002003386
-0.0019462
-0.001958998
-0.002097157
-0.002322505
-0.002301961
-0.002002976
-0.001605031
-0.001174495
-0.0007052189
-0.000305232
-3.916782e-05
0.000156525
0.0002873531
0.0004783295
0.000871148
0.00133417
0.001789729
0.002247722
0.002587036
0.002749959
0.002808018
0.002796997
0.002745565
0.00269774
0.00269756
0.002794538
0.003025466
0.003401225
0.003865865
0.004278934
0.004539961
0.00467395
0.004790943
0.005028877
0.005277541
0.005377738
0.005307711
0.005128936
0.0048945
0.004526908
0.004100311
0.003700382
0.003359255
0.003204176
0.00320731
0.003223585
0.003129493
0.003002642
0.002858936
0.00261444
0.002265099
0.001881058
0.001594608
0.001404111
0.001234246
0.001060535
0.0008924745
0.0007627542
0.0005431604
0.0002427119
6.650302e-05
5.266241e-05
0.0001486568
0.0003156566
0.0004643674
0.0004747891
0.000398967
0.0002318566
6.088078e-05
-4.458202e-05
-0.0001320531
-0.0002164746
-0.0003113961
-0.0004193665
-0.0005166687
-0.0005618178
-0.0006844698
-0.0009073911
-0.001105045
-0.001315749
-0.001452795
-0.001447419
-0.001351305
-0.00119907
-0.001064198
-0.001064521
-0.001327472
-0.001770297
-0.002289069
-0.002608804
-0.002615004
-0.002404905
-0.00207969
-0.001799347
-0.001603866
-0.001462768
-0.001383344
-0.001378582
-0.001470247
-0.001682303
-0.002024652
-0.002457973
-0.002857271
-0.002996053
-0.002784827
-0.002456083
-0.002207714
-0.001997974
-0.001987639
-0.002210824
-0.002535712
-0.002794371
-0.002950326
-0.003050414
-0.003107762
-0.003138476
-0.003151444
-0.003141679
-0.003085971
-0.00295339
-0.002719267
-0.002390426
-0.002042367
-0.001832941
-0.001717531
-0.001612762
-0.001464705
-0.001223715
-0.0008842657
-0.0005349023
-0.0003280995
-0.0002296916
-0.0001948961
-0.000200249
-0.0002062609
-0.0001714672
-5.839376e-05
0.0001489248
0.000430265
0.0006981208
0.0008153989
0.0008801283
0.001005567
0.001016693
0.0009533803
0.0009334023
0.001026839
0.001051467
0.00101547
0.0009944636
0.001041469
0.001205944
0.001243198
0.001093771
0.0007505091
0.0002304397
-0.0003636574
-0.001080086
-0.001855899
-0.002453776
-0.002782201
-0.002941583
-0.003012637
-0.003043287
-0.003078414
-0.003135982
-0.003208999
-0.003243879
-0.003190173
-0.003228223
-0.003326884
-0.003363948
-0.003213301
-0.002737925
-0.002115635
-0.001418792
-0.0008008301
-0.0002878466
0.0002752334
0.0007459302
0.00110168
0.001550772
0.001970229
0.002337848
0.002628595
0.002954371
0.003176944
0.003274182
0.003277941
0.003169942
0.00297148
0.002724963
0.002534058
0.002507781
0.002472901
0.002541368
0.002527816
0.002228192
0.001821154
0.001193568
0.0003741059
-0.00045051
-0.001229697
-0.001723806
-0.001860607
-0.001833016
-0.001790215
-0.001842757
-0.001780399
-0.001714883
-0.001753462
-0.001901527
-0.001854368
-0.001595726
-0.001138265
-0.0005311503
4.137522e-05
0.000604431
0.00105081
0.00150161
0.001983608
0.002393183
0.002572847
0.0026005
0.00251292
0.002296946
0.001979731
0.001641268
0.00142509
0.001189467
0.0008441863
0.0003657789
-0.0001940281
-0.0006492525
-0.001012119
-0.001203374
-0.001361163
-0.001273689
-0.001035335
-0.0008063622
-0.0007171407
-0.0006226263
-0.0004083202
-0.0003272519
-0.000274199
-0.000183973
-3.109222e-05
0.0002034988
0.0004835016
0.000715266
0.0009905054
0.001147581
0.001236477
0.001293455
0.001307097
0.001299956
0.001270296
0.001217417
0.001115272
0.0009585922
0.0007612542
0.0005858984
0.0005339805
0.0006462726
0.0007972977
0.001024198
0.00112367
0.001104499
0.0009653158
0.0007128537
0.0004296628
0.0002469207
0.000263312
0.0003389578
0.0004200328
0.0005970997
0.0007530314
0.0009248111
0.0009493145
0.0008901965
0.0008384172
0.0008624988
0.000980767
0.000987308
0.0009426583
0.0008806184
0.0008428718
0.0008255227
0.0006512798
0.0004338703
0.0002337383
-5.049356e-05
-0.0002448721
-0.0004100325
-0.0005665453
-0.0006801904
-0.000797592
-0.001118244
-0.001514773
-0.001860757
-0.002206676
-0.002476318
-0.00260772
-0.002673586
-0.002531078
-0.002322934
-0.00210219
-0.001795885
-0.001588315
-0.001428653
-0.001309502
-0.001277308
-0.001384674
-0.001605774
-0.001714482
-0.001723941
-0.001619024
-0.001370281
-0.001004579
-0.0005890223
-0.0001947801
0.0001133
0.0001326534
-4.491131e-05
-0.0002738656
-0.0005765328
-0.0007446912
-0.0006166013
-0.000444342
-0.0003466262
-0.0002785486
-0.0002498957
-0.0002596773
-0.0002882099
-0.0003127506
-0.0003103411
-0.0002539465
-0.0001316374
5.233339e-05
0.0002465444
0.0003634846
0.0002919552
6.294209e-05
-6.093122e-05
8.287197e-05
0.0004638562
0.0008749622
0.001098428
0.001224622
0.001276819
0.00126304
0.00122599
0.001210717
0.001269249
0.001439191
0.001733118
0.002103062
0.002432892
0.00265698
0.00269754
0.002524669
0.002372064
0.002154241
0.00177539
0.001405311
0.001110905
0.0008473708
0.0006491258
0.0004594587
6.738437e-05
-0.0005161627
-0.0009911841
-0.001216617
-0.001317453
-0.001341077
-0.001334683
-0.001370431
-0.001504874
-0.001758549
-0.002098118
-0.002420882
-0.002688915
-0.002973483
-0.003131656
-0.003065499
-0.003065828
-0.003256775
-0.003537611
-0.00378573
-0.003931033
-0.004017271
-0.004044184
-0.004002538
-0.003885414
-0.003681461
-0.003406526
-0.003123912
-0.002953902
-0.002904799
-0.002798803
-0.002634689
-0.002612738
-0.002627372
-0.00233986
-0.001778032
-0.001081587
-0.0003066701
0.0004451071
0.001105207
0.001572281
0.001811163
0.001863081
0.00191489
0.001983385
0.002012551
0.002143759
0.002335373
0.002443575
0.002516898
0.002567736
0.002591408
0.002603415
0.002612907
0.002625089
0.002637076
0.002640074
0.002634345
0.002628595
0.002631646
0.002641374
0.002659701
0.002680039
0.002693895
0.002695353
0.002673725
0.002615508
0.002499666
0.002324141
0.002133021
0.001991622
0.001799656
0.001587108
0.001537063
0.001442552
0.001275093
0.001104606
0.0008667289
0.000586369
0.0003434334
8.010006e-05
-0.0001294359
-0.0002362909
-0.0002961616
-0.0003256146
-0.0003406177
-0.0003454969
-0.0003349583
-0.0002904857
-0.0001775513
3.978479e-05
0.0003639143
0.0007347351
0.001018025
0.001220581
0.00139388
0.001348087
0.001144308
0.0009450614
0.0009923208
0.00128936
0.001574637
0.001934749
0.002206841
0.002286636
0.002336931
0.002458776
0.002499804
0.002497932
0.002513182
0.002313517
0.001882676
0.001333244
0.0008747493
0.0005610057
0.0002486596
6.825821e-05
-3.305374e-06
-3.262167e-05
-3.768224e-05
-3.600417e-05
-2.787499e-05
-8.984011e-06
3.397152e-05
0.0001082535
0.0002116874
0.0003183778
0.0003663666
0.0002933972
0.00029595
0.0003648309
0.0004176836
0.0003925923
0.0002231446
0.00010093
3.061133e-05
-1.975341e-05
-3.977672e-05
-3.100536e-05
5.274397e-06
5.670442e-05
0.0001044555
0.0001138576
4.218175e-05
-0.0001569454
-0.0005077337
-0.0009854864
-0.001467491
-0.001725564
-0.001743917
-0.001852359
-0.002068964
-0.00236741
-0.002680828
-0.002850122
-0.00295941
-0.003034662
-0.003073358
-0.003083295
-0.00305747
-0.002986877
-0.002858838
-0.002677038
-0.002471534
-0.002315648
-0.002351085
-0.002672935
-0.002706004
-0.002510801
-0.002149276
-0.001675393
-0.001295574
-0.0009898939
-0.0007946125
-0.0004679396
-0.0001447552
-6.179741e-06
6.308337e-05
9.985455e-05
0.0001126148
0.0001224225
0.0001382772
0.0001683046
0.0002052611
0.0002385771
0.0002669129
0.0003089201
0.0003673128
0.0004384496
0.0004933463
0.000489353
0.0003812841
0.0001140229
-0.0003259655
-0.0008669747
-0.001327768
-0.001556348
-0.001728172
-0.001758536
-0.001720336
-0.001517465
-0.001219824
-0.0007736555
-0.0003515488
1.956789e-05
0.0003408233
0.0006751866
0.0008764676
0.0009802965
0.001007354
0.00100309
0.001236014
0.001651605
0.002149958
0.002613427
0.003069687
0.003425516
0.00356531
0.003599626
0.003584435
0.003559695
0.003505949
0.003192197
0.002689149
0.00212281
0.001624455
0.001225653
0.0009885897
0.0007824419
0.0005204685
0.0001917637
-0.0001665642
-0.0005225237
-0.001004095
-0.001531227
-0.00179927
-0.001944649
-0.002024563
-0.00204035
-0.002017078
-0.001958675
-0.001872644
-0.001761618
-0.001647069
-0.001570128
-0.001603139
-0.001726725
-0.001711654
-0.00159375
-0.001394491
-0.001141631
-0.0008588821
-0.0004395521
1.923464e-05
0.0003960114
0.0005784566
0.0007722523
0.0009826154
0.001109041
0.001245196
0.001421742
0.00161599
0.001771119
0.001929109
0.002136674
0.002186542
0.001992934
0.001683648
0.00140933
0.001249663
0.001149542
0.00109198
0.001068425
0.001064509
0.001066993
0.001067095
0.001070049
0.001071284
0.001069067
0.001061331
0.001045209
0.001018599
0.0009837667
0.0009497514
0.0009347508
0.0009537466
0.001011147
0.001103931
0.00120361
0.001248453
0.001167093
0.001018994
0.0009403362
0.0008886067
0.0008520782
0.0008350205
0.0008288521
0.0008300506
0.0008356403
0.0008480515
0.0008602926
0.0008630415
0.0008590167
0.000851091
0.0008421101
0.000838184
0.0008454615
0.0008687955
0.0009065591
0.0009466683
0.0009622746
0.0009124892
0.0007500676
0.0004399003
-6.005891e-06
-0.0004893191
-0.0009436173
-0.001389113
-0.001721916
-0.001880974
-0.001949828
-0.001961141
-0.001931237
-0.00187904
-0.00181973
-0.0017646
-0.001720332
-0.001709168
-0.001764581
-0.001924714
-0.002211804
-0.002606829
-0.003005375
-0.003220848
-0.003256405
-0.003168673
-0.002876297
-0.002600068
-0.002422659
-0.002317026
-0.002109066
-0.001768672
-0.001371302
-0.000987398
-0.0007210368
-0.0003599208
8.58886e-05
0.0004620141
0.0007552004
0.001001082
0.001210102
0.001283374
0.001293102
0.001292727
0.001305864
0.001354301
0.001453047
0.001613976
0.001811309
0.001974334
0.001989256
0.001846653
0.00159283
0.001256053
0.0009907765
0.0008260103
0.0006743353
0.0004280638
0.0002130199
6.59378e-05
-0.0001426932
-0.0004648807
-0.0009052707
-0.001383066
-0.001706696
-0.001725801
-0.001580057
-0.001450159
-0.0013526
-0.001345811
-0.001353424
-0.001212997
-0.0009725482
-0.0007004352
-0.0005240502
-0.0004988238
-0.0005259588
-0.0005244387
-0.0004049716
-0.0002083843
-5.608168e-05
9.229142e-05
0.0002170702
0.0002540521
0.0001404363
-1.550992e-05
-6.86653e-05
-4.103093e-05
6.768253e-05
0.0002379028
0.000412261
0.0005208844
0.0005841958
0.0006631718
0.0007517438
0.001041922
0.001545818
0.002109433
0.002509285
0.002634277
0.002557731
0.002323877
0.002021126
0.001827355
0.001950538
0.002199116
0.002295693
0.002252306
0.002159232
0.002104966
0.002028319
0.001970666
0.001914738
0.001714628
0.001452426
0.00116558
0.000805257
0.0004251203
0.0001493987
-4.667979e-05
-0.0002551939
-0.0005125295
-0.0008089764
-0.001050717
-0.001076258
-0.000877945
-0.0005876141
-0.0003671247
-0.0002443739
-0.0001644372
-0.0001174565
-9.538625e-05
-9.273274e-05
-9.678027e-05
-9.97609e-05
-9.878235e-05
-9.773375e-05
-9.84059e-05
-0.0001049305
-0.0001155691
-0.0001276697
-0.0001309657
-0.0001151352
-6.689833e-05
1.773098e-05
0.0001312797
0.0002402838
0.0002787838
0.0001708719
4.602684e-05
-2.410576e-05
-7.673215e-05
-0.000115139
-0.0001380776
-0.0001486996
-0.0001443488
-0.0001198425
-6.600909e-05
2.00417e-05
0.0001302445
0.0002326544
0.0002630773
0.0001492012
2.266679e-05
-4.14936e-05
-7.836108e-05
-9.208677e-05
-8.879158e-05
-8.552707e-05
-0.0001005729
-0.0001506324
-0.0002411752
-0.0003608809
-0.000470941
-0.0004986916
-0.0003780956
-0.0002429125
-0.0001674152
-0.0001221808
-0.0001131824
-0.0001450683
-0.0002108229
-0.0003067905
-0.0004219508
-0.0005253756
-0.0005552398
-0.000446641
-0.0003196289
-0.0002469195
-0.0001992722
-0.0001813529
-0.0001817761
-0.000189268
-0.000196481
-0.0001977706
-0.0001874527
-0.000167494
-0.0001420083
-0.0001111807
-7.174347e-05
-3.382261e-05
-1.551917e-05
-4.906026e-05
-0.0001691853
-0.0004056668
-0.0007547068
-0.001150487
-0.001449561
-0.001609247
-0.001654381
-0.001756989
-0.001997803
-0.002289209
-0.002486546
-0.002571633
-0.002598898
-0.00258005
-0.002527999
-0.0024707
-0.002427801
-0.002415141
-0.002444904
-0.002511811
-0.002577641
-0.002583525
-0.00244369
-0.002084524
-0.001602193
-0.001094918
-0.0005150077
2.637021e-06
0.000401182
0.0006666483
0.0008606618
0.0009981846
0.001049558
0.0009733576
0.0008444954
0.0007932496
0.0007836176
0.000799065
0.0008335816
0.0008700907
0.0008817338
0.0008296716
0.0006775033
0.0004093635
5.608799e-05
-0.000297048
-0.0006099454
-0.0009481353
-0.001293665
-0.00167563
-0.002091143
-0.002379564
-0.002588726
-0.002738449
-0.002725685
-0.002623372
-0.002498283
-0.00241315
-0.002319365
-0.002139444
-0.001979042
-0.001835383
-0.001681147
-0.001589229
-0.00146248
-0.001228225
-0.0008472464
-0.0003326621
0.0002094751
0.00067861
0.001041257
0.001295267
0.001538113
0.001793349
0.002023954
0.002213893
0.00244819
0.002577479
0.002627618
0.002589347
0.002430583
0.002151732
0.001780759
0.001421651
0.001176501
0.0009978701
0.0009113692
0.0009032957
0.0008024333
0.0007023948
0.0006408267
0.0005164698
0.000517644
0.0007733203
0.001150496
0.001466214
0.001514727
0.001312709
0.001095457
0.001070482
0.001201456
0.001306218
0.0014011
0.001452174
0.001385757
0.001219298
0.001138488
0.001140345
0.001242692
0.001471373
0.001789376
0.002095741
0.00227685
0.002378121
0.002394722
0.0023005
0.00208169
0.001739665
0.001325634
0.0009648157
0.0008017512
0.0008247001
0.0009700137
0.001017725
0.0009162807
0.0007012555
0.0004982062
0.0001414476
-0.0002508983
-0.0005298975
-0.0007287826
-0.0008575457
-0.001043318
-0.00122415
-0.001502961
-0.001856879
-0.002023964
-0.001947471
-0.001739965
-0.001517666
-0.001392431
-0.00131918
-0.00127664
-0.001245634
-0.001189457
-0.001079779
-0.0009049964
-0.0006916153
-0.0005155411
-0.0004348805
-0.0003326783
-0.0001831753
-0.0001158762
-7.873652e-05
-4.754272e-05
-2.761436e-05
-1.912103e-05
-3.550847e-05
-8.948526e-05
-0.0001951493
-0.00034898
-0.0005238673
-0.0006431093
-0.0006094462
-0.0005457331
-0.0005537725
-0.0005296664
-0.0006268572
-0.0007088374
-0.0006152736
-0.0004482542
-0.0003115378
-0.0003363909
-0.0004497217
-0.0005667348
-0.000596567
-0.0006538158
-0.0008195465
-0.0009196929
-0.001007902
-0.001101593
-0.001159443
-0.001139158
-0.001005659
-0.0009371422
-0.0009050386
-0.0008723946
-0.0008482223
-0.00081299
-0.0007434307
-0.0006145638
-0.0004317406
-0.0002326295
-8.391485e-05
0.0001211478
0.0002199271
0.0002487728
0.0002351869
0.0001758247
9.235938e-05
2.610075e-05
2.769278e-05
0.0001316438
0.0001668411
0.0001589459
0.0001395523
0.0001076007
0.0001134117
0.0001842771
0.0001352416
9.367591e-06
-0.0001303933
-0.0002420854
-0.0004235236
-0.0005381152
-0.0006219335
-0.0007093149
-0.0007770184
-0.0008096723
-0.0007482388
-0.0005596838
-0.0004011073
-0.0002538903
-0.0001102205
-4.522057e-05
-0.0001137277
-0.0001682647
-5.32349e-05
0.0001722339
0.0004318783
0.000642352
0.000808957
0.0008841589
0.0008493048
0.0007920421
0.000697947
0.0006776806
0.0007076235
0.0007321502
0.0007144431
0.0006398609
0.0006210683
0.0006123142
0.0005944288
0.0005458836
0.0004498169
0.000296385
0.0001010042
-8.349007e-05
-0.0002042615
-0.0003187597
-0.0004483386
-0.0005879158
-0.0007056098
-0.0007855718
-0.0008754151
-0.0008792284
-0.0008344434
-0.0007873261
-0.0007721881
-0.0007975389
-0.0007529502
-0.0006762008
-0.0006017218
-0.0005729599
-0.0005935918
-0.0005775144
-0.0005909207
-0.0006360249
-0.0005922615
-0.0005033694
-0.0004122722
-0.0003299934
-0.0001989021
-8.299297e-05
3.552013e-05
5.532198e-05
-1.345731e-05
-0.0001530738
-0.000342712
-0.0005086199
-0.0005871776
-0.000616738
-0.0006195639
-0.0006073089
-0.0005954821
-0.000583277
-0.0005666247
-0.0005321603
-0.0004667376
-0.0003613178
-0.0002269802
-9.62359e-05
3.631877e-05
0.0001706465
0.000240187
0.0002538891
0.0002112639
0.0001042288
-5.592423e-05
-0.0002317752
-0.0003486036
-0.0003679671
-0.0003222735
-0.0002403186
-0.0001589406
-6.817656e-05
5.252593e-05
0.0001153557
9.331998e-05
3.920864e-05
5.158653e-06
5.407131e-05
0.0001922936
0.0003750557
0.0005506219
0.0006596079
0.0007174495
0.0006953077
0.0006467659
0.0006431092
0.0007482825
0.0009559461
0.001136514
0.001242757
0.001345238
0.001410274
0.001367953
0.001294291
0.001276289
0.001261562
0.001181829
0.001052893
0.0008916105
0.0007335636
0.0005933344
0.0004421699
0.0002835254
0.0001513989
5.571571e-05
-3.397865e-05
-0.0001190818
-0.000176017
-0.0001647462
-8.406813e-05
-3.683304e-06
4.839262e-05
9.57173e-05
0.0001450249
0.0001972577
0.0002460733
0.0002784143
0.0003415025
0.0004374595
0.0005043127
0.0005387554
0.0005630827
0.000578094
0.0005784926
0.0005561208
0.0005054482
0.00043065
0.0003479236
0.0002855435
0.000282371
0.0003153495
0.0003205468
0.0002993317
0.0002840377
0.0002451284
0.0001850082
0.0001062771
4.446613e-05
3.278077e-05
6.472262e-05
8.3939e-05
0.0001064774
0.0001606522
0.0002182245
0.0002561173
0.0002939523
0.0003177969
0.0003296902
0.0003660342
0.0003946206
0.0003992715
0.0003939915
0.0003850062
0.0003782265
0.0003829878
0.0004065869
0.0004527813
0.0005148382
0.0005712404
0.0005852154
0.0005574979
0.0005188304
0.0004971445
0.0004806964
0.0004758013
0.0004732311
0.0004694814
0.0004447609
0.0003982891
0.0003644369
0.0003321376
0.0002723871
0.0002106561
0.0001613457
0.0001191721
8.907961e-05
3.918982e-05
-3.769387e-05
-0.0001098902
-0.0001765833
-0.0002424033
-0.0002950474
-0.0003471237
-0.0003841974
-0.0003921281
-0.0003760645
-0.0003335241
-0.0002657726
-0.0001847407
-0.0001137248
-5.886387e-05
-5.898076e-05
-9.564985e-05
-0.000145332
-0.0002035242
-0.0002463063
-0.0002426827
-0.0002018958
-0.0001480248
-0.0001093529
-8.637044e-05
-7.307584e-05
-6.777986e-05
-6.572637e-05
-6.388824e-05
-5.972976e-05
-5.438701e-05
-5.067536e-05
-5.429954e-05
-7.21307e-05
-0.0001048054
-0.0001144218
-0.000120256
-0.0001188903
-9.694597e-05
-8.063823e-05
-7.125089e-05
-6.550442e-05
-6.405707e-05
-6.608339e-05
-7.068675e-05
-7.839917e-05
-8.767306e-05
-9.516224e-05
-9.535847e-05
-8.444004e-05
-8.831447e-05
-0.0001094689
-0.0001409084
-0.0001739508
-0.0001916797
-0.000196719
-0.0001926066
-0.0001809001
-0.0001653071
-0.0001510135
-0.0001457775
-0.0001552037
-0.0001594851
-0.0001557471
-0.000145966
-0.0001293568
-0.0001094727
-9.314821e-05
-8.854526e-05
-8.224722e-05
-5.900189e-05
-2.838781e-05
-7.335285e-06
3.234924e-06
2.200634e-06
5.50194e-06
1.343161e-05
2.005128e-05
2.108689e-05
2.629341e-05
3.037262e-05
3.82016e-05
4.223645e-05
4.31377e-05
2.947119e-05
1.088029e-06
-3.224271e-05
-5.807834e-05
-7.334269e-05
-8.784853e-05
-9.552145e-05
-0.0001002144
-0.000107296
-0.000118486
-0.0001326014
-0.0001438799
-0.0001440194
-0.0001356114
-0.0001231663
-0.0001122092
-0.0001079134
-0.0001023
-0.0001016289
-9.735444e-05
-9.441213e-05
-9.739153e-05
-9.505112e-05
-9.297318e-05
-9.346694e-05
-8.498898e-05
-6.975735e-05
-5.011228e-05
-2.982776e-05
-1.710555e-05
-1.028578e-05
1.188215e-07
1.019302e-05
1.560104e-05
2.229442e-05
3.26598e-05
4.715941e-05
6.33007e-05
7.586161e-05
8.481507e-05
8.730633e-05
8.610988e-05
8.332278e-05
7.954188e-05
7.588364e-05
7.235279e-05
6.893124e-05
6.47771e-05
5.978945e-05
5.358891e-05
4.651071e-05
3.901298e-05
3.21939e-05
2.323255e-05
1.553878e-05
7.636738e-06
-5.6261e-07
-7.027904e-06
-1.016181e-05
-1.157871e-05
-1.198562e-05
-1.167463e-05
-1.110861e-05
-1.066716e-05
-1.073308e-05
-1.167636e-05
-1.374688e-05
-1.696895e-05
-2.080675e-05
-2.40114e-05
-2.547261e-05
-2.638121e-05
-2.719925e-05
-2.803529e-05
-2.885696e-05
-2.906706e-05
-2.843889e-05
-2.809416e-05
-2.705508e-05
-2.587856e-05
-2.348925e-05
-2.091326e-05
-1.892037e-05
-1.682858e-05
-1.591509e-05
-1.539968e-05
-1.452831e-05
-1.330368e-05
-1.279211e-05
-1.234365e-05
-1.135466e-05
-9.950688e-06
-9.13892e-06
-8.527594e-06
-7.776023e-06
-6.765354e-06
-5.273248e-06
-3.340435e-06
-1.246971e-06
2.900448e-07
8.272092e-07
3.923237e-07
-5.502872e-07
-1.362766e-06
-1.925444e-06
-2.03919e-06
-1.872403e-06
-1.847529e-06
-1.76821e-06
-1.598707e-06
-1.346147e-06
-1.05239e-06
-7.848307e-07
-7.141412e-07
-1.065774e-06
-1.811117e-06
-2.499247e-06
-2.949023e-06
-3.233272e-06
-3.34541e-06
-3.247979e-06
-3.185327e-06
-3.454467e-06
-3.882022e-06
-4.185414e-06
-4.32168e-06
-4.304025e-06
-4.20097e-06
-4.037016e-06
-3.950575e-06
-3.929324e-06
-4.008748e-06
-4.135683e-06
-4.236048e-06
-4.367764e-06
-4.488993e-06
-4.536047e-06
-4.590292e-06
-4.651245e-06
-4.719183e-06
-4.833649e-06
-4.963207e-06
-5.085752e-06
-5.198719e-06
-5.289629e-06
-5.365882e-06
-5.440358e-06
-5.543414e-06
-5.675161e-06
-5.810743e-06
-5.928688e-06
-6.036357e-06
-6.139458e-06
-6.239497e-06
-6.338419e-06
-6.418776e-06
-6.475058e-06
-6.518545e-06
-6.550454e-06
-6.576401e-06
-6.599203e-06
-6.624127e-06
-6.644073e-06
-6.659922e-06
-6.673636e-06
-6.682069e-06
-6.683012e-06
-6.679501e-06
-6.671209e-06
-6.659295e-06
-6.642954e-06
-6.622564e-06
-6.597158e-06
-6.568661e-06
-6.537967e-06
-6.505329e-06
-6.469722e-06
-6.431226e-06
-6.389788e-06
-6.346014e-06
-6.29985e-06
-6.251637e-06
-6.201282e-06
-6.148869e-06
-6.094251e-06
-6.037528e-06
-5.978681e-06
-5.917792e-06
-5.854869e-06
-5.789968e-06
-5.723111e-06
-5.654331e-06
