0.000545894
0.0005440712
0.0005406801
0.0005379184
0.0005346007
0.0005316878
0.0005286479
0.0005289761
0.0005297406
0.0005315415
0.0005343549
0.000537043
0.000539937
0.0005445881
0.0005473866
0.0005502833
0.0005396259
0.0005295143
0.0005208896
0.0005241312
0.0005430048
0.0005571806
0.0005544917
0.0005329469
0.0005018943
0.0004590779
0.0004229468
0.0003796617
0.000341957
0.0003502641
0.0003897613
0.0004092347
0.0004450444
0.0004833246
0.0005086309
0.0005416936
0.0005486227
0.0006046815
0.0006674122
0.0007098308
0.0007981735
0.0009050592
0.0008803878
0.0007956162
0.0006296115
0.0005019724
0.0003205971
0.0002245721
0.0001077519
6.224714e-05
3.789857e-05
-2.046476e-06
-0.0001799477
-0.0004962539
-0.0008014908
-0.0009890033
-0.001007577
-0.0007187214
-0.0001642161
0.0006159094
0.001406816
0.002058529
0.002396477
0.002397462
0.001952046
0.001507016
0.001105452
0.000690687
0.0005520299
0.0005661615
0.0004351788
0.0001926479
-0.000163978
-0.0006140386
-0.001078868
-0.001452662
-0.001693934
-0.001179843
-0.0004175024
5.561662e-05
0.0001211816
7.491491e-05
0.0005846867
0.001614101
0.002883629
0.003918174
0.004459705
0.003719209
0.001908039
0.00054531
-0.0005998774
-0.001239643
-0.001255028
-0.001702295
-0.002826467
-0.003893348
-0.004862845
-0.004830519
-0.003684649
-0.002282402
-0.00116358
-0.0002554234
-5.871952e-05
-0.0008150226
-0.001084963
7.159033e-05
0.002216675
0.004470934
0.005781775
0.00515101
0.001884715
-0.001648237
-0.003836611
-0.004256843
-0.002140336
4.652659e-05
0.001124056
0.0008896314
-0.0004764234
-0.001668399
-0.002386452
-0.002405018
-0.0008840657
0.0008777969
0.002287784
0.003530571
0.004125909
0.004596332
0.005054935
0.00520086
0.004669926
0.003834717
0.002061646
-0.0009368205
-0.004342494
-0.007067826
-0.008560367
-0.009433279
-0.01106424
-0.01293301
-0.01343159
-0.0120898
-0.009344476
-0.005235058
-0.0004119679
0.003886014
0.006792228
0.008030599
0.008169563
0.007368709
0.007170574
0.00789057
0.00862413
0.009185608
0.008423809
0.005356796
0.0005227119
-0.004787566
-0.009762808
-0.01133248
-0.01058388
-0.007323803
-0.005157308
-0.003594562
-0.00295288
-0.003563051
-0.003658937
-0.001875689
0.0007873998
0.002069952
0.002069902
0.001403195
0.001127794
0.001593755
0.001895406
0.001493722
0.0006162837
0.0002337657
0.0008777693
0.001859798
0.00186293
-0.0001101271
-0.003322489
-0.007076369
-0.009027992
-0.008202919
-0.006113912
-0.005638681
-0.007657449
-0.01093267
-0.01307154
-0.01227168
-0.00877743
-0.003306833
0.001918917
0.005769999
0.007396141
0.007020939
0.005754849
0.00517121
0.004585842
0.004439391
0.004731747
0.003162077
0.000740918
-0.002484959
-0.005887254
-0.008320953
-0.008028139
-0.005959906
-0.00306443
-0.001809897
-0.0003359518
0.001341342
0.002154705
0.003008071
0.002847002
0.0009173296
-0.0006180189
-0.0007848394
0.0003208589
0.003340228
0.007374421
0.01052354
0.01278108
0.01294237
0.00994595
0.004338975
-0.004127554
-0.01451286
-0.02514274
-0.0324775
-0.03625904
-0.03485202
-0.02876828
-0.01890681
-0.007541375
0.004215468
0.010051
0.01097955
0.005369531
-7.287565e-05
-0.001811202
0.001313856
0.007096485
0.01164394
0.0146023
0.01493026
0.0120874
0.007308193
0.002493235
-0.001403032
-0.003466165
-0.004608203
-0.005437545
-0.005418723
-0.004037159
-0.0002336605
0.003520345
0.004316711
0.003483642
0.003162058
0.003799654
0.005139297
0.006901449
0.007046294
0.005259426
0.002164804
0.0001603935
0.0006292795
0.002610441
0.003561652
0.0009827395
-0.006062285
-0.01627578
-0.02683121
-0.0332807
-0.03169365
-0.02152534
-0.005006576
0.008864122
0.01657567
0.01945879
0.01956035
0.01827615
0.01615159
0.01368961
0.012429
0.01207333
0.01032644
0.007092839
0.004523538
0.004740836
0.005599998
0.005226907
0.003548937
0.0004218121
-0.004855468
-0.01215536
-0.02004764
-0.02608365
-0.02542571
-0.01548686
-0.002678224
0.008146171
0.01505642
0.01683675
0.0133951
0.007750197
0.001792224
-0.003916153
-0.008262425
-0.01023766
-0.007664358
-0.003143978
0.0004364842
0.002239085
-0.001014697
-0.009803761
-0.01860957
-0.02521009
-0.02559496
-0.01828172
-0.008666459
0.0007120978
0.009495405
0.01251031
0.008745738
0.002045027
-0.00354158
-0.006333778
-0.006153642
-0.002330986
0.003142337
0.007873812
0.01040766
0.008987827
0.004317094
-0.002039524
-0.009670495
-0.0177743
-0.02456535
-0.02671615
-0.02566702
-0.02324348
-0.01988123
-0.01522001
-0.01099135
-0.008626741
-0.008414841
-0.008901751
-0.01175846
-0.01477329
-0.01270396
-0.004761001
0.006247111
0.01796321
0.0261277
0.02901283
0.02922003
0.02960417
0.02824264
0.02308398
0.01442684
0.003445073
-0.00889831
-0.0197203
-0.02621169
-0.02941614
-0.02962738
-0.03063127
-0.03282647
-0.03144796
-0.02489051
-0.01822346
-0.01552602
-0.01572204
-0.01811384
-0.0213119
-0.0252329
-0.02987876
-0.03042244
-0.02205931
-0.004501414
0.01723314
0.03495258
0.04320362
0.03958515
0.02852998
0.0148817
0.004123363
-0.001432817
-0.0007825911
0.00216278
0.001177454
-0.00400969
-0.009505658
-0.01205907
-0.007649168
0.003251081
0.01469187
0.02372893
0.0259508
0.02137171
0.01584173
0.01352815
0.01109501
0.007902657
0.00188253
-0.008553977
-0.02111358
-0.03117695
-0.03575483
-0.03376121
-0.02554293
-0.01655192
-0.01026557
-0.00591854
-0.001791769
0.005164571
0.01528038
0.02553758
0.03149097
0.03078936
0.02317449
0.01422146
0.007767608
0.005357546
0.008765656
0.01552117
0.02403237
0.03333376
0.04148206
0.04509747
0.04066492
0.03159714
0.02841312
0.02909355
0.03096117
0.02930633
0.02366474
0.01962271
0.01740908
0.0152278
0.01574341
0.02168517
0.0310495
0.04169637
0.05317355
0.06130097
0.0652576
0.06617184
0.06840319
0.07226838
0.07442119
0.07389399
0.06931665
0.06376963
0.06331402
0.06668764
0.07092007
0.06726635
0.05391585
0.03850081
0.02817117
0.02450582
0.02730051
0.02790023
0.01818711
0.0006343252
-0.0185238
-0.03478145
-0.04876187
-0.05880973
-0.06295157
-0.06196138
-0.05470031
-0.04874949
-0.0446464
-0.04017897
-0.03586467
-0.03303776
-0.02949198
-0.02699269
-0.02575139
-0.02683904
-0.03213743
-0.03775019
-0.03754272
-0.03059812
-0.01982956
-0.01076255
-0.009968507
-0.02441137
-0.04536741
-0.06424714
-0.07777147
-0.08294632
-0.08043105
-0.07554908
-0.07083296
-0.06607502
-0.0575396
-0.04313503
-0.02322551
0.0002641115
0.02331734
0.03737231
0.04254471
0.04156397
0.03646145
0.03545106
0.04215075
0.0551087
0.06858392
0.0791783
0.08509284
0.08549895
0.08208036
0.07678349
0.0704305
0.06058796
0.05064566
0.04356661
0.04012001
0.04007144
0.0377184
0.02628549
0.003691174
-0.03224396
-0.08239084
-0.1303279
-0.1569686
-0.1569642
-0.1263944
-0.07741744
-0.02998998
0.01491527
0.04412166
0.05508528
0.0576666
0.05662258
0.05821522
0.06236913
0.06604068
0.06962351
0.07394518
0.07887966
0.08183704
0.07951865
0.0717805
0.06065935
0.04574374
0.02696529
0.00670273
-0.01115099
-0.02766976
-0.04105938
-0.04492757
-0.04225185
-0.04240655
-0.05253998
-0.07230516
-0.09421195
-0.1160854
-0.1318285
-0.1401698
-0.1443492
-0.1448149
-0.1416199
-0.1386236
-0.1393252
-0.140536
-0.1416152
-0.139957
-0.1351991
-0.1276576
-0.1159251
-0.09606969
-0.07196858
-0.04562156
-0.02011271
-0.001163646
0.02023965
0.0404115
0.0622165
0.08585297
0.1056296
0.1230894
0.1281261
0.1203212
0.1024703
0.08509103
0.0732478
0.07755674
0.09457567
0.11793
0.1480279
0.1760036
0.2054516
0.2415691
0.2654797
0.2854258
0.2856634
0.2862341
0.2880261
0.2854302
0.2767883
0.2536401
0.2218886
0.1753924
0.1129635
0.04155999
-0.001549656
-0.05397347
-0.09180435
-0.1232706
-0.1680333
-0.2046515
-0.2460875
-0.262
-0.260926
-0.2388741
-0.217761
-0.2072525
-0.2095663
-0.2222965
-0.2407787
-0.2561231
-0.2677198
-0.2691832
-0.2589011
-0.2370482
-0.2079409
-0.1663406
-0.120709
-0.06883294
-0.02747368
-0.0006973135
0.02297764
0.03248954
0.04350458
0.05286731
0.06462468
0.07974182
0.09608744
0.1078954
0.1039373
0.08389866
0.05458166
0.0245117
0.006233913
-0.006436324
-0.0212338
-0.036515
-0.05678574
-0.08108666
-0.1096508
-0.1400761
-0.1633542
-0.1813476
-0.192385
-0.1971161
-0.2003849
-0.2033028
-0.2098063
-0.2185716
-0.2264887
-0.2320826
-0.2328314
-0.2255798
-0.2101267
-0.1870238
-0.1557932
-0.1225078
-0.08859681
-0.06119647
-0.0450726
-0.03299428
-0.02553384
-0.02129337
-0.01578453
-0.007187721
0.00299999
0.01398697
0.02714814
0.04289454
0.06283142
0.09085556
0.127259
0.1661296
0.1922007
0.2169272
0.2457695
0.2751551
0.2886392
0.2851523
0.268512
0.240547
0.2088546
0.1887749
0.1799795
0.1810603
0.1917597
0.2046315
0.2148529
0.2169545
0.2066476
0.18642
0.1548954
0.1127341
0.06120241
0.01536797
-0.01647471
-0.04010234
-0.05143983
-0.05427942
-0.05060589
-0.044167
-0.03759926
-0.03116907
-0.02583138
-0.02143932
-0.01619166
-0.007391001
0.005910677
0.0259011
0.04725274
0.06516285
0.07983665
0.08784223
0.08984343
0.08700182
0.08125465
0.07403758
0.06649507
0.06017267
0.05474711
0.05119012
0.05119608
0.05457475
0.05976001
0.06575536
0.07434677
0.08521007
0.09884989
0.1174464
0.1396032
0.1638526
0.1863625
0.1979647
0.1967855
0.1834015
0.1634434
0.1419451
0.1190994
0.08799174
0.05282022
0.01598439
-0.01651926
-0.03559622
-0.04782137
-0.05418845
-0.05150622
-0.0444338
-0.03944743
-0.03840739
-0.04149077
-0.05019699
-0.06362731
-0.07883771
-0.09206223
-0.0999591
-0.1062325
-0.1100947
-0.1078246
-0.09891387
-0.08249966
-0.05840301
-0.03383797
-0.01102145
0.009312235
0.02409117
0.03649477
0.04585669
0.05396007
0.0630691
0.07249357
0.08226743
0.09187429
0.100538
0.1078623
0.114771
0.1228076
0.1306814
0.1364145
0.1369037
0.1304124
0.1179997
0.09709044
0.06401361
0.02457637
-0.01249396
-0.05224213
-0.08689803
-0.1184299
-0.1463925
-0.1664935
-0.1855167
-0.2016528
-0.2168489
-0.2311205
-0.2456986
-0.2614257
-0.2737969
-0.2820843
-0.2872229
-0.2896879
-0.2883404
-0.2823547
-0.2712293
-0.2522465
-0.2234343
-0.1889039
-0.156856
-0.1261504
-0.1006706
-0.07994979
-0.06213818
-0.04783995
-0.03503015
-0.0244642
-0.01626784
-0.01038636
-0.008343171
-0.008827497
-0.009662465
-0.01020522
-0.0106389
-0.007460685
-0.0004211071
0.009192831
0.02213995
0.03947502
0.05803756
0.07751411
0.09494419
0.1096308
0.1184115
0.1166807
0.102958
0.08325947
0.06077191
0.04289876
0.02767011
0.008075461
-0.0177448
-0.05609166
-0.09746605
-0.134522
-0.162212
-0.17589
-0.1865597
-0.1946096
-0.1967666
-0.1939814
-0.1877274
-0.1777856
-0.1632881
-0.1424163
-0.1150772
-0.08486706
-0.05126142
-0.02105585
0.004297145
0.02935454
0.05177105
0.07477843
0.09510784
0.1093863
0.1153816
0.1136886
0.109375
0.1064914
0.1042529
0.1049041
0.1109449
0.1205026
0.1317494
0.1450523
0.1556017
0.1579813
0.1495743
0.1347779
0.1169399
0.1008521
0.08587423
0.0734277
0.0635441
0.05242187
0.03909375
0.02013729
-0.003498866
-0.03418745
-0.06741653
-0.09724181
-0.1252862
-0.1449714
-0.1570416
-0.1637741
-0.1602015
-0.1475933
-0.1298419
-0.1091543
-0.08854402
-0.07274693
-0.05841315
-0.04601438
-0.03296893
-0.01687792
-0.002310815
0.01162828
0.0249983
0.03847686
0.05132241
0.06228844
0.07073688
0.07755683
0.08543361
0.09442737
0.1043793
0.1156564
0.1255007
0.1342051
0.143648
0.1557605
0.1685319
0.179092
0.1870304
0.1909498
0.190158
0.1860841
0.1818379
0.1783397
0.1757059
0.1732303
0.1689001
0.1632075
0.1560309
0.1450149
0.1300016
0.1123695
0.09431237
0.07673962
0.0636336
0.0570149
0.05818076
0.06552018
0.07237741
0.07789649
0.07978753
0.07509055
0.06582536
0.05650064
0.04746039
0.04078734
0.03812905
0.03809707
0.03663591
0.03276921
0.02553696
0.01613602
0.006615287
-0.002733901
-0.007861655
-0.008377066
-0.007371705
-0.008792633
-0.01455162
-0.02447441
-0.03752803
-0.05146675
-0.0637336
-0.0747714
-0.08319646
-0.09155307
-0.1010456
-0.1122033
-0.1268302
-0.1426529
-0.1599664
-0.1753127
-0.1883382
-0.2029524
-0.2120033
-0.2135686
-0.2020477
-0.1782782
-0.1465875
-0.1162224
-0.09687494
-0.08546747
-0.08620749
-0.09658378
-0.112662
-0.129537
-0.1463551
-0.1577593
-0.16692
-0.1698378
-0.1661176
-0.1581796
-0.148262
-0.1351123
-0.1184226
-0.09846468
-0.07774783
-0.05994806
-0.04012461
-0.02565973
-0.009588426
0.002911258
0.01436041
0.02765671
0.03832676
0.04699462
0.05225279
0.05557132
0.05884804
0.06216969
0.06398747
0.06697995
0.07262217
0.08428004
0.101638
0.1243239
0.1499616
0.1662798
0.1825039
0.1892469
0.1907055
0.1848336
0.1725361
0.1468607
0.1109971
0.06834069
0.02972326
0.01422737
0.0005319563
-0.004877784
-0.006836482
-0.01140415
-0.01990816
-0.0268657
-0.0302436
-0.03175022
-0.03337765
-0.03332435
-0.0366806
-0.04295585
-0.04932848
-0.05552984
-0.06001622
-0.05856333
-0.05414257
-0.05200097
-0.05518833
-0.06436571
-0.07538399
-0.08401147
-0.08574701
-0.0780925
-0.06785471
-0.06095621
-0.05761744
-0.05330728
-0.04698943
-0.0359578
-0.02078997
-0.003247096
0.01164547
0.02241872
0.0240618
0.02133827
0.01416381
0.0103598
0.00680315
0.007417253
0.01195279
0.01723519
0.01790879
0.01504686
0.00813265
-0.0007269638
-0.006473776
-0.01131805
-0.01223839
-0.008131004
-0.005084365
-0.0035316
-0.003221609
-0.007389462
-0.01538782
-0.02679525
-0.03625553
-0.04194601
-0.04434335
-0.04034677
-0.03325728
-0.02797767
-0.01711597
-0.00522688
0.008978414
0.02576244
0.04473701
0.06696327
0.08436306
0.09543594
0.09825104
0.09892884
0.09843823
0.09845493
0.1005899
0.1010932
0.1049172
0.1084402
0.1089679
0.1027243
0.08784309
0.06476911
0.03206825
-0.004357529
-0.03709593
-0.05473472
-0.07751837
-0.08687267
-0.09222364
-0.09553512
-0.09419534
-0.08985627
-0.08061146
-0.06471628
-0.04231452
-0.01764855
0.006964719
0.02030677
0.03534044
0.04726024
0.05579956
0.0619145
0.06728882
0.07093233
0.07192065
0.07149114
0.07230298
0.07256204
0.06945954
0.06179968
0.0504407
0.03480042
0.0216729
0.007946841
-0.001696449
-0.01298685
-0.01870912
-0.025304
-0.03115972
-0.03268611
-0.03462553
-0.03668052
-0.04087763
-0.04712858
-0.05500272
-0.06254734
-0.06997608
-0.07842401
-0.08236873
-0.08151943
-0.07370124
-0.06312626
-0.0509274
-0.04113915
-0.03004135
-0.02331078
-0.01455172
-0.005082878
0.000557051
0.01000927
0.01973949
0.02790692
0.03665764
0.0449234
0.05390859
0.06344874
0.07437609
0.08290917
0.08946085
0.09480874
0.09794045
0.09857207
0.0946081
0.08774429
0.07945758
0.06821255
0.05541751
0.03966898
0.02130743
0.006429078
-0.005240088
-0.01723404
-0.0266434
-0.03264379
-0.03609924
-0.03778973
-0.03868251
-0.03594238
-0.03131558
-0.02467108
-0.01635389
-0.006589062
0.00354591
0.01409963
0.02338936
0.0306494
0.03688564
0.04182462
0.04205541
0.03758457
0.02977418
0.0169449
-0.0007798704
-0.02213264
-0.04331068
-0.06129532
-0.07434091
-0.08252453
-0.08666302
-0.08432293
-0.07863499
-0.07228914
-0.06428558
-0.05676436
-0.05126959
-0.04717683
-0.04611732
-0.04615504
-0.04490852
-0.04395047
-0.04210623
-0.04037027
-0.04139296
-0.04347869
-0.04723718
-0.05128686
-0.05360761
-0.04962225
-0.03923248
-0.02785866
-0.01515722
-0.0001039482
0.01482326
0.03050841
0.04267411
0.0526268
0.06108669
0.06621812
0.06719126
0.06268333
0.0571706
0.05230649
0.04799369
0.04594867
0.0457621
0.04525139
0.04580689
0.04709259
0.04591984
0.04103452
0.03630916
0.03350935
0.03211917
0.03193904
0.03331992
0.03676114
0.03989492
0.04221348
0.04435867
0.04476798
0.04483042
0.04624935
0.04604363
0.04556174
0.0464185
0.04675778
0.04667987
0.04597052
0.04273621
0.03835788
0.03340424
0.02786499
0.02157239
0.01506574
0.00957382
0.004824513
0.000823911
-0.001869888
-0.004356113
-0.007416285
-0.01088937
-0.0145639
-0.01728759
-0.01862032
-0.02030973
-0.0225483
-0.02535143
-0.02949994
-0.03377673
-0.0373354
-0.04038604
-0.04315642
-0.04535512
-0.04729842
-0.05070402
-0.0551851
-0.06030634
-0.06461271
-0.06786279
-0.07089667
-0.07309389
-0.07290565
-0.06942798
-0.06409729
-0.05676279
-0.04721775
-0.03858287
-0.03202164
-0.02673617
-0.02212775
-0.01821153
-0.01424753
-0.01061042
-0.006361545
-0.001248158
0.002189638
0.003382441
0.003776419
0.003813043
0.004025133
0.002930692
0.0003869487
-0.001809284
-0.002828253
-0.002383108
-0.001167743
-0.0008868472
-0.0002193741
0.001150434
0.002400533
0.002954955
0.00397258
0.004817698
0.006783612
0.01050053
0.01444316
0.0179812
0.01977478
0.01987473
0.01810394
0.0143234
0.01202589
0.01296054
0.01467935
0.01504411
0.01504195
0.01580034
0.01632378
0.01513696
0.0113583
0.006657714
0.0002747908
-0.009528798
-0.02106816
-0.03155767
-0.03974464
-0.04454229
-0.04510425
-0.04341612
-0.04045151
-0.0381418
-0.03614614
-0.03411456
-0.03304816
-0.03387438
-0.03437468
-0.03479872
-0.03650855
-0.03978326
-0.04289005
-0.04404516
-0.04317116
-0.04054117
-0.03539591
-0.02857046
-0.01993095
-0.01091036
-0.002322743
0.007260763
0.01539842
0.02085262
0.02430754
0.02660582
0.02817868
0.0287427
0.02801322
0.02543015
0.02246745
0.02055616
0.01985644
0.02012801
0.02109627
0.02302311
0.02445916
0.02537322
0.0262969
0.02637028
0.02564776
0.02445901
0.02378873
0.02375125
0.02238168
0.01934526
0.01574699
0.01180135
0.008759965
0.007692274
0.00716711
0.006933744
0.007301279
0.007947421
0.007902604
0.007664155
0.008068387
0.008557925
0.008369198
0.009233892
0.01060055
0.0111866
0.01222121
0.01267056
0.01158337
0.0115989
0.0135598
0.01589589
0.01787683
0.01857484
0.01869093
0.019611
0.02005346
0.01937081
0.01837045
0.0187237
0.02056682
0.0225858
0.02462216
0.02602258
0.02673595
0.02635173
0.02444843
0.02167467
0.01904802
0.0174499
0.01752915
0.01857723
0.02075782
0.02347122
0.02422988
0.02302897
0.02381891
0.02727402
0.02739178
0.02681421
0.02698173
0.02591689
0.0227609
0.0198976
0.01826226
0.0173904
0.0162187
0.01486324
0.01346165
0.01090116
0.006395419
0.001930442
-0.001898009
-0.004929748
-0.00609922
-0.006276835
-0.007324621
-0.007701679
-0.007612535
-0.007823996
-0.008476989
-0.009634469
-0.009504772
-0.008676412
-0.007081222
-0.005201965
-0.003088139
-0.00144392
0.0004532436
0.0009995087
-3.769125e-05
-0.00506517
-0.01108439
-0.01708876
-0.02383525
-0.02834048
-0.03161736
-0.03389305
-0.03376917
-0.03414308
-0.03438334
-0.03192528
-0.02666986
-0.02081095
-0.01591932
-0.01254956
-0.01122912
-0.01154114
-0.01505899
-0.02154807
-0.02894583
-0.03791782
-0.04305406
-0.04514742
-0.04792982
-0.0486887
-0.0478679
-0.04586784
-0.04328383
-0.04096127
-0.03826435
-0.03501793
-0.03218819
-0.03107287
-0.02799328
-0.0239427
-0.01993706
-0.01790546
-0.01732179
-0.01847663
-0.01838802
-0.01710431
-0.01916906
-0.021213
-0.02160511
-0.01959716
-0.01569618
-0.01174449
-0.007197745
-0.004549796
-0.001103421
0.004406187
0.007696089
0.01064284
0.01453193
0.01616942
0.01634147
0.01621025
0.01616201
0.01474973
0.01142229
0.005471691
0.0004256866
-0.005125874
-0.008444217
-0.01126604
-0.01226602
-0.01160272
-0.0120476
-0.01257082
-0.01276874
-0.01279994
-0.01295513
-0.01280765
-0.01149991
-0.008874962
-0.007114495
-0.003605928
0.0006690639
0.003789784
0.006656706
0.0106438
0.01351123
0.01547813
0.01645154
0.02128944
0.02608098
0.03255729
0.04249354
0.0495498
0.05593442
0.0592874
0.06392859
0.06596068
0.06430977
0.05947113
0.05483397
0.04841124
0.03848168
0.02633993
0.01402667
0.004838883
-0.003349276
-0.01043188
-0.01664522
-0.02011128
-0.02022271
-0.02086788
-0.02148647
-0.02258978
-0.0240222
-0.02474589
-0.02512994
-0.02269344
-0.01809961
-0.01321704
-0.008248644
-0.002855059
0.003929572
0.01093446
0.01547174
0.01883074
0.01997415
0.01890328
0.01544292
0.01147964
0.008854725
0.006096625
0.002777167
0.001306256
0.001288292
0.001511802
0.001278041
0.0007812348
-0.0002761026
-0.001937065
-0.003162424
-0.00409082
-0.004868462
-0.005869514
-0.006797695
-0.006266515
-0.007272239
-0.007565472
-0.00714109
-0.005261756
-0.001752602
0.0009315188
0.002891325
0.003547668
0.00264848
0.001760577
0.0007125381
0.0004944144
0.001022051
0.00123737
0.00200875
0.003259709
0.003898856
0.004431407
0.005126734
0.003831415
0.001023087
-0.002110521
-0.004417171
-0.005282388
-0.004376521
-0.00353188
-0.004277973
-0.004560596
-0.004479404
-0.00548036
-0.008170246
-0.01129839
-0.01352609
-0.01495727
-0.01592684
-0.01716552
-0.01776213
-0.01787616
-0.01860647
-0.0187433
-0.01739841
-0.01675995
-0.01575514
-0.01496905
-0.01339682
-0.01024627
-0.008588988
-0.007678018
-0.005579841
-0.003206799
-0.002135659
-0.001448015
-0.00127158
-0.0006664088
0.001131395
0.0008223046
0.001407151
0.003227235
0.004807808
0.006945682
0.009660261
0.01231957
0.01591701
0.02061767
0.02434106
0.02594732
0.02533674
0.02464889
0.02431035
0.02299838
0.01913825
0.01537937
0.01218607
0.008423121
0.006374493
0.005761105
0.004430807
0.00348442
0.003464991
0.003815275
0.005504725
0.00787329
0.00874544
0.00968641
0.01100445
0.01223201
0.01385609
0.01637799
0.01948468
0.02155152
0.02253751
0.02370781
0.02610369
0.02635951
0.02576739
0.02598196
0.02646887
0.02652173
0.02526618
0.02266449
0.02055795
0.01994464
0.01968549
0.02014044
0.02109791
0.02237394
0.02257169
0.02197102
0.0218465
0.02192397
0.02254164
0.02429207
0.02614184
0.02582377
0.02488164
0.02323808
0.02140984
0.0187929
0.01633165
0.01421133
0.01102666
0.008346434
0.005413238
0.001446308
-0.001302328
-0.002024813
-0.00110824
1.783847e-05
0.002622651
0.006865108
0.01139626
0.01459866
0.01711899
0.01988176
0.02135119
0.01999824
0.01532206
0.01079459
0.006125012
0.0001593397
-0.004221478
-0.006961275
-0.008798879
-0.0108239
-0.01341923
-0.01693453
-0.02096024
-0.02543475
-0.02979424
-0.03355357
-0.03719082
-0.04111305
-0.04478433
-0.04921248
-0.05266312
-0.05420323
-0.05546402
-0.05804614
-0.05996404
-0.05983737
-0.05911896
-0.05882588
-0.0591962
-0.05928206
-0.05855339
-0.05830702
-0.05728099
-0.05570256
-0.05357417
-0.04966996
-0.04571154
-0.04273036
-0.03962163
-0.03762516
-0.03715269
-0.03625746
-0.03617644
-0.03815333
-0.04088637
-0.04290041
-0.04440625
-0.04698473
-0.04959153
-0.05037503
-0.04996499
-0.04994916
-0.05055294
-0.05101126
-0.0501149
-0.04689372
-0.04283732
-0.03939018
-0.03565014
-0.03254696
-0.02907373
-0.02430276
-0.01863183
-0.01288259
-0.008092067
-0.005173508
-0.004177124
-0.003453001
-0.002462251
-0.0009392105
0.0006506744
0.002012041
0.004076675
0.007121915
0.00961633
0.01268867
0.01619442
0.01919283
0.02134814
0.02358323
0.02554653
0.02831751
0.03049597
0.03150594
0.03230878
0.03215164
0.0323199
0.03302627
0.03353067
0.03295813
0.03375296
0.03443492
0.03546674
0.03657139
0.03799382
0.03765303
0.03839656
0.04172355
0.04492888
0.04795648
0.05086728
0.05179856
0.05212267
0.05155258
0.05054487
0.05012614
0.04854682
0.04394525
0.04069783
0.03963847
0.03775795
0.03637573
0.03518658
0.03356294
0.03088522
0.0273656
0.02574307
0.0244796
0.02457721
0.02528744
0.02715043
0.0299211
0.03200443
0.03339995
0.0347866
0.03479585
0.03488038
0.03448877
0.03222485
0.0289652
0.02546929
0.02226541
0.02169204
0.02181734
0.02046468
0.02101629
0.02279461
0.0244256
0.0267968
0.0290689
0.03229724
0.03356837
0.03521497
0.03597838
0.036389
0.03377724
0.03392321
0.03396111
0.03298131
0.0293371
0.02424629
0.01798405
0.01332751
0.007944629
0.005268603
0.003998179
0.003334025
0.003490715
0.003608855
0.004374938
0.004566584
0.006241476
0.007581604
0.008217428
0.00870344
0.009690668
0.008121191
0.005425044
0.003644701
0.003344339
0.00234828
-0.0004099615
-0.005697572
-0.01228103
-0.01853449
-0.02559215
-0.03409418
-0.04002473
-0.04443099
-0.04657346
-0.04723412
-0.04712136
-0.04771699
-0.04845188
-0.04859091
-0.04748931
-0.04458329
-0.04064212
-0.03644815
-0.03258238
-0.02923402
-0.02711251
-0.02626846
-0.02571881
-0.02698593
-0.02987521
-0.03283644
-0.03507859
-0.03831762
-0.03952948
-0.03969874
-0.04081877
-0.04235292
-0.04266851
-0.04293913
-0.04468063
-0.0462045
-0.04671657
-0.04654751
-0.04371551
-0.03891958
-0.03376278
-0.02889635
-0.02525339
-0.02287525
-0.02134808
-0.02062029
-0.01951638
-0.01844307
-0.01938875
-0.01923871
-0.01789033
-0.01651941
-0.01422209
-0.0123891
-0.01144334
-0.01063994
-0.01046289
-0.01031044
-0.008870957
-0.00658581
-0.004491142
-0.002998202
-0.001023299
0.002291456
0.004085916
0.00430389
0.004418473
0.005109387
0.005859103
0.004681417
0.002859633
0.001849804
0.001200777
0.000260226
-0.001470129
-0.00191612
-0.001385519
-0.001319237
-0.001497485
-0.002033991
-0.002966729
-0.003598925
-0.004314243
-0.004594376
-0.003993005
-0.002226358
0.0009838672
0.00470202
0.007987608
0.01078762
0.011305
0.00927235
0.007091969
0.005953886
0.006635468
0.006497744
0.005729253
0.006708614
0.008003772
0.009494564
0.009126109
0.009240686
0.01090527
0.01213681
0.01307039
0.01467393
0.014586
0.0143981
0.01435829
0.01259144
0.008810424
0.003888427
0.00227351
-0.0007803958
-0.004534835
-0.007429467
-0.00766656
-0.007259572
-0.008330099
-0.009743124
-0.009103695
-0.007225825
-0.00612246
-0.005532568
-0.003798862
-0.003773608
-0.002277408
-5.813081e-05
0.00249451
0.004974207
0.008083484
0.00879017
0.009483909
0.0103866
0.01155511
0.01504247
0.01823746
0.02182244
0.02515281
0.02482313
0.02228247
0.02231628
0.0224962
0.01929672
0.01562309
0.01555819
0.01563103
0.01472858
0.01194602
0.01014503
0.01102246
0.0104827
0.009242594
0.009538071
0.0106605
0.01238601
0.01335511
0.01375445
0.01426689
0.01487499
0.0137146
0.01226171
0.01147367
0.009625224
0.006393715
0.00469764
0.002024805
-0.0006997177
-0.002444481
-0.003393726
-0.003947199
-0.003389404
-0.001975362
-0.000394321
0.0002119213
0.001724873
0.002792452
0.004647907
0.005718156
0.006328253
0.008085011
0.009270738
0.009357272
0.008951726
0.009136008
0.009714895
0.01024959
0.009859167
0.009192261
0.009185993
0.008168851
0.006353797
0.005062047
0.004464834
0.004447914
0.003810257
0.001763727
0.0006694827
0.001859158
0.003314706
0.004310947
0.004209358
0.003704321
0.003426296
0.00303014
0.002693226
0.0007442506
-0.003622734
-0.008512556
-0.01309759
-0.0165635
-0.01896016
-0.02085031
-0.0214625
-0.02162089
-0.02364724
-0.02499898
-0.02477017
-0.02352042
-0.02276659
-0.02349018
-0.02332844
-0.02283261
-0.02235387
-0.02104239
-0.02008617
-0.01978181
-0.0185638
-0.01690357
-0.01605506
-0.01612876
-0.01595185
-0.01512189
-0.01454985
-0.01294702
-0.009423509
-0.005195714
-0.002166628
-0.0007578592
0.0008051795
0.002113364
0.003830959
0.003682296
0.003920348
0.006348625
0.009548844
0.01221403
0.01456479
0.01705983
0.01921645
0.02066762
0.021782
0.02121431
0.01909876
0.02025443
0.02257735
0.02317757
0.0229891
0.02436867
0.02670213
0.02914837
0.03017602
0.03037221
0.03036289
0.03121869
0.03233702
0.03154523
0.03024017
0.03058604
0.03163556
0.03244472
0.03163354
0.03092474
0.0316233
0.03050868
0.02860778
0.02536837
0.01960449
0.01167604
0.004827965
0.001607266
-0.0009954466
-0.003445687
-0.00504028
-0.005398272
-0.00734569
-0.009217869
-0.0104921
-0.01163827
-0.01229228
-0.01280216
-0.01380424
-0.01289683
-0.01164707
-0.01146775
-0.01014608
-0.009380521
-0.009072385
-0.007450291
-0.006643021
-0.006365986
-0.005134348
-0.005239311
-0.006298567
-0.009165255
-0.01265454
-0.01516629
-0.01983787
-0.02192316
-0.02341397
-0.02451187
-0.02536031
-0.02596738
-0.02600919
-0.02389275
-0.02201922
-0.01654166
-0.01201113
-0.01096697
-0.009161571
-0.007231979
-0.005765523
-0.007333008
-0.008453397
-0.01117305
-0.01357533
-0.01561114
-0.01430457
-0.01398658
-0.01466408
-0.01493326
-0.01496608
-0.01488787
-0.0150549
-0.01516409
-0.01449173
-0.0124312
-0.01030857
-0.009158818
-0.0101049
-0.009460989
-0.007912944
-0.008309358
-0.009285163
-0.01017871
-0.009628366
-0.00934996
-0.009520051
-0.009907485
-0.009971798
-0.009102425
-0.007214866
-0.005845519
-0.005118592
-0.004559889
-0.003416009
-0.0005997425
0.0005159443
0.00168759
0.003188299
0.00376797
0.002580832
0.000723477
-0.0002863369
-0.000676366
-0.000937669
-0.002056699
-0.001725158
-0.001398113
-0.001789911
-0.003384138
-0.00559942
-0.005463684
-0.005980864
-0.005928752
-0.005752863
-0.005300096
-0.004932411
-0.006101114
-0.005619998
-0.005754062
-0.003605277
-0.002244344
-0.002728749
-0.003709812
-0.002774247
-0.002921393
-0.002550727
-0.004046751
-0.004654189
-0.004191476
-0.002169362
-0.00249067
-0.005209032
-0.005386709
-0.003523861
-0.002958649
-0.004977693
-0.001017941
0.004180417
0.01008915
0.01411617
0.0161864
0.01849419
0.02182283
0.02428803
0.02411077
0.02249231
0.021506
0.02233254
0.01911513
0.0163683
0.01375837
0.009366193
0.007584861
0.004635364
0.003856293
0.003446156
0.003337468
0.003318738
0.003768585
0.004703296
0.004208377
0.004016252
0.004130065
0.004286577
0.004269606
0.004789361
0.00654343
0.008801534
0.01145273
0.01343465
0.01562642
0.01919634
0.02044813
0.02100792
0.0201699
0.02169161
0.02191755
0.02163724
0.02175429
0.02188175
0.02208546
0.0217119
0.02041525
0.01929929
0.02031731
0.01772703
0.01526776
0.01493997
0.01323197
0.009849562
0.006373283
0.004155907
0.004325651
0.003954597
0.003548506
0.002849326
0.001617881
0.001153573
0.0004552781
0.000216316
-0.0006787114
-0.001882994
-0.004221542
-0.00565326
-0.006693641
-0.007886929
-0.008564891
-0.009030576
-0.01071938
-0.01241416
-0.01302643
-0.01264163
-0.0124561
-0.01273533
-0.01297224
-0.01287749
-0.01235035
-0.01180217
-0.01197674
-0.01077509
-0.01046412
-0.008261343
-0.006407844
-0.005177186
-0.004647663
-0.006295625
-0.008845848
-0.009256144
-0.008873345
-0.009610292
-0.009925405
-0.01050125
-0.01084971
-0.00985134
-0.009842815
-0.00962519
-0.008000785
-0.006363412
-0.005179419
-0.004647693
-0.004857782
-0.004679502
-0.004382223
-0.005323039
-0.00776208
-0.009420415
-0.009601372
-0.009286299
-0.009812581
-0.01160669
-0.01273936
-0.01241904
-0.01213003
-0.0128577
-0.01391865
-0.01369842
-0.01265483
-0.01215912
-0.01026137
-0.006067828
-0.00178266
0.001530238
0.004501976
0.007430691
0.008558714
0.008159956
0.008305259
0.009237102
0.01025647
0.01035964
0.01062952
0.01206085
0.01307492
0.01282738
0.01294408
0.01410653
0.01537354
0.01675613
0.0170794
0.01760486
0.0194985
0.01990748
0.01935243
0.0195401
0.01998596
0.01948721
0.01704352
0.01364519
0.01111682
0.009221821
0.007901886
0.006815722
0.005027002
0.00263452
0.0002129235
-0.002356088
-0.004919187
-0.007384222
-0.01071511
-0.012251
-0.01200595
-0.01363791
-0.01734687
-0.02013413
-0.02187702
-0.02438866
-0.0260457
-0.02641761
-0.02594065
-0.02546187
-0.02531366
-0.02384651
-0.02256671
-0.02238868
-0.02204862
-0.02223154
-0.0226177
-0.02298035
-0.0225668
-0.02149611
-0.02049471
-0.01852389
-0.01589281
-0.01188744
-0.006008371
-0.0004146245
0.003251044
0.00697749
0.009122957
0.01031036
0.009852475
0.009294987
0.01094012
0.0121829
0.01148601
0.01028318
0.008807642
0.007093982
0.004436951
0.001574142
0.0002612982
-0.001670345
-0.003066549
-0.004242788
-0.004713728
-0.004476055
-0.004882241
-0.005721849
-0.005809708
-0.004541455
-0.00387325
-0.002259729
-0.0001765666
0.001666844
0.002830237
0.004830583
0.007068944
0.00779795
0.008222148
0.009099689
0.01081522
0.01131761
0.01078741
0.01091803
0.01135029
0.01100499
0.009061961
0.006482506
0.005807478
0.005707525
0.006045096
0.006735374
0.008552542
0.01136256
0.01451539
0.01633472
0.01788931
0.01809598
0.01985581
0.02147702
0.0218147
0.0217007
0.02220219
0.02278404
0.02250978
0.02231506
0.01945627
0.01622384
0.01389245
0.01184364
0.009938446
0.007993365
0.005979868
0.005120519
0.003493346
-3.936987e-05
-0.004959254
-0.008832427
-0.01220245
-0.01515088
-0.01777708
-0.02042418
-0.0214749
-0.02042715
-0.01914036
-0.01782046
-0.0170635
-0.01500305
-0.01401086
-0.01338353
-0.01228425
-0.01012889
-0.01021844
-0.009578137
-0.008369771
-0.005711213
-0.003555691
-9.556029e-05
0.00282916
0.003057629
0.004192126
0.005377424
0.005910698
0.006152721
0.004684081
0.004906812
0.006004004
0.007815374
0.009947525
0.01200785
0.01260178
0.01295392
0.01367366
0.01559589
0.01652688
0.01573416
0.01522285
0.01435974
0.01353388
0.01034138
0.007358509
0.003939499
-3.218747e-05
-0.001783216
-0.001888883
-0.00473623
-0.00637743
-0.007419347
-0.008114706
-0.008734984
-0.01024383
-0.01027739
-0.009534723
-0.01114742
-0.01132184
-0.01019035
-0.007479978
-0.004523744
-0.003374895
-0.002745328
-0.003361338
-0.003258806
-0.002819807
-0.002688196
-0.002615668
-0.002508501
-0.002424188
-0.002902578
-0.004519481
-0.005933093
-0.005126558
-0.004789068
-0.00473121
-0.004360449
-0.004500239
-0.005488582
-0.005058789
-0.004987337
-0.006171531
-0.007722062
-0.007912089
-0.007210679
-0.007486499
-0.008787645
-0.01008754
-0.009809502
-0.009297109
-0.01029814
-0.01026264
-0.01037252
-0.01094888
-0.01077548
-0.009929991
-0.01110788
-0.01214829
-0.01152123
-0.01123153
-0.01168657
-0.0129254
-0.01420639
-0.01493433
-0.0161673
-0.017417
-0.01765956
-0.0180776
-0.01839745
-0.01895163
-0.01872494
-0.01789488
-0.01696581
-0.01408656
-0.009577497
-0.00444767
0.0004338376
0.00468544
0.009235109
0.0136663
0.01646794
0.01817455
0.01883117
0.01896612
0.01973783
0.01972704
0.0194186
0.02014242
0.01984933
0.019155
0.01959244
0.01912556
0.01686361
0.01438699
0.01320428
0.01265866
0.0118892
0.01006282
0.009093379
0.009726074
0.0107558
0.01233099
0.01506878
0.01739811
0.01846069
0.01904406
0.01917593
0.01915851
0.01922221
0.01934644
0.02008222
0.02169078
0.02255002
0.02141618
0.01992149
0.02026521
0.01939964
0.01684087
0.01528296
0.01370862
0.01095101
0.009013433
0.009360275
0.009926079
0.009040985
0.007147027
0.006022718
0.006361368
0.00682921
0.006632642
0.005890423
0.004888458
0.004429116
0.003907844
0.003153458
0.001622044
1.251327e-05
-0.0006316252
-8.824936e-05
0.0006179908
0.0007986529
-0.0005716909
-0.001798688
-0.003833559
-0.005730245
-0.008400328
-0.01126156
-0.01319573
-0.01401982
-0.01464453
-0.01555145
-0.01720684
-0.01762714
-0.01634323
-0.01610661
-0.01588645
-0.01573867
-0.01733257
-0.018279
-0.01847231
-0.01993211
-0.02117798
-0.02131
-0.02126601
-0.02346146
-0.02401861
-0.02337431
-0.02126722
-0.0167552
-0.01361713
-0.009926841
-0.007505393
-0.007109908
-0.005628434
-0.004512717
-0.004806792
-0.005399728
-0.006230758
-0.006578629
-0.00826859
-0.009473487
-0.009135784
-0.008710221
-0.01084941
-0.01122739
-0.009622411
-0.009337587
-0.007625356
-0.004820606
-0.00164066
-0.00119212
-0.0003335682
0.0005258667
0.0004817691
0.0007175343
0.0001767912
-0.001879395
-0.004033694
-0.005459199
-0.004390685
-0.003914311
-0.003828059
-0.003779248
-0.00429762
-0.004366023
-0.006235492
-0.007472107
-0.007783383
-0.008093769
-0.008890664
-0.00890122
-0.008662503
-0.007762762
-0.006118896
-0.005233098
-0.004914355
-0.00423949
-0.002375771
-0.001181257
-0.000775693
-0.0001660305
0.001672714
0.002975428
0.003251924
0.002808192
0.002869588
0.00313662
0.003181701
0.003083326
0.003209975
0.004012242
0.005180938
0.005724033
0.005809631
0.004320007
0.003377029
0.004978899
0.00693343
0.005979868
0.005602911
0.006989196
0.008837131
0.00893527
0.00713129
0.005702432
0.005637828
0.005067434
0.003399717
0.002297657
0.001837559
0.0013062
0.0008353854
0.001078196
0.001132486
0.0009510445
0.0005681292
5.118242e-05
0.0004052071
0.001243865
0.001707996
0.003125198
0.004340209
0.004944705
0.006491739
0.007657763
0.008145445
0.008676383
0.009107507
0.009138298
0.01002411
0.01118785
0.01035886
0.00837822
0.007734934
0.006945308
0.006833892
0.007161752
0.006978564
0.006730493
0.006747623
0.007202575
0.007705262
0.007245539
0.006478011
0.006848342
0.007059435
0.006959294
0.006702667
0.006317189
0.005995889
0.004664198
0.002670659
0.002559613
0.002544048
0.001615553
-0.0001673869
-0.002850255
-0.003964597
-0.003876579
-0.004725448
-0.005302178
-0.004672423
-0.002909365
-0.0009478637
-6.540765e-05
0.001378245
0.002576088
0.003381609
0.006019349
0.008887177
0.01005031
0.01047679
0.01100577
0.01199908
0.01241445
0.0122881
0.01223385
0.01182655
0.01074654
0.00980174
0.008830327
0.006319716
0.003859816
0.002792483
0.001272628
-0.001225274
-0.002824076
-0.003265145
-0.0032319
-0.003740033
-0.004991721
-0.005389405
-0.005018185
-0.004380486
-0.003457525
-0.003443043
-0.004252689
-0.005117139
-0.005502486
-0.006055094
-0.006740477
-0.007443831
-0.007359023
-0.006718552
-0.00645556
-0.004645511
-0.003243406
-0.003691149
-0.0040179
-0.003421824
-0.002554096
-0.002563213
-0.002800172
-0.004484482
-0.006633817
-0.006052974
-0.004287887
-0.003776711
-0.003637263
-0.003556564
-0.003182923
-0.002227411
-0.002462792
-0.003645974
-0.003893576
-0.003520131
-0.002978361
-0.001677745
-0.0002987685
0.0005494903
0.001028034
0.001751127
0.001695837
0.001731922
0.001987224
0.002007341
0.001312995
-0.0002879977
-0.001183479
-0.0008503733
-0.0005541556
7.579534e-05
0.001341514
0.001521416
0.0008615381
0.001704731
0.001224695
0.0001927113
0.00111746
0.002222212
0.001429041
0.0008414558
0.002076228
0.001664759
-0.0001840455
-0.00155482
-0.002891909
-0.004721029
-0.006359547
-0.005959634
-0.005831681
-0.006123368
-0.005638792
-0.004211404
-0.003344576
-0.002929318
-0.001699583
-0.001476153
-0.002118043
-0.0005074311
0.001431917
0.002717041
0.003806036
0.004355826
0.004112227
0.004151117
0.00455868
0.004679508
0.003893836
0.002216084
0.001487173
0.001975794
0.002158075
0.0019534
0.001850957
0.001919077
0.001821232
0.001104504
7.852192e-05
0.0001543156
0.0006185338
0.001200897
0.001784066
0.001489005
0.001865258
0.003596056
0.005292867
0.006685947
0.008449935
0.009892388
0.009292439
0.009746769
0.01030205
0.009012386
0.009328929
0.009616441
0.009417911
0.009363282
0.00938088
0.009524888
0.009355078
0.007976373
0.00579918
0.005621842
0.004351836
0.004495704
0.006569892
0.006431685
0.005198656
0.006503089
0.006610316
0.006248702
0.005682935
0.004766124
0.004352168
0.002540041
0.001251908
0.001049795
0.0007897391
-0.001927212
-0.005427564
-0.007573918
-0.009271214
-0.01165404
-0.01589135
-0.0185052
-0.02097315
-0.02316192
-0.02387008
-0.02367013
-0.02287267
-0.02415415
-0.02435417
-0.02164513
-0.02071387
-0.01847004
-0.01752402
-0.01661561
-0.01506619
-0.01334483
-0.01121931
-0.009721336
-0.008833113
-0.007549821
-0.007981936
-0.008188124
-0.008003647
-0.007770004
-0.006773315
-0.005257073
-0.003764189
-0.001513478
0.001112778
0.001937703
0.001832608
0.002664274
0.00278033
0.0028602
0.002984275
0.002759826
0.00206058
0.001343449
0.001450661
0.0007682366
-7.087218e-05
0.0002418089
0.0004661302
0.000249034
-2.764883e-05
0.0001437335
0.00124274
0.002951525
0.004270017
0.005087311
0.005529796
0.006225351
0.007869638
0.008486187
0.008161602
0.007880265
0.007008142
0.005309267
0.004461506
0.004847486
0.00543666
0.0050435
0.005713894
0.0054665
0.005314174
0.005539588
0.005600439
0.005194963
0.004282271
0.004080971
0.005474325
0.006037974
0.0053773
0.00510349
0.005508652
0.00661484
0.007607907
0.007712268
0.006724399
0.004795924
0.003624506
0.003039506
0.002612345
0.001601138
0.0001652582
-0.0001183549
0.0002890052
0.0002745417
0.000100729
-1.224369e-06
-7.610805e-05
-0.0001153206
0.0001445877
0.0009693184
0.001814265
0.002332951
0.002632702
0.002364467
0.00235679
0.002452582
0.002510163
0.00254057
0.002605052
0.002656369
0.002303408
0.001201777
-5.98129e-05
-0.0008620709
-0.002182193
-0.003400344
-0.00328409
-0.002802541
-0.002665846
-0.003641348
-0.003490703
-0.002560069
-0.002349775
-0.00162797
-0.001292283
-0.002035312
-0.002656603
-0.00238483
-0.002185274
-0.004583395
-0.007189461
-0.007944947
-0.009402175
-0.01064285
-0.01099711
-0.01214755
-0.01338514
-0.01391449
-0.01507012
-0.01634506
-0.01647835
-0.01599908
-0.01495745
-0.0134832
-0.01392122
-0.01484349
-0.01312618
-0.01111773
-0.01148717
-0.01107201
-0.009402768
-0.008014587
-0.006234599
-0.003314277
-0.0004841276
0.000562848
-0.0001577204
0.0002986979
0.00143386
0.002300822
0.003436989
0.00559732
0.007320142
0.007747855
0.007551473
0.00751289
0.007878735
0.008077771
0.007653413
0.006725533
0.006064398
0.0050039
0.003935773
0.003492954
0.002861833
0.002691869
0.002746465
0.002129403
0.001487437
0.002292932
0.003684399
0.005169653
0.005879764
0.006737354
0.007823116
0.007848037
0.007609897
0.007648871
0.007869326
0.00843054
0.009304352
0.009486835
0.009678854
0.01044113
0.01045607
0.01034296
0.01160917
0.01360643
0.01323947
0.01101995
0.01000035
0.01060556
0.01126099
0.01100002
0.009701079
0.007851395
0.007662758
0.007910161
0.00695219
0.006107006
0.005539196
0.005325267
0.004486837
0.002548607
0.002187567
0.00290814
0.003123184
0.002866691
0.002039709
0.000681943
0.0002038205
0.0008503265
0.0004200706
-0.0001436078
-0.0001185195
-0.0003983722
-0.0007448437
-0.0005800313
-0.00161364
-0.003005834
-0.002917461
-0.002538558
-0.002569727
-0.002627016
-0.0026338
-0.003165308
-0.004631212
-0.006102641
-0.006853742
-0.007174201
-0.007842532
-0.008146397
-0.008004005
-0.008058066
-0.008163738
-0.008252964
-0.008262112
-0.008157252
-0.007954995
-0.008079194
-0.009176338
-0.01100772
-0.01118011
-0.01054163
-0.01068407
-0.01097931
-0.01050374
-0.009084682
-0.008112557
-0.008350991
-0.008151531
-0.006686417
-0.00545032
-0.005080947
-0.004130039
-0.002899294
-0.001890481
-0.000440311
-0.0001591627
-0.0001063428
0.001416674
0.002747555
0.002704039
0.002299259
0.001981921
0.001332588
0.0007716513
-0.0006913755
-0.00277906
-0.003904786
-0.005100359
-0.005406555
-0.005067477
-0.005368779
-0.005646671
-0.005101703
-0.003560782
-0.002587365
-0.002978581
-0.003355672
-0.002578334
-0.0009047489
0.0001230469
-0.0002091574
-0.0004388742
0.0001267612
0.0007368188
0.0001694461
-0.0001996906
-0.0005324262
-0.002135727
-0.003710212
-0.00389244
-0.005071148
-0.005690289
-0.00481508
-0.003855343
-0.003552825
-0.003161276
-0.002452356
-0.001111452
2.99499e-05
-0.0001214652
-0.0007906629
-0.001481731
-0.001981088
-0.003151518
-0.004551856
-0.004926894
-0.004546846
-0.005214612
-0.005232458
-0.003551845
-0.002468344
-0.002809142
-0.003304455
-0.003149732
-0.002367227
-0.001044959
-0.000238273
0.0004522392
0.003030571
0.006328695
0.008495407
0.009465294
0.009892096
0.01015148
0.01120698
0.01319953
0.01361482
0.01319793
0.01317493
0.01240371
0.01024762
0.008696817
0.007890384
0.0065946
0.004638828
0.002691577
0.002099772
0.002112025
0.002646237
0.003365842
0.005326874
0.007696205
0.008008035
0.007417035
0.007907413
0.00931806
0.01007948
0.0109337
0.01069143
0.009887331
0.008923319
0.008623631
0.008020133
0.008053833
0.008145627
0.00819219
0.008618213
0.008920197
0.007950691
0.007848979
0.00748587
0.006037449
0.005092887
0.004350777
0.002538201
0.00137644
-0.0008053298
-0.002019336
-0.002499444
-0.003442939
-0.005513981
-0.006644308
-0.008229631
-0.008787096
-0.009453994
-0.009390402
-0.008716465
-0.008157688
-0.008323461
-0.007440328
-0.004784108
-0.003284036
-0.001736227
-1.07057e-05
0.0002195628
0.0002482318
-0.0006292219
-0.0004899281
-2.14086e-05
-2.2722e-05
-0.0001097381
-0.0002218278
-0.0002332527
-0.0001449636
0.0002682539
0.0007660084
0.0009422735
0.00274903
0.002737793
0.002162275
0.002332461
0.002608151
0.002688487
0.001952193
0.0005486023
-0.0002780327
-0.001112039
-0.003535705
-0.004869719
-0.005454984
-0.00589539
-0.006663799
-0.006092812
-0.0051856
-0.005631205
-0.005364888
-0.003250431
-0.0005342361
0.002227008
0.005372145
0.005861577
0.006865815
0.007976809
0.007563519
0.006914289
0.006196159
0.006672047
0.006103491
0.004888152
0.005218493
0.005680569
0.00614104
0.006209964
0.004779114
0.005224757
0.005643363
0.004767552
0.002788756
0.001334447
0.0004169895
2.308522e-05
-0.0003344861
-0.002209039
-0.003705219
-0.004947061
-0.006395335
-0.007682836
-0.008262606
-0.007992759
-0.007952862
-0.007255145
-0.005690979
-0.005325466
-0.005510781
-0.004046806
-0.002383647
-0.00257675
-0.001233215
0.0004659213
-0.0001602595
-0.0003788075
-0.0004234912
-0.001083489
-0.001669355
-0.00128533
-0.001543277
-0.002314757
-0.002017125
-0.0001029331
0.0006200035
0.0005830065
0.001266837
0.00178844
0.003099702
0.00451542
0.005749188
0.005084613
0.005096574
0.005955077
0.006267874
0.005745079
0.005924109
0.005177508
0.005414308
0.005357309
0.004213377
0.003018331
0.003324957
0.003554102
0.002441972
0.002525241
0.002984605
0.003844851
0.004627516
0.005106435
0.005185064
0.004218286
0.003400369
0.002416334
0.000477681
-0.0007186433
-0.001736912
-0.003423956
-0.004813344
-0.005519773
-0.004596393
-0.004068591
-0.004859446
-0.0057657
-0.005458
-0.005278332
-0.005480811
-0.005252242
-0.003974728
-0.001933586
-0.0003177257
0.0003188739
0.0008825972
0.002959431
0.005052434
0.006053653
0.006467393
0.007240145
0.007676538
0.006407479
0.004286707
0.00289447
0.002438373
0.0006253452
-0.002243134
-0.002649356
-0.002804678
-0.004701521
-0.00548786
-0.005499055
-0.005863423
-0.005175781
-0.004873447
-0.005379299
-0.005543127
-0.004862784
-0.003330229
-0.002253522
-0.00252159
-0.002892072
-0.002712799
-0.002378533
-0.002359654
-0.002986016
-0.004057709
-0.004093349
-0.003218702
-0.002360494
-0.002348154
-0.002183711
-0.001207319
-0.001019629
-0.00183093
-0.002667758
-0.002533517
-0.002115162
-0.002719061
-0.004226092
-0.005218002
-0.005096351
-0.005701503
-0.007451706
-0.00808317
-0.008807245
-0.01073029
-0.01060158
-0.01021693
-0.0102821
-0.009972144
-0.009234926
-0.008883858
-0.007418669
-0.005163051
-0.002757739
-0.001831947
-0.002073771
-0.0025884
-0.001431908
-0.000828477
-0.0004691783
-0.0002140378
-0.001447331
-0.001883415
-0.00180137
-0.001399615
-0.002911555
-0.004124189
-0.00412613
-0.004995556
-0.006272222
-0.008042337
-0.007716117
-0.007390701
-0.008137165
-0.00886345
-0.008308481
-0.008462099
-0.007730885
-0.007847437
-0.008006532
-0.006710694
-0.004687864
-0.004441433
-0.003959831
-0.003253544
-0.002411076
-0.002421635
-0.002606477
-0.002436357
-0.002334955
-0.002382323
-0.002622302
-0.002485346
-0.001194045
0.001141551
0.001905174
0.002848117
0.005373665
0.005794066
0.005972449
0.007894966
0.008780769
0.008176921
0.008067971
0.008404141
0.008673035
0.008538806
0.007574244
0.006414401
0.007084838
0.008192993
0.009066048
0.008470382
0.008161804
0.008300529
0.008325467
0.008534441
0.009215584
0.01014699
0.009821468
0.01015942
0.01072044
0.01024194
0.01151994
0.01077851
0.009296188
0.008987326
0.00847327
0.008826685
0.008881328
0.007792433
0.005931064
0.005522814
0.006107205
0.006284571
0.005798901
0.004922809
0.004557313
0.006101048
0.006161429
0.005813352
0.005732129
0.005119685
0.003820541
0.002832062
0.001873948
0.0002066299
0.0004381454
0.0006515895
-5.865153e-05
-0.0004527064
0.0004657773
-1.22789e-05
-0.001233723
-0.001165153
-0.001357508
-0.002083528
-0.002263571
-0.003413643
-0.005380433
-0.004925742
-0.004403322
-0.005261379
-0.007051347
-0.00805667
-0.008357839
-0.008973972
-0.008244127
-0.007180511
-0.007681244
-0.008024073
-0.00717579
-0.005482505
-0.004839574
-0.005084108
-0.004150968
-0.00256551
-0.003050499
-0.002477361
-0.002286198
-0.002447667
-0.002296656
-0.002079836
-0.002098155
-0.00296516
-0.004492094
-0.004664435
-0.003249615
-0.003090974
-0.002973599
-0.002280916
-0.002442665
-0.001992066
-0.0002515482
0.001356041
0.002532741
0.003122373
0.002787677
0.002750187
0.003110001
0.003399608
0.003143212
0.001948172
0.0006154702
0.001394526
0.0007897452
-0.0001225615
-0.001001292
-0.0009848091
-0.0005973439
-3.087634e-05
0.0007327288
0.0003122615
6.664845e-05
0.0009645961
0.002747884
0.003515336
0.003010618
0.002800154
0.003006149
0.003178077
0.003196247
0.003157305
0.003198821
0.00331991
0.003244108
0.002537935
0.001439521
0.001528832
0.002021426
0.002775997
0.003543048
0.002509671
0.001112455
0.001520428
0.002631243
0.003583987
0.003296259
0.002857829
0.002891448
0.003151788
0.003222136
0.002647879
0.001547622
0.0009884939
0.0003476632
0.0006472755
0.0008315386
-0.0001062103
-0.001825279
-0.002545376
-0.001876169
-0.001678171
-0.002673299
-0.00450394
-0.005262518
-0.004752912
-0.004550516
-0.004757426
-0.004868423
-0.004814437
-0.004899149
-0.005570177
-0.006526632
-0.006324778
-0.006159935
-0.006632458
-0.007026655
-0.00675526
-0.008267524
-0.009374722
-0.008861721
-0.008731746
-0.009369671
-0.00998342
-0.009410254
-0.009665773
-0.009162152
-0.008892111
-0.009137557
-0.00860909
-0.007555007
-0.007400613
-0.007860857
-0.007931567
-0.007359975
-0.005926699
-0.004376027
-0.003038682
-0.001670574
-0.0006432076
-5.144618e-05
6.307234e-05
0.0009498482
0.003022416
0.003905206
0.004150295
0.004308312
0.004687916
0.005603948
0.0058624
0.006108223
0.007171766
0.007778573
0.007848439
0.007502312
0.008154543
0.009208358
0.00990141
0.009892001
0.009751096
0.01029706
0.01076481
0.009946171
0.00953303
0.0103489
0.01139369
0.01158788
0.01123995
0.01063766
0.009306103
0.008333317
0.008565524
0.008902188
0.008735552
0.00851108
0.00848542
0.008652061
0.008702587
0.008096896
0.006665424
0.005744085
0.006003853
0.005779725
0.004239945
0.003048893
0.003120498
0.003050412
0.002548417
0.00270565
0.002150324
0.001592637
0.00146325
0.001135204
0.00133993
0.0008112847
0.000316365
0.0004963858
0.0007017024
0.001081189
0.001360755
0.0006904323
0.0007002463
0.001454676
0.001347186
0.001840417
0.002144813
0.001377838
0.0004726637
0.0005359798
0.0009120462
0.0004372457
-0.0007103186
-0.001424468
-0.001940987
-0.002010328
-0.001824013
-0.001980888
-0.002106254
-0.001752249
-0.0008216781
-0.0001124029
0.0006582377
0.0008252007
6.468983e-05
-0.001358456
-0.002676988
-0.003393702
-0.003785834
-0.004562827
-0.004741595
-0.004207788
-0.003939844
-0.004361626
-0.003364624
-0.001546382
-0.0006973858
-0.0004644953
0.0002986267
0.0009899762
0.001069277
0.0003352386
0.0006331821
0.002072195
0.00218034
0.001169029
0.0003741145
0.0009069194
0.001646663
0.0007181671
7.056242e-05
0.000878452
0.002459869
0.00341771
0.003143949
0.002930138
0.003110933
0.002722161
0.001335292
0.0002967811
0.0005327264
0.0007877135
0.0002763537
-0.0003494636
-0.0001665508
-0.0005645107
-0.0008920852
-0.0007435611
-0.001188367
-0.002049983
-0.002212971
-0.002376254
-0.003373681
-0.004085204
-0.004652886
-0.004873794
-0.0050802
-0.005546305
-0.00532708
-0.005930647
-0.006826852
-0.007317825
-0.007424993
-0.007664708
-0.009103919
-0.01039759
-0.01030742
-0.009832449
-0.00988321
-0.01040104
-0.01134296
-0.01213144
-0.012578
-0.01286083
-0.01259856
-0.0126246
-0.01287957
-0.01299451
-0.01261465
-0.01145644
-0.01029312
-0.009847588
-0.009011944
-0.007715187
-0.007465482
-0.007529416
-0.00701959
-0.006803456
-0.006285968
-0.005166953
-0.005597339
-0.005633129
-0.004039162
-0.002505937
-0.001891632
-0.002187061
-0.0009931049
0.000565616
0.0007173936
0.0003528232
0.0004112961
0.0003072737
-0.000450483
-0.00127028
-0.001844004
-0.002200911
-0.001926508
-0.001893296
-0.002025538
-0.002118805
-0.002258634
-0.002302491
-0.001825897
-0.0005158854
0.0006172127
0.0004940835
0.0004472101
0.001843318
0.00336782
0.003374327
0.002692399
0.002778914
0.003811101
0.005626066
0.006445469
0.005625943
0.00543927
0.005753649
0.005995323
0.006011758
0.005593538
0.004813981
0.004430758
0.004395842
0.003552421
0.002961626
0.003245544
0.003392868
0.003621918
0.003996497
0.003825869
0.003937557
0.005095829
0.005773063
0.00601045
0.005707304
0.005676136
0.005843919
0.005908873
0.00592184
0.005892778
0.005890571
0.005885988
0.005895133
0.005891388
0.005898052
0.00589589
0.005896233
0.005878221
0.005874418
0.005906533
0.005981982
0.005939341
0.005494182
0.004646806
0.004169021
0.003424626
0.00221844
0.0006430027
0.0004392665
0.0009940341
0.0008955596
0.0006430406
0.0005724053
0.0006428855
0.0005870603
0.0001622915
-0.000364125
-4.941331e-05
7.782839e-05
0.0006248798
0.0009019014
0.0005039678
0.0004536404
0.001040632
0.002137886
0.00274692
0.003142779
0.003209464
0.003565749
0.004980822
0.006136847
0.006520392
0.007528166
0.008716234
0.009297306
0.01000834
0.009836032
0.008687905
0.007713321
0.00607571
0.004401491
0.002326175
-0.0006750548
-0.001818468
-0.001810183
-0.003153189
-0.004188853
-0.003214254
-0.002254379
-0.001824191
-0.001977559
-0.002082309
-0.001516619
-0.00106997
-0.001573291
-0.0001613008
0.001506404
0.002887103
0.004729073
0.00620474
0.005810588
0.005619487
0.005969159
0.005598525
0.004147251
0.002706287
0.001420353
-0.0003360858
-0.001997309
-0.002320432
-0.003667892
-0.004804135
-0.004512458
-0.004338718
-0.004511356
-0.004651626
-0.004796306
-0.004907389
-0.00476448
-0.004039188
-0.00269626
-0.001936604
-0.001107509
0.001249848
0.002892873
0.004562174
0.006176483
0.005816674
0.005571545
0.0058087
0.006226686
0.006863364
0.007262352
0.006468086
0.007038561
0.005968613
0.005381563
0.004043683
0.00273282
0.001453319
-0.0006682827
-0.003135632
-0.004049878
-0.004292506
-0.003856432
-0.003968702
-0.004606333
-0.005289794
-0.005440508
-0.003827191
-0.004042892
-0.004406168
-0.004646913
-0.005239018
-0.005405181
-0.003861692
-0.004076101
-0.004385541
-0.004434026
-0.005128502
-0.006248975
-0.006352899
-0.006455941
-0.006410185
-0.006909194
-0.005132328
-0.003598513
-0.004701767
-0.004726482
-0.00326428
-0.001800397
-0.002415179
-0.003936624
-0.004023199
-0.003788662
-0.003520705
-0.004495678
-0.004420924
-0.004471403
-0.005359985
-0.006344518
-0.006512259
-0.006323474
-0.005726186
-0.006377869
-0.005790962
-0.004005984
-0.004687278
-0.004710883
-0.003690845
-0.003182819
-0.004411159
-0.005200173
-0.00467566
-0.004513645
-0.004618413
-0.004659498
-0.004611256
-0.004605203
-0.004804049
-0.004928161
-0.004525815
-0.003228815
-0.001708722
-0.000916894
-0.0004563309
0.0005284256
0.001426401
0.0007743125
0.0004324468
0.001811799
0.002442861
0.001594557
0.0006041421
0.0004174862
0.0008992573
0.0005838331
-0.0005343015
-0.001133824
-0.0007336589
-0.00017457
0.0005661972
0.0008242818
0.0004195299
0.0008098841
0.001802449
0.002227617
0.002415507
0.003250221
0.00338731
0.003068341
0.003607861
0.005197596
0.006274274
0.006023514
0.005700579
0.005900488
0.006137093
0.006225017
0.006182408
0.006174466
0.006170494
0.006199831
0.006341704
0.006396111
0.005808228
0.004359769
0.003326194
0.003576207
0.004018407
0.003818104
0.003084794
0.00216674
0.002173423
0.002441012
0.001882621
0.0008815031
0.0007103409
0.001039439
0.001064067
0.0009895822
0.0009626549
0.001073912
0.001115644
0.0005340122
-0.0009008197
-0.00189357
-0.001848032
-0.001988958
-0.002280874
-0.001497663
-0.002249697
-0.003616349
-0.003200497
-0.002278251
-0.002085469
-0.003378433
-0.00323761
-0.00241009
-0.002812932
-0.004983075
-0.004898183
-0.004145438
-0.004314349
-0.005119174
-0.006165555
-0.006049188
-0.006393476
-0.007353244
-0.007294579
-0.007098274
-0.007295149
-0.007386804
-0.006922355
-0.005782582
-0.005281168
-0.004598231
-0.004748903
-0.005050831
-0.004823606
-0.004053219
-0.002723812
-0.001914297
-0.001002618
0.001447295
0.002699926
0.00306712
0.003786489
0.00569025
0.006495336
0.00584429
0.005749696
0.00606343
0.006370761
0.006366531
0.005489025
0.003793256
0.003245944
0.003047283
0.001404274
0.000731554
0.001211439
0.0004754847
-0.0006718738
-0.0002045039
-0.0001147573
-0.0009821425
-0.002053188
-0.001499428
-0.001345648
-0.001716535
-0.001753202
-0.0007835765
0.001130553
0.00164265
0.0008361031
0.0007425256
0.001230752
0.001895588
0.002202021
0.001800284
0.003688369
0.003758201
0.002052797
0.00248874
0.002963968
0.003046262
0.002774437
0.001930821
0.001058006
0.001692527
0.001729138
0.0005152391
-0.001111954
-0.001500774
-0.0008654514
-0.0007370072
-0.0008604828
-0.001002212
-0.001303894
-0.001971827
-0.002516862
-0.002278771
-0.002990174
-0.003984858
-0.002752937
-0.001637757
-0.002279023
-0.002364008
-0.001700135
-0.001116105
-0.002000053
-0.001461576
-0.001727571
-0.0005641438
-0.0007024509
-0.001100586
-0.0009197905
-0.0001847276
0.001066592
0.001293124
0.002054003
0.002876946
0.004380799
0.004776146
0.004265821
0.004269623
0.004502424
0.004637264
0.004674932
0.004664344
0.004696339
0.004368475
0.003658235
0.003040937
0.00317555
0.002518018
0.001727242
0.002062432
0.002080929
0.001811072
0.001972578
0.003088098
0.004634356
0.00482705
0.004148686
0.004454528
0.005602939
0.006190624
0.004833517
0.003819496
0.004446995
0.005027533
0.005434174
0.005170536
0.004028663
0.00410908
0.00365082
0.002700743
0.002266798
0.00166478
0.001642366
0.0007690565
-7.43257e-05
0.0004723311
0.001009912
0.0008859951
-0.0005950025
-0.001823013
-0.001087979
-0.0007403637
-0.0008924664
-0.001143318
-0.001587134
-0.001998953
-0.001595079
-0.001186527
-0.001937284
-0.001770321
-0.001378377
-0.002119739
-0.001810716
-0.0009107466
-0.001103799
-0.001323808
-0.001671864
-0.002435296
-0.002818124
-0.002862655
-0.003716322
-0.004290869
-0.003938937
-0.003830453
-0.003958329
-0.004168332
-0.004226674
-0.003743088
-0.002831897
-0.002503643
-0.002902912
-0.002587442
-0.001642325
-0.001245388
-0.001489988
-0.00102942
-8.841921e-05
-0.0002454687
-0.001363344
-0.001207124
0.000185275
2.763107e-06
-0.001486412
-0.001699207
-0.001065116
-0.000844361
-0.001165751
-0.002221051
-0.003514711
-0.003371139
-0.003624279
-0.004051117
-0.003291429
-0.001965159
-0.001545106
-0.002266485
-0.001706849
-0.0006190072
4.617128e-05
0.000172525
0.0005609772
0.00147977
0.001130966
-6.118244e-05
8.989511e-05
0.0009958119
0.0009184935
-0.0009526536
-0.001597404
-0.000921222
-0.0007670262
-0.0009494158
-0.001088587
-0.001116411
-0.00108908
-0.001075562
-0.001081674
-0.001086628
-0.001048746
-0.0009862942
-0.0009802245
-0.001005977
-0.0009894168
-0.000973893
-0.001003235
-0.001088301
-0.00105989
-0.0006065636
0.0002906554
0.0008004609
0.00140431
0.002171716
0.003443987
0.004398797
0.004110751
0.004027338
0.005373833
0.007468421
0.007420404
0.006771719
0.006335206
0.005535207
0.005207737
0.005068694
0.005392736
0.004583777
0.004252594
0.004545899
0.004579638
0.004509389
0.004461364
0.00445777
0.004455008
0.004454358
0.004494248
0.004596729
0.004638787
0.004536153
0.00400761
0.002942429
0.002548446
0.00197768
0.001895347
0.001641927
0.001137172
0.00151482
0.0005100391
0.0002379501
0.0006314028
0.001318868
0.002262542
0.001994256
0.001698376
0.001782196
0.001923641
0.001971419
0.001965596
0.001958429
0.002005393
0.002051745
0.002200939
0.002176549
0.001395272
-0.0002086429
-0.00090161
-0.0005927594
-0.0008916532
-0.001434142
-0.0009573548
-0.001928187
-0.002751868
-0.003431428
-0.003295255
-0.003079882
-0.003128173
-0.00323909
-0.003340504
-0.003318472
-0.003245131
-0.003145432
-0.00327283
-0.003915432
-0.004820612
-0.004714642
-0.005060698
-0.0060517
-0.005960032
-0.005728157
-0.005666337
-0.005686639
-0.006527421
-0.008198719
-0.008913958
-0.008415857
-0.008219139
-0.00841711
-0.008570048
-0.008613263
-0.00865052
-0.008722711
-0.008591718
-0.007931856
-0.007044566
-0.007317397
-0.007509769
-0.00664428
-0.005534307
-0.00579903
-0.006198789
-0.00609823
-0.005208626
-0.003609967
-0.00336412
-0.004260192
-0.003488858
-0.00300493
-0.002568576
-0.001691385
-0.001706218
-0.001447297
-0.0009552655
-0.001335502
-0.0004200666
-0.0002667621
-0.0005241492
-0.0004007723
-0.0003573651
-0.001019883
-0.002153407
-0.001992671
-0.001417606
-0.000793675
-0.0007354627
-0.002644104
-0.003666668
-0.003068334
-0.002748736
-0.002887684
-0.003062342
-0.003103691
-0.003134016
-0.003188792
-0.003088452
-0.002392715
-0.0009755369
-0.0002220305
4.163576e-06
0.001328236
0.002504535
0.003358865
0.00455376
0.004002858
0.004642645
0.005148988
0.005551009
0.005893686
0.004804357
0.004751983
0.005070989
0.00511581
0.005112162
0.005166731
0.005032571
0.004321291
0.003332491
0.003616273
0.003997981
0.00375854
0.002970799
0.002313572
0.003156297
0.00379425
0.005278185
0.003948886
0.001919203
0.00282675
0.002931062
0.00323479
0.002955859
0.003622419
0.003217561
0.002480557
0.002993301
0.0022516
0.002138696
0.002358789
0.002293755
0.002220777
0.002262558
0.002452197
0.002373594
0.001461915
-0.0001104334
-0.0001393876
0.001357179
0.001394187
0.0006455583
-1.704881e-06
2.668091e-07
0.001870308
0.002125018
-5.750967e-05
-0.0007379523
0.0005641618
0.001194793
0.002091314
0.0001935307
-0.00121379
-0.0006575292
-0.0001788127
-0.0001433469
-0.0003935823
-0.0006220827
-0.0007595083
-0.0006442856
0.0001934374
0.001815514
0.002606756
0.002132109
0.001849997
0.001978033
0.002274857
0.002968302
0.003784047
0.00352009
0.00342557
0.004141934
0.004634508
0.003484325
0.00268297
0.002049451
0.002222965
0.002580568
0.002424351
0.001771109
0.0006073175
5.308491e-06
-0.0007441736
-0.0003087817
-0.0002459221
-0.0004519006
-0.0003938966
-0.0001900151
-0.0005025733
-0.002128324
-0.004123182
-0.003036614
-0.002470102
-0.003009899
-0.004041054
-0.004876656
-0.003754076
-0.003121866
-0.004051397
-0.00291022
-0.002389542
-0.001538354
-0.0008959276
0.0007272368
0.00124657
-0.0001093672
-0.0003933704
0.001361286
0.0014447
0.001534751
0.001907892
0.001294329
0.002655848
0.002625429
0.002310375
0.002357993
0.002419889
0.002488331
0.002504073
0.002499758
0.002421068
0.002335993
0.002479713
0.003234259
0.004221963
0.003983983
0.00444819
0.004895162
0.003348852
0.002801996
0.002289264
0.002950196
0.002845881
0.001075503
-0.0009473842
8.562952e-05
0.0004032538
-0.0008062561
-0.001808271
-0.0006685546
0.0006068176
-9.869284e-06
-0.0002949131
-0.000233357
-0.0001549801
-0.0001636815
6.225412e-05
0.0006557624
0.001025211
-4.465061e-06
0.0004569427
0.000349406
0.002397843
0.003099129
0.002140306
0.00221784
0.003271919
0.004405391
0.00378107
0.003714949
0.004890363
0.006519255
0.007152501
0.007333037
0.007960625
0.007765349
0.007763549
0.007994225
0.008079165
0.007825238
0.007076913
0.006480403
0.006636193
0.005885739
0.00478653
0.004774054
0.004815245
0.004632775
0.00270888
0.002189284
0.003033534
0.002907721
0.001576671
-0.0001535051
-0.0004464046
0.0003084467
0.0004377734
-0.0001753118
-0.001435991
-0.002624095
-0.002697018
-0.00261189
-0.003957785
-0.005448254
-0.005448624
-0.004955133
-0.005336321
-0.00647089
-0.00738069
-0.007805509
-0.008077012
-0.007935487
-0.008200979
-0.008702159
-0.008754821
-0.009278565
-0.01057202
-0.009975361
-0.008580198
-0.008022952
-0.00789441
-0.008352944
-0.008335662
-0.007784337
-0.006946744
-0.006557586
-0.006493324
-0.005630826
-0.005117044
-0.005601322
-0.005699202
-0.004929252
-0.003354851
-0.002464113
-0.003206851
-0.003900502
-0.003056135
-0.00282358
-0.003504294
-0.003338068
-0.003671868
-0.0041176
-0.004447368
-0.005290448
-0.005394396
-0.005224329
-0.005761515
-0.006353985
-0.005571614
-0.004563382
-0.003894682
-0.003892853
-0.004243661
-0.004281719
-0.004073475
-0.003429409
-0.002463897
-0.002369191
-0.002773828
-0.00283491
-0.002638113
-0.002093879
-0.001309679
-0.00112697
-0.0008029126
0.0001625151
0.0001105035
-0.0001773773
-0.0002296608
-2.134924e-05
0.0008009706
0.001899262
0.001573032
0.0005568362
-0.0003498443
-1.858296e-05
0.0003498051
0.0002484806
0.0001119653
4.406064e-05
6.866295e-05
8.453059e-05
9.752335e-05
9.093796e-05
0.0001000287
0.0001004736
9.467042e-05
8.065301e-05
0.0001380147
0.0003290147
0.0008133092
0.000963378
-0.0001746365
2.040191e-05
0.0003389098
0.0002903855
0.0002529348
0.0002001255
0.0002132833
0.0001558345
9.99043e-05
0.0001036898
0.0001182002
0.0001363626
0.0002632237
0.0003139965
6.42455e-05
-0.0002580928
0.0001156769
0.001767116
0.003806301
0.00282522
0.002254023
0.002389872
0.002670255
0.003752194
0.005525346
0.005982655
0.005246921
0.005125032
0.005260001
0.005531323
0.006379139
0.0075959
0.0075289
0.007391955
0.006588077
0.00780904
0.008920673
0.008341403
0.008107429
0.008307283
0.008583244
0.008357535
0.007155546
0.005536157
0.005343527
0.006003911
0.00577074
0.004784806
0.004025236
0.004102503
0.003423565
0.002676974
0.003201038
0.003063912
0.001740247
0.0001250233
0.0001626858
0.001377468
0.001271662
-0.0001569063
-1.719119e-05
0.0002341437
0.000208839
0.0004439308
0.001001175
0.001208018
0.0005809226
0.000710454
-0.0001179169
0.0001326808
0.0007055214
0.001410463
0.002188086
0.002713185
0.003106764
0.002780875
0.002674126
0.002832833
0.003425956
0.004367149
0.004370628
0.002751317
0.001340732
0.001057824
0.0009181763
0.0005813109
0.0002633886
-0.001128656
-0.002471932
-0.002123009
-0.001138955
-0.001649719
-0.002684796
-0.002572002
-0.00262858
-0.00289762
-0.002585986
-0.002924675
-0.004926054
-0.004915374
-0.002280079
-0.002087651
-0.004877075
-0.006045456
-0.005084322
-0.004760165
-0.004636708
-0.003924626
-0.003132177
-0.002627361
-0.002308648
-0.002557241
-0.002512312
-0.002479779
-0.002753378
-0.002964931
-0.002454536
-0.00259094
-0.004686626
-0.00617459
-0.006209763
-0.006141174
-0.006163674
-0.006296335
-0.005915746
-0.005025434
-0.004894184
-0.005297756
-0.005428668
-0.005159632
-0.004147905
-0.00280725
-0.002978161
-0.002828244
-0.002421988
-0.002615442
-0.002486155
-0.001815173
-0.0009969482
-0.001484723
-0.00254606
-0.002139495
-0.001286397
-0.002084383
-0.002665995
-0.002391181
-0.002242514
-0.002302437
-0.00241644
-0.002498909
-0.002339873
-0.001833782
-0.001435417
-0.002269555
-0.002834855
-0.002560866
-0.001870809
-0.0005177611
0.000481695
0.0003318485
-8.571736e-05
-0.0005953189
-0.00124791
-0.000727223
0.0005669004
0.0006263803
-0.0002684559
-0.001274883
-0.001763856
-0.002250413
-0.002369989
-0.002232987
-0.00228879
-0.002431197
-0.002464193
-0.002461139
-0.002565436
-0.002641049
-0.001968787
-0.0004339028
0.0005842785
0.0001256568
-0.0002019798
-7.185817e-05
0.0002227575
0.0007597755
0.001317845
0.001138173
0.001941405
0.001740043
0.001927464
0.003079768
0.003018251
0.002745995
0.002775468
0.002852573
0.002891605
0.002936262
0.003033653
0.002981632
0.002373172
0.001278439
0.0009125638
0.0007469008
0.001336708
0.000849023
0.0007497826
0.00014062
0.00117792
0.002836958
0.002124896
0.002687638
0.002880387
0.002744345
0.002817255
0.00287253
0.00290429
0.002893575
0.002889521
0.002882633
0.002885657
0.002885032
0.002889029
0.002886281
0.002878402
0.002864706
0.002873935
0.002922977
0.002958963
0.002817026
0.002337222
0.001936672
0.002437474
0.001779891
0.001836817
0.001866504
0.001099206
0.003092778
0.003298755
0.002628579
0.00260582
0.00286907
0.003376365
0.003631122
0.00327656
0.004797027
0.005997582
0.005517683
0.005181032
0.005267842
0.005660807
0.006249768
0.006526312
0.005443923
0.005788279
0.006464336
0.006066584
0.007473237
0.008608018
0.008283234
0.008213646
0.008094094
0.006893383
0.005070946
0.005620912
0.006145237
0.005185454
0.003333097
0.002548026
0.002911955
0.002651611
0.00202622
0.002338266
0.001450227
0.001396719
0.001584565
0.000915582
-8.79647e-05
1.738117e-05
0.0003105822
0.0003213147
0.0003076653
6.718857e-05
-0.0006760966
-0.001471453
-0.0006728957
-1.930139e-06
-0.00114967
-0.001436365
-0.001799918
-0.00263621
-0.002347087
-0.00214215
-0.002981154
-0.004627496
-0.005469508
-0.005641394
-0.006568472
-0.006994979
-0.00723752
-0.006947535
-0.007974586
-0.008135458
-0.007311435
-0.006309559
-0.005939115
-0.00536583
-0.005305861
-0.005377116
-0.004842603
-0.004514578
-0.005344309
-0.005579187
-0.005276657
-0.005228417
-0.005234989
-0.005260433
-0.005356109
-0.005779203
-0.006240234
-0.006001346
-0.006390883
-0.006488515
-0.005844241
-0.005971704
-0.005156682
-0.004345936
-0.004756397
-0.003939107
-0.002985486
-0.003422758
-0.003009671
-0.002529561
-0.002691265
-0.002747798
-0.002686026
-0.002630419
-0.002608821
-0.002664056
-0.0027583
-0.002715885
-0.00220375
-0.00134236
-0.001219639
-0.00146124
-0.001562814
-0.001896376
-0.002158411
-0.001509686
-0.001564246
-0.002340691
-0.002127289
-0.002426623
-0.002837856
-0.003165599
-0.004062743
-0.00427455
-0.003856372
-0.003439178
-0.003253302
-0.004150447
-0.004190452
-0.002798823
-0.001520128
-0.0002018001
-0.0001221452
-0.000236798
0.0008808132
0.00180086
0.002464037
0.002534511
0.002234713
0.002241496
0.002539022
0.003120066
0.003502158
0.002597133
0.001971789
0.002739277
0.003880387
0.00424563
0.003342634
0.002375094
0.002144456
0.002342464
0.001591588
0.0005907441
-5.672335e-05
-0.0004159611
-9.492053e-05
-4.803778e-05
-0.0002304381
-0.0004308221
-0.0005286627
-7.281513e-05
0.001251577
0.002528009
0.002537174
0.002133249
0.002189845
0.002335299
0.002464826
0.002586385
0.002593275
0.002445701
0.001983957
0.001555839
0.002207035
0.003081032
0.00220588
0.0006686657
-2.338286e-05
0.00121299
0.002210825
0.0008399277
0.0001801716
0.001259096
0.001269873
0.001202236
0.001212146
0.0008258359
0.0002665146
0.0004148143
0.001577214
0.001204914
0.0007621116
0.001178643
0.002165062
0.002886506
0.00234355
0.001979427
0.002028049
0.002711741
0.004546699
0.005803385
0.004093922
0.00266786
0.002550241
0.00233995
0.002859915
0.002585286
0.001168533
-0.0001451015
0.0001497823
0.0009201479
0.0002974247
0.0004851335
0.0001113023
0.0004035445
4.72747e-05
0.0004129775
0.00044481
0.001062876
-9.306942e-07
-0.001019377
-0.0004344437
-0.0002359504
-0.0003337857
-0.0004763031
-0.0004763396
-0.000449342
-0.0004489861
-0.000625441
-0.0007819461
-0.0007229419
0.000300416
0.002169991
0.002654436
0.001770686
0.001661155
0.002027163
0.002992071
0.003917052
0.0033231
0.003443873
0.004288884
0.0044901
0.002780024
0.002463241
0.002803644
0.004015796
0.002986951
0.001506225
0.001923138
0.002028644
0.002277662
0.003045564
0.003891558
0.003076264
0.002508883
0.003064454
0.004843608
0.003088366
0.003119693
0.004217795
0.00458448
0.002910898
0.0023026
0.001727538
0.002096834
0.002304209
0.002179921
0.002101136
0.001135875
-0.0006394531
-0.001248839
-0.0005019849
-0.0002559654
0.0001817778
0.0002737352
-0.001274178
-0.001029664
-0.0004932289
-0.0006771104
-0.001431994
-0.002364302
-0.002073066
-0.002743758
-0.003879755
-0.003165119
-0.002397824
-0.002436269
-0.004138082
-0.003695875
-0.002382445
-0.001626991
-0.002720909
-0.003228599
-0.001815252
-0.001968329
-0.002225717
-0.00213312
-0.002207817
-0.002859034
-0.003620932
-0.002995787
-0.002398207
-0.003046338
-0.002217635
-0.001447992
-0.000735807
-0.0008830871
-0.001127197
-0.001075202
-0.0009970244
-0.0007264788
-0.0001629373
9.399354e-05
-0.001112286
-0.001130246
-0.0006445836
-0.0007583773
-0.00152571
-0.002417758
-0.00177221
-0.00106087
-0.001733769
-0.001351506
-0.001492867
-0.001431128
-0.002921099
-0.004004296
-0.003421914
-0.003247378
-0.003850369
-0.004672561
-0.004629815
-0.005238111
-0.003976258
-0.004769159
-0.005169246
-0.004307317
-0.003336127
-0.003463981
-0.00391752
-0.003941005
-0.003733275
-0.003048383
-0.002110766
-0.002052156
-0.00171374
-0.001466273
-0.003174472
-0.004182054
-0.003573195
-0.003211036
-0.003496172
-0.003782248
-0.003777447
-0.003191911
-0.002136476
-0.001658924
-0.00102669
-0.001167461
-0.001364775
-0.001134082
-0.0006332367
-9.238323e-05
3.794725e-06
0.001784998
0.001887312
0.001757385
0.002237129
0.001887479
0.002977006
0.003530209
0.003653344
0.003212923
0.004021627
0.004164868
0.004075558
0.004794505
0.005567363
0.004897302
0.004281332
0.005406642
0.005635364
0.005704638
0.006163567
0.005774485
0.003675552
0.003780011
0.004449332
0.004485742
0.004402598
0.004110557
0.003363559
0.002563177
0.003456665
0.004724815
0.004491659
0.004144467
0.004065729
0.003427967
0.002715814
0.003719871
0.00491004
0.003858533
0.001860092
0.001178226
0.001907765
0.002289732
0.001854156
0.001053279
0.0006244187
0.001478647
0.0006742232
0.0003203074
-4.920313e-05
-0.000951392
-0.0007968391
-0.0007617279
-0.001259196
-0.00155301
-0.001011412
-0.003031451
-0.003912391
-0.00313505
-0.002983536
-0.003150477
-0.00328744
-0.003331329
-0.003388935
-0.003101937
-0.002597776
-0.002262929
-0.002882725
-0.00174777
-0.002466195
-0.003225138
-0.002247963
-0.002557488
-0.001554731
-0.002348613
-0.003263253
-0.002384934
-0.002597728
-0.0006498987
2.5113e-06
-0.0008670403
-0.0006892862
0.0002228484
0.0005980622
-0.001015169
-0.0008757256
-0.0003411065
0.000374368
0.001328263
0.001004427
0.00138116
0.001728516
0.0004381675
0.0007805219
0.001162529
0.0008501586
0.0001913367
-0.000176587
0.0005235159
-0.0006850718
-0.0005845241
-0.0003220368
-0.0004748663
-0.0005824765
-0.00059016
-0.0005454514
-0.0005897465
-0.0006504695
-0.0007009511
-0.0005698403
-0.0005757575
-0.0009385408
-0.001614913
-0.001565281
-0.0001759014
-0.0004375785
-0.0007606536
-0.000717698
-0.0009835532
-0.001455484
-0.001381685
-0.0003284423
-0.0006548457
-0.0009952066
-0.0007654993
6.563729e-05
0.001055898
0.001464908
0.002031031
0.001810959
0.001716926
0.001875613
0.001879028
0.001846464
0.001834772
0.001895335
0.001948932
0.001933532
0.001546017
0.0009513077
0.001079226
0.002361662
0.002163516
0.001581823
0.0004305982
-0.0007501311
-0.0003723
0.0004377998
-0.0001910399
-0.0003316177
-0.001351957
-0.001174353
-0.0005054005
0.0003173465
0.0006240139
-0.0008657185
-0.001804466
-0.000630039
0.001401277
0.002706461
0.001361423
3.447936e-05
-4.214065e-05
0.001443138
0.002445999
0.001915215
0.001393571
0.0006220907
6.595368e-05
0.0005136058
0.0003311556
-0.0003278916
-0.0003333969
-0.0004243444
-0.001159832
-0.001016599
-0.0008410392
-0.0009651845
-0.001072819
-0.001015345
-0.0005567328
-7.091981e-05
-0.0005595052
-0.001404057
-0.001083628
-0.0008532783
-0.0008555006
-0.0008817975
-0.001034736
-0.001472669
-0.001889818
-0.001395177
-0.0007554857
-0.001118817
-0.0008537847
0.0001304277
0.0005245275
3.957408e-05
6.992699e-05
0.0006991487
0.001180825
0.0003454546
-0.001292281
-0.001407196
-0.0008269706
-0.0007705146
-0.0009244855
-0.001144697
-0.001753012
-0.002691811
-0.002695488
-0.001769237
-0.0009882007
-0.001644942
-0.002848918
-0.002335836
-0.001003949
-0.001263601
-0.002445438
-0.00267794
-0.00265995
-0.001378618
-0.001839861
-0.004393901
-0.004226083
-0.001973272
-0.0008470391
-0.001311517
-0.001802635
-0.001700363
-0.001464225
-0.001364177
-0.001379032
-0.001453609
-0.001539747
-0.001558843
-0.001517415
-0.001447234
-0.0013738
-0.001498539
-0.002036629
-0.00242567
-0.001604395
-0.001164019
-0.001505959
-0.00163789
-0.001567918
-0.00147347
-0.001454323
-0.001540838
-0.001653727
-0.001504907
-0.000777726
8.630577e-05
-0.0005657146
-0.001417936
-0.0008939429
-0.0009753662
0.0005051188
0.001822156
0.001898686
0.00184138
0.0006652992
0.0008571656
0.002020018
0.003111265
0.00284197
0.002264844
0.001808775
0.001692432
0.002862159
0.002884473
0.002479731
0.002643989
0.003264904
0.003686573
0.003102554
0.003994649
0.004165177
0.003917452
0.004059581
0.004232191
0.00398099
0.0027813
0.001600938
0.002798042
0.002642682
0.001783038
0.002198172
0.001823909
0.002998325
0.002751961
0.002454392
0.002822926
0.003298824
0.003022023
0.001364067
0.002852944
0.002161858
0.0007750932
0.001249482
0.001478954
0.001431742
0.001191954
0.0004074898
-0.0005842169
-0.0001465974
-5.015715e-05
-0.0006651631
-0.001129449
-0.0007207882
-0.002623138
-0.002697221
-0.0009444863
-0.001299646
-0.001714609
-0.001695539
-0.001613995
-0.001674733
-0.001835408
-0.001687071
-0.00096976
-3.476859e-05
-0.0002490425
0.000138471
0.0004850374
-0.0007919747
-5.023155e-05
0.000524195
-0.0003620078
0.0002915843
0.0003876298
-0.0007603031
-0.0005282096
-0.0002682934
-0.0004156193
-0.0002567844
0.0005333466
0.001310366
0.0008729461
0.0007034061
0.000853497
0.0009497911
0.000976513
0.0009499777
0.0009626139
0.001022046
0.001083562
0.001051648
0.001043754
0.001053132
0.001063985
0.001065685
0.001067963
0.001066653
0.001070144
0.001070163
0.00107392
0.001073438
0.001077158
0.001077109
0.001081271
0.001080082
0.001082091
0.001080793
0.00108962
0.001097276
0.001098631
0.001066059
0.001036574
0.001106943
0.001422816
0.001817069
0.001705219
0.001901464
0.003033862
0.003306576
0.002612528
0.001931406
0.002700102
0.003438497
0.002968804
0.002087511
0.001926628
0.001293244
0.0008589614
0.001290059
0.001272045
0.0006392249
-0.0002256904
-0.000124323
0.000800452
0.0002314816
-0.001134557
-0.001285496
-0.000538627
0.0001443546
-0.0006228121
-0.001491355
-0.001353279
-0.0008163044
-0.0006047141
-0.0005627369
-0.001804509
-0.002283054
-0.001333084
-0.0007104564
-0.001325486
-0.002257861
-0.001954453
-0.001720958
-0.001757724
-0.001782633
-0.001768211
-0.001854457
-0.002241991
-0.002656636
-0.002176003
-0.001568291
-0.001851522
-0.001966944
-0.001920175
-0.00188811
-0.001883152
-0.001796827
-0.001356664
-0.000971496
-0.001774769
-0.002244879
-0.001931581
-0.001846339
-0.001795265
-0.001451303
-0.001025022
-0.001330306
-0.0008686371
-0.0004219047
-0.000679278
-0.0008028949
-0.0005922505
-2.616894e-05
0.0003893853
-0.0005116721
-0.001361821
-0.001494156
-0.001122709
-0.001676313
-0.002221184
-0.001886487
-0.001324146
-0.00101325
-0.001914765
-0.002450779
-0.002030454
-0.001383822
-0.0009827181
-0.00182973
-0.002320924
-0.002016006
-0.001904576
-0.001930479
-0.002011464
-0.002050131
-0.002065836
-0.00215543
-0.002138035
-0.001605437
-0.0005474085
-5.940465e-05
-3.143102e-05
-0.0003335444
0.0002499003
0.0007024032
0.0004042486
0.0004774416
0.00120016
0.002005789
0.001304974
0.000158962
0.001328386
0.003068561
0.0022989
0.001183915
0.0008662026
0.001279112
0.001268611
0.002557241
0.003851389
0.003167363
0.002261159
0.002193524
0.003608929
0.003663915
0.002621067
0.001605091
0.001848044
0.002275548
0.00231175
0.002079243
0.001301311
0.0003199882
0.0005403687
0.0008743627
0.0008034945
0.0006902777
0.0005777739
0.0006879461
0.0006975252
0.0001732861
-0.0008791289
-0.001404292
-0.002103515
-0.001846309
-0.001153685
-0.0008265266
-0.001528621
-0.001400971
-0.001984534
-0.001646578
-0.001055846
-0.001461009
-2.779629e-05
0.001010829
0.0006187377
0.0003565317
0.0004499699
0.0005081552
0.0006611793
0.00127643
0.002241963
0.002236609
0.002483478
0.002800626
0.001883223
0.002393714
0.00328147
0.002665327
0.002787868
0.001971724
0.002025067
0.002242916
0.001523202
0.0004745756
0.000666718
0.001017762
0.00103964
0.0008660666
5.707997e-05
-0.001520349
-0.002270218
-0.001712376
-0.001346046
-0.001609446
-0.002668606
-0.004255302
-0.004350821
-0.00299669
-0.002877744
-0.002730554
-0.001889345
-0.001874612
-0.001497235
-0.0007461783
-0.001128838
-0.001110735
0.0004640776
-5.812638e-06
-4.202069e-05
-0.000197223
0.0007264693
0.0009788105
0.000742416
0.0005980451
-3.465217e-05
-0.0006779702
-1.527071e-05
0.0004551939
-0.0006579938
-0.0002021764
0.001000871
0.0008758396
0.0006025564
0.0007247215
0.0007032548
0.0001183141
-0.0007594765
-0.0005028974
-0.0003479472
-0.001015957
-0.001944943
-0.001871387
-0.002251455
-0.003437284
-0.003791857
-0.003945253
-0.003633364
-0.004588119
-0.004637333
-0.004253556
-0.00447088
-0.005318706
-0.006270558
-0.005348402
-0.004047318
-0.004284187
-0.004703353
-0.004720808
-0.004751408
-0.004652851
-0.003923744
-0.002363368
-0.001594654
-0.001852707
-0.001581144
-0.00122196
-0.002229917
-0.002137204
-0.00123009
-0.0003963078
-0.0005483191
-0.0001753484
0.0009003403
0.0008280056
0.0005824667
0.0006592779
0.0007642708
0.0008242766
0.000809356
0.0007950768
0.0007744749
0.0008046477
0.0008455106
0.0008463635
0.0006191324
0.0001439609
-0.0002454151
0.0003523564
-4.503105e-05
0.0001641883
-1.025196e-05
0.0008682302
0.0009988657
0.0007395606
0.0007999378
0.0006596765
0.0002099552
-6.11554e-05
0.0009327572
0.0004971696
-0.0001894457
0.0003873784
-0.0008416254
-0.0006968863
-4.825521e-05
0.0005108772
0.0003982487
-0.001802817
-0.001800014
0.0001577798
0.0006085346
0.001080755
0.0008226039
0.00121047
0.001744797
0.001022551
0.002522996
0.00316297
0.003816013
0.00342444
0.003246922
0.003481664
0.003591563
0.003610079
0.003463085
0.003398929
0.003697869
0.004611158
0.005249452
0.004052678
0.00360522
0.005478532
0.0060214
0.005941292
0.004494096
0.004640692
0.004415264
0.003499202
0.00381691
0.003199726
0.001880138
0.001559096
0.0008927361
0.001030511
0.0004726313
-0.0008535312
-0.0009939714
-0.00122146
-0.0007095627
-0.001803787
-0.001106391
-0.0004542145
-0.001525381
-0.0008816462
-0.001129642
-0.0002484362
-0.001066837
-0.001641254
9.980511e-05
0.0004127793
0.0004639578
-0.0001801727
0.001083407
0.001009177
0.0008827218
0.001745384
0.002696193
0.002042188
0.001571579
0.002105404
0.002658333
0.001472341
0.002509138
0.002232985
0.001309353
0.00156637
0.003045039
0.00336659
0.002618722
0.001057912
0.001215507
0.001944125
0.0008925834
0.0009193078
0.0007399604
0.00023214
0.0004134084
0.001268294
0.0001260655
-0.001145607
-0.00110021
-0.0007004668
-4.046432e-05
-0.001252963
-0.0020192
-0.0009135591
-0.0004028233
-0.001047995
-0.001381045
-0.002973267
-0.003054337
-0.001863701
-0.002211624
-0.003930776
-0.003885942
-0.003568462
-0.005533233
-0.006149594
-0.005265486
-0.004359178
-0.003921319
-0.004527898
-0.004655992
-0.004120889
-0.003504846
-0.003674447
-0.004679855
-0.003619345
-0.002387923
-0.002005822
-0.001105435
-0.0006740045
-0.0007430253
-0.001341693
-0.0008278632
7.46553e-05
-0.0002750287
-0.0005396546
-0.0004942543
-2.04836e-05
0.0008585134
0.001242654
0.0008402365
0.000765592
0.0009312294
0.001085631
0.001126706
0.001082081
0.001059912
0.001072805
0.001081794
0.001100144
0.001102445
0.001076401
0.0009925284
0.0009569193
0.001048578
0.001397029
0.00181925
0.001383679
0.0009522231
0.001874279
0.00196871
0.001433786
0.001243673
0.001363604
0.002993002
0.003518658
0.003135241
0.003744682
0.003643804
0.003254046
0.002811649
0.002951937
0.003330729
0.00338694
0.0035284
0.002868619
0.003243525
0.004012057
0.003763686
0.00360468
0.003638292
0.003700988
0.003728186
0.003736542
0.003721472
0.003696543
0.003663714
0.003712377
0.003860769
0.003912381
0.003301812
0.001826279
0.0008016733
0.00113459
0.001482872
0.0008649426
-0.0003577821
-0.0009490605
-0.0009523868
-0.0003185329
-0.0004044914
-0.0007821134
0.0003304765
0.000635985
0.0007527015
0.000650235
-2.143246e-05
0.0002779105
0.0004149359
0.0009486448
0.001320198
0.001010874
0.0005574172
-1.480957e-05
-0.0001291464
-0.0004014243
0.0008676973
0.001659471
0.00106435
0.0009052718
0.001068126
0.001093531
0.000726425
0.0003501786
0.0006644152
0.0001474422
-0.0008132558
-0.001460172
-0.001573412
-0.001788613
-0.002727319
-0.002965774
-0.002776362
-0.002856945
-0.002942805
-0.002782533
-0.002524254
-0.002674413
-0.003427623
-0.001334126
-0.001022676
-0.001860801
-0.002470034
-0.002655605
-0.001354653
-0.001261429
-0.001593182
-0.001546798
-0.001584591
-0.002221154
-0.003220901
-0.003025226
-0.002688021
-0.002689984
-0.002799586
-0.00286978
-0.00292893
-0.00302783
-0.002909484
-0.002170563
-0.00114611
-0.00150318
-0.00254222
-0.003278993
-0.002321369
-0.001059563
-0.001358885
-0.001757188
-0.001695354
-0.001519841
-0.001602038
-0.002095327
-0.002537007
-0.00204283
-0.002896481
-0.003036936
-0.002888904
-0.003365453
-0.003854697
-0.003540714
-0.004240606
-0.00377853
-0.002665643
-0.002938223
-0.003041113
-0.002382107
-0.001883844
-0.003087334
-0.003423231
-0.003594056
-0.003638907
-0.002406612
-0.003371249
-0.004180454
-0.003198986
-0.0038559
-0.003329718
-0.003747576
-0.002566126
-0.002705607
-0.003076886
-0.002929376
-0.002897665
-0.002831495
-0.002957484
-0.002989695
-0.002923659
-0.002831641
-0.003078762
-0.00366587
-0.004059651
-0.003103456
-0.003680804
-0.003400979
-0.004655458
-0.004588568
-0.004064949
-0.00338328
-0.002543356
-0.003184556
-0.003252313
-0.00232194
-0.00119518
-0.001443522
-0.001123553
-0.0006841207
-0.001601231
-0.000815798
-0.0003342778
0.001775647
0.001167588
0.0005895643
0.0008035865
0.0008299177
0.001037188
0.001708548
0.00290488
0.003139089
0.003877679
0.003546075
0.003433698
0.003643439
0.003779432
0.003787642
0.003512402
0.003001977
0.002844738
0.003155531
0.002296832
0.002457266
0.002357092
0.001424064
0.0007545713
0.001177265
0.001041067
0.0002768642
0.0003718523
0.0014551
0.001328572
0.0009657047
0.0008627722
0.0008532216
0.001560217
0.003225495
0.004674745
0.003756962
0.003319473
0.003546295
0.004413529
0.005861348
0.006602334
0.005476614
0.005751969
0.005906725
0.006990262
0.006899975
0.006618892
0.006347779
0.005480888
0.004842557
0.004744389
0.004886154
0.004643698
0.00389365
0.004029316
0.004177524
0.004091465
0.00409781
0.004146691
0.004141435
0.003681433
0.002841567
0.002572635
0.003020648
0.002626124
0.00155844
0.00105302
0.001464094
0.001586793
0.001488176
0.001389446
0.001379725
0.001448002
0.001449882
0.001434226
0.001436778
0.001434021
0.001443014
0.001439574
0.001433563
0.001409375
0.00141419
0.001465715
0.001540839
0.001434622
0.000970089
0.0004666556
0.001092178
0.002365422
0.002457697
0.001413582
0.001046742
0.00144077
0.001602929
0.001437423
0.001023215
0.0006933394
0.001029327
0.0004213082
-0.0005661464
-0.001225337
-0.001184744
-0.0008002176
-0.0009248689
-0.001560673
-0.002479916
-0.002600275
-0.002253995
-0.002219655
-0.002306621
-0.002448941
-0.002798361
-0.003244095
-0.003162745
-0.003733371
-0.003548881
-0.001835442
-0.0007800951
-0.001075384
-0.001336569
-0.0008295954
-0.0002177183
-0.0004509822
0.0001282953
0.0009465359
0.001123996
0.0008043967
0.001331346
0.001818837
0.001624214
0.001556159
0.001583234
0.001612439
0.001666763
0.001801677
0.001852538
0.00158694
0.000608041
-0.0004807142
0.0006071344
0.001191965
-0.0007427311
-0.001057779
0.0001256156
-6.751369e-05
-0.0003108708
-0.0007603819
-0.0006652896
4.830276e-05
-0.0006402886
-0.001183361
-0.0009288602
-0.0007934631
-0.000867756
-0.001348401
-0.002230223
-0.002428602
-0.002609994
-0.003460908
-0.003480897
-0.003470904
-0.004668273
-0.006097436
-0.005320755
-0.005370567
-0.005397995
-0.006214776
-0.005869119
-0.00510484
-0.005780275
-0.005587579
-0.005857612
-0.004886083
-0.004195186
-0.003586473
-0.003570929
-0.003241851
-0.002822407
-0.003705537
-0.003261113
-0.002437685
-0.002970206
-0.002857981
-0.003689629
-0.003763771
-0.003438492
-0.003393087
-0.003425753
-0.003692186
-0.004237367
-0.004504711
-0.003381984
-0.003299658
-0.003661375
-0.003680979
-0.003611172
-0.003588447
-0.003688961
-0.003643953
-0.003069572
-0.002005402
-0.001584932
-0.0008756616
-0.0009704863
-0.001128746
-0.0009941116
-0.0009605866
-0.001037797
-0.0009465651
-0.0002407383
0.0007368704
0.0003937397
-0.00046856
-0.0008806105
-6.66264e-05
-0.0001152667
0.0004704399
-2.37269e-05
-0.0008816517
-0.0003213594
-0.00025993
0.001105645
0.001281859
-5.415223e-05
0.0006210112
0.001866936
0.001163407
0.0004836888
0.001635589
0.001778908
0.001468315
0.001452178
0.001488309
0.001548015
0.001543677
0.001532419
0.001478087
0.001454402
0.001482194
0.00142904
0.001409036
0.001420519
0.001370004
0.001339549
0.001375305
0.001355853
0.001360659
0.001332884
0.001364938
0.001392018
0.001426961
0.001431724
0.0008304122
-9.452852e-05
-0.0001114472
-0.0003376786
-0.0007496463
-0.0003386388
-0.001259328
-0.001390625
-0.001247485
-0.001378514
-0.001349216
-0.0006599754
0.0009528046
0.001795246
0.001347838
0.001060931
0.001108898
0.001305294
0.002108286
0.003581751
0.004201813
0.003990721
0.003906436
0.003916161
0.003582072
0.003262306
0.004046758
0.004455264
0.004108409
0.003970142
0.004045609
0.004170499
0.004222622
0.00404087
0.003556855
0.003338502
0.004388977
0.004977353
0.005021984
0.004374899
0.004462615
0.005140976
0.004371977
0.003992107
0.004904048
0.005879888
0.005331449
0.004024053
0.003926144
0.004402595
0.004466586
0.004340031
0.004244474
0.004233974
0.004245738
0.004265748
0.004286772
0.004330276
0.004327634
0.00435553
0.004365968
0.003910977
0.002943864
0.002327685
0.001728104
0.001571579
0.001799665
0.001919797
0.001779002
0.001069468
-2.188496e-05
-5.345678e-05
0.0009559419
0.002012575
0.001852386
0.0007559129
-8.559051e-05
0.0005869423
0.001828127
0.001399912
0.0004582581
0.001192825
0.001815215
0.001477112
0.0009765641
0.0005927727
0.0008169575
-4.463808e-05
-0.0008922389
-0.0003537559
-0.0007607015
-0.001454089
-0.0012929
-0.00110186
-0.001124695
-0.001582787
-0.002553562
-0.003325639
-0.003339684
-0.002794451
-0.002581556
-0.003870419
-0.004478926
-0.004032534
-0.003940276
-0.004080976
-0.004211162
-0.004282753
-0.004151973
-0.003667938
-0.003232089
-0.003811054
-0.004622652
-0.004235553
-0.003951651
-0.004080996
-0.004528266
-0.005025201
-0.004564859
-0.003764867
-0.004067762
-0.004310029
-0.004311255
-0.004196779
-0.003861679
-0.003408591
-0.003528175
-0.003410447
-0.002327164
-0.001984549
-0.002176654
-0.002372645
-0.002459632
-0.003125995
-0.003276866
-0.003301863
-0.002451805
-0.001733155
-0.001999227
-0.001522508
-0.001644519
-0.001724757
-0.001602195
-0.00147499
-0.001414433
-0.00174969
-0.002613781
-0.003225934
-0.002489018
-0.001965467
-0.002393355
-0.003059317
-0.001981059
-0.001126648
-0.001687046
-0.00193695
-0.001525318
-0.000512005
0.0002164356
-0.0004057175
-0.000746567
-0.0003294901
0.0007003353
0.001825161
0.001908557
0.001535036
0.0004288305
0.0008630223
0.001551419
0.002001788
0.001774266
0.0006063099
0.0008988718
0.001208228
0.001162854
0.00108718
0.001034657
0.001043506
0.001050639
0.001048878
0.001035576
0.001046959
0.001089944
0.001119754
0.001033944
0.0009124644
0.001230155
0.002143674
0.003111901
0.00289349
0.002025861
0.001196319
0.002768371
0.003214807
0.003383809
0.002960851
0.001210384
0.001392323
0.002102568
0.001419675
0.001956113
0.001990681
0.0008036023
0.001065519
0.001310546
0.001274774
0.00121269
0.001244486
0.001290582
0.001280675
0.001252872
0.0012593
0.001249377
0.001304733
0.001343932
0.001287733
0.0009206075
0.000467243
0.0007279441
0.001661912
0.000267668
-0.001270206
-0.0008583623
-0.0003261066
-0.001653602
-0.002174493
-0.002170862
-0.001859638
-0.00276453
-0.002610448
-0.002685404
-0.003880927
-0.005272488
-0.004906538
-0.003635402
-0.003507467
-0.002218767
-0.000800492
-0.001594635
-0.001861242
-0.001559011
-0.001384111
-0.001333818
-0.001405524
-0.001468437
-0.001493715
-0.001437219
-0.001450807
-0.001388979
-0.00141343
-0.001430036
-0.001423353
-0.001430161
-0.001463583
-0.001494351
-0.00148651
-0.001481899
-0.001151964
-0.0005500826
-0.0006373399
-0.00177386
-0.001516676
-0.001203391
-0.001253586
-0.00131505
-0.001377596
-0.001371643
-0.001357589
-0.001291303
-0.001235795
-0.001238504
-0.001287373
-0.001541183
-0.002108461
-0.001939306
-0.0007969782
-0.00113437
-0.001788837
-0.002249114
-0.002343215
-0.002118885
-0.002480295
-0.001493701
-0.0009138514
-0.001409186
-0.001591001
-0.001409127
-0.0009386922
-0.0003965038
-0.0005643071
-0.0008258934
-0.0004642484
-0.0002829386
-0.0001182833
-0.0007446503
2.114536e-05
0.001686759
0.001391738
0.0003821108
0.0008570384
0.0018919
0.001680105
0.001392007
0.001487644
0.001955337
0.002495988
0.002243863
0.001917174
0.002641046
0.003845332
0.004881973
0.004235307
0.003967537
0.004214363
0.004444063
0.004593604
0.004504732
0.004097144
0.003316674
0.00296375
0.003005842
0.002265921
0.001424074
0.0008789181
0.0001470258
-0.0004437068
-0.0008204738
-0.0005353502
-0.0004122661
-0.0004155338
-0.0005010705
-0.001030253
-0.001809271
-0.001616815
-0.000274659
-4.562903e-05
-0.0005155942
-0.0007527153
-0.001050143
-0.001172571
-0.0003781903
-0.000522767
-0.001797838
-0.001953847
-0.00152024
-0.001456381
-0.001568481
-0.001657113
-0.001683438
-0.001551192
-0.0009993614
-0.0002371671
-0.0005574746
-0.00122917
-0.000453733
2.963262e-05
-0.0002496514
9.399047e-05
0.001127176
0.001779836
0.001972046
0.001628623
0.001624524
0.001227999
0.0009885025
0.001279332
0.001290586
0.001207824
0.001133672
0.001139475
0.0011775
0.001245309
0.001148902
0.0007435464
0.0002383627
0.0005185752
0.0005500813
0.00108384
0.001687929
0.001758892
0.001504948
0.002300246
0.002581547
0.00225708
0.002223178
0.002310428
0.002356324
0.002344725
0.002300773
0.00227715
0.002317346
0.002418768
0.002358112
0.0017678
0.0007408256
0.0004426364
0.0002830023
0.0006558809
-0.0002225334
-0.0004439591
-0.0002078115
-0.0002172478
-0.0002530959
-0.0003095781
-0.0003036271
-0.0003067541
-0.0002927339
-0.0003008155
-0.0002967146
-0.0003037669
-0.0002991094
-0.0003035157
-0.0003002113
-0.0003041667
-0.0003014707
-0.0003037391
-0.0003016909
-0.0003057312
-0.0003071567
-0.0003076287
-0.000296561
-0.0002881118
-0.0003043762
-0.0003615863
-0.0003802645
-0.0001982348
0.000278685
0.0005030594
-0.0003987072
5.765164e-05
0.0006974427
-0.0003649435
-0.0005695979
-0.0003617313
-0.0002256427
0.0002955357
0.001040432
0.0008997026
0.0008932955
0.001581908
0.001853883
0.0004423402
0.0005639657
0.001071859
0.001696751
0.002503823
0.001993598
0.001801912
0.001918581
0.002019101
0.002034948
0.002052131
0.002039763
0.001957576
0.001752255
0.001803765
0.002703441
0.004388049
0.004687119
0.003456429
0.002386453
0.002296991
0.001681357
0.001995321
0.002125914
0.002026303
0.001849163
0.001171634
0.0001879469
0.0001161718
2.911499e-06
0.0004826219
-0.0007140073
-0.0006981807
-0.0004833458
-0.0005864982
-0.0003631315
0.0001605859
0.0003349091
-0.001052296
-0.0008562066
-0.0003437664
0.0001601517
0.0004911635
-0.0003146985
7.61243e-05
-0.0008462534
-0.0006266684
-0.0003225804
-0.0005324058
-0.00054593
-0.0005549202
-0.0005138025
-0.0005786021
-0.0005159644
-0.0005231314
-0.0005844921
-0.0005789836
-0.0005487624
-0.0005627762
-0.000571416
-0.0005930429
-0.0005599573
-0.0004943189
-0.0004792306
-0.0007645655
-0.001379274
-0.001644781
-0.0008830303
-0.0009345119
-0.001908111
-0.001445485
-0.0005982967
-0.0003441266
-0.001300162
-0.001956512
-0.001512179
-0.001277623
-0.001317792
-0.001623046
-0.002341069
-0.002684345
-0.001857573
-0.001632482
-0.002224337
-0.001960323
-0.001935494
-0.001230686
-0.00139404
-0.001523421
-0.00144558
-0.001666685
-0.002030503
-0.001944328
-0.001084109
-0.001273697
-0.001441956
-0.001440557
-0.001613531
-0.001914121
-0.001758171
-0.00114079
-0.001951036
-0.002670358
-0.002288366
-0.002119099
-0.002173488
-0.00222308
-0.002199059
-0.002200479
-0.002363928
-0.002669077
-0.002626093
-0.002727028
-0.003278492
-0.003032226
-0.002549164
-0.002243986
-0.002639485
-0.003234484
-0.002928281
-0.002500382
-0.002149827
-0.002210755
-0.002153069
-0.001598427
-0.001650396
-0.001740171
-0.001698173
-0.001693666
-0.00161117
-0.001301383
-0.00068989
-0.0003810985
-0.0006106831
-0.0006784833
-0.00054712
-0.000427164
-0.0003798567
-0.0004444177
-0.0004863734
-0.0004031144
-3.299918e-05
0.0005189687
0.0005656324
4.193219e-05
0.0003538892
0.0009445201
0.0005470229
8.429311e-05
0.0004361878
0.001053768
0.0009548936
0.0007552047
0.0004779904
-1.62888e-05
-8.505521e-05
0.0001010465
-0.0001381686
-0.0004597504
-3.67639e-05
0.0003078823
0.0001151738
-4.479658e-05
3.044809e-05
0.0004297658
0.001057463
0.001130775
0.000943725
0.000965691
0.001078853
0.001117835
0.001101373
0.001084798
0.001108507
0.001145324
0.00114744
0.001116724
0.001112579
0.001129185
0.00117546
0.001194283
0.001208626
0.001190428
0.001181761
0.001215391
0.001264491
0.001187407
0.0008789592
0.0006668589
0.00122851
0.001435657
0.0008543294
0.0002759661
0.0005674679
0.001333677
0.001432406
0.001151799
0.001083838
0.001150454
0.001221016
0.001234231
0.001178546
0.001135555
0.001145217
0.001163812
0.001193487
0.001181672
0.001158525
0.001145069
0.001142781
0.001133618
0.0011299
0.001117344
0.00109937
0.001062815
0.001058732
0.001125687
0.001165372
0.001168628
0.001061259
0.000668213
0.0002731429
0.0006817668
0.0009470969
0.0002186532
0.0001931136
0.0007347848
0.001168118
0.0007563187
0.0004337178
0.000964851
0.0007734134
0.0004551423
0.001028289
0.00108794
0.000913588
0.0008860242
0.0009104251
0.0009309596
0.0009184102
0.0008849549
0.0008631817
0.0008915383
0.0009609288
0.0009080931
0.0004866014
-0.0002147067
-0.0002351992
0.000384099
0.0001255856
-0.0003243736
-2.763485e-05
-0.0001094355
1.552798e-05
-0.0004167587
-0.0004861988
-0.0003352476
-0.0003276626
-0.000317049
-0.0003157823
-0.0003412688
-0.000380105
-0.0003156792
-7.646501e-05
9.914854e-05
-0.0001080201
0.0002434911
0.0002799822
0.0001471033
0.0002431396
0.0005346144
0.0007133644
0.0001560718
-0.0001620683
-0.0003898918
-0.0002826129
-0.0001706036
-0.0002188486
-0.0003341825
-0.0005440428
-0.000658459
-0.00040739
-0.0007916883
-0.001131117
-0.001393549
-0.00130297
-0.001181583
-0.001222768
-0.001246925
-0.001248105
-0.001199214
-0.001169609
-0.001173157
-0.001229021
-0.001179894
-0.0008067981
-0.0001395593
1.89439e-05
-0.000232016
-0.0002525633
-0.0001478537
-9.474373e-05
-8.214312e-05
-9.554636e-05
-9.477182e-05
-9.553178e-05
-8.563059e-05
-8.079493e-05
-6.558926e-05
-6.913154e-05
-9.471759e-05
-0.0001328581
-6.628217e-05
0.0001421885
0.0004913736
0.0005859946
0.0008030459
0.0006753528
0.0007008425
0.000937283
0.0009971577
0.000562611
0.0006241141
0.0007528446
0.0007250711
0.0006148472
0.0004070268
0.0004134513
0.001001277
0.0009715999
0.000442866
0.0005197084
0.0006283776
0.0006257771
0.000589668
0.0005620981
0.0005463653
0.0005380567
0.0005252746
0.0005230194
0.0005258068
0.000516962
0.000445592
0.00030949
0.0002790378
0.0006172922
0.0003350688
-0.0002030694
-0.000307085
-0.0001155351
-0.0001003071
-0.0001782674
-0.0001384064
5.926808e-05
0.0002156881
4.7942e-05
-9.418388e-05
-3.836726e-05
0.0001509029
-3.110678e-05
-7.211547e-05
0.0001910217
0.000147091
1.839186e-05
-7.816365e-05
-1.898553e-05
0.0002074766
9.332154e-05
-0.0001219857
-0.0001967091
9.771225e-06
8.315739e-05
-6.639098e-05
-5.752995e-05
-0.0001981548
-0.0001494064
-0.0001045781
-0.0001266423
-0.0001466683
-0.0001457107
-8.285301e-05
1.031351e-05
-1.2908e-05
-0.0001985441
-0.0001507143
-9.924038e-05
-0.0001034799
-0.0001023199
-0.0001040193
-0.0001144138
-0.0001442343
-0.0002031198
-0.0002174336
-0.0001699404
-0.0002965616
-0.0002833368
-0.0002557145
-0.0002207592
-0.0001095808
-2.163005e-05
-7.654337e-05
-9.524642e-05
-7.218485e-05
-5.94702e-05
-5.388618e-05
-5.643387e-05
-5.578112e-05
-5.543515e-05
-5.269143e-05
-5.183805e-05
-4.994736e-05
-4.939265e-05
-4.761585e-05
-4.68422e-05
-4.512962e-05
-4.437319e-05
-4.278959e-05
-4.195465e-05
-4.033036e-05
-3.952693e-05
-3.833176e-05
-3.790582e-05
-3.622187e-05
-3.401029e-05
-3.157393e-05
-3.375688e-05
-3.970144e-05
-3.797431e-05
-2.529201e-06
6.570403e-05
9.194902e-05
6.157808e-05
6.269882e-05
6.77537e-05
4.181197e-05
-2.236904e-05
-5.718705e-05
-2.31471e-05
1.107006e-05
3.479347e-05
1.654392e-05
-3.481297e-06
8.359877e-06
3.196075e-06
2.022387e-05
3.319437e-05
4.37272e-05
-2.416941e-05
-5.664252e-05
-2.68648e-05
-1.885843e-05
-2.469442e-05
-2.978659e-05
-2.993207e-05
-2.864076e-05
-2.737077e-05
-2.68233e-05
-2.480978e-05
-2.262359e-05
-2.453886e-05
-3.785296e-05
-5.562097e-05
-5.062574e-05
-5.213131e-05
-8.006327e-05
-7.332606e-05
-6.508001e-05
-6.102171e-05
-6.016425e-05
-7.295983e-05
-9.786324e-05
-0.0001052067
-8.87858e-05
-8.388074e-05
-7.281558e-05
-4.34059e-05
-2.041258e-05
-1.695798e-05
-1.782236e-05
-8.037144e-06
-1.999216e-06
-1.757491e-05
-4.231863e-07
1.61328e-05
-2.383672e-06
-1.718e-05
-7.406282e-06
-1.520506e-05
-2.310417e-05
-1.944572e-05
-2.667523e-05
-3.379456e-05
-1.742178e-05
-8.938699e-06
-1.210899e-05
-1.274903e-06
1.55485e-05
9.419645e-06
-3.481491e-06
1.18611e-05
2.181956e-05
1.686388e-05
1.425157e-05
1.317505e-05
7.622734e-06
1.904007e-06
1.320186e-05
2.070678e-05
1.696256e-05
1.38197e-05
7.329945e-06
-2.768713e-06
-2.872041e-06
1.358564e-06
5.284842e-07
1.231354e-07
5.623262e-06
1.536452e-05
1.597066e-05
1.176794e-05
1.07781e-05
1.165187e-05
1.206642e-05
1.161688e-05
1.08534e-05
1.031994e-05
9.895376e-06
9.424956e-06
8.643078e-06
7.908441e-06
8.014222e-06
9.931661e-06
1.173037e-05
9.189023e-06
1.103644e-05
1.250654e-05
9.93058e-06
8.119481e-06
7.4871e-06
8.770908e-06
1.122609e-05
1.049414e-05
7.112832e-06
5.692439e-06
6.36436e-06
8.052442e-06
7.516718e-06
4.638231e-06
2.591492e-06
8.580676e-08
-3.669772e-06
-5.658906e-06
-5.892272e-06
-6.238619e-06
-6.836832e-06
-8.750169e-06
-9.976951e-06
-1.011636e-05
-1.151275e-05
-1.242933e-05
-1.326219e-05
-1.532145e-05
-1.701958e-05
-1.654986e-05
-1.771629e-05
-2.128984e-05
-2.415768e-05
-2.493407e-05
-2.508359e-05
-2.600263e-05
-2.765828e-05
-2.978889e-05
-3.147613e-05
-3.194358e-05
-3.223466e-05
-3.321445e-05
-3.430337e-05
-3.471877e-05
-3.505967e-05
-3.601309e-05
-3.65247e-05
-3.690593e-05
-3.781771e-05
-3.832739e-05
-3.867651e-05
-3.94203e-05
-4.014345e-05
-4.076828e-05
-4.139648e-05
-4.204884e-05
-4.279987e-05
-4.360587e-05
-4.430699e-05
-4.486946e-05
-4.55007e-05
-4.614874e-05
-4.680915e-05
-4.750861e-05
-4.823543e-05
-4.888824e-05
-4.947507e-05
-5.009182e-05
-5.077022e-05
-5.143969e-05
-5.210077e-05
-5.281395e-05
-5.350358e-05
-5.415804e-05
-5.483577e-05
-5.552151e-05
-5.621144e-05
-5.689954e-05
-5.759235e-05
-5.82861e-05
-5.898375e-05
-5.968051e-05
-6.038093e-05
-6.10856e-05
-6.179318e-05
-6.249933e-05
-6.320805e-05
-6.391512e-05
-6.462407e-05
-6.533336e-05
-6.604357e-05
-6.675394e-05
-6.74647e-05
-6.817517e-05
-6.888591e-05
-6.959633e-05
-7.03066e-05
-7.101652e-05
-7.172613e-05
-7.243533e-05
-7.31441e-05
