0.0003092302
0.000308731
0.0003081221
0.000307433
0.0003067013
0.0003059212
0.000305079
0.0003040359
0.0003025048
0.0003001069
0.0002959536
0.0002892435
0.0002799552
0.0002687758
0.0002583043
0.0002513848
0.0002508795
0.0002578564
0.0002723079
0.000297858
0.0003370099
0.0003966577
0.0004713686
0.0005413567
0.0005853274
0.00058239
0.0005200812
0.0004054006
0.0002683612
0.0001352019
1.326536e-05
-9.310489e-05
-0.0001784347
-0.0002722287
-0.0003391232
-0.0003590632
-0.0003625714
-0.0003425574
-0.0003332565
-0.0003136559
-0.0002000751
8.22881e-05
0.0005553623
0.001102008
0.0016742
0.002140845
0.00237307
0.002273355
0.001851975
0.001172325
0.0003921441
-0.0004174677
-0.001069741
-0.001300856
-0.001138378
-0.0008342372
-0.0005593742
-0.0004869521
-0.0005920823
-0.000705254
-0.0006752701
-0.0004291014
-0.0001305189
4.382397e-05
0.0002760605
0.0007925544
0.00160533
0.002658123
0.003674487
0.00415894
0.003722583
0.002061152
-0.0008156523
-0.004402945
-0.007920392
-0.01022461
-0.0111865
-0.01115732
-0.01051461
-0.009667373
-0.008885941
-0.007868449
-0.006398808
-0.004892562
-0.003879805
-0.003688516
-0.004420231
-0.005370761
-0.005387825
-0.003899788
-0.001042134
0.002407282
0.004887497
0.004781476
0.002157122
-0.001299871
-0.004084232
-0.005031102
-0.003811185
-0.001998398
-0.002233552
-0.00507369
-0.00888104
-0.01122881
-0.01021406
-0.007092421
-0.004387843
-0.004596339
-0.008120449
-0.01261465
-0.01645049
-0.01846436
-0.0177826
-0.01468518
-0.01084283
-0.008597716
-0.008890786
-0.009659533
-0.008287294
-0.003631779
0.00329593
0.009900662
0.0131663
0.01244387
0.01008736
0.009908242
0.01390242
0.01970829
0.02159899
0.01585159
0.004807692
-0.00551608
-0.009850677
-0.005984304
0.003765207
0.01447169
0.02212782
0.02449345
0.02201954
0.01782405
0.01514213
0.01670287
0.02182073
0.0290315
0.03662223
0.04379096
0.05003154
0.05512765
0.05974032
0.06410717
0.06774604
0.07054537
0.07200112
0.07189033
0.071514
0.07247498
0.07519048
0.07865572
0.08174256
0.08347408
0.08217667
0.0779722
0.07037774
0.05891632
0.04329198
0.024005
0.002176881
-0.02275253
-0.04792704
-0.07139417
-0.09393052
-0.1149339
-0.1351766
-0.1542843
-0.1697566
-0.1802542
-0.1833465
-0.1768519
-0.1621957
-0.1448629
-0.1307483
-0.1213004
-0.1140521
-0.1052771
-0.08941904
-0.06155467
-0.01945649
0.03069361
0.08135142
0.1251883
0.1565188
0.1743321
0.1809374
0.1805824
0.1787745
0.1798257
0.1858048
0.1924233
0.1917641
0.1785776
0.1527268
0.1138852
0.06305023
-9.816182e-05
-0.06486636
-0.1155337
-0.1471048
-0.1619047
-0.1658317
-0.1611534
-0.1467385
-0.1227546
-0.09269546
-0.06121261
-0.03447353
-0.0155828
-0.00142879
0.01462622
0.03503155
0.05377123
0.06242102
0.05444024
0.03015496
-0.005063444
-0.04535882
-0.08802016
-0.1263058
-0.1539519
-0.1711391
-0.1826494
-0.192646
-0.2001678
-0.2009959
-0.1913723
-0.1719413
-0.1465043
-0.1209152
-0.09870564
-0.07794323
-0.05647558
-0.03257537
-0.008547388
0.0127457
0.03182584
0.04860377
0.06431487
0.07762201
0.08562269
0.08909904
0.09157531
0.09644208
0.1045493
0.113692
0.1205986
0.1225407
0.1194908
0.1146972
0.1105371
0.1077419
0.1062173
0.1056121
0.1050899
0.1029519
0.09740394
0.08639054
0.06840204
0.04363385
0.01225374
-0.02350422
-0.05836705
-0.09025085
-0.1199674
-0.1482587
-0.1745874
-0.195206
-0.2058496
-0.2054174
-0.1968561
-0.1833195
-0.1677004
-0.1503192
-0.12883
-0.09975675
-0.06205877
-0.01807716
0.02849861
0.0702012
0.1019249
0.126111
0.1490377
0.1720846
0.190785
0.2012751
0.2016106
0.1930851
0.1803807
0.167905
0.1569843
0.147357
0.1387041
0.1303169
0.1211173
0.1104317
0.09880654
0.08732158
0.07683003
0.06735383
0.05861425
0.0506838
0.04227757
0.03040606
0.01351585
-0.008512187
-0.03447695
-0.06306795
-0.09393664
-0.1246972
-0.1537043
-0.1790709
-0.1990585
-0.2134044
-0.2218802
-0.2228894
-0.2153326
-0.1979111
-0.1695228
-0.1288167
-0.07746091
-0.02516775
0.02146237
0.05460881
0.07362279
0.08479109
0.09300662
0.09813242
0.09889435
0.09704223
0.09769044
0.1032642
0.113393
0.1254535
0.1365544
0.1445447
0.1489304
0.1465287
0.1338543
0.1066488
0.06539698
0.01758222
-0.02730429
-0.06253181
-0.08640939
-0.1025162
-0.1152653
-0.1281446
-0.1408817
-0.149741
-0.1496505
-0.1401118
-0.1229933
-0.1020054
-0.08057304
-0.06082958
-0.0457436
-0.03577768
-0.02872017
-0.02190642
-0.0138607
-0.002817365
0.01163349
0.02896935
0.04939916
0.07186291
0.0938118
0.1088369
0.1087241
0.08918369
0.05382965
0.01228074
-0.02501095
-0.05257195
-0.07288335
-0.09100059
-0.109083
-0.124419
-0.1338338
-0.1348903
-0.1282747
-0.1162528
-0.09906513
-0.07641017
-0.04838521
-0.01775446
0.01126576
0.03322512
0.04527583
0.05179342
0.05940666
0.07113942
0.08433215
0.09386172
0.09610345
0.09170681
0.08524189
0.08035632
0.07875524
0.08079794
0.08603734
0.09193717
0.09630764
0.09858249
0.09760065
0.09202105
0.08179149
0.06779006
0.05131161
0.03373481
0.01602239
-0.002149866
-0.02139609
-0.04076314
-0.05948941
-0.07488854
-0.08361703
-0.08474496
-0.07920755
-0.06982987
-0.05918153
-0.04930868
-0.04009943
-0.03133501
-0.02327734
-0.01599282
-0.009040393
-0.002406108
0.003575287
0.008676319
0.01183566
0.01315545
0.01451744
0.01638445
0.01861211
0.01977534
0.01802523
0.01364464
0.007455893
0.000948312
-0.003633791
-0.005688051
-0.006218258
-0.00618161
-0.006328438
-0.006656319
-0.006065308
-0.004777003
-0.004194239
-0.005298748
-0.007061452
-0.007767707
-0.007387739
-0.006734118
-0.00556529
-0.003758791
-0.001596179
0.0005266957
0.002420683
0.002766589
0.001441929
-0.0005447621
-0.002323066
-0.001943553
0.001535055
0.007164827
0.014203
0.02198474
0.0283481
0.03125819
0.03035942
0.02809157
0.02636214
0.02473246
0.02259611
0.01993462
0.01701704
0.01389404
0.01080651
0.007964584
0.005269507
0.002552105
-0.0002163687
-0.00310495
-0.00673033
-0.01180572
-0.01848323
-0.02626948
-0.03314029
-0.0372053
-0.03907493
-0.03966505
-0.03975859
-0.03981594
-0.03870727
-0.03538851
-0.03025969
-0.02560923
-0.02228318
-0.0205258
-0.02103064
-0.02417012
-0.02924069
-0.03419871
-0.03738275
-0.03853803
-0.0376569
-0.03452066
-0.02936515
-0.02220072
-0.01298055
-0.001237979
0.01135864
0.02337777
0.03392188
0.043247
0.05227329
0.05989942
0.06513558
0.06864459
0.0696945
0.06815956
0.06363785
0.05742643
0.05139706
0.04554365
0.03939026
0.0331731
0.02659212
0.01894691
0.01044094
0.002245926
-0.005561043
-0.01352661
-0.02181575
-0.02992241
-0.03680168
-0.04274163
-0.04750574
-0.05048227
-0.05081857
-0.04775698
-0.04169177
-0.03294857
-0.02251169
-0.01227772
-0.003288358
0.003693786
0.00827459
0.01081961
0.01133006
0.01003332
0.00859368
0.007020449
0.004963159
0.003052965
0.001633446
0.0006395231
0.0004093954
0.001116509
0.001794866
0.001821074
0.00181093
0.002968751
0.004435481
0.005822435
0.007838277
0.01077575
0.01427656
0.01649156
0.01619864
0.01459409
0.01236843
0.009645125
0.006365694
0.003008288
-0.0003836027
-0.003519167
-0.00612887
-0.008140703
-0.01070818
-0.01503265
-0.01994911
-0.02295307
-0.02154918
-0.01605166
-0.009561048
-0.004550279
-0.001002617
0.001156964
0.003098693
0.005448739
0.007005788
0.007278857
0.006611877
0.005063534
0.003435484
0.001152456
-0.001494405
-0.004158274
-0.006250103
-0.006351443
-0.004509257
-0.002894244
-0.002513264
-0.003710164
-0.005671051
-0.00706355
-0.007130788
-0.005709569
-0.002271189
0.003131598
0.01008837
0.01683535
0.02311328
0.02923516
0.03531334
0.04163595
0.04745896
0.05127384
0.05155199
0.04851069
0.04370633
0.03843686
0.03302768
0.02749642
0.02274905
0.01930425
0.01745717
0.01663968
0.01578304
0.0132903
0.009016037
0.004505076
0.0006648382
-0.00338105
-0.007661757
-0.01162011
-0.01475455
-0.01736966
-0.02000958
-0.02231463
-0.02373765
-0.0250013
-0.02570447
-0.02522344
-0.0235646
-0.02191509
-0.02023321
-0.01841235
-0.01632378
-0.01423518
-0.01237487
-0.01163007
-0.0112495
-0.009998334
-0.008882907
-0.008590107
-0.00878642
-0.008962175
-0.008645975
-0.007167345
-0.004149602
-0.0002357546
0.00343266
0.006747618
0.009902792
0.01338983
0.01612971
0.01682685
0.0155915
0.01368662
0.01227886
0.01126767
0.01028033
0.00823841
0.005605759
0.002844972
-0.0002986341
-0.003315253
-0.005257132
-0.00553978
-0.005008603
-0.004680704
-0.004836293
-0.004443512
-0.003107459
-0.002184604
-0.002125726
-0.002452844
-0.00263056
-0.002537672
-0.00233023
-0.002185221
-0.002141799
-0.001377172
0.001309644
0.005272788
0.008806551
0.01138972
0.01315135
0.01330237
0.01150629
0.008657797
0.005424507
0.003363742
0.003283677
0.004536398
0.006284367
0.008125525
0.009332048
0.009393042
0.008992732
0.008961665
0.01025299
0.01256978
0.01465294
0.01646632
0.01819143
0.01971329
0.02149491
0.02303689
0.02343834
0.02221732
0.02042021
0.01878674
0.01721476
0.01589154
0.01517904
0.01513632
0.0152985
0.01530544
0.01523361
0.01569944
0.01706307
0.01928427
0.02207209
0.02489263
0.0270417
0.02831051
0.02882092
0.0288351
0.02879967
0.02891817
0.02920528
0.03038387
0.03242609
0.03432614
0.03507754
0.03462161
0.03284122
0.03067883
0.02904954
0.02724428
0.02416937
0.02042456
0.01652519
0.01252879
0.008461277
0.0044171
0.0008805868
-0.002523257
-0.00565028
-0.007353957
-0.008541245
-0.009483221
-0.009846526
-0.009675105
-0.008378935
-0.007033814
-0.006824572
-0.007959482
-0.009818809
-0.01212343
-0.0146618
-0.01665234
-0.01799647
-0.01962117
-0.0210173
-0.02207095
-0.0233533
-0.02551867
-0.02850936
-0.03232412
-0.03715752
-0.04200985
-0.04557302
-0.04783119
-0.048874
-0.04990695
-0.04993161
-0.04902975
-0.04789259
-0.04658788
-0.04460257
-0.04186166
-0.03895482
-0.03666486
-0.03415689
-0.03154674
-0.02860956
-0.02594128
-0.02352786
-0.02029505
-0.01596654
-0.01086363
-0.006573649
-0.003862893
-0.00239243
-0.001301514
-1.212264e-06
0.0009845399
0.00126443
0.001138151
0.001024636
0.001064769
0.001136129
0.001153375
0.001129694
0.001101083
0.001088576
0.001091318
0.0009337022
-0.0003272624
-0.001908538
-0.003731074
-0.006163441
-0.008909578
-0.01109407
-0.01237291
-0.01270007
-0.01271713
-0.01389393
-0.01552051
-0.01683913
-0.01808633
-0.01986939
-0.02138857
-0.02286023
-0.02390034
-0.02407798
-0.02384027
-0.02372149
-0.02392592
-0.02482781
-0.02625389
-0.02713076
-0.02708132
-0.02684687
-0.02785211
-0.02868354
-0.02794983
-0.02668608
-0.0254695
-0.02362305
-0.02079002
-0.01646777
-0.01149598
-0.007021746
-0.003167124
0.0005205127
0.00396309
0.007674291
0.01255385
0.01832572
0.0236504
0.02835999
0.03219439
0.0358
0.03904627
0.04121086
0.04234699
0.04267851
0.04301161
0.04442987
0.04618951
0.04794648
0.04883215
0.04834081
0.04619481
0.04347754
0.04188238
0.04056054
0.03836738
0.03559308
0.03318886
0.03111469
0.02906229
0.0259494
0.02183285
0.01791379
0.01442605
0.01144063
0.008779993
0.006092612
0.003236131
0.0004774514
-0.001719176
-0.003890339
-0.006492322
-0.009069798
-0.01030445
-0.01013667
-0.009316925
-0.00788622
-0.006921438
-0.006970063
-0.007114101
-0.005807794
-0.00338365
-0.0001951191
0.00399511
0.007875163
0.01103651
0.01452569
0.01756912
0.01971002
0.0208766
0.02194305
0.02209324
0.02109695
0.01987502
0.01847062
0.01726656
0.01573195
0.01400032
0.01227763
0.01024117
0.008312222
0.006823122
0.005580677
0.004465618
0.003541634
0.002150299
0.001051712
0.000482812
-0.0006249427
-0.001669244
-0.001953391
-0.001738362
-0.00190424
-0.003507405
-0.005949584
-0.008441769
-0.01006763
-0.01033879
-0.009905997
-0.009294686
-0.008085643
-0.006998508
-0.006272324
-0.006206171
-0.007346517
-0.009793577
-0.01263486
-0.01461984
-0.01586825
-0.01765165
-0.02039026
-0.02355586
-0.02657126
-0.02947106
-0.03277558
-0.03626989
-0.0398874
-0.04317149
-0.04594995
-0.04816074
-0.04929117
-0.0500661
-0.05147321
-0.05364456
-0.05506731
-0.05491308
-0.05310482
-0.04967722
-0.04494672
-0.04024855
-0.03619136
-0.03273093
-0.02984522
-0.02716353
-0.02435299
-0.02194604
-0.02104404
-0.02075162
-0.01961476
-0.01795847
-0.01583911
-0.01367841
-0.01156215
-0.009639038
-0.007376387
-0.004572702
-0.001591244
0.0009576594
0.002616082
0.004142818
0.006308106
0.008773918
0.01150356
0.01434733
0.01711801
0.01979079
0.02248468
0.02526203
0.02807468
0.03051778
0.03253692
0.03451408
0.03658455
0.03878939
0.04097422
0.04349484
0.04633572
0.04923297
0.05202968
0.05474887
0.05745493
0.06019051
0.06294818
0.06506403
0.06655583
0.06763477
0.06798554
0.06790191
0.06793672
0.06905695
0.07068639
0.07133471
0.07044991
0.06800413
0.0638501
0.05833612
0.05198561
0.04475563
0.03722776
0.0300992
0.02292419
0.01587943
0.008794905
0.00138865
-0.005853327
-0.01226572
-0.0173079
-0.02119264
-0.02354636
-0.02496304
-0.02612021
-0.02661332
-0.02571362
-0.02397374
-0.02133103
-0.01787365
-0.01284319
-0.006733739
-0.00088382
0.003835164
0.007593991
0.01068833
0.01331834
0.01474915
0.01489238
0.01462816
0.01445128
0.0134447
0.01227381
0.01193652
0.01222501
0.0125052
0.0123228
0.01086698
0.009144513
0.007473924
0.006326552
0.004919663
0.002528754
5.600874e-06
-0.002434523
-0.005574254
-0.009027944
-0.01215966
-0.01551554
-0.0194398
-0.02314351
-0.02679979
-0.0314501
-0.0372243
-0.04388535
-0.05087905
-0.05716929
-0.06264353
-0.06812786
-0.07305873
-0.07660338
-0.07920947
-0.08144739
-0.08297223
-0.08443612
-0.08544803
-0.08566906
-0.0854965
-0.08503928
-0.08374695
-0.08230514
-0.08078272
-0.07956765
-0.07804286
-0.07625898
-0.07445784
-0.0725277
-0.07108318
-0.06953372
-0.06780049
-0.06638867
-0.06586678
-0.06602608
-0.06624479
-0.06620944
-0.06601313
-0.06550986
-0.06411601
-0.06294665
-0.06243191
-0.06145189
-0.06012308
-0.05824378
-0.05632233
-0.05464708
-0.05256377
-0.0496552
-0.04588066
-0.04206399
-0.03896059
-0.03589579
-0.031907
-0.02723919
-0.02143678
-0.01525554
-0.00896011
-0.00217224
0.003872019
0.008359237
0.01119654
0.01255009
0.01433915
0.01761397
0.02159214
0.02449903
0.02661898
0.028884
0.03136057
0.03335065
0.03503729
0.03729457
0.03965702
0.04120334
0.04297818
0.04536139
0.04745514
0.04890483
0.05006161
0.05103489
0.051971
0.05341064
0.05436307
0.05498679
0.05644487
0.05832667
0.06024754
0.06203055
0.06301712
0.06382563
0.06532151
0.06764783
0.06975069
0.07086782
0.0711744
0.07129289
0.0709459
0.06993701
0.06758263
0.06450082
0.06155644
0.05894802
0.05642358
0.05374513
0.0508902
0.048348
0.04669153
0.04596595
0.04595685
0.04682698
0.04829003
0.04895028
0.04944347
0.05058359
0.05211144
0.0537533
0.05519051
0.05732854
0.06015755
0.06278091
0.064821
0.0666171
0.06814496
0.06954901
0.07135082
0.07325122
0.07437041
0.07448921
0.07334569
0.07124376
0.06780519
0.06270776
0.05686109
0.05121786
0.04593657
0.04029193
0.03364479
0.02600647
0.01765519
0.00949525
0.001528819
-0.006965938
-0.01528234
-0.0229893
-0.03043843
-0.03759225
-0.04416965
-0.04993411
-0.05498031
-0.05973154
-0.06495188
-0.06996045
-0.07388809
-0.07712406
-0.07991712
-0.08223259
-0.08389465
-0.08484103
-0.0850487
-0.08493478
-0.08452311
-0.08345293
-0.0812355
-0.07786998
-0.07453518
-0.07178824
-0.0693128
-0.06599853
-0.06163086
-0.05704469
-0.05274628
-0.04958395
-0.04716749
-0.04468464
-0.04177544
-0.03793473
-0.03338915
-0.02891527
-0.02360676
-0.01733205
-0.0104433
-0.002961601
0.004303639
0.01077991
0.01669041
0.02227672
0.0266294
0.02957618
0.03165742
0.03325806
0.03510353
0.03706296
0.03835687
0.03881857
0.03827787
0.03743651
0.03717633
0.03744868
0.03767649
0.03715441
0.03574967
0.03398671
0.03196891
0.02993233
0.02795797
0.02647982
0.0251486
0.0233851
0.02156257
0.01959844
0.0175223
0.01530351
0.01269511
0.009832838
0.007048157
0.00480593
0.002892515
0.001438353
7.661387e-05
-0.001250769
-0.002315239
-0.003417472
-0.004331827
-0.005538071
-0.006849912
-0.00745464
-0.008420018
-0.009792518
-0.01169185
-0.01433818
-0.01727842
-0.02005333
-0.0220443
-0.02336254
-0.02498394
-0.02647836
-0.02810433
-0.02930725
-0.02969902
-0.03067959
-0.03191793
-0.03249573
-0.03291976
-0.03339959
-0.03410609
-0.03424286
-0.03433032
-0.03484239
-0.03643297
-0.03862972
-0.04095838
-0.04294597
-0.04479748
-0.04606857
-0.04737143
-0.04844943
-0.04876436
-0.04861266
-0.0483206
-0.04729195
-0.04713701
-0.04692063
-0.04510041
-0.04134729
-0.03646235
-0.03150664
-0.02750823
-0.02374951
-0.01995143
-0.01563387
-0.01167049
-0.008662473
-0.006191991
-0.003621899
-0.0007455518
0.002254979
0.004986796
0.006892244
0.008127964
0.00911084
0.009651215
0.009732117
0.00963524
0.009604443
0.009826118
0.01092667
0.01312136
0.01513046
0.01572874
0.01545051
0.01583805
0.01711608
0.0181123
0.0182548
0.01792194
0.01736642
0.01634038
0.01522162
0.01452553
0.01399685
0.01351389
0.01250576
0.01121853
0.01004241
0.008376422
0.006589792
0.005088556
0.004090904
0.003571333
0.003264869
0.003868248
0.005029111
0.005880917
0.006449742
0.006605244
0.006503957
0.006729719
0.007855589
0.009531125
0.0114545
0.0135646
0.01501369
0.01553007
0.01590344
0.01595738
0.01542848
0.01528448
0.01633179
0.01782875
0.0184847
0.01850814
0.01909757
0.02027599
0.02104445
0.02142325
0.02233995
0.02385803
0.02554514
0.0273915
0.02902859
0.02995444
0.03085858
0.03174354
0.03138162
0.029787
0.02839041
0.02695193
0.02474684
0.02191967
0.01899051
0.01626497
0.01401086
0.01211969
0.01051902
0.009153884
0.007334565
0.005112719
0.002449724
-0.0004098184
-0.002849553
-0.004778411
-0.00664188
-0.008252775
-0.008917792
-0.008754125
-0.008931932
-0.009350582
-0.009626251
-0.009658308
-0.0095938
-0.009943621
-0.01110852
-0.01231842
-0.01228618
-0.01078812
-0.009240698
-0.008367497
-0.007573724
-0.006410594
-0.004876174
-0.00284578
-0.001109998
0.0002773039
0.001431009
0.002329636
0.00342197
0.004286575
0.003993292
0.00249318
0.0002340687
-0.001945674
-0.00345602
-0.004908941
-0.006187559
-0.007123831
-0.008205619
-0.00906483
-0.008884024
-0.008515565
-0.008821589
-0.009801032
-0.01129313
-0.01329179
-0.01536446
-0.01688834
-0.01800334
-0.01911545
-0.01982945
-0.01890442
-0.01613421
-0.01238562
-0.009239352
-0.007173819
-0.005214028
-0.00311482
-0.0007683271
0.001953641
0.004425836
0.006607836
0.008952673
0.01075012
0.0120958
0.01274668
0.01248813
0.0126265
0.01347114
0.01465912
0.01603547
0.01740645
0.01869813
0.01949326
0.01960447
0.01944461
0.01939453
0.01951433
0.01961157
0.01911005
0.01773244
0.01551246
0.0127093
0.009779937
0.006649075
0.003862839
0.001734412
0.0004365943
-0.0002961162
-0.00131538
-0.002374879
-0.003312123
-0.00444631
-0.005328561
-0.005617703
-0.006427111
-0.007815656
-0.009180582
-0.01044333
-0.01106695
-0.01095722
-0.01067275
-0.01066819
-0.01080676
-0.01019586
-0.008172626
-0.005777307
-0.004081142
-0.003086638
-0.00276172
-0.002687023
-0.00157571
-0.0005986353
-0.0001801519
-0.0006553058
-0.001911814
-0.002332833
-0.00227107
-0.002349128
-0.002568328
-0.003456846
-0.005702558
-0.009335308
-0.01313196
-0.01664278
-0.0196064
-0.02161467
-0.02352565
-0.02614351
-0.02919316
-0.03158316
-0.03290263
-0.03321647
-0.03303323
-0.0327459
-0.03158431
-0.03044989
-0.03023656
-0.03095657
-0.03261625
-0.03415477
-0.03571559
-0.03727073
-0.03844609
-0.03885003
-0.03871648
-0.03821575
-0.03690807
-0.0358593
-0.03576513
-0.03580318
-0.03465781
-0.03297095
-0.03079846
-0.02810106
-0.0252379
-0.02247711
-0.0197286
-0.01702275
-0.01476762
-0.01243454
-0.009710314
-0.006791856
-0.00390788
-0.0008581001
0.002339213
0.004587228
0.006135535
0.00770158
0.008586184
0.008936013
0.009227819
0.00925825
0.009926607
0.01112926
0.01180278
0.01169699
0.01131667
0.01172645
0.01367494
0.01605273
0.01819617
0.01967267
0.01996497
0.02035742
0.02171235
0.0235005
0.02523092
0.02658694
0.02819858
0.02985766
0.0317254
0.03424096
0.03718963
0.04013012
0.04286288
0.04513292
0.047056
0.04904892
0.05115954
0.05302066
0.05451008
0.05577234
0.05627243
0.05669162
0.05776936
0.05897126
0.06031828
0.06148206
0.06128176
0.05981685
0.05854476
0.05836914
0.05885757
0.05922817
0.05908734
0.05782365
0.05611384
0.05442346
0.05218613
0.0494209
0.04652191
0.04373473
0.04104206
0.03827824
0.03492824
0.0308433
0.0269609
0.02394266
0.02123936
0.01831584
0.01473748
0.01110137
0.008134216
0.006159307
0.004273559
0.001764052
-0.000624304
-0.002203042
-0.002849742
-0.003907773
-0.005125122
-0.005580748
-0.005405622
-0.00517414
-0.005181271
-0.005379966
-0.005551584
-0.005577481
-0.005512169
-0.005455937
-0.005528255
-0.006224956
-0.007537217
-0.008433166
-0.008453352
-0.00809224
-0.007905525
-0.008178339
-0.009674706
-0.0112791
-0.01238722
-0.01367803
-0.01591913
-0.0185544
-0.02023796
-0.02178149
-0.02377358
-0.02539496
-0.02687919
-0.02775466
-0.02782428
-0.02760216
-0.02754258
-0.02769022
-0.02785795
-0.02755561
-0.02594863
-0.02360536
-0.02119513
-0.01922352
-0.01753784
-0.0167064
-0.0165678
-0.01629259
-0.01617639
-0.01595561
-0.0161455
-0.01657161
-0.01676921
-0.01670342
-0.01658195
-0.01655007
-0.01660105
-0.01665904
-0.01667675
-0.01665571
-0.0160803
-0.01456935
-0.0132473
-0.01220843
-0.01136364
-0.01048361
-0.009040999
-0.008118396
-0.008087382
-0.008402888
-0.008518826
-0.008348302
-0.008710832
-0.01072874
-0.01332273
-0.0149848
-0.01638157
-0.0178181
-0.01896331
-0.01933648
-0.0191617
-0.01846098
-0.01707608
-0.01596239
-0.0150193
-0.01359665
-0.01172105
-0.01073364
-0.01083656
-0.01124191
-0.01106957
-0.009837713
-0.008334924
-0.008012304
-0.009315026
-0.01100554
-0.01162502
-0.01122867
-0.01070222
-0.01059499
-0.01082099
-0.0105228
-0.009127043
-0.00746106
-0.00552242
-0.003799046
-0.002213631
-4.218704e-05
0.002793209
0.005820607
0.008406096
0.01033555
0.01219673
0.01391307
0.01540735
0.01654408
0.01695744
0.01682741
0.01665797
0.01614658
0.01480479
0.01386531
0.01384678
0.01422347
0.01441192
0.01429831
0.01409492
0.01395932
0.0132143
0.01175294
0.01097047
0.01111066
0.01077163
0.009376901
0.008343978
0.007861959
0.007070308
0.006074537
0.005232335
0.004201764
0.00322409
0.002145545
0.0007726237
7.785586e-05
-0.0001843207
-0.0002708322
0.0001307491
0.0004598733
0.000442303
0.0002595889
0.0001534421
0.0001837583
0.0002661824
0.0003120133
0.0002853377
-0.0001241895
-0.001241967
-0.002399051
-0.002748791
-0.002512764
-0.003000794
-0.004533042
-0.005596325
-0.006399794
-0.007942188
-0.01012992
-0.01245643
-0.01452381
-0.01609569
-0.01649547
-0.01618805
-0.01599754
-0.01615727
-0.01643507
-0.0165607
-0.01612659
-0.01486881
-0.01286303
-0.01058181
-0.008899724
-0.007726071
-0.006190739
-0.00402113
-0.001697413
0.0004871985
0.002471636
0.004452548
0.006129513
0.007874591
0.009945772
0.01211887
0.01388765
0.01436268
0.01400829
0.01371046
0.01378916
0.01366267
0.01257804
0.01081715
0.009064907
0.007244572
0.005745495
0.004376986
0.002656974
0.0009733883
6.685655e-05
8.219162e-05
0.0003823321
0.0004511344
0.0002449211
0.0001698097
0.00121106
0.002791631
0.003575533
0.004304066
0.005293246
0.005842327
0.006300786
0.006856554
0.007092312
0.00657306
0.005696662
0.004813729
0.003657695
0.001558003
-0.001273723
-0.003115821
-0.004317717
-0.005026482
-0.005163244
-0.005067392
-0.005057247
-0.005185992
-0.005240387
-0.004570827
-0.003195764
-0.002240744
-0.002208647
-0.002424683
-0.001360139
0.0001937545
0.000802424
0.0005388939
0.0001211189
9.506611e-05
0.001014625
0.002549305
0.003472257
0.003405918
0.003006408
0.002614506
0.001381445
0.0002020074
-3.041875e-05
0.000344231
0.0006728198
0.0006628921
0.0004419987
0.0002380665
0.0001886072
0.0002545821
-3.321141e-05
-0.001402816
-0.0026665
-0.003263682
-0.004255327
-0.005359111
-0.006303012
-0.006914837
-0.007197618
-0.006279744
-0.00514703
-0.004855339
-0.005207434
-0.005194243
-0.00382985
-0.002052391
-0.0003026291
0.001102992
0.002455523
0.00365643
0.00509373
0.00620677
0.007256807
0.008283647
0.009297363
0.01073253
0.01161479
0.01164871
0.01139591
0.01159142
0.01273226
0.01413996
0.01473295
0.01447047
0.01379975
0.01273371
0.01167768
0.01133352
0.01129277
0.01052349
0.009238219
0.008253101
0.007857087
0.00765482
0.006735713
0.006006426
0.005901345
0.006077175
0.005438996
0.003856158
0.002889327
0.002956978
0.003402541
0.0036409
0.004284386
0.005619284
0.006775614
0.007854556
0.009094583
0.01048126
0.01156634
0.01258649
0.01390203
0.01459134
0.01453559
0.01427685
0.01421828
0.01434138
0.01408399
0.01294313
0.01172659
0.01134325
0.01174752
0.01308526
0.01444408
0.01386809
0.01185299
0.009212144
0.006699203
0.005568556
0.004936057
0.003951164
0.0024142
0.001205986
-0.0001242628
-0.001861793
-0.003615847
-0.004910274
-0.005230174
-0.00544091
-0.005982142
-0.006406398
-0.006460976
-0.005876987
-0.005077368
-0.004781866
-0.004958638
-0.005190435
-0.00522251
-0.0050715
-0.00495833
-0.004971884
-0.005037474
-0.00507691
-0.005072771
-0.005133592
-0.005671336
-0.005668134
-0.004372095
-0.001941179
0.0003118734
0.001177265
0.001275427
0.0008275406
0.0003381511
0.0001529214
-0.0008270345
-0.002193134
-0.003853798
-0.004985258
-0.005264238
-0.00618964
-0.007395634
-0.007877882
-0.007717386
-0.007467425
-0.007441847
-0.007584822
-0.007706584
-0.007689177
-0.007629154
-0.007568464
-0.007491825
-0.007526585
-0.008243305
-0.009604527
-0.01052002
-0.01069185
-0.01157621
-0.0129954
-0.01496679
-0.01699642
-0.01871007
-0.02039108
-0.02164825
-0.02299951
-0.0239459
-0.02446128
-0.02559748
-0.02668718
-0.0269928
-0.02676537
-0.02654825
-0.02657217
-0.02672938
-0.02684034
-0.02684248
-0.02677389
-0.02650305
-0.02558617
-0.0242895
-0.0234175
-0.02265337
-0.02168645
-0.02107667
-0.02103117
-0.0212026
-0.02127583
-0.02121758
-0.02073462
-0.01927058
-0.01804395
-0.01789175
-0.01799755
-0.01691605
-0.01544536
-0.01415418
-0.01276957
-0.01102411
-0.009593656
-0.007828216
-0.005396697
-0.003215424
-0.001564764
0.0004166737
0.003088572
0.005909078
0.00792493
0.009313226
0.01124778
0.01372339
0.01551117
0.01687444
0.0177366
0.01859708
0.0197149
0.02040774
0.02011522
0.01833677
0.0161268
0.01437059
0.01246623
0.009903532
0.007112127
0.004677258
0.00219014
0.0005579071
-9.654388e-06
0.0004946654
0.001125295
0.00115905
0.000772827
0.0005011437
0.0005294121
0.000695698
0.0008031471
0.0006178684
-0.000310262
-0.001644078
-0.002506584
-0.003254182
-0.004185942
-0.00476115
-0.004785144
-0.004574191
-0.004479018
-0.004564166
-0.004689575
-0.004546177
-0.003598658
-0.002559398
-0.003195605
-0.004547454
-0.00511945
-0.00479832
-0.004306286
-0.003965177
-0.003209086
-0.002056441
-0.001388302
-0.001439206
-0.001706385
-0.001731744
-0.001516984
-0.001299038
-0.001201244
-0.001224978
-0.001288006
-0.001594015
-0.002606615
-0.003835479
-0.004322528
-0.004116096
-0.00378292
-0.004282665
-0.005977039
-0.00717546
-0.007198636
-0.006694814
-0.006411178
-0.006518746
-0.006786507
-0.007244484
-0.007724894
-0.007410774
-0.006832882
-0.006609728
-0.006741378
-0.006380867
-0.004927782
-0.003252909
-0.001371275
0.0003023581
0.001883999
0.004077429
0.006926277
0.00967802
0.01177859
0.01363602
0.01555826
0.01745592
0.0189868
0.02034045
0.02088216
0.02076342
0.02056774
0.02060008
0.02074132
0.0200996
0.01857754
0.01767387
0.0177611
0.01818977
0.0183311
0.01744375
0.01575372
0.01485197
0.01502763
0.01554883
0.01578741
0.01565132
0.01541402
0.01527204
0.01454429
0.01306272
0.01150976
0.01015048
0.009776052
0.0108269
0.01265513
0.01350462
0.01317525
0.01260715
0.01248461
0.01274158
0.01305054
0.01390218
0.01542233
0.01700525
0.01840981
0.01897833
0.01977837
0.02100656
0.02172627
0.0222346
0.02274599
0.02290944
0.02239301
0.02160702
0.02131641
0.0214787
0.02118318
0.01988109
0.01759181
0.01474548
0.01239517
0.01099677
0.009623463
0.008287516
0.007636993
0.006673867
0.005349793
0.004619677
0.003716469
0.002529282
0.001921982
0.001471278
0.0004750239
-0.0006320144
-0.002027736
-0.003875545
-0.005633269
-0.007520906
-0.009987982
-0.01283214
-0.01520138
-0.01672756
-0.01832835
-0.02080894
-0.02385959
-0.02638931
-0.02783323
-0.0283809
-0.02927652
-0.03061454
-0.0313237
-0.03128478
-0.0309238
-0.02982006
-0.02832473
-0.02677121
-0.02546976
-0.02407335
-0.02153498
-0.01838942
-0.01648348
-0.01513303
-0.0131185
-0.01139942
-0.009844249
-0.008782392
-0.008394338
-0.007312768
-0.005995839
-0.005486937
-0.00568161
-0.005966456
-0.005913873
-0.005121817
-0.004188704
-0.003415233
-0.003577299
-0.004321785
-0.004628561
-0.003987571
-0.004042569
-0.003856685
-0.003102991
-0.002651334
-0.00270414
-0.002926182
-0.003098299
-0.003574995
-0.003624396
-0.003785702
-0.004765673
-0.005710523
-0.005764516
-0.004282801
-0.00253001
-0.00090442
4.637705e-06
0.0001058016
0.0009960878
0.00231356
0.002950378
0.002824271
0.002501682
0.002252484
0.001170583
-0.0002019475
-0.001810248
-0.002964169
-0.003273101
-0.00415567
-0.00529047
-0.005098432
-0.003641557
-0.00251723
-0.002315391
-0.001550303
-0.0004418067
-0.0001258893
-0.00151774
-0.003327446
-0.005015388
-0.00592933
-0.005835914
-0.005439025
-0.005334674
-0.005464036
-0.004994151
-0.003735924
-0.00276683
-0.002665423
-0.003002806
-0.003046983
-0.001871778
-0.001370829
-0.001021818
-0.0003893144
-0.0001392097
-0.000813244
-0.001739934
-0.002598737
-0.00304716
-0.002983003
-0.002775009
-0.002724422
-0.002835688
-0.003124977
-0.004428511
-0.005810438
-0.006164073
-0.005781979
-0.005425271
-0.00543448
-0.005657951
-0.00582684
-0.005673451
-0.004332012
-0.00285511
-0.002452223
-0.002846501
-0.003236212
-0.003243841
-0.003015153
-0.002833767
-0.002816178
-0.002894935
-0.002960174
-0.002966827
-0.002938315
-0.002914594
-0.002747672
-0.00149391
-8.673783e-05
0.0003927398
0.0007299274
0.001625509
0.002637579
0.003960328
0.005381547
0.006848463
0.008213054
0.009592268
0.01079724
0.01118203
0.01099525
0.01080804
0.01086356
0.01104546
0.01106412
0.01004297
0.008406276
0.00672219
0.005499161
0.00530058
0.005649379
0.005862891
0.00574401
0.005503023
0.005372886
0.005397195
0.005581434
0.006648848
0.008115824
0.008708069
0.008440252
0.008042706
0.007971921
0.00816609
0.008308082
0.007792303
0.006480585
0.005363903
0.00516251
0.005511811
0.00577821
0.005731718
0.005533458
0.005404203
0.005409787
0.005378063
0.004405548
0.002930163
0.002284619
0.002519325
0.002920882
0.002948688
0.002087503
0.0005329113
-0.0004591809
-0.0005892301
-0.001406283
-0.002603759
-0.00312668
-0.002820503
-0.00129493
0.0001630679
0.0004225815
-7.827897e-05
-0.0004749786
-0.0004337979
-0.0001663397
1.827551e-05
1.866745e-05
-7.397472e-05
-0.0001403419
-0.0001407232
-0.0001071681
-8.275877e-05
-8.20389e-05
-9.359996e-05
-0.0001019034
-0.0001016761
-9.69925e-05
-9.346203e-05
-9.301255e-05
-9.418481e-05
-9.493692e-05
-9.459129e-05
-9.364388e-05
-9.283943e-05
-9.241837e-05
-9.24515e-05
7.181537e-05
0.001335791
0.002751657
0.003150075
0.002783522
0.002415765
0.002491924
0.003342545
0.004223895
0.004357923
0.003467475
0.002513441
0.002305218
0.002461177
0.001491359
-7.37895e-05
-0.001891641
-0.003065796
-0.003110606
-0.003042334
-0.004230207
-0.005623683
-0.006085755
-0.005799341
-0.005455929
-0.005417796
-0.005416041
-0.0048799
-0.004108065
-0.003250001
-0.002774082
-0.002449623
-0.001261567
-8.662021e-05
0.0005755473
0.00167367
0.002646955
0.002879642
0.002659933
0.002488891
0.002544515
0.002702524
0.002798724
0.002805641
0.003160514
0.004540478
0.00573342
0.005905462
0.005860373
0.0069606
0.008257081
0.008684209
0.008421351
0.008470213
0.009829762
0.01123349
0.01158636
0.0110267
0.00997542
0.009136342
0.00850493
0.008297847
0.008413875
0.008529145
0.008488955
0.008087798
0.006975976
0.005698049
0.005224334
0.005515577
0.005886257
0.005932441
0.005739856
0.005559583
0.004973065
0.003537083
0.002553136
0.002548059
0.002958003
0.003165021
0.003049185
0.002835863
0.002733609
0.002767092
0.002840503
0.00260317
0.002118643
0.002319434
0.002821597
0.003051387
0.002959424
0.002810249
0.003501866
0.005108566
0.00605605
0.005994674
0.006311417
0.007652401
0.008642963
0.008731576
0.008390313
0.008161572
0.008211829
0.008415732
0.008546695
0.008536521
0.008463242
0.008415973
0.008395172
0.008394791
0.008409426
0.008388481
0.008359479
0.008348687
0.008315704
0.007547295
0.006015614
0.005149054
0.004876092
0.00418215
0.003187361
0.00230051
0.001212803
0.0002240783
-0.0001871271
-0.001025428
-0.00231348
-0.002963395
-0.002963869
-0.00368951
-0.005085639
-0.005843152
-0.005746084
-0.005391187
-0.005264473
-0.005396177
-0.005571596
-0.005634983
-0.005591775
-0.005528226
-0.005504169
-0.005518757
-0.005541099
-0.005495161
-0.004892513
-0.003587784
-0.002550636
-0.002374574
-0.002146272
-0.001118808
2.419195e-05
0.0009401828
0.001972401
0.002824743
0.00356261
0.004632477
0.005560629
0.005711922
0.004505825
0.002867373
0.002286559
0.002680669
0.003174437
0.003253357
0.003017086
0.002790897
0.002579786
0.001396716
6.32029e-05
-0.0003104216
-9.047992e-05
-0.0009645396
-0.002365497
-0.003066226
-0.003588343
-0.004573957
-0.005394401
-0.005563035
-0.005279818
-0.00450548
-0.003769291
-0.003155689
-0.003340789
-0.00410412
-0.005073632
-0.005643669
-0.00557831
-0.005290709
-0.005177045
-0.005281802
-0.005515891
-0.006292289
-0.007600882
-0.008453578
-0.008445725
-0.008088473
-0.007920152
-0.00803417
-0.008225815
-0.008313443
-0.008280571
-0.008212403
-0.008179788
-0.008190539
-0.008214486
-0.008143816
-0.007425656
-0.006077011
-0.005165649
-0.005151351
-0.005357517
-0.004276227
-0.002714572
-0.002108044
-0.002370496
-0.00266246
-0.002093101
-0.00138027
-0.001502949
-0.001713989
-0.002143351
-0.002557949
-0.002628931
-0.002803198
-0.004032888
-0.005270547
-0.005572118
-0.005595388
-0.006677776
-0.007927501
-0.008331062
-0.008070093
-0.007415625
-0.00601624
-0.004952788
-0.004884336
-0.005300979
-0.005539534
-0.005254292
-0.004155081
-0.002725895
-0.002031448
-0.002206767
-0.002587102
-0.002651669
-0.002442263
-0.002237347
-0.00218707
-0.002262649
-0.002367185
-0.002390082
-0.002376399
-0.002013425
-0.0006348617
0.0005906976
0.0007945878
0.0003909774
-0.0001850134
-0.0008802921
-0.0009280079
-0.0003719989
-0.0001496284
0.0001239489
0.000331098
0.0003412767
0.000263689
0.0002110096
0.0001928982
0.000227123
0.0003029595
0.0003246505
-1.838579e-05
-0.001112737
-0.002401666
-0.00291521
-0.002987469
-0.003737352
-0.005001053
-0.005714787
-0.006214699
-0.007414194
-0.008354645
-0.009062452
-0.01032067
-0.01120604
-0.01131268
-0.01140446
-0.01168776
-0.01180918
-0.01184205
-0.01144292
-0.01109222
-0.01101272
-0.01034087
-0.00884347
-0.007913576
-0.007237398
-0.006138456
-0.005416289
-0.004971766
-0.00405991
-0.002980962
-0.002460885
-0.001796365
-0.000492213
0.0003403062
0.0003848195
0.0001269211
0.0003917884
0.0009498722
0.001295093
0.002154741
0.003109674
0.003448752
0.00327118
0.003082545
0.003124505
0.003288265
0.003439825
0.00361927
0.004157151
0.004486235
0.005000755
0.005603028
0.005938552
0.005759322
0.004722861
0.003742562
0.003480885
0.002843565
0.001693799
0.001050355
0.0006071187
-0.0003178934
-0.001291762
-0.002142711
-0.003239132
-0.004684395
-0.00616174
-0.006936924
-0.007504764
-0.008484223
-0.009288791
-0.009426045
-0.009157695
-0.008961476
-0.009000141
-0.009103792
-0.00913871
-0.009107989
-0.008899692
-0.007609667
-0.00615406
-0.005553651
-0.004642431
-0.003560321
-0.003208295
-0.003972148
-0.004880654
-0.00499545
-0.004037303
-0.003029446
-0.002806678
-0.003101925
-0.003363571
-0.003366252
-0.003296967
-0.003890599
-0.005210329
-0.006121097
-0.006127609
-0.005750493
-0.005476396
-0.004947201
-0.00425338
-0.003455805
-0.002992879
-0.003003688
-0.003172134
-0.003209559
-0.003081851
-0.002621978
-0.001403902
-0.000694743
-0.0004500381
-0.0003614579
-0.0001448314
0.0007381589
0.002067585
0.003005845
0.003810407
0.004773854
0.005359714
0.005389307
0.005231488
0.005229077
0.005371559
0.005497068
0.00552436
0.005485139
0.005445662
0.005438555
0.005466794
0.005531143
0.005578253
0.005580569
0.005561324
0.005549953
0.005554086
0.005561587
0.005207363
0.003823318
0.002588282
0.002378786
0.002779487
0.003077141
0.002747306
0.001775714
0.001131965
0.001462362
0.002545304
0.003217267
0.003119211
0.002772351
0.002624499
0.002721087
0.002878466
0.002947958
0.002920168
0.002863043
0.002540868
0.001748861
0.001504868
0.002292896
0.003327427
0.004220702
0.0044697
0.004498246
0.005045362
0.005597045
0.005741483
0.005655857
0.005858894
0.006906153
0.008247442
0.0088241
0.008616578
0.008263982
0.008190098
0.008357363
0.008534622
0.008860855
0.009835685
0.01104926
0.01156562
0.01137757
0.0110635
0.01045497
0.009112081
0.008222656
0.008237543
0.008065088
0.007010348
0.006307379
0.005578356
0.004376369
0.00314173
0.002668404
0.002577446
0.001811136
0.0005446254
-0.0001594841
-9.652142e-05
0.0002130229
0.0003291255
0.0002144907
5.678828e-05
-5.513131e-06
-0.0002468724
-0.000944403
-0.001721436
-0.002213543
-0.001511514
-0.0001375486
0.0005608463
0.000364275
-7.53247e-05
-0.0002309764
-8.241903e-05
0.0001194009
0.0001939733
0.0001462602
7.455574e-05
9.213944e-06
-0.0007113134
-0.001442693
-0.0007438539
0.0002304114
0.0005192443
0.0002397185
-3.361359e-05
0.0006894292
0.002358042
0.003331894
0.003260114
0.003555761
0.004885632
0.005877843
0.005991789
0.006023968
0.006218536
0.006356057
0.007179522
0.007927727
0.007633561
0.007001598
0.00637934
0.005769357
0.005568713
0.005704277
0.005850488
0.005841765
0.005736113
0.005654419
0.005646454
0.005681795
0.005711441
0.005676781
0.004888668
0.003344831
0.002498994
0.002677311
0.003890722
0.005582252
0.00626895
0.005919285
0.005368032
0.004485476
0.003185655
0.002583851
0.002781512
0.00313771
0.003208284
0.00302867
0.002843151
0.00279496
0.002853484
0.002920079
0.002938425
0.002937258
0.003282582
0.003674184
0.003744376
0.004436976
0.005848656
0.006717724
0.006243043
0.005466116
0.004882529
0.004739438
0.00492892
0.004769163
0.004948216
0.005534659
0.005824287
0.005310456
0.004852443
0.004652734
0.003990122
0.003616407
0.003555624
0.003342795
0.003609615
0.004225834
0.004064825
0.003237684
0.002717553
0.002771355
0.00304614
0.003185256
0.003126786
0.003006323
0.002943774
0.002925956
0.002916713
0.002916405
0.002919198
0.002918211
0.002913518
0.00290932
0.002908236
0.002909544
0.002917048
0.002962881
0.003013262
0.003027179
0.003014126
0.002995491
0.002950553
0.002908055
0.002900193
0.002914065
0.002924702
0.002922908
0.002915087
0.002910091
0.002910491
0.002913672
0.002751769
0.001488401
7.218332e-05
-0.0003263142
4.084473e-05
0.0004094453
0.000414861
1.777195e-05
-0.000668211
-0.0007901103
-0.001061163
-0.001953902
-0.00286756
-0.003887577
-0.005010246
-0.005588323
-0.005530429
-0.005647601
-0.006934344
-0.00825467
-0.008595118
-0.008249092
-0.007919578
-0.007920492
-0.008115285
-0.007920395
-0.00676286
-0.005982337
-0.005835177
-0.006253737
-0.006386974
-0.006402329
-0.005977577
-0.005723327
-0.00603468
-0.006201412
-0.006282896
-0.005867635
-0.005415314
-0.005307335
-0.005444379
-0.005573036
-0.005577862
-0.005507062
-0.005450569
-0.005439691
-0.004908128
-0.003430483
-0.002940137
-0.004416673
-0.005890611
-0.006136845
-0.005594809
-0.005145391
-0.005149724
-0.005729131
-0.006699188
-0.007205305
-0.007465184
-0.007937085
-0.008230209
-0.008210041
-0.008099262
-0.008074456
-0.008134899
-0.008198184
-0.008214122
-0.008193047
-0.008169408
-0.008162846
-0.008169981
-0.008178205
-0.008180257
-0.008196513
-0.008600444
-0.00975421
-0.010944
-0.01129944
-0.01101513
-0.01071932
-0.0107185
-0.01090321
-0.01099897
-0.01050379
-0.00975394
-0.009849641
-0.01014578
-0.00948237
-0.008827818
-0.008578098
-0.008331814
-0.008249922
-0.008759048
-0.009476326
-0.009271121
-0.00837262
-0.007832417
-0.007912182
-0.00821705
-0.008364559
-0.008296506
-0.008170536
-0.008071134
-0.007429163
-0.006233017
-0.005885673
-0.005925144
-0.005766468
-0.005570398
-0.005472434
-0.005464044
-0.005481533
-0.005485005
-0.005391288
-0.004665677
-0.003323433
-0.002420946
-0.002245479
-0.00135003
-0.0001200504
0.000385709
0.0002150737
-5.854285e-05
6.953704e-05
0.00148517
0.003399416
0.005207998
0.006022348
0.005813363
0.005578195
0.006387854
0.007939664
0.008900414
0.008864524
0.008438779
0.008230824
0.00834516
0.008552204
0.008468912
0.007563273
0.00618185
0.005423845
0.005171974
0.004164699
0.003069045
0.002720786
0.00293035
0.00315477
0.002786057
0.001250474
-9.808629e-05
-0.0004950442
-0.0009136198
-0.001880093
-0.002648967
-0.002791701
-0.002599246
-0.002469921
-0.002522387
-0.002646245
-0.002714872
-0.002702326
-0.002658306
-0.002632793
-0.002636579
-0.002651978
-0.002660881
-0.002661942
-0.002934092
-0.003679471
-0.003925906
-0.003184889
-0.002445108
-0.002321123
-0.002592684
-0.002815235
-0.002533937
-0.00137762
-6.932653e-06
0.0005308922
0.0002786885
-8.681899e-05
-0.0001474573
3.57979e-05
0.0002150266
0.0002557698
0.000195159
0.0001258593
-0.0004452424
-0.001926699
-0.002951595
-0.002963299
-0.002537608
-0.002316149
-0.002429784
-0.002649019
-0.002754033
-0.002440838
-0.001333226
-1.775861e-05
0.0005043236
0.0002688927
-7.653277e-05
-0.000128561
0.0003294123
0.001531117
0.002845456
0.003319814
0.003050621
0.00271043
0.003225228
0.004590718
0.005032262
0.00487883
0.004865383
0.004929924
0.005424469
0.005843115
0.005907213
0.005769535
0.005647486
0.00529229
0.004983532
0.005373957
0.005862197
0.005986721
0.005832244
0.0056761
0.005657023
0.005730096
0.005775855
0.005417281
0.005013071
0.005334313
0.005822292
0.006008441
0.005933831
0.005808654
0.005771246
0.005792059
0.005796212
0.00578624
0.005776648
0.005771935
0.005808919
0.006584724
0.008118358
0.008944141
0.008401873
0.006833176
0.005875102
0.006444153
0.007388251
0.008141486
0.008642249
0.00867597
0.008479025
0.008374855
0.008443868
0.00857381
0.008675752
0.008663774
0.008133594
0.007313685
0.006484183
0.005784108
0.00466949
0.003316431
0.002237674
0.001181058
0.0004145165
0.0001464446
-0.0007221357
-0.002107194
-0.002809807
-0.002726498
-0.002444047
-0.002316656
-0.001889093
-0.0007964534
0.0002008867
0.0004261621
0.000154282
3.293021e-05
0.001091785
0.002737565
0.003473201
0.003302164
0.00347448
0.004059367
0.004528616
0.005191535
0.005778565
0.005911966
0.00576106
0.005640658
0.005586291
0.005136326
0.00496036
0.004284881
0.003767747
0.003423389
0.003101818
0.002987585
0.003024636
0.003065455
0.003046681
0.002998383
0.002886176
0.002174067
0.0008513324
-4.388024e-05
-5.917539e-05
0.0002209537
-0.000309455
-0.00175461
-0.002854602
-0.002963152
-0.002565916
-0.002312708
-0.002744328
-0.004331973
-0.005501456
-0.004820034
-0.00303932
-0.00197679
-0.002130948
-0.002726378
-0.003006714
-0.002860322
-0.002592219
-0.002468481
-0.002693049
-0.003479596
-0.004140656
-0.004229822
-0.00417522
-0.004700667
-0.005348149
-0.005574106
-0.005450648
-0.005295154
-0.005279356
-0.005527118
-0.006071958
-0.005652818
-0.003766313
-0.002406766
-0.003112804
-0.004993399
-0.006098939
-0.005914935
-0.005271755
-0.00496779
-0.004841916
-0.00409634
-0.002952205
-0.002370719
-0.002476845
-0.00275677
-0.002531479
-0.001317384
0.0001257477
0.0006715199
0.0004030935
-3.610259e-06
0.0001815173
0.001118078
0.002113663
0.0029209
0.002887718
0.001962406
0.001534364
0.002015448
0.001863749
0.0008143087
1.757506e-05
-4.516607e-05
0.000250642
0.0004334999
0.0003778187
0.000229402
0.0001466941
0.0001238389
-0.0005987558
-0.002101213
-0.002950353
-0.00283337
-0.002410475
-0.002289252
-0.00321477
-0.004957032
-0.005881463
-0.005697994
-0.005189327
-0.005002003
-0.00517483
-0.005452541
-0.00629913
-0.00736914
-0.006972843
-0.005614658
-0.004845783
-0.005003237
-0.005466793
-0.005672706
-0.005517581
-0.004540584
-0.002917959
-0.002110186
-0.002316855
-0.002782146
-0.002906598
-0.002335644
-0.001319513
-0.0003758672
0.0002646551
0.0002906673
-0.0004247367
-0.001326405
-0.002072342
-0.002647216
-0.00365504
-0.004519225
-0.004802632
-0.004548892
-0.004009756
-0.004249831
-0.005120319
-0.005650764
-0.005593248
-0.005315088
-0.005176751
-0.005237526
-0.005358938
-0.005417025
-0.005397004
-0.00535271
-0.005330674
-0.005336834
-0.005351926
-0.005359167
-0.005305496
-0.004840054
-0.004508221
-0.003915259
-0.002874818
-0.002292064
-0.002380827
-0.003082568
-0.003447394
-0.003480075
-0.004105242
-0.004465889
-0.003592848
-0.002400555
-0.001995275
-0.002290515
-0.002648975
-0.00270222
-0.002496918
-0.002283141
-0.002227694
-0.0022936
-0.002365215
-0.00228219
-0.00127104
0.0001790974
0.0007851673
0.00053408
0.0001383354
0.0001084288
0.0008539028
0.002291544
0.003387381
0.003511463
0.003117983
0.002859756
0.002935224
0.003150839
0.003278627
0.003264137
0.003240545
0.003654475
0.00388747
0.003488431
0.003069478
0.002993727
0.003144288
0.003273683
0.003277783
0.003209477
0.003156951
0.003154124
0.003179311
0.003199375
0.00320167
0.003111633
0.002467791
0.001639018
0.0008008454
0.0002711528
0.0002398015
0.0004511103
0.000531317
0.0004173107
0.0002755666
0.0001437155
-0.000536406
-0.001745108
-0.002084312
-0.002035527
-0.002193536
-0.002394362
-0.002495784
-0.002503559
-0.002483052
-0.002477059
-0.002487723
-0.002498896
-0.002665189
-0.003924118
-0.005170033
-0.004302202
-0.002520739
-0.001591677
-0.0006884617
0.0001418773
0.0003619552
0.0001978039
7.910828e-05
0.0001528244
0.0003032326
0.0003877167
0.0003760281
0.0003257833
0.000296154
0.0003009037
0.0003198932
0.0003317128
0.0003312125
0.0003255662
0.0003224928
0.0003237712
0.0004088776
0.00112495
0.002465205
0.003372009
0.003382055
0.002970397
0.002733827
0.002908836
0.003750497
0.004484954
0.004105867
0.0037705
0.004055112
0.004526879
0.005296892
0.005844066
0.005222829
0.00367585
0.002627625
0.002653808
0.003142004
0.003401872
0.003289073
0.003052519
0.002932491
0.0029653
0.003050233
0.003095267
0.003085304
0.003056198
0.003041247
0.003046092
0.003057892
0.003064637
0.003064244
0.003061319
0.00306022
0.003061701
0.003064125
0.003065885
0.003066699
0.003065917
0.00288662
0.00219595
0.001579933
0.001297248
0.0008066377
0.0003410027
0.0002116254
0.0003025194
0.0003806864
0.0001777495
-0.000764628
-0.002116382
-0.002832403
-0.002710397
-0.002343414
-0.002220055
-0.002364388
-0.002550453
-0.002615187
-0.002387298
-0.001448014
-0.0001146172
0.0005904091
0.0004843454
0.0001764565
0.0001041465
0.0002449525
0.0003667876
0.0003760031
-2.109683e-05
-0.001410315
-0.002654755
-0.002885504
-0.002674514
-0.003240891
-0.004592978
-0.005530758
-0.005578964
-0.00522439
-0.005023885
-0.005106537
-0.00528741
-0.005380845
-0.00535645
-0.005288003
-0.004976871
-0.004509994
-0.004759319
-0.005266224
-0.005433983
-0.005285251
-0.005108244
-0.005065662
-0.004850657
-0.003888691
-0.002627325
-0.002089012
-0.002324037
-0.002660678
-0.002118165
-0.000422574
0.0007662672
0.0008049733
0.0003079431
5.837896e-05
0.0007500041
0.002505469
0.003676181
0.00365802
0.003139503
0.002868411
0.002997613
0.003527714
0.00412904
0.003869191
0.003542978
0.004024232
0.004663967
0.004876994
0.004736252
0.004840606
0.005566552
0.006173413
0.006259623
0.006058456
0.005916474
0.005946039
0.006053261
0.006137146
0.005891188
0.005362738
0.005275015
0.005337641
0.00579617
0.0061924
0.005960994
0.005379133
0.005526802
0.006017492
0.00630283
0.006298859
0.006173762
0.006100831
0.006135182
0.006916593
0.008454432
0.009299971
0.009160954
0.008722714
0.008563138
0.008720973
0.008936957
0.009019099
0.008970651
0.008895353
0.008866993
0.008885931
0.008876633
0.008112943
0.006574568
0.005721224
0.005854105
0.006289815
0.006425805
0.006206713
0.005242865
0.003664771
0.00288147
0.003065776
0.003131237
0.002484706
0.00149639
0.0005794333
0.0003027069
0.0004895234
0.0003005625
-0.0008347982
-0.001754121
-0.001062356
0.0004203843
0.001525935
0.002437439
0.003152308
0.003345154
0.003218149
0.003132103
0.003206999
0.0033415
0.003414825
0.003404094
0.003360912
0.003336462
0.003341857
0.003359247
0.003350927
0.00296306
0.002192218
0.001748903
0.001430601
0.0009032079
0.0009694244
0.00207665
0.002600871
0.001461945
0.0002386982
-0.0004199593
-0.0003644268
0.0004003331
0.0009329627
0.0008590772
6.631842e-05
-0.001325357
-0.002394145
-0.002525964
-0.002142483
-0.001860839
-0.001924725
-0.00252416
-0.00344485
-0.00425611
-0.004534059
-0.004286047
-0.004446557
-0.004815017
-0.005017601
-0.005035538
-0.004977123
-0.004941658
-0.004953784
-0.004983502
-0.004998987
-0.004994212
-0.004981748
-0.004973933
-0.004973332
-0.00497555
-0.004956927
-0.004590826
-0.004266706
-0.004589462
-0.00466001
-0.004397024
-0.004585821
-0.00456546
-0.004314777
-0.004582936
-0.004971835
-0.005100348
-0.005004984
-0.004871101
-0.00448188
-0.004133594
-0.004118166
-0.003461333
-0.002401468
-0.00188927
-0.002011369
-0.002283134
-0.002354789
-0.00223418
-0.002096886
-0.00205455
-0.002091924
-0.00213887
-0.002152246
-0.00213672
-0.002098366
-0.001703182
-0.0009204156
-0.0001336691
0.0001962792
2.680359e-05
0.0002290235
0.0005450667
-5.275774e-05
-0.001605301
-0.002485754
-0.001599006
0.000397202
0.001394577
0.0006843919
-0.0003479353
-0.000636993
-0.0006636387
-0.0002408342
0.0001796116
0.0002531022
0.0001269391
-1.341132e-06
0.0003726232
0.0007661979
0.0008628748
0.0007554761
0.0006545989
0.0006533826
0.0007120637
0.0007583461
0.0008141785
0.001356412
0.002589262
0.003637749
0.003781381
0.002902733
0.001416853
0.0004211412
0.0004261838
0.0008744695
0.001111254
0.0009949174
0.0007627779
0.0006457667
0.0006782777
0.0007619994
0.0008070987
0.0007985842
0.0007712743
0.0007577036
0.0007128305
0.0001648196
-0.001024031
-0.001612067
-0.001571731
-0.001672448
-0.001865046
-0.001989387
-0.002017472
-0.00206494
-0.002651546
-0.003386078
-0.003629232
-0.003466198
-0.003313776
-0.003425826
-0.004092603
-0.004245188
-0.003735825
-0.003315174
-0.003287267
-0.003461009
-0.00346345
-0.002810848
-0.002058978
-0.001834312
-0.002018967
-0.002134147
-0.001431874
1.818148e-05
0.001017891
0.001047152
0.0006441233
0.000426105
0.000529692
0.0007409124
0.0008497148
0.0008240053
0.0007521483
0.0007152286
0.0007267649
0.0007552806
0.0007714302
0.0007701453
0.0007626923
0.0007596753
0.0007629336
0.0007743086
0.0008233717
0.0008755866
0.000890664
0.0008789934
0.0008681013
0.0008704324
0.0008792114
0.0006933898
-0.0002124255
-0.001516553
-0.002378596
-0.002770436
-0.002345673
-0.001720394
-0.001569627
-0.001833461
-0.002063966
-0.002064279
-0.001937668
-0.00184144
-0.001832681
-0.001872098
-0.001902312
-0.001901978
-0.001884649
-0.001870741
-0.001867882
-0.001871184
-0.001873272
-0.001871359
-0.001867227
-0.00186352
-0.001861229
-0.001858458
-0.001675521
-0.0008015736
0.0005058788
0.0008681209
-0.0006091285
-0.00218841
-0.002515869
-0.001797026
-0.0006230131
1.13369e-05
7.825533e-05
0.0004143871
0.0008204874
0.0009864616
0.0009582771
0.0009268534
0.0009912299
0.001078189
0.001115326
0.001103598
0.001081311
0.001074757
0.001064261
0.001022569
0.0009908163
0.0009899368
0.001004131
0.001013329
0.001012483
0.001008078
0.001006842
0.001009901
0.001014524
0.00102076
0.001298051
0.001775651
0.001830576
0.002327652
0.003346602
0.003980314
0.003948222
0.003686687
0.003550263
0.003614862
0.003748508
0.003836581
0.003852631
0.003773421
0.003378642
0.00290134
0.002902196
0.00306084
0.003204637
0.003139409
0.003065781
0.002573374
0.001796619
0.001345252
0.001450052
0.00127997
0.0009896696
0.0008453254
0.0008590679
0.0009151248
0.0009340425
0.0009384919
0.0009402432
0.0009099645
0.0008856116
0.0009065454
0.001309855
0.002087324
0.002491245
0.002051079
0.001435388
0.001316076
0.001103086
0.000571046
0.00014469
0.000156589
0.000282286
0.0007518485
0.001073467
0.001035882
0.0004909919
-0.0003761182
-0.00115832
-0.001345403
-0.001108061
-0.001343947
-0.001750645
-0.001940675
-0.001866921
-0.001716855
-0.001659918
-0.001699601
-0.001754257
-0.001769074
-0.001748468
-0.00172359
-0.00171417
-0.001667428
-0.001213789
-0.0009864768
-0.001458817
-0.002450192
-0.003768696
-0.004659163
-0.004744633
-0.004466476
-0.004317214
-0.004413783
-0.004590633
-0.004680334
-0.004657319
-0.00459429
-0.00460962
-0.005077278
-0.00536015
-0.004995496
-0.004576375
-0.00448603
-0.004660902
-0.00484736
-0.004915768
-0.004892924
-0.004844283
-0.004826921
-0.004875972
-0.004902668
-0.004510517
-0.004270482
-0.004137758
-0.003344997
-0.002419209
-0.002137639
-0.002379973
-0.002631619
-0.002671411
-0.002575627
-0.002480494
-0.002459683
-0.002494761
-0.002484445
-0.002069847
-0.001830642
-0.001706605
-0.0009169693
1.627585e-05
0.0003392807
0.0001478514
-0.0001156227
-0.0001823984
-7.108438e-05
4.915912e-05
4.620553e-05
4.778397e-06
0.0004983142
0.001743692
0.002822567
0.003029823
0.002704513
0.002453905
0.002501629
0.002695034
0.002822434
0.002871191
0.003266856
0.003502014
0.003588785
0.003915818
0.004170709
0.004156214
0.003625365
0.003306075
0.003246648
0.002992387
0.002781832
0.002744749
0.002847898
0.003389925
0.004160851
0.004948493
0.005545055
0.005662951
0.005511608
0.005414144
0.005470749
0.005586709
0.005652144
0.005644732
0.005557917
0.005027721
0.004296312
0.004002085
0.004138474
0.004340181
0.004429295
0.004794285
0.004986697
0.005100639
0.005413015
0.005607299
0.005502528
0.004702594
0.003337962
0.002469902
0.002500148
0.002883203
0.003059999
0.002940438
0.002736437
0.002527346
0.001928034
0.001242278
0.0004352031
-0.0001039506
-0.0001183108
7.822938e-05
0.0001614578
0.0001645826
0.0005989597
0.0007101815
0.000941185
0.001942419
0.002869279
0.003060255
0.002792846
0.002579145
0.002612482
0.002770135
0.002876407
0.00287653
0.002824866
0.002789744
0.00279379
0.002966873
0.003642431
0.004190065
0.003664187
0.002966822
0.003346935
0.004033318
0.003740428
0.002995596
0.002606637
0.002682202
0.002903684
0.002997584
0.002758167
0.001791847
0.0004458236
-0.0002517981
-0.0001183796
0.0002358128
0.0003051439
0.0001147278
-7.670004e-05
-0.0001246596
-6.459597e-05
2.405307e-06
8.219833e-06
-6.006023e-05
-0.0001249633
-0.0001356537
-0.0001111261
-0.0001021892
-0.00014872
-0.0002007277
-0.0002136772
-0.0001974053
-0.0001931244
-0.000225971
-0.000225712
-0.0002115873
-0.0005189459
-0.001309645
-0.001842
-0.001560483
-0.0005784091
6.447776e-05
1.412256e-05
-0.0003358865
-0.0005580423
-0.0005190554
-0.0003448674
-0.0001971958
-0.0001904353
-0.0002791476
-0.0003114348
-0.0002764379
-0.0002135298
-0.0001633833
-0.0001666109
-0.0001595428
-0.0001390531
-0.0001269699
-0.0003811191
-0.001076666
-0.00128391
-0.0005168936
0.0002664785
0.0004227135
0.0001573044
-5.431631e-05
-2.108646e-06
0.0001677895
0.0002714383
0.0002856194
0.0002881718
0.0002959246
0.0003043933
0.000331627
0.0003916821
0.0004341901
0.0004579365
0.0004985649
0.0005497629
0.0006105054
0.0006431377
0.0006423184
0.0006325792
0.0006519262
0.0007146771
0.0007619042
0.0007673037
0.0007524157
0.0007442719
0.0007500906
0.0007613397
0.0007688324
0.000770409
0.0007503464
0.0007208503
0.0007418749
0.000755736
0.0007158699
0.0006763572
0.0006703921
0.0006859215
0.0006994649
0.0006875293
0.0004540051
-0.0002838488
-0.0009048314
-0.001015073
-0.0008860866
-0.0007873594
-0.000840121
-0.0009613782
-0.001030015
-0.001033677
-0.001041728
-0.000882884
-0.0003792485
-0.0002853026
-0.0001497599
0.0001204715
0.0002687171
0.0004379135
0.0008969533
0.000811336
0.0005088531
0.0007387824
0.0008558425
0.001160714
0.001540414
0.001669127
0.001573776
0.001428686
0.00139352
0.001494135
0.001602641
0.001617426
0.001545553
0.001157741
-0.0001923995
-0.001385017
-0.001579672
-0.001172841
-0.0006519918
0.0002099214
0.001118734
0.0009595154
7.307627e-05
-0.000955331
-0.001411984
-0.001228239
-0.0009106451
-0.0008283579
-0.0009637761
-0.001116864
-0.001148674
-0.001052823
-0.000938318
-0.0008743261
-0.0008940607
-0.0009091633
-0.0008874368
-0.0006790812
0.0002056296
0.001513113
0.002229784
0.0021317
0.001426616
-7.495729e-05
-0.001166959
-0.001191597
-0.0007224684
-0.0004649903
-0.0007595132
-0.001694789
-0.002615221
-0.003377811
-0.003705235
-0.003610961
-0.003445123
-0.003434102
-0.003545688
-0.003645977
-0.003664845
-0.003626786
-0.003588031
-0.003577456
-0.003586238
-0.003428155
-0.002593385
-0.001286178
-0.0005593383
-0.0006376902
-0.001002667
-0.00115968
-0.001038004
-0.0008505117
-0.0009514024
-0.001859473
-0.003232503
-0.003966446
-0.003805236
-0.003385022
-0.003242822
-0.003589958
-0.004696534
-0.006078371
-0.006756627
-0.006607654
-0.006240871
-0.006131725
-0.006274435
-0.006425103
-0.006491396
-0.006476423
-0.006428425
-0.006386209
-0.00633904
-0.006310665
-0.006312004
-0.006323001
-0.006325029
-0.006316735
-0.00630673
-0.006301453
-0.006300707
-0.006300928
-0.00629954
-0.006296528
-0.006293148
-0.006290367
-0.006288165
-0.006286143
-0.006283769
-0.006268498
-0.006228035
-0.006039461
-0.005525437
-0.005625854
-0.00615566
-0.006427218
-0.006010078
-0.004475377
-0.00317823
-0.002995889
-0.003410811
-0.003705504
-0.003667701
-0.003430759
-0.003248612
-0.003055657
-0.002634408
-0.002638697
-0.002310403
-0.001245928
-0.0006196374
-0.001073871
-0.001295793
-0.0009562555
-0.000581223
-0.000473076
-0.0005634686
-0.0006591839
-0.0002076536
0.001254618
0.002156427
0.001263388
-0.0004328357
-0.001243351
-0.0009586846
-0.0004009002
-0.0002070312
-0.0003880871
-0.000631184
-0.0007168928
-0.0006541579
-0.0005639724
-0.0005294939
-0.0005681631
-0.0006339233
-0.0009052075
-0.001610063
-0.002107216
-0.002414584
-0.003015933
-0.003468442
-0.003525614
-0.003086958
-0.002573581
-0.002462073
-0.002225088
-0.002371596
-0.002681125
-0.002009735
-0.00114464
-0.000926804
-0.0007483946
-0.0006117396
-0.0005729712
-0.0005768503
-0.0005668662
-0.0005379593
-0.0005125953
-0.0005047143
-0.0005096257
-0.0005153779
-0.0005153322
-0.0005106729
-0.0005056065
-0.0005025895
-0.0005012404
-0.000500044
-0.0004981869
-0.0004450392
6.753291e-05
0.0008070457
0.001119723
0.0009961507
0.0007979106
0.0008099387
0.001365225
0.001741825
0.001851421
0.002123277
0.00232671
0.002353744
0.002301294
0.002277836
0.00230452
0.00239448
0.002922724
0.003718615
0.004534207
0.004584752
0.004546558
0.004849067
0.005136499
0.005138716
0.004375406
0.002984558
0.002080853
0.002264615
0.003922399
0.005528085
0.005728199
0.004526765
0.003357767
0.003188426
0.003582816
0.003345183
0.002647695
0.002240103
0.002263815
0.002439017
0.002518199
0.002469531
0.002389403
0.002356694
0.002375441
0.002407219
0.00242087
0.002238378
0.00171813
0.001791296
0.002307422
0.002614645
0.002207839
0.000650046
-0.000665036
-0.0008323791
-0.0003553049
-1.90602e-05
-8.361998e-05
-0.000508961
-0.001354905
-0.002136916
-0.002843643
-0.003201276
-0.003157422
-0.003012815
-0.002991869
-0.003086059
-0.003179383
-0.003202525
-0.003171467
-0.003135964
-0.003124608
-0.003132838
-0.003140189
-0.002863509
-0.002103615
-0.001298026
-0.0008099175
-0.0009753363
-0.0008534061
-0.0004971773
-0.0002730676
-0.0002610121
-0.0003342839
-0.0003743478
-0.0006276039
-0.001012997
-0.0007361886
-0.0002712286
-0.0001050278
-0.0002196706
-0.0003689744
-0.0004026931
-0.0003423518
-0.0002778153
-0.0002600597
-0.0002785344
-0.0002993015
-0.0003033398
-0.000294244
-0.0002842472
-0.0002788967
-0.0002519289
-0.0001982722
-0.0001670975
-0.0001500729
0.0002253494
0.0009885593
0.001441892
0.001828906
0.002383603
0.002678338
0.002656131
0.002549823
0.002530539
0.00259585
0.002663442
0.002682901
0.0026644
0.00264259
0.002637665
0.002646537
0.00265677
0.002661099
0.002559225
0.001538004
0.0001654741
0.000566549
0.002295124
0.00331566
0.003111176
0.002471531
0.002176072
0.002326351
0.002598414
0.002720662
0.002670952
0.002574092
0.00253106
0.002550638
0.002587724
0.002605639
0.00260099
0.002589921
0.002591588
0.002640568
0.002779301
0.003511122
0.004838202
0.00581389
0.006379829
0.006097987
0.005410661
0.00513688
0.005330996
0.00560593
0.005690107
0.005600974
0.005490564
0.005456307
0.005488735
0.005524662
0.005494287
0.005434394
0.005407329
0.005417241
0.005435856
0.005443093
0.005274518
0.004004786
0.002588529
0.002194282
0.002565581
0.002936027
0.002943011
0.002725108
0.002553199
0.00253837
0.002615782
0.002680097
0.002688225
0.002662726
0.002641622
0.002640672
0.002651883
0.002661542
0.002663945
0.002661934
0.002666336
0.002712609
0.002765887
0.002782651
0.002771152
0.00275903
0.002759879
0.002768975
0.002853044
0.003359906
0.003384058
0.002860227
0.002491966
0.002506946
0.002690192
0.002878384
0.003400433
0.00339865
0.002847856
0.002475525
0.002504737
0.002702877
0.002813598
0.002782161
0.002699562
0.002655892
0.002667344
0.00269877
0.002716561
0.002714432
0.002704984
0.00270038
0.002702955
0.002708171
0.002711644
0.00271253
0.002712463
0.002713001
0.002714471
0.002716157
0.002799772
0.003432688
0.004223608
0.004973576
0.004867479
0.004094074
0.003083859
0.002525333
0.00260043
0.002869478
0.002966948
0.002861713
0.00271725
0.002659801
0.002690318
0.002741728
0.002764245
0.00259109
0.001310356
5.259768e-05
0.0009232516
0.00263149
0.002687638
0.0009872557
-0.0005890087
-0.001497687
-0.002184113
-0.002103318
-0.001986026
-0.001841134
-0.002144167
-0.002758305
-0.003060942
-0.002975875
-0.002786497
-0.00271566
-0.00277275
-0.002853846
-0.00288351
-0.002862984
-0.002832326
-0.00281994
-0.002825744
-0.002835263
-0.002838264
-0.002834716
-0.002829829
-0.002821426
-0.002776098
-0.002733088
-0.002765923
-0.00282663
-0.002849951
-0.002835033
-0.002813835
-0.002807393
-0.002813818
-0.00282134
-0.00282279
-0.002819217
-0.002815124
-0.002813225
-0.002814433
-0.002994578
-0.003685657
-0.004301578
-0.00458403
-0.005073272
-0.005360285
-0.004978279
-0.004974844
-0.005278096
-0.005134759
-0.005059432
-0.004912784
-0.005014336
-0.004799192
-0.004376503
-0.004177941
-0.004236259
-0.004352083
-0.004383979
-0.004336232
-0.004279541
-0.004082208
-0.003405351
-0.002808222
-0.002709627
-0.002903255
-0.003044746
-0.003015171
-0.002893279
-0.002774555
-0.002734229
-0.002765117
-0.002983481
-0.003682092
-0.004058529
-0.003404335
-0.002628036
-0.002437461
-0.002684591
-0.002927189
-0.002950631
-0.002831181
-0.002728555
-0.00271391
-0.002754769
-0.002790873
-0.002795415
-0.002779797
-0.002765754
-0.002763063
-0.002767685
-0.002771754
-0.002771746
-0.002769116
-0.002766666
-0.002765702
-0.002765693
-0.002765626
-0.00276504
-0.002764114
-0.002765889
-0.003043445
-0.003817052
-0.004666874
-0.004910463
-0.003973128
-0.003520273
-0.00385124
-0.004017884
-0.003430348
-0.002807709
-0.002633716
-0.003020748
-0.003565341
-0.003309221
-0.002764119
-0.002523793
-0.002624169
-0.00280093
-0.002862332
-0.002808867
-0.00275407
-0.00307062
-0.003440075
-0.003145746
-0.002699503
-0.002554155
-0.002672464
-0.00281431
-0.002842304
-0.002783191
-0.002723773
-0.002710228
-0.00273025
-0.002751071
-0.002755454
-0.0027477
-0.002720478
-0.002311187
-0.001158518
2.837684e-05
0.0003828163
9.976112e-05
-0.0001941176
-0.0001936739
-8.608913e-06
0.0001378574
0.0001530811
9.056706e-05
3.823229e-05
8.326753e-05
0.0006159456
0.001372622
0.001635203
0.001093249
0.001169248
0.002241108
0.002574982
0.00188633
0.001190053
0.0006488755
0.0006776062
0.001305303
0.001688433
0.001192343
0.0007247426
0.001015186
0.001488935
0.001615339
0.001053255
0.0006299644
0.0005584135
0.000769091
0.0008199332
0.0003762164
-1.231871e-05
-7.011902e-05
6.224047e-05
0.0001622622
0.0003165561
0.001351828
0.00146082
0.0004450673
-0.0002967434
-0.0002818564
7.980792e-05
0.0002964968
0.0002457171
8.953156e-05
5.015301e-07
1.560474e-05
7.174582e-05
0.0001044713
9.960435e-05
7.970846e-05
6.814128e-05
7.011214e-05
7.737651e-05
0.0001696346
0.0008461571
0.001519978
0.001100031
0.0001961163
-0.0001989532
-1.814498e-05
0.0002829178
0.0003785607
0.0002781592
0.0001512435
0.0001095734
0.0001380365
0.0001387334
0.0001036582
8.324998e-05
0.000125118
0.0001832916
0.0002021337
0.0001872228
0.0001699816
0.0001676622
0.0001760596
0.0001837851
0.0001852027
0.0001823493
0.0001796033
0.0001732311
0.0001291294
7.959012e-05
6.557525e-05
7.830261e-05
9.107743e-05
9.121157e-05
8.352443e-05
7.743314e-05
7.682198e-05
7.942875e-05
8.158052e-05
8.175603e-05
8.074677e-05
7.989848e-05
7.973956e-05
8.585511e-05
0.0001311741
0.0001816887
0.0001957069
0.0001823976
0.0001691673
0.0001689123
0.0001765354
0.0002647834
0.0008149727
0.0009700597
0.001090668
0.001497708
0.002164447
0.00177072
0.001664141
0.001840111
0.001743938
0.001583298
0.001446722
0.0009330162
0.0008172163
0.000697903
0.0004320847
0.0008457911
0.001553231
0.001749517
0.0009666979
0.0001270772
0.0004313776
0.0007765893
0.0005024027
9.610442e-05
-5.94246e-05
1.320461e-05
0.000121216
0.0001530403
0.0003138783
0.001454752
0.002272321
0.00249974
0.002026051
0.001349823
0.001147433
0.00144857
0.002280866
0.002448005
0.001849128
0.001434761
0.001949453
0.002323447
0.002602612
0.002918907
0.003026648
0.002961872
0.00289118
0.002897372
0.002950446
0.002990237
0.002993109
0.002892896
0.002164169
0.0008229727
-7.785053e-05
-6.438604e-06
0.0009108371
0.001171149
0.0005540886
-2.473965e-05
-0.0001197496
9.082225e-05
0.0002718892
0.0002831979
0.0001883257
7.191856e-05
1.492209e-05
3.191094e-05
7.026322e-05
8.52754e-05
7.368489e-05
5.612923e-05
4.858901e-05
5.158631e-05
5.714685e-05
5.922671e-05
5.750319e-05
5.492684e-05
6.634459e-05
0.0001156723
0.0001599219
0.000167147
0.0001521687
0.0001406823
0.0001419007
0.000149281
0.0001539002
0.0001531135
0.0001497645
0.000147315
0.0001468101
0.0001472299
0.0001473368
0.0001467425
0.0001470872
0.0003249807
0.000835951
0.00074815
0.0003650077
0.0005294162
0.0006760496
0.001045097
0.001451014
0.001562685
0.001275221
0.0004772374
-0.000139088
-0.0001785627
7.159603e-05
0.0002248495
0.0001754167
4.622344e-05
-2.732249e-05
-1.635292e-05
2.68534e-05
-0.0001260583
-0.0006437113
-0.0007661434
-0.001135979
-0.002138902
-0.002904331
-0.002982563
-0.002885304
-0.003368298
-0.004001764
-0.004012326
-0.00319752
-0.002474055
-0.002382492
-0.002439465
-0.002178907
-0.00206151
-0.001927497
-0.001734474
-0.0006652055
0.0002692217
0.0004121186
0.000101126
-0.0001238466
-8.064645e-05
0.0001055219
0.0002437916
0.0002191346
0.0001424779
0.0001408907
0.000187076
0.0002227853
0.0005047369
0.00149829
0.002449965
0.001969841
0.0005278176
-0.0003178217
-0.0001774026
0.0003059207
0.0005253007
0.0004012201
0.0001871308
0.0003643527
0.0008758729
0.0007272005
0.0005217154
0.0007588374
0.0009316784
0.001354812
0.001647617
0.00131438
0.001182838
0.001856439
0.002419714
0.002889694
0.002687179
0.00216715
0.001984915
0.0017361
0.001556807
0.001190369
0.0008490417
0.0008176133
0.000502401
0.000160268
2.131011e-05
6.042938e-05
0.0001287473
0.0001363711
9.548543e-05
5.579797e-05
1.92739e-05
-2.339174e-05
-4.121525e-05
-3.446476e-05
-2.467187e-05
-2.491195e-05
-3.264118e-05
-3.963866e-05
-4.181582e-05
-4.070035e-05
-3.964672e-05
-4.028509e-05
-4.211677e-05
-4.396045e-05
-4.519628e-05
-4.599099e-05
-4.679886e-05
-4.782466e-05
-4.90178e-05
-5.021692e-05
-5.127319e-05
-0.0001030064
-0.0005633332
-0.0008424236
-0.0008761631
-0.0007695433
-0.001238514
-0.001977956
-0.002433068
-0.002772015
-0.002820366
-0.002251996
-0.00146817
-0.00118736
-0.00137616
-0.001665121
-0.00221408
-0.002838121
-0.003040172
-0.002842037
-0.00210847
-0.0007730656
0.00016381
0.0001878103
-0.0001957358
-0.0003965255
-0.0002884714
-8.238422e-05
1.922831e-05
-1.116411e-05
-8.523937e-05
-0.0001239927
-0.0001154052
-8.565399e-06
0.000635569
0.001338571
0.001444847
0.0006234006
-0.0002682797
-0.0004684683
-1.125116e-05
0.00152129
0.002863693
0.002398862
0.0005792445
-0.0006627746
-0.0005837807
5.761993e-05
0.0004078764
0.0002855839
-2.606009e-06
-0.0001553185
-0.0001211132
-2.031375e-05
3.352344e-05
1.997997e-05
-1.797416e-05
-3.925287e-05
-3.626116e-05
-2.440344e-05
-2.439536e-05
-7.239904e-05
-0.0001290474
-0.0001472222
-0.0001349364
-0.000121442
-0.0001404318
-0.0001488679
-0.0001561132
-0.0001574845
-0.000155143
-0.0001531008
-0.000153146
-0.0001545409
-0.0001558238
-0.0001563428
-0.0001563615
-0.0001564046
-0.0001567058
-0.0001571879
-0.0001576379
-0.0001579838
-0.0001582562
-0.0001585113
-0.000158797
-0.0001591006
-0.0001593832
-0.0001596578
-0.0001540694
-0.0001093749
-5.933223e-05
-4.552121e-05
-5.890231e-05
-7.228579e-05
-7.281293e-05
-6.536034e-05
-5.952719e-05
-5.925067e-05
-6.223168e-05
-6.474469e-05
-6.527623e-05
-6.460449e-05
-6.408886e-05
-6.425935e-05
-6.486012e-05
-6.553045e-05
1.522088e-05
0.0006387828
0.001335698
0.00152909
0.001344813
0.001235449
0.001812675
0.002525933
0.002215557
0.001289227
0.0002465194
-0.0001989275
0.00107075
0.002721802
0.003214498
0.002745718
0.002227938
0.002150623
0.002384802
0.002598269
0.002629493
0.002537685
0.002449437
0.002425867
0.002446596
0.002466092
0.002462187
0.00244206
0.002422053
0.002410189
0.002403914
0.002397362
0.002387626
0.00238114
0.002485576
0.00301244
0.003075199
0.002553648
0.002140636
0.002114967
0.00228372
0.002389427
0.002357498
0.002265602
0.002204197
0.002196291
0.002211421
0.002215849
0.00220081
0.002177168
0.002157069
0.002143713
0.002133237
0.002121274
0.002106672
0.0020908
0.002075224
0.002060378
0.002045789
0.00203098
0.001939207
0.001413375
0.00125372
0.001127087
0.0008153399
0.0007863272
0.001249575
0.001232606
0.0007724742
0.0004528057
0.0002874178
-0.0002070907
-0.0006909267
-0.0008124928
-0.0006972028
-0.0006005442
-0.0006224518
-0.0007044096
-0.0007602146
-0.0007631076
-0.0007402596
-0.0007255159
-0.0007295919
-0.0007429853
-0.0007535052
-0.0007572382
-0.0007575407
-0.0007587818
-0.0007624016
-0.0007671773
-0.0007715255
-0.0007749639
-0.0007790521
-0.0009393098
-0.001392072
-0.001482112
-0.001481032
-0.001148495
-0.0007471777
-0.0006388026
-0.0007591813
-0.0008805453
-0.0008906009
-0.0008288764
-0.0007779759
-0.0007737703
-0.0007983352
-0.0008210846
-0.0009808075
-0.001716335
-0.002816462
-0.003410616
-0.0029231
-0.001421785
-0.0003571528
-0.0003686082
-0.0008674186
-0.001378641
-0.001903642
-0.002098463
-0.001973981
-0.002044132
-0.002644752
-0.003155984
-0.003229218
-0.003050509
-0.002911076
-0.002912134
-0.002980643
-0.003019183
-0.002999389
-0.002952204
-0.002914688
-0.002897781
-0.00289056
-0.002879719
-0.002861267
-0.002841061
-0.003024709
-0.003558636
-0.004136066
-0.004487847
-0.00433393
-0.004184443
-0.003841161
-0.003784064
-0.004121533
-0.004237716
-0.004445787
-0.004606586
-0.004125176
-0.00313377
-0.002632425
-0.002442563
-0.00244518
-0.002482058
-0.002448343
-0.002358808
-0.002278854
-0.002242956
-0.002237881
-0.002234045
-0.002201668
-0.001886317
-0.001281196
-0.0006703145
-0.0001521182
-2.293816e-08
-0.0001036437
-0.0001986923
-0.0001723812
-8.206006e-05
-1.955811e-05
-1.255792e-06
0.0002502885
0.0007884038
0.001356678
0.00184926
0.001985807
0.001866679
0.00175071
0.001752565
0.001819151
0.001860628
0.001845939
0.001801883
0.001764688
0.001747122
0.001740063
0.001730604
0.001714103
0.001693772
0.001674202
0.001657068
0.00164123
0.001625053
0.00160794
0.001590297
0.0015727
0.001557728
0.001564127
0.001578244
0.001550991
0.001493392
0.001454735
0.001464344
0.001490983
0.001469897
0.001409806
0.001300067
0.000648723
-0.0002614861
-0.0006353357
-0.0004760613
-0.0001927135
0.000220497
0.0004972401
0.0001341275
-0.0004267946
-0.0006203527
-0.0004714733
-0.0002828543
-0.0002372689
-0.0003062095
-0.0003790238
-0.000394162
-0.0003653093
-0.0003339106
-0.0003227896
-0.0003272832
-0.0003797903
-0.0006903798
-0.0007675417
-0.0008695003
-0.001301802
-0.001084892
-0.0003925462
-2.519799e-05
-0.0001556294
-0.0007610479
-0.001520931
-0.001539571
-0.0007031211
5.522422e-05
0.0001707417
-0.0001084005
-0.0003286942
-0.0003161365
-0.0001829561
-0.0001075579
-0.0001270152
-0.0001754415
-0.0001978042
-0.0001876004
-0.0001667822
-0.000154104
-0.0001520789
-0.0001533372
-0.0001515123
-0.0001458035
-0.0001388448
-0.0001329251
-0.0001282962
-0.0001239987
-0.0001192179
-0.0001138604
-0.0001082646
-0.0001027279
-9.728108e-05
-9.181232e-05
-8.621865e-05
-8.049237e-05
-7.467873e-05
-6.881587e-05
-6.291534e-05
-5.695738e-05
-5.094488e-05
-4.486857e-05
-3.874548e-05
-3.257873e-05
-2.636935e-05
-2.012119e-05
-1.384016e-05
-7.520429e-06
-1.173927e-06
5.198551e-06
1.399101e-05
3.865835e-05
6.26286e-05
5.595745e-05
3.671616e-05
3.245863e-05
4.416502e-05
5.88328e-05
6.773362e-05
4.067353e-05
-0.000220447
-0.0006702766
-0.000745597
-0.0004685482
-0.0002452497
-0.0002286751
-0.0003154351
-0.0003951089
-0.0005566267
-0.0005181021
-0.0003259254
-0.000361286
-0.0004051694
-0.0004891614
-0.0006019036
-0.0006231279
-0.0005647011
-0.0004747255
-0.0002294234
0.0001694221
0.0004282326
0.0004328223
0.0003369183
0.0002959345
0.0003342838
0.0003928898
0.000421602
0.0004171527
0.0004034717
0.0003995796
0.000407121
0.0004178436
0.0004250821
0.0004296277
0.0004407981
0.0004447296
0.0004415808
0.0004486443
0.0004536872
0.0004517751
0.0004507149
0.0004536315
0.0004585149
0.0004627381
0.0004655475
0.0004677055
0.00047006
0.0004728135
0.0004756567
0.0004782802
0.0004816611
0.0004907101
0.0004934579
0.0004889401
0.0004861429
0.0004879852
0.0004918142
0.000494623
0.0004957088
0.0004960726
0.0004967144
0.0004978354
0.0004990563
0.0005000264
0.000500665
0.0005011057
0.0005014676
0.0005017832
0.0005020021
0.0005020862
0.0005020251
0.0005018348
0.0005015215
0.0004995383
0.0004743308
0.0004155063
0.0004065643
0.0003946398
0.0003737679
0.0003847164
0.0004548504
0.000513471
0.0005204744
0.0004963876
0.0004776374
0.0004778443
0.0004871767
0.0004926234
0.0004904692
0.0004847514
0.0004801772
0.0004780765
0.0004762071
0.0004722826
0.0004694427
0.0004658092
0.0004616821
0.0004585083
0.0004561599
0.0004538218
0.0004510454
0.0004479273
0.0004447277
0.0004415731
0.0004384132
0.0004351525
0.0004317453
0.0004282114
0.0004245858
0.000420885
0.0004171061
0.0004132384
0.0004092795
0.0004051882
0.0003948756
0.0003751988
0.0003761328
0.0003876314
0.0003909591
0.00038411
0.0003750673
0.0003699928
0.0003675786
0.0003646167
0.0003599173
0.000354206
0.0003485415
0.0003433279
0.0003383508
0.0003336698
0.0003293849
0.0003245546
0.0003189567
0.0003130938
0.0003073824
0.0003018531
0.0002963297
0.0002906914
0.0002849412
0.0002791489
0.0002733598
0.0002675771
0.0002617814
0.0002561438
0.0002476907
0.0002341515
0.000223544
0.0002211666
0.0002225528
0.0002162994
0.0002039608
0.0001925809
0.0001880532
0.000185289
0.0001863389
0.0001860069
0.000178517
0.0001711572
0.0001663183
0.0001601736
0.0001572169
0.0001565013
0.0001508942
0.0001423796
0.0001347898
0.0001290918
0.0001241457
0.0001188083
0.0001128666
0.0001067166
0.0001006591
9.476773e-05
8.905164e-05
8.34042e-05
7.773158e-05
7.197969e-05
6.619821e-05
6.052048e-05
5.49545e-05
4.943277e-05
4.387544e-05
3.829302e-05
3.277814e-05
2.732125e-05
2.188983e-05
1.651219e-05
1.11888e-05
5.901765e-06
6.181526e-07
-4.648241e-06
-9.852771e-06
-1.496197e-05
-1.980204e-05
-2.475831e-05
-2.984158e-05
-3.499768e-05
-4.021907e-05
-4.526487e-05
-5.010909e-05
-5.487287e-05
-5.964188e-05
-6.441193e-05
-6.914433e-05
-7.3815e-05
-7.84273e-05
-8.299299e-05
-8.751942e-05
-9.200427e-05
-9.644018e-05
-0.0001008275
-0.0001051713
-0.0001094688
-0.0001137213
-0.0001179336
-0.0001221525
-0.0001263311
-0.0001303934
-0.0001343538
-0.0001382307
-0.0001420757
-0.0001459275
-0.0001497581
-0.0001535331
-0.0001572437
-0.0001608985
-0.0001645057
-0.0001680665
-0.0001715776
-0.000175037
-0.0001784445
-0.0001818005
-0.0001851052
-0.0001883588
-0.000191561
-0.0001947118
-0.0001978114
-0.0002008597
-0.0002038565
-0.000206802
-0.0002096963
-0.0002125392
-0.000215331
-0.0002180717
-0.0002207614
-0.0002234001
-0.0002259877
-0.0002285242
-0.00023101
-0.0002334453
-0.0002358301
-0.0002381644
-0.0002404484
-0.0002426822
-0.000244866
-0.0002469997
-0.0002490836
-0.0002511178
-0.0002531024
-0.0002550376
-0.0002569234
-0.0002587602
-0.0002605479
-0.0002622867
