0.001981055
-0.0008052063
-0.0009669
-0.001837385
0.003815135
0.003765963
-0.005618144
-0.0005630263
0.003364076
-0.001604137
-0.002818648
0.001099584
0.003350218
-0.001091266
0.0007321899
0.005062906
-0.002818737
-0.0003003622
0.003276871
0.001244203
-0.004553188
-0.007219083
0.00806304
0.0005411168
-0.009705132
0.001099476
0.006162597
-0.001456869
-0.004115982
0.0002650365
-0.002778432
0.0008948889
0.002249841
-0.003176076
-0.008512144
-0.0008512839
0.008897606
-0.005591678
-0.009964515
0.006173916
0.01013159
-0.004258403
-0.008429956
0.006135978
0.008853674
-0.0006267254
-0.005625162
0.001191144
0.005252512
0.002531982
-0.003692167
-0.0008933163
0.004915635
0.004627106
0.0001760354
-0.005863096
0.00075401
0.004681453
0.004918615
-0.002279948
-0.001468374
-0.0008066652
0.001757419
-0.003651762
-0.001053869
0.001744017
-0.003320182
-0.00276309
-0.0005657653
-0.0003328887
-0.0009179807
0.000428878
0.000780287
0.003138106
-0.002466125
0.006221952
0.004106259
-0.001932287
-0.003224705
0.003581744
3.11796e-05
-0.005483838
-0.006343509
-0.005258997
-0.0006248178
0.001329886
-0.003976728
-0.002976616
0.006037697
0.002232715
-0.001849645
-0.004075544
0.004088339
0.001907444
-0.001299511
-0.001574926
0.00100266
-0.0008985152
0.003139829
0.002711651
0.003756413
0.001834052
0.007616827
0.004762301
-0.006672408
-0.001033282
0.00366036
0.005883618
-0.007740808
-0.004698381
0.00557794
0.001598797
-0.002414974
-0.003644091
-0.005558596
0.006499932
-7.484773e-05
-0.001020196
0.003597587
2.482087e-05
0.002966845
-0.0005639998
-0.005572775
-0.008931142
0.003262482
0.003764913
-0.004829986
0.0003992222
0.002515438
0.001070881
-0.0004236081
-0.004760791
-0.000397328
0.004480261
-2.202408e-05
0.008196155
-0.001265279
-0.004072189
0.0009045641
0.005529463
0.0006714626
-0.01257497
-0.002440925
-0.001259376
0.005903496
-0.008219971
-0.01009523
0.009709644
0.01098218
0.01305545
-0.003269982
-0.01089376
0.003085074
0.01731793
-0.003143451
-0.01380464
0.005904718
0.01564157
0.001564521
-0.02829087
-0.005096028
0.02418724
0.01299285
-0.02351993
-0.007882123
0.006345063
0.01312526
0.01283895
-0.02070037
0.00389016
-0.006546078
-0.01112238
-0.01498568
-0.005542015
-0.01013964
0.0005790869
0.005839827
-0.03245748
-0.01719659
0.01606222
0.02293979
0.0009575078
-0.0005870025
-0.0005892418
0.007004489
-0.006536149
-0.001726958
0.006602283
0.0002068327
0.01793747
-0.00502884
-0.0002031833
-0.0113609
0.006029174
0.02071627
-0.01378406
0.018646
0.007958642
0.008761612
0.00945445
0.005901052
0.0119877
-0.007598004
0.001340616
0.009077701
0.004043392
-0.01401527
-0.01706053
0.01460789
-0.01432492
-0.01356142
-0.0006099274
-0.003585706
0.01203212
-0.0005458967
-0.01134297
0.0145045
0.004912099
-0.007435303
-0.02645145
-0.01140772
0.008820677
0.003682721
0.005371645
-0.02092923
0.001504497
0.002383603
-0.00138235
-0.005131964
0.02003748
0.0007420887
-0.01802493
-0.003741881
-0.002954437
0.006459165
0.007963707
0.007047805
-0.006771076
0.0014084
0.005243713
5.204502e-05
-0.002390707
0.01470058
0.0004258629
-0.01500348
1.725952e-05
0.011008
-0.009653898
-0.004728052
0.008006929
-0.0003384135
-0.0008011806
0.007138827
0.002565491
0.00675601
-0.001975838
-0.01191942
-0.006449786
-0.00269781
0.002266961
-0.01395365
0.0008235454
-0.002648063
0.006190723
0.009481744
-0.02049758
-0.01539604
-0.003724661
-0.004502369
0.01756589
0.01878027
-0.003778483
0.000625457
5.894883e-05
0.007839112
0.002866227
0.008973615
0.009640331
0.02260621
0.01309132
-0.02259575
-0.005114289
0.009056263
0.007264844
0.0007906162
-0.01073362
-0.007305669
-0.001122688
0.005730443
0.009538884
0.006533733
-0.0005585468
-0.003116919
0.002574479
-0.0239498
-0.0164234
-0.01462532
0.0005123333
-0.01084349
-0.01643324
-0.0009875236
-0.0021474
0.01370735
-0.00733027
-0.009437703
-0.01819757
-0.02661267
-0.009177903
-0.003842367
-0.02049598
-0.01673838
0.008909456
0.01390536
0.005698384
0.001735639
-0.003888682
0.005984884
0.006499955
0.004669032
0.007734115
0.0130942
0.01324006
0.008421576
6.778057e-05
-0.007236431
0.003729604
0.007257803
0.01506898
9.734735e-06
0.01159085
0.006243025
-0.002446314
0.003135172
0.0169144
0.02152689
-0.002638888
0.002456073
-0.000785421
0.0009608874
0.001324079
0.002927595
0.001238553
-0.001344004
-0.0151282
-0.004127411
0.01142666
0.0001975729
-0.001206871
0.01735213
0.03311531
0.01517055
-0.01532734
-0.01276805
-0.01083912
-0.01946719
-0.003254174
0.01232644
0.0256243
0.02689738
0.03496366
0.01395586
0.01303493
0.0122313
-0.01197828
0.0004872731
-0.005558137
-0.01714622
-0.009020774
0.006211018
0.008084891
0.0158819
0.02494474
-0.004920723
-0.001189427
0.009234089
0.004019986
-0.0145449
-0.02430106
0.002786199
0.002618037
-0.001569946
-0.009780807
0.003392629
0.02232906
0.01497195
0.01393882
-0.007419842
-0.02594597
-0.03785127
-0.02163415
-0.02131273
-0.02992037
-0.002337396
0.05398611
0.0769087
0.02679419
-0.007438915
-0.03271847
-0.03944422
-0.02985303
-0.03102999
-0.006602909
0.004880372
-0.004041447
0.006420811
-0.002256212
-0.004372597
0.004752436
0.01131726
0.01554017
0.01589116
0.004737573
-0.02622544
-0.02884164
-0.007299139
-0.02888632
-0.03614863
-0.006003451
-0.02221728
-0.02724273
-0.02717736
-0.01406518
-0.01906513
-0.01397219
0.002819122
-0.001013963
0.01118327
0.002480699
-0.001443174
-0.01416047
-0.03900658
-0.05120572
-0.04211849
-0.016545
0.01539329
0.03030369
0.04445318
0.05503368
0.06571414
0.02239172
-0.007472836
0.0004811517
0.01808535
0.02890044
0.01031401
0.02644635
0.02926768
0.009860151
-0.01127118
-0.01038888
-0.01079586
-0.006035531
0.0151366
0.006847045
-0.02171501
-0.01243507
0.008886985
0.020772
0.008765544
-0.002523851
0.01754359
0.03477746
0.04219792
0.0009449878
-0.04109641
-0.01929703
0.02294315
-0.004809077
-0.03714417
-0.0376828
-0.003493502
0.03206667
0.01524373
-0.01677723
-0.01042374
0.04036195
0.04215093
-0.001520475
-0.03745315
-0.04489314
-0.022695
-0.001094593
-0.003897683
-0.03505984
-0.02871659
-0.02316182
-0.02704409
-0.009960262
-0.0254481
0.004036879
0.03661551
0.02549938
0.01030631
-0.01288357
-0.02424247
0.009544834
0.0537188
0.03250158
0.01472482
0.02293663
0.03065169
0.06781824
0.03423962
0.009356495
0.0290749
0.04330978
0.04190705
-0.0008648592
-0.02834901
-0.04048726
-0.02497741
0.01379253
0.03316104
0.0001719272
-0.0122438
-0.01353744
-0.02935487
-0.02753038
-0.03055294
-0.042322
-0.03760685
-0.02558238
-0.002842821
-0.003991664
-0.02110963
-0.01247465
-0.02321864
-0.02789059
-0.0242118
-0.02524031
0.002832795
0.01965019
0.0256719
0.03969857
0.02598328
0.03057085
0.01941268
-0.009494508
0.01834192
0.01484597
0.01373988
0.01134145
0.01130737
-0.005174209
-0.0328503
0.01435997
0.03562245
0.01305654
-0.0009046379
0.006091089
0.02459139
0.0125692
-0.01398288
-0.01635383
-0.005932969
-0.01218197
-0.01139196
0.01545803
0.04520378
0.02566212
-0.005570781
0.02793264
0.02777097
0.004336965
-0.0130668
-0.02501867
0.003552007
0.007000084
0.02246172
-0.001157957
-0.04795101
-0.01595112
0.006969756
0.005439183
0.001211725
0.001400863
-0.004233184
-0.0230844
-0.036498
-0.03169745
-0.0299253
-0.02413028
-0.007531412
-0.004369013
-0.0113648
-0.0008084318
0.006583892
-0.02271727
-0.02632769
-0.01937297
-0.0220297
-0.02602162
-0.01936474
-0.01811694
-0.004895355
0.02614359
0.03184062
0.04188693
0.02330796
-0.009172602
-0.02729462
-0.03378151
-0.02791111
-0.01610532
-0.01420375
-0.02014496
-0.01054341
0.008776695
0.02395763
-0.006109652
-0.02567094
-0.0004654592
0.02205538
0.01634466
-0.03017832
-0.0663238
-0.04214957
0.008156051
0.004287423
0.005524911
0.02513668
0.04481983
0.02606531
-0.02103196
-0.02677129
-0.01172712
-0.003441461
-0.004131808
0.004399658
0.02691838
0.03784072
0.05431389
0.05271267
0.02552983
0.01487813
0.01278729
0.0311403
0.01907691
0.01025099
0.02903749
0.04576359
0.04472842
0.04339132
-0.002440213
-0.03041156
-0.007139121
0.02347629
0.01847941
-0.01411356
-0.03263463
-0.04038449
-0.02259255
-0.01625724
-0.005626717
-0.00559604
-0.0009580274
-0.02071229
-0.001051732
0.03983401
0.04215253
0.01610993
-0.006834912
-0.002555968
-0.02177477
-0.03464713
-0.02906769
-0.006528725
-0.006883659
-0.008441177
0.001495681
0.01209656
0.004093646
-0.02331783
0.004531236
0.008738737
0.004859672
0.004855584
0.02611645
0.006937377
-0.03082406
-0.02859334
-0.01499065
0.00458516
0.01593365
0.02431189
0.00511647
-0.0008005939
-0.0136557
-0.02402508
-0.03075203
-0.01641802
0.008776936
0.002719091
0.009780482
0.01261805
-0.01146218
-0.01153876
-0.01931328
-0.02610351
-0.04239809
-0.03006434
-0.01717776
-0.02507062
-0.02135792
-0.02052672
-0.02112761
-0.02846866
-0.02677353
-0.02737239
-0.0141482
-0.001477889
0.0002937258
-0.008458002
-0.0156063
-0.01043095
0.02292291
0.01151408
-0.003320949
0.004278924
0.001678795
0.02394218
-0.006064331
0.0005389907
-0.009870271
-0.02855581
-0.0207489
-0.01891306
-0.02080636
-0.02944084
-0.001164571
0.00536937
-0.01287351
-0.03309214
-0.0163684
-0.006608215
0.01088969
0.04341423
0.04306622
0.03266508
0.02733843
0.02820625
0.02802958
0.03165547
0.03925528
0.03612162
0.01459839
0.01338947
0.03127086
0.0488483
0.04175499
0.04125395
0.04938618
0.04582512
0.04745791
0.01868857
0.001031108
0.02727955
0.05187558
0.05407752
0.02202887
0.01051996
0.003058401
-0.009147173
-0.01463197
-0.02460171
-0.0208504
-0.004174692
-0.006110917
-0.02793408
-0.01972642
-0.01496736
-0.01971471
-0.02079313
-0.02395133
-0.009183025
0.02507646
0.03956629
0.009760591
-0.008190674
-0.0221721
-0.03587813
-0.01542232
-0.02105403
-0.03677967
-0.0128171
0.002554002
-0.003401056
-0.01725602
-0.02440244
-0.01366009
-0.01460595
-0.02739399
0.001133062
0.02805361
0.03593892
0.02124041
-0.007402522
-0.01867791
-0.04133142
-0.05724883
-0.05913615
-0.04821736
-0.02231275
-0.006923312
-0.002893616
0.005650599
0.005753294
0.01234012
0.009835698
0.02200703
0.01384976
0.001649206
-0.01492817
-0.01391768
0.003277144
-0.003603092
-0.00194185
0.02158003
0.02952958
0.006540472
0.00565375
0.02803731
0.02631113
0.01295796
0.01140416
0.01794813
0.02369752
0.01962737
0.01977798
0.005765901
-0.01652349
-0.01651976
0.01645751
0.02872163
0.01104469
0.005811731
0.02743436
0.006722903
-0.01821237
-0.02441535
-0.006470845
0.008390198
0.02963236
0.03665062
-0.009854596
-0.005333296
0.007108304
0.006881504
-0.001518557
0.005379342
0.02349214
0.03164973
0.03402292
0.01637655
0.00169023
-0.01824196
-0.01155315
-0.00531622
0.001612274
-0.0007728507
0.01195027
0.02040876
8.591336e-05
-0.004403473
0.0257137
0.05342061
0.04782963
0.03294644
0.03020839
0.04153309
0.01712005
-0.001532045
0.01081673
0.01805836
0.01327521
-0.007362814
-0.005657741
-0.01058267
-0.02912256
-0.02217672
-0.02818999
-0.02376968
-0.02143118
-0.03771075
-0.04862817
-0.02935462
-0.03178871
-0.04641384
-0.03656304
-0.03456115
-0.02779993
-0.03663453
-0.03413385
-0.03090285
-0.0373894
-0.03019774
-0.004351307
0.001882568
0.003685564
0.007488781
0.006025738
0.009750415
-0.004546268
-0.009179471
-0.01247545
-0.01839997
-0.01966921
-0.02262757
-0.01213417
-0.006517395
0.01936985
0.01501001
-0.006619451
0.001913511
0.01261703
0.02537484
0.015456
0.009240784
0.008712071
0.01196551
0.01519652
0.006310949
0.001957235
0.0189154
0.02273087
0.01706748
0.01714363
0.007213581
-0.01159557
-0.003949995
0.02931287
0.02012233
0.006004163
-0.01541006
-0.02942112
-0.01462841
-0.01464303
-0.0006550942
0.002458625
0.006056844
0.008456565
0.01300848
0.006995247
0.00203975
0.0184247
0.03084592
0.0102936
-0.0157259
-0.01093938
-0.01624371
0.005066816
0.0008181861
-0.03564306
-0.04364937
-0.02072724
0.01929417
0.002567892
-0.02023657
-0.0184468
0.008328902
0.0273934
0.01002044
-0.01328177
0.006550785
0.02437497
-0.008909988
-0.03634626
-0.028004
-0.003596727
-0.004470158
-0.01577003
-0.01778688
0.009676314
0.02177423
0.01256026
0.0008095586
-0.02436231
-0.03769502
-0.01606113
0.001492774
-0.007605924
-0.0125369
-0.005953098
-0.0002648522
0.009256554
0.003107702
-0.0005554085
0.008306062
0.01832014
0.01222535
-0.01866461
-0.02105884
-0.009120027
-0.006603968
-0.0008402287
0.007616312
-0.005171706
-0.007012062
-0.0004190571
-0.01055303
-0.0005644431
-0.0005504341
0.005343876
0.004472528
-0.014513
-0.01602898
0.0002632118
0.01286301
0.02134915
0.03000154
0.01469211
0.01348417
0.02463354
0.03431308
0.02674341
0.02025392
0.02770375
0.03218946
0.0318108
0.01068839
-0.003965173
-0.03053642
-0.01727971
-0.004886955
0.002331347
0.01163657
-0.001369684
-0.0004172367
-0.02814923
-0.03970096
-0.02313129
-0.01476955
-0.006508799
0.001055297
0.01529835
0.02722703
0.01286114
0.01120749
0.0358107
0.05386753
0.04342254
0.03536636
0.04165956
0.05210107
0.04681218
0.03935781
0.04884156
0.0701665
0.0834926
0.07645441
0.04966697
0.01384642
0.0002822656
-0.03732634
-0.06675864
-0.08748828
-0.07294735
-0.06022405
-0.06954907
-0.06215222
-0.06989114
-0.06732908
-0.06655611
-0.05530057
-0.02962225
-0.03533136
-0.06174137
-0.08898473
-0.08779658
-0.07610041
-0.08042945
-0.07106806
-0.02883818
0.01545823
0.01778979
0.01014066
0.005851399
0.005477927
0.01154474
0.01227491
0.02495642
0.03484211
0.02485006
0.02838217
0.001676393
0.0185083
0.03408355
0.03655387
0.01164941
-0.002080942
0.002525249
0.001329681
0.006211275
0.00108463
0.014574
0.02478817
0.009559448
-0.01201469
-0.001487387
0.008023998
-0.0001973136
-0.01617573
-0.02888605
-0.01783548
-0.0006404264
0.006643289
0.006231108
0.004207327
-0.006947492
-0.03236905
-0.02222219
-0.008174838
0.02183143
0.01190674
0.009023111
0.01698413
0.00529382
0.007749896
0.008329175
0.02825377
0.04399841
0.03287422
-0.001055135
0.0004941723
0.0257595
0.02195381
0.01312054
0.01998405
0.0235846
0.02024199
0.01267965
0.01436156
0.01948599
0.02001634
0.02811712
0.03319054
0.0188595
0.01561483
0.03611882
0.05251527
0.0236278
0.002966648
0.004664907
0.01508519
0.03400105
0.04473345
0.04611858
0.02196393
0.03101028
0.02268092
0.01739526
0.005345974
0.001305729
0.02081933
0.02646603
0.02687502
0.01737065
0.009388114
-0.004552241
0.001843146
-0.0156621
-0.02709223
-0.04272782
-0.04008603
-0.02328663
-0.02590702
-0.03026038
-0.03400888
-0.03259719
-0.02720547
-0.0466844
-0.07299122
-0.06292687
-0.05368566
-0.03337031
-0.02382514
-0.007012464
-0.0114525
-0.01898315
-0.02854257
-0.01524379
7.153288e-05
0.0194026
0.003791522
-0.01408395
0.0009824985
0.008225549
0.001696559
-0.01685211
0.003527528
0.008386845
0.006241821
0.01612872
0.02062696
0.01787199
-0.003713211
-0.02000358
-0.01011259
-0.0302137
-0.03204964
-0.01016345
0.01320684
0.03489516
0.0186303
-0.01873736
-0.02880061
-0.03109249
-0.03732565
-0.04627098
-0.06164028
-0.0525408
-0.05009681
-0.03201418
-0.007034312
0.01811386
0.03539579
0.01699813
-0.007557278
-0.01436672
0.004323837
0.02265229
0.01517068
0.0013365
-0.01310151
0.01915913
0.01078196
-0.01670695
-0.03380717
-0.0176666
0.01941763
0.01752053
0.02871717
0.01455762
0.03098686
0.03193351
0.02996807
0.03014362
0.02944807
0.04588854
0.03255418
0.04058169
0.03796141
0.007748107
-0.009170523
-0.004036752
0.005333081
-0.01753317
0.009507149
0.04040103
0.04610294
0.0420659
0.01275938
0.00364784
0.0112796
0.01238234
0.02023647
0.03584259
0.04668328
0.03316739
-0.004078803
-0.01110443
0.000332958
-0.01172841
-0.01716794
0.003342358
0.02171983
0.00656889
-0.01887283
-0.01063416
-0.02231199
-0.03957739
-0.03133463
-0.005597849
0.01170048
-0.003682
-0.01770277
-0.03005789
-0.02140915
-0.009567831
0.0170992
0.02316223
-0.0127049
-0.01315049
-0.01758222
-0.01206081
-0.0150258
-0.03055412
0.006607696
0.02510963
0.03303723
0.02934601
0.03574157
0.05188018
0.03569804
0.005847907
-0.002675048
0.01143171
0.01415018
-0.007355327
-0.02497565
-0.02610157
-0.03417674
-0.01284633
-0.01529008
-0.006525043
-0.01064771
-0.01780998
-0.005407621
-0.03566472
-0.04886334
-0.06823196
-0.04112119
-0.007591574
-0.01653169
-0.03761083
-0.05856655
-0.04544611
-0.05987587
-0.07111301
-0.07115772
-0.05005271
-0.02524001
0.005247976
0.02187416
0.01798713
0.03031606
0.04323659
0.03670673
0.01960254
0.0204932
0.01456413
0.02610154
0.02639141
0.0247443
0.0190223
0.003086014
-0.002137211
-0.02028179
-0.03705346
-0.03653612
-0.01168056
0.02480299
0.04081514
0.02320811
0.02484744
0.02427645
0.003503326
-0.005999813
-0.008488413
-0.009306251
-0.003144229
0.02639416
0.0365811
0.04825826
0.03643259
-0.002225212
-0.01091336
-0.005847843
-0.005845598
-0.02231023
-0.01003228
0.02705104
0.040503
0.02610286
0.001659782
0.005287109
0.003974578
0.002024546
0.01696368
0.01980866
0.02772611
0.01832294
0.001701234
-0.008072196
0.000213475
0.02099721
0.02902482
0.01496943
0.01448616
0.02168349
0.01145208
0.006649116
-0.009794092
-0.001383979
0.0139244
0.03405737
0.0375317
0.030192
0.01054599
-0.02113193
-0.0243998
-0.03829607
-0.04716067
-0.03386885
-0.01944073
0.008949145
0.02716554
0.01180456
-0.01512833
-0.02680915
-0.01624888
-0.01079371
-0.01177677
-0.007131477
-0.002643262
-0.009441348
-0.01330489
-0.01564659
-0.01547401
-0.0009092071
-0.01269815
-0.02644039
-0.01802824
-0.01147555
0.007245749
0.006541142
0.005645796
-0.009131748
-0.01718749
0.00930722
0.02854259
0.02466783
0.001110124
0.008101417
0.006398232
0.008978026
0.01332752
0.002637112
-0.002452474
0.00214998
0.01976559
0.0242232
0.01915708
0.02207143
0.01753367
0.01029697
0.016153
0.0218336
0.01187963
0.0003507815
-0.003088448
-0.005091516
-0.0259962
-0.02846541
0.008585274
0.009057744
-0.009205147
-0.02987013
-0.02761777
-0.00323446
0.004616687
-0.01005785
-0.02650717
-0.03239951
-0.0144269
0.008999644
0.0003502498
-0.01725883
-0.03558292
-0.03457598
-0.02847209
-0.02284047
-0.02146837
-0.02214748
-0.0224288
-0.01752036
-0.02488047
-0.03681427
-0.02418137
-0.006975805
0.01984325
-0.006515386
-0.01038812
-0.005523547
0.004558331
0.00995331
0.01574812
0.0425937
0.0283751
0.004184976
0.009189293
0.02955072
0.02894912
0.01581988
0.01955632
0.04065522
0.04672237
0.04893188
0.01474575
-0.01357843
-0.007479663
0.01357026
0.02686412
0.02571476
0.03656469
0.04804803
0.04547068
0.03776171
0.01514645
-0.01715676
-0.01478508
-0.001429013
-0.00739991
-0.007498669
0.01225381
0.0220613
0.005591532
0.007889772
0.009297549
-0.008008612
-0.02809223
-0.06169902
-0.07151633
-0.05287975
-0.0001720952
0.02204673
-0.01082259
-0.002509417
0.01601395
0.01998702
0.007495253
0.001028622
-0.002522849
-0.01361927
0.002085844
0.02035727
0.0265927
0.03697238
0.02189286
0.005345564
0.02798564
0.03053682
0.02546452
0.004614866
-0.01244957
-0.03150097
-0.0321016
-0.007438866
-0.00636771
-0.01703675
-0.02114108
-0.01064513
-0.00309086
0.0002671307
0.0008721405
0.004859469
-0.005668823
-0.01625628
-0.00831135
-0.01194852
-0.01423114
-0.005444717
0.002265605
-0.01259565
-0.03256303
-0.03884813
-0.03058702
-0.02535224
-0.0374136
-0.03484511
-0.03127701
-0.02321785
-0.01914793
-0.01397027
-0.01256764
-0.03276249
-0.0443363
-0.05910475
-0.06711571
-0.05831298
-0.05196438
-0.03687131
-0.03588281
-0.02774614
-0.005060205
0.007596074
0.02579911
0.02684065
0.03452851
0.02643594
0.009240899
0.004048192
-0.02115895
-0.02360072
-0.009041132
0.02145698
0.03445086
0.02790053
0.04156455
0.03629534
0.02832517
0.01470725
0.0007751726
-0.006699287
0.007866413
0.01075107
-0.01399403
-0.01311673
-0.01002196
-0.002861464
0.001058489
-0.004333138
-0.01573461
-0.01234811
-0.00200727
-0.01150032
-0.02892591
-0.01964587
-0.001537726
-0.0006930823
-0.004101841
-0.02339302
-0.01550324
-0.009343381
0.0009709362
0.01068957
-0.002725393
0.009054662
0.02402833
0.02154063
0.02397136
0.04408379
0.07602617
0.0762384
0.06232566
0.05401477
0.04570286
0.04891591
0.03619964
0.03940964
0.04929962
0.05562979
0.05717311
0.04017691
0.0333144
0.02917835
0.01864283
0.01624383
0.0221303
0.02210894
0.005082121
-0.01838293
-0.02622464
-0.02148976
0.0001240773
-0.002846121
-0.02049718
-0.02682216
-0.02026862
-0.01266755
-0.02973313
-0.04356226
-0.03475147
-0.02582745
-0.02461669
-0.02752977
-0.02470027
-0.01411877
0.0006988018
0.003330426
0.008367209
0.01768799
0.01358761
0.00732381
-0.01063328
-0.01581485
-0.0166288
0.004058855
0.02209552
0.02588891
0.02788609
0.0417071
0.03136227
0.01201083
0.01647742
0.01063588
0.005091169
0.007025091
0.01755252
0.01357247
0.006911871
0.008662189
0.006025484
0.00799612
0.01005855
0.01237089
0.02066552
0.007528926
-0.01039656
-0.03529885
-0.04829367
-0.01925632
-0.01558434
-0.01585262
-0.03001024
-0.0377133
-0.03299888
-0.02414632
-0.01946148
-0.01989603
-0.008314973
-0.0079988
-0.01522247
-0.02522155
-0.02236661
-0.02623346
-0.02034401
-0.02061741
-0.02886516
-0.04359502
-0.03607561
-0.009438357
-0.01831545
-0.02079104
-0.01678146
-0.0140938
-0.01391739
-0.01638685
-0.006711182
-0.01308215
-0.02594338
-0.03451959
-0.04277552
-0.04363952
-0.04550923
-0.04574593
-0.03188521
-0.01260624
0.0144492
0.02740212
0.03351492
0.04145555
0.03752543
0.03452758
0.02918373
0.02713551
0.0171833
0.02418656
0.05045251
0.07022003
0.06773013
0.05400699
0.05232697
0.05034605
0.05107425
0.05093342
0.05062326
0.03233356
0.01536985
0.01095113
0.02377143
0.02993622
0.02507278
0.02444743
0.01989508
0.01898209
-0.007485981
-0.03276269
-0.02462828
-0.01321968
-0.02094627
-0.02580157
-0.02439917
-0.02366691
-0.01475119
-0.007755108
-0.00706773
-0.006941353
0.004001103
0.007132398
-0.012569
-0.02618101
-0.01408495
-0.004950952
-0.0166474
-0.03924459
-0.03755252
-0.01644578
3.646697e-06
0.003018651
-0.004683485
-0.0001140024
-0.001450321
-0.00718182
-0.0091281
-0.001174262
0.003497216
0.008070772
0.01454459
0.01688536
0.01751866
0.03015939
0.04586114
0.04314475
0.02244066
0.02360231
0.05274255
0.06163682
0.04386217
0.03082031
0.02385052
0.01415427
0.004761965
-0.01232011
-0.02392378
-0.02565587
-0.02061824
-0.01886602
-0.0254217
-0.02588084
-0.02566883
-0.03308131
-0.04185244
-0.05427211
-0.06972118
-0.07382988
-0.05402266
-0.03386659
-0.02756518
-0.03431162
-0.03921796
-0.04365308
-0.04822386
-0.04638903
-0.04423291
-0.03075479
-0.01345677
-0.0005977875
-0.006206928
-0.01249947
-0.01282399
-0.01630745
-0.02271016
-0.01857014
-0.000475506
-7.787172e-05
-0.01937746
-0.02848623
-0.03195032
-0.02910162
-0.02522477
-0.01239334
0.004226367
0.01826649
0.03387436
0.01656989
0.001584896
0.002244662
0.002454607
-0.00354419
0.002336954
0.007334776
0.0126488
0.021593
0.02130824
0.02291558
0.0211508
0.02382098
0.01242332
-0.002099625
-0.004085748
0.01007269
0.02248795
0.01677984
0.016236
0.02336662
0.03177328
0.02664759
0.02232974
0.02776412
0.02754973
0.03035352
0.03181193
0.04358967
0.04981862
0.04651771
0.0328587
0.02143451
0.01518988
-0.001929996
-0.0002818705
0.01858589
0.03453544
0.02841728
0.02883631
0.03669929
0.0295948
0.01167931
-0.007069501
-0.0117362
-0.005258378
0.006992642
0.008353122
0.008001022
0.01619652
0.02070676
0.01729669
0.01201902
0.02015434
0.02207887
0.01331789
0.01129911
-0.003035156
-0.01516928
-0.02401901
-0.02359591
-0.01110621
-0.007408919
0.002814335
0.008543471
0.003814544
-0.002648382
-0.005549469
-0.01521622
-0.02850702
-0.03017595
-0.0164388
-1.802617e-05
-0.004473594
-0.0120575
-0.01221479
-0.00608174
-0.002994409
-0.009776599
-0.01627421
-0.01617854
-0.01658879
-0.02614945
-0.03739517
-0.04906927
-0.04911743
-0.04253354
-0.03825587
-0.03844172
-0.04388363
-0.04459478
-0.03461837
-0.02125863
-0.01567331
-0.01634163
-0.001683421
0.0172343
0.007295215
-0.01205338
-0.02162731
-0.02701618
-0.01791085
0.0002908358
0.01443394
0.02920333
0.04160632
0.04292599
0.02371203
0.004806123
0.008018912
0.02033316
0.02625608
0.02782565
0.02518161
0.02390333
0.02746496
0.02796761
0.02742781
0.03149536
0.03022934
0.0319978
0.03955375
0.03783892
0.02382697
0.01128585
0.009959648
0.006205836
0.003797406
0.01045066
0.005974686
0.007731936
0.0166863
0.01914633
0.01365138
0.004323279
-0.001412391
-0.004001359
-0.005314307
-0.01417015
-0.02112166
-0.03257749
-0.03005626
-0.01905882
-0.008422475
-0.0024771
-0.008298446
-0.007949813
-0.007189098
-0.004364924
-0.01583197
-0.02956953
-0.02668926
-0.02614274
-0.02466598
-0.02324023
-0.02309253
-0.03112931
-0.02656297
-0.01074196
-0.006690722
-0.01481726
-0.01809064
-0.01453614
-0.02976698
-0.05188996
-0.04624344
-0.03436166
-0.03592042
-0.03724254
-0.02517511
-0.00703359
-0.0001681669
0.001160697
0.01905131
0.03327908
0.02731495
0.02483922
0.02258788
0.02472867
0.02787926
0.03218551
0.03442728
0.04633048
0.05964537
0.06577029
0.0539279
0.03793921
0.02704237
0.007690737
-0.006996428
-0.0109328
0.002114859
0.01236057
0.00990423
0.003792207
-0.002498315
-0.006678457
0.001102941
0.0044504
-0.00867106
-0.02175172
-0.01901523
-0.004449815
0.008185767
-0.0006904485
-0.01165868
-0.01696285
-0.01712114
-0.01303315
-0.00609222
0.009486069
0.01910348
0.0208934
0.008600196
-0.0003015121
0.003362159
0.008424253
0.004677626
0.0029098
0.007937215
0.01442425
0.01663952
0.003133545
-0.008982176
-0.001267057
0.01574945
0.01750572
0.004802486
0.003277429
0.008396653
0.009466477
0.006788822
0.004180529
0.006055135
0.006133524
0.006892253
0.009124882
0.008802415
0.009903866
0.01171319
0.01068183
0.008399947
0.01538171
0.02043157
0.01702463
0.01353814
0.003993855
-0.003255424
-0.003419782
0.01229114
0.01242463
-0.003693552
-0.001227327
0.00646436
-0.001268393
-0.0232485
-0.03513368
-0.0356489
-0.02699841
-0.02208112
-0.02037172
-0.01306049
-0.01828403
-0.02569037
-0.02784677
-0.02124444
-0.01178406
-0.01959839
-0.02054303
-0.000298189
0.01652659
0.01948652
0.01490763
0.02226171
0.0308398
0.02829582
0.02147599
0.007592663
0.003142297
0.007733212
-0.008033031
-0.01990797
-0.01183171
-0.004979454
-0.007687653
-0.01095583
-0.006963646
-0.01007984
-0.01520543
-0.01696401
-0.01361952
-0.02129511
-0.02471934
-0.01627688
-0.01530492
-0.01970732
-0.01013368
-7.962498e-05
-0.0005274864
-0.001271146
-0.006465066
-0.01838283
-0.02589928
-0.02222633
-0.01251295
-0.001731621
-0.004124612
-0.01087607
-0.02486135
-0.033816
-0.03697296
-0.03203827
-0.01024501
0.01339343
0.02076388
0.01276498
0.0133657
0.01566881
0.02177447
0.01474764
-0.0003851304
0.003195019
0.01611123
0.02690278
0.02231682
0.01583161
0.01467794
0.01713711
0.02124257
0.02448919
0.02432086
0.01987362
0.01760714
0.01640453
0.01791715
0.01889836
0.01178893
0.009989623
0.01986014
0.03160949
0.0330242
0.03293952
0.03100354
0.01662662
0.00536886
0.004545703
0.01189988
0.01394599
0.009823138
0.001296946
-0.001649845
0.006732506
-0.001983402
-0.01338701
-0.009163193
-0.005261697
-0.006545878
-0.01069728
-0.0123201
-0.01497108
-0.02015267
-0.02685304
-0.02286994
-0.02060655
-0.02074832
-0.01782295
-0.02144394
-0.02231092
-0.02710185
-0.03437239
-0.03536177
-0.02858692
-0.02789125
-0.03044021
-0.02835326
-0.02240562
-0.01890393
-0.0207552
-0.01831839
-0.01229832
-0.003258026
0.007896728
0.01651168
0.005914942
-0.003276237
-0.0003967371
0.005483605
0.001271049
-0.001955166
0.008177561
0.009587249
0.006713959
-0.0003107299
-0.004009197
-0.007587302
-0.001028647
0.00102467
-0.007622831
-0.007362671
-0.00300619
-0.003595686
-0.007380842
-0.009831835
-0.006747287
0.002928501
0.01130379
0.008948684
0.006120297
0.009092653
0.009440549
0.009454908
0.01003843
0.01878399
0.02179409
0.0169043
0.01494292
0.01387915
0.0122809
0.007967403
0.006367117
0.01429362
0.0142978
0.0005115793
-0.004981023
-0.002823624
0.001398256
-0.003731222
-0.009045319
-0.008508695
-0.008415768
-0.009847741
-0.01565449
-0.01809116
-0.01494639
-0.01308783
-0.02244725
-0.03099269
-0.03014597
-0.02269169
-0.01582697
-0.01043716
-0.002997163
-0.008324499
-0.01646601
-0.01624557
-0.01500818
-0.01549356
-0.01367069
-0.008710299
-0.003497963
-0.001429267
-0.003852649
-0.00663303
-0.00846787
-0.003146388
0.002328095
-0.0002472602
0.0006780258
0.001307513
0.007260382
0.01199232
0.01480155
0.01781478
0.02015379
0.01782834
0.009384944
0.001005802
-0.004189918
0.001765003
0.002898386
0.004986489
0.009730675
0.006278141
0.002612429
0.005936778
0.009666068
0.01000692
-0.0001031473
-0.006023053
0.001093663
0.0034837
0.001000178
-0.001947442
-0.000662062
0.00039178
0.008539723
0.01171721
0.01063109
0.01409622
0.02015827
0.02630804
0.02924481
0.02866768
0.02223371
0.02746447
0.02966583
0.02573596
0.00982212
0.007040779
0.01611591
0.018405
0.02000456
0.01617059
0.01790071
0.01438294
0.006026288
0.003340836
-0.002110854
-0.002318723
-0.00113225
-0.002869097
-0.006482743
-0.008241008
-0.006977011
-0.005425373
-0.004003274
-0.009435574
-0.01522385
-0.01547965
-0.01209711
-0.01313627
-0.01866954
-0.01519826
0.0006854138
0.004825822
0.002004731
0.001172642
-0.003805747
-0.01038554
-0.01087694
-0.01029735
-0.01413945
-0.01981246
-0.01949398
-0.02105332
-0.02221385
-0.01200442
-0.001979621
0.006980302
0.01030064
0.01003976
0.01253187
0.01407027
0.01264967
0.00479591
-0.006094381
-0.0001730323
0.006392957
0.007124547
0.007549119
0.007835991
0.01094113
0.0144818
0.01338351
0.007856388
0.006505144
0.01124738
0.01796944
0.0122067
0.01013126
0.01353117
0.01388945
0.007872737
0.00867676
0.01787742
0.01496151
0.00411917
-0.0009438452
0.00363112
0.007633866
0.005126973
0.00363192
0.0006741878
-0.005650563
-0.01185699
-0.01569906
-0.01837936
-0.01916347
-0.01642449
-0.01246662
-0.01033149
-0.008243277
-0.006287663
-0.007869409
-0.01377085
-0.01786384
-0.01336945
-0.01241955
-0.0175356
-0.01884499
-0.01700158
-0.0165525
-0.01687658
-0.01536263
-0.01501452
-0.01487349
-0.01009553
-0.003983408
-0.003488429
-0.006287028
-0.005928728
-0.0009528867
0.007149254
0.008799896
0.006778537
0.0111944
0.01667412
0.01730986
0.01148799
0.005952731
0.005513393
0.009492697
0.01305788
0.01272564
0.01221898
0.0147652
0.0185711
0.01981578
0.01887868
0.01460312
0.011879
0.008048158
0.002712823
-0.0009170725
-0.003534108
-0.005112783
-0.0009957786
0.004353386
0.001364051
-0.001931285
-0.00287756
-0.004245095
-0.003967371
-0.002179027
7.44377e-05
-0.001712318
0.0008206259
0.002524309
0.0009027937
-0.001067563
-0.004795379
-0.005639656
-0.008385213
-0.00633473
-0.006804667
-0.009907226
-0.0131536
-0.01088484
-0.004159699
0.002837782
0.006551883
0.003479923
-6.225607e-05
1.656398e-05
-0.0003850364
-0.007118797
-0.008839258
-0.0006085995
0.003369678
0.006193316
0.008746653
0.009790391
0.01124519
0.005007143
0.0002909381
-0.001035807
0.003337207
0.01076308
0.01325521
0.008331947
0.007331599
0.009195411
0.005429843
0.001602052
0.0003191625
0.001066072
-0.00139084
-0.0009407518
0.0005731952
0.004905401
0.006565208
-0.0003735873
-0.002739723
-0.00687658
-0.01276579
-0.01816949
-0.01941363
-0.01605451
-0.01356443
-0.01345095
-0.01452068
-0.01568016
-0.01146016
-0.007475787
-0.005218273
-0.003212699
-0.002498447
-0.001942295
-0.001772724
-0.003920594
-0.006096004
-0.004723858
-0.003026331
-0.002320245
-0.001847741
-0.0003317767
0.002488766
0.005179767
0.003211408
0.005591307
0.006413666
0.004206623
0.001158079
0.0009124935
0.004120628
0.00364248
0.00538589
0.00600016
0.00597591
0.004091178
0.003141784
0.002578969
0.001332753
0.001412535
0.003419096
0.008384676
0.01135717
0.01156649
0.007341867
0.005840641
0.006629315
0.006516306
0.006273757
0.003217026
0.001619913
0.0004063186
-0.003031896
-0.01172515
-0.01981865
-0.01935843
-0.01704079
-0.016194
-0.01805429
-0.02254719
-0.02172386
-0.01774261
-0.01826057
-0.01782179
-0.01113754
-0.00725524
-0.009229779
-0.01140934
-0.01293304
-0.01285025
-0.01170767
-0.009384951
-0.00614526
-0.001428609
0.002266
0.0007606463
-0.003240648
-0.006863525
-0.004439844
0.0001013556
0.005223953
0.00852687
0.007675323
0.007440875
0.007130945
0.005481754
0.003635701
0.006516324
0.0107362
0.01220107
0.01178912
0.01366708
0.01797569
0.01825939
0.0176618
0.01698567
0.013987
0.009540942
0.004088144
0.003998505
0.004971703
0.00326638
-0.0001219461
-0.001697733
0.0001444961
0.002018344
0.0007985296
-0.002249127
4.903459e-05
0.003081593
0.002715511
0.0001707056
-0.001135822
0.0005584886
0.001265436
0.001401183
0.001678706
0.004890768
0.006198487
0.004749143
-0.0005078617
0.001187451
0.00504006
0.009753549
0.01078382
0.006249977
0.005616616
0.002091555
0.0001097509
-0.005419616
-0.0001828845
0.007982264
0.00960615
0.007947674
0.006865496
0.007207234
0.009837851
0.01509599
0.01533674
0.01516235
0.01484006
0.01534905
0.01008078
0.001934059
-0.000304825
-0.002152031
-0.0006342589
0.00390679
0.007231997
0.008816061
0.009885022
0.008406023
0.005537778
0.006710772
0.009622863
0.008813993
0.007612418
0.006949402
0.003935283
0.006514841
0.007103356
0.00621491
0.0028805
0.004760328
0.008989213
0.006666635
0.004511335
0.001822573
-0.001303772
-0.004549461
-0.003513191
-0.002285617
-0.00427668
-0.005225928
-0.006940853
-0.005395974
-0.006122924
-0.00971686
-0.01133594
-0.01038394
-0.006462476
-0.008727708
-0.01226537
-0.01511089
-0.01637717
-0.01550614
-0.01361202
-0.01354234
-0.01563365
-0.01596116
-0.01609145
-0.01779236
-0.0185018
-0.01594073
-0.01716656
-0.01971913
-0.01829074
-0.01320325
-0.009943122
-0.009999953
-0.009746043
-0.009895187
-0.01142688
-0.01111955
-0.01252616
-0.01411847
-0.01420243
-0.01141216
-0.008935491
-0.007301199
-0.006893109
-0.008327063
-0.004661554
-0.001992063
-0.004291896
-0.007944767
-0.005894909
-0.003482617
-0.0005597224
0.002844765
0.005553773
0.00735149
0.007662008
0.0069045
0.003357557
0.001411765
0.001235356
0.001030146
-0.0011417
-0.001571869
-0.0014128
-0.001227374
-0.001793008
-0.001695474
-0.001249496
-0.0003649549
0.0008647411
0.001608509
0.0007358333
-0.0009147604
-2.151728e-06
0.00146689
0.003699674
0.006381581
0.007414861
0.007606143
0.008125736
0.009320133
0.009649377
0.009529187
0.008953469
0.01063324
0.01266107
0.01224682
0.01291038
0.01309762
0.01309057
0.01088308
0.009206797
0.00841191
0.008666684
0.007781142
0.006497339
0.006282081
0.006794084
0.006481147
0.005630934
0.00604803
0.006866872
0.005395559
0.002645994
0.001253757
-0.0004511063
-0.0009304115
-0.001185665
-0.0003122877
0.0006429067
0.002251326
0.002056242
0.0005437144
-0.00113117
-0.00241383
-0.003106561
-0.004058663
-0.003754693
-0.002971294
-0.001901293
-0.001941345
-0.002096307
-0.002880297
-0.002995584
-0.003704556
-0.00347122
-0.001512221
-0.001033158
9.289901e-05
0.0005321095
0.000615565
0.0001810942
-0.0009093272
-0.0004641324
0.0008307201
0.0006368457
0.0005803223
0.0001771164
1.958212e-05
-6.54883e-05
-0.0001330873
0.0001876655
-0.0004164136
-0.0003960058
-0.0002467829
-0.0002426563
-0.000446504
-0.0001507265
0.0005327225
0.0009081636
0.0007392783
0.0007476327
0.0005349434
3.595304e-05
-0.0009034454
-0.001552311
-0.002116879
-0.002137586
-0.00199469
-0.002362177
-0.002250205
-0.00199138
-0.002012379
-0.002632097
-0.002894502
-0.002490416
-0.001752305
-0.001054778
-0.000556965
-0.0007028603
-0.001153441
-0.001341893
-0.001482817
-0.001684629
-0.001806587
-0.001691356
-0.001926089
-0.002121363
-0.001934554
-0.001923755
-0.001969619
-0.001591705
-0.001211478
-0.0008283996
-0.0007370896
-0.0004510528
-8.087515e-05
-0.000286008
-0.0004297758
-0.0003123983
6.487613e-06
0.0001593604
0.0003468186
0.0005766177
0.0008305594
0.001034213
0.001027384
0.00104509
0.001139054
0.001175215
0.001200157
0.00132199
0.001500101
0.001595125
0.001585865
0.001462848
0.001349173
0.001064094
0.001080457
0.001216804
0.001039946
0.001019137
0.0009506818
0.0007626711
0.0004809939
0.0004046439
0.0005285048
0.0004869463
0.0003923898
0.0003442611
0.0002355461
8.02261e-05
-8.6996e-06
-2.569168e-05
-9.762549e-05
-0.0001171258
-9.504877e-05
-8.290778e-05
-8.923376e-05
-0.0001769786
-0.0002548942
-0.0003245978
-0.0002889309
-0.0002260913
-0.0002221625
-0.000246711
-0.000244803
-0.000239128
-0.0002609581
-0.0002654406
-0.0002192872
-0.000213712
-0.0002480074
-0.000232468
-0.0002208893
-0.0001874199
-0.0001593006
-0.0001316927
-0.0001058621
-9.634625e-05
-8.530226e-05
-7.619167e-05
-6.87653e-05
-5.462441e-05
-4.623717e-05
-3.966177e-05
-1.870845e-05
4.271928e-06
2.187951e-05
2.136632e-05
1.35915e-05
1.348266e-05
2.034032e-05
2.324033e-05
2.598336e-05
2.973818e-05
2.975545e-05
2.604503e-05
2.273181e-05
2.157815e-05
2.087866e-05
2.086218e-05
2.082924e-05
2.165726e-05
2.224005e-05
2.124761e-05
2.015351e-05
1.94189e-05
1.968277e-05
2.002322e-05
2.043967e-05
2.162921e-05
2.282722e-05
2.446488e-05
2.57825e-05
2.695643e-05
2.820729e-05
2.947e-05
3.054428e-05
3.143826e-05
3.233471e-05
3.310764e-05
3.385957e-05
3.456339e-05
3.520555e-05
3.577825e-05
3.63003e-05
3.678391e-05
3.722865e-05
3.764021e-05
3.801489e-05
3.834579e-05
3.862534e-05
3.884547e-05
