0.0005515112
0.0005521267
0.000553288
0.0005500649
0.0005264672
0.0005101915
0.0005385616
0.0006280656
0.0007983523
0.0007894704
0.0007157023
0.0004925543
0.0002154626
-8.879648e-05
0.0003132115
0.0008951459
0.0008364763
-0.0008731248
-0.003389327
-0.005787999
-0.004759591
-0.002434531
-0.00308321
-0.006145499
-0.009062831
-0.004561761
0.006340931
0.01439151
0.02380507
0.0180418
0.0002591974
-0.009653582
-0.02077916
-0.01961145
-0.01723748
-0.03447272
-0.04371768
-0.03745468
-0.02670152
-0.01543854
0.00499217
0.02860358
0.04799735
0.05388029
0.06840787
0.07087858
0.04142823
-0.0007854856
-0.0283704
-0.03452591
-0.02350329
-0.008867013
-0.002451351
-0.008926167
-0.01681319
-0.005786536
-0.0005770427
-0.008295832
-0.02503794
-0.04882382
-0.05238304
-0.05443924
-0.05322487
-0.04133958
-0.02089486
-0.01139149
-0.008143886
-0.001681392
-0.003496771
-0.008818977
-0.01172831
-0.01102941
-0.004406998
0.000538528
0.0003163456
-0.00867924
-0.01364397
-0.002300514
0.009324161
0.02209183
0.03921925
0.05201301
0.06391175
0.07620672
0.08693638
0.08422518
0.05887339
0.04135211
0.0178305
-0.02148514
-0.02304805
-0.007230849
-0.001256484
0.01866575
0.04773064
0.08383185
0.08440608
0.044838
0.008463665
-0.03532278
-0.07798579
-0.1103075
-0.1376258
-0.1211207
-0.09413466
-0.0552976
0.01351687
0.03104612
0.03829821
0.04675198
0.05659497
0.07075648
0.1072884
0.1239007
0.07410301
0.009032358
-0.07393056
-0.07060257
-0.06543472
-0.0648897
-0.04373886
-0.02490349
-0.03700003
-0.04603623
-0.04792197
-0.04399926
-0.01492961
0.01902437
0.07245023
0.08543545
0.06708118
0.05806287
0.03214659
0.005641157
-0.01546999
-0.03964837
-0.058596
-0.07949995
-0.0926625
-0.08163328
-0.04895575
-0.01302499
0.03956524
0.1045175
0.1353711
0.1162863
0.07786621
0.05292659
0.02894327
0.003098082
-0.02088975
-0.04520337
-0.06503137
-0.0574318
-0.05239388
-0.05247836
-0.03720651
-0.02559811
-0.02197601
0.0001252218
0.03441396
0.04703371
0.04815468
0.03973194
0.01278765
-0.009878302
-0.03887386
-0.02453445
-0.01599049
-0.02851234
-0.02223063
-0.01665872
-0.007866686
0.02535524
0.06832641
0.0691565
0.04640157
0.01936882
-0.005208646
-0.04059421
-0.0514413
-0.04640882
-0.03225247
-0.0007633092
0.04694786
0.07573797
0.08086618
0.07466892
0.0436912
0.001696006
-0.01098951
-0.004833401
-0.006354665
-0.01213177
-0.01544282
-0.02052113
-0.0153338
-0.004345467
0.007307891
0.02152441
0.04422206
0.04778724
0.01960185
-0.01419183
-0.04271051
-0.05824423
-0.06320057
-0.05449493
-0.03242834
-0.007856348
-0.002639151
-0.0153226
-0.0164145
-0.006592299
-0.00280269
-0.0004766095
0.004628784
0.0005712724
-0.004441979
-0.005184691
0.003735104
-0.007526572
-0.02134257
-0.02454357
-0.03382164
-0.04128739
-0.03724845
-0.033501
-0.0295377
-0.01280199
0.01155262
0.01634868
0.02096822
0.01825959
0.01553726
0.01633226
0.02332847
0.03168255
0.03202153
0.02229899
0.02343584
0.03364286
0.04458151
0.04882985
0.0417348
0.005745606
-0.02743778
-0.05852228
-0.06913369
-0.04669869
-0.02189584
0.001570468
0.02504774
0.03516126
0.03382919
0.02653702
0.004494275
-0.01996241
-0.03556314
-0.04840297
-0.04504746
-0.02725691
0.0004052445
0.02076009
0.04308912
0.06224105
0.05946231
0.04519181
0.03639896
0.02015089
-0.001607766
-0.02530973
-0.04542401
-0.05436019
-0.04835592
-0.02348359
0.003425902
0.02764483
0.03072618
0.02189364
0.001272379
-0.007656296
-0.006054043
-0.01124483
-0.01468788
-0.01451017
-0.01653165
-0.02245015
-0.02785115
-0.01504738
-0.0003317209
-0.003474678
-0.003949568
0.003578053
0.01101522
0.04514957
0.06783068
0.05144942
0.02685407
0.01029897
-0.01173779
-0.0400205
-0.03650499
-0.0270611
-0.02968452
-0.02760697
-0.0235772
-0.01599385
-0.00370675
0.005798633
0.01114485
0.01238963
0.01578659
0.01984022
0.02748433
0.03136763
0.02125864
0.01932058
0.01681034
0.007657409
0.0003445314
-0.01030059
-0.02464106
-0.03352125
-0.04603987
-0.05492186
-0.04783191
-0.0393176
-0.03044176
-0.01517896
0.0045705
0.0180657
0.02703838
0.02815155
0.03033498
0.03294689
0.02514161
0.004131716
-0.01088542
-0.01870499
-0.02680044
-0.03821498
-0.04722261
-0.05893172
-0.06072219
-0.03596469
0.003697758
0.05727543
0.08044223
0.09172077
0.07810219
0.04666555
0.01405086
-0.00997392
-0.053544
-0.08108108
-0.0680148
-0.06889499
-0.02976039
0.02427156
0.05064977
0.08909454
0.06803477
0.04179978
0.02842618
0.007644963
-0.007964786
-0.01346361
-0.01791171
-0.02814512
-0.03697744
-0.04213975
-0.0454309
-0.04014548
-0.02542007
-0.004381872
0.0002213011
0.008835014
0.01041566
0.007253492
0.01056235
0.0148678
0.007835084
-0.004774107
-0.008197812
-0.01898734
-0.04619533
-0.07289496
-0.0866138
-0.04729663
-0.007425302
0.02337578
0.05966545
0.05510014
0.04613447
0.04804891
0.04891747
0.05763696
0.06135694
0.06316527
0.0541046
0.03125606
0.009123569
0.00122615
0.008413613
0.01010886
0.01801147
0.02770028
0.03042694
0.02858477
0.0176245
0.002887227
-0.008656498
-0.01232255
-0.01134534
-0.006061456
-0.001720955
-0.004426131
-0.015945
-0.02269358
-0.03246922
-0.05506943
-0.06336248
-0.05599866
-0.0570476
-0.05878991
-0.0549967
-0.05107996
-0.03854476
-0.01361271
0.004098262
0.001153637
0.009487625
0.019099
0.03624521
0.0804552
0.09221299
0.05311382
0.04603532
0.03584534
0.01017916
-0.005688776
-0.01323805
-0.01861583
-0.02042625
-0.01718238
-0.005065601
0.01947166
0.04017459
0.0472127
0.03686785
0.01668594
-0.000979043
-0.01341585
-0.02150275
-0.02293028
-0.0186082
-0.01581175
-0.01173369
-0.005184543
0.01312348
0.03366089
0.03573218
0.03903354
0.04246189
0.04338615
0.04325598
0.04077101
0.03054907
-0.006419813
-0.05129704
-0.04403171
-0.03402816
-0.02849548
-0.02684096
-0.03355712
-0.03591803
-0.03737814
-0.03331774
-0.009390327
0.01409717
0.02145981
0.04019216
0.04938294
0.01379125
-0.02121524
-0.06291508
-0.09050235
-0.07984387
-0.06057711
-0.03370096
0.01795256
0.06767745
0.06378031
0.09009253
0.07865819
0.04564116
0.02976171
-0.005329519
-0.03752214
-0.04891212
-0.06366517
-0.06806325
-0.06373412
-0.05302242
-0.02608607
0.01421043
0.03341994
0.04818158
0.02074821
-0.007031167
-0.005215434
-0.01198818
-0.0197125
-0.01138554
-0.008783436
-0.02352103
-0.03940916
-0.03937006
-0.01257529
0.009106565
0.04293034
0.05301035
0.06162333
0.06021881
0.05653577
0.05176081
0.03104935
-0.006095437
-0.05584138
-0.06784922
-0.07018925
-0.0570221
-0.03447293
-0.02199496
-0.005978536
0.006039875
0.01713812
0.02154777
0.01503504
0.0100221
0.005733596
0.0007272276
0.0005795591
-0.0009155618
-0.002845523
-0.003219346
-0.004121209
-0.009845809
-0.0306277
-0.03617441
-0.02629933
-0.01622169
-0.003741868
0.001093553
0.008627098
0.004693016
0.004956288
0.01451474
0.01392374
0.01464934
0.01904779
0.02075115
0.02264013
0.02599817
0.03033919
0.03961222
0.04255537
0.02392932
0.004010421
0.00803426
0.005044639
-0.002580907
-0.003042071
-0.004550292
-0.007489246
-0.01099614
-0.0156281
-0.01984991
-0.02850836
-0.03866439
-0.04832515
-0.05544383
-0.05509908
-0.05537921
-0.05473844
-0.04543508
-0.02073354
0.01002986
0.04215071
0.06225371
0.06948593
0.06166912
0.05410146
0.05181879
0.04125285
0.02946254
0.0142246
0.00723109
0.0002161279
-0.008293019
-0.02057656
-0.02404361
-0.01926284
-0.02230388
-0.02324855
-0.02429223
-0.02014442
-0.001520772
0.01326954
0.0305646
0.04632322
0.05540755
0.06949791
0.07731675
0.0653181
0.03484374
0.007216213
-0.0251519
-0.06152936
-0.07600017
-0.07190191
-0.06624656
-0.05594035
-0.0437831
-0.03089423
-0.01823612
-0.01216115
-0.007766394
0.006014514
0.03186406
0.05089664
0.06381901
0.06142064
0.05163098
0.01571124
-0.006138081
-0.01489855
-0.01202143
0.02379324
0.04918964
0.08584083
0.1016767
0.08681068
0.07327506
0.04014854
0.0119411
-0.02338134
-0.04608376
-0.0517907
-0.05967178
-0.05765096
-0.05438073
-0.04941723
-0.04282248
-0.0412469
-0.04396864
-0.04364154
-0.04053041
-0.03357062
-0.01210743
0.01150427
0.02287622
0.0272436
0.02406769
0.02477733
0.02251248
0.0116386
0.005737633
0.005750971
0.01093449
0.0136904
0.009660892
-0.004365162
-0.02864321
-0.0326156
-0.01247953
-0.00597544
0.002174459
0.01907837
0.03071705
0.03781044
0.03330852
0.02288541
0.01434944
0.00356378
-0.003777235
-0.003126623
0.001719621
0.01009883
0.009135771
-0.0110668
-0.02956862
-0.04336765
-0.02924121
-0.01649082
-0.006753499
0.01191453
0.0307275
0.02226274
0.01151168
0.007642903
-0.004535858
-0.01717663
-0.02934973
-0.04591958
-0.05487549
-0.05034386
-0.02396443
-0.007438878
0.01448389
0.0434081
0.04627221
0.03753749
0.0293827
0.02127163
0.006237998
-0.009463563
-0.01699757
-0.01960054
-0.02051891
-0.02056791
-0.01675703
-0.002638593
0.01738168
0.03166713
0.032454
0.02761166
0.01462114
-0.005621712
-0.02358756
-0.03747405
-0.03595394
-0.02540354
-0.01087016
0.006377218
0.02587573
0.04220248
0.03140132
0.002157793
-0.008481903
-0.02957231
-0.05478132
-0.06023045
-0.062707
-0.04857876
-0.02921693
-0.01447476
0.001717102
0.02414366
0.02643693
0.02024278
0.02627437
0.03208413
0.03714207
0.0331234
0.02400565
0.008140611
-0.02187845
-0.04781237
-0.0603758
-0.07052684
-0.0787264
-0.07862877
-0.03990236
-0.003528881
0.01870611
0.03949245
0.03966697
0.02365764
0.01879682
0.01897169
0.00337342
-0.008917706
-0.01240475
-0.01273144
-0.01141405
-0.01005751
-0.002194972
0.02194384
0.04653324
0.056852
0.06813136
0.06898967
0.04836246
0.02593234
0.01937216
-0.002459522
-0.03551854
-0.04298066
-0.03311006
-0.02335408
-0.005637036
0.0009596476
0.004899912
0.01868318
0.02688233
0.03821904
0.04463753
0.03038207
0.004753773
-0.01113212
-0.03663725
-0.05139504
-0.04560246
-0.04706365
-0.04942478
-0.05489134
-0.05881986
-0.0647796
-0.06275223
-0.04249744
-0.01290132
0.02313212
0.04317745
0.05900393
0.06863567
0.04474892
0.0174988
0.003081291
-0.003194014
-0.009385757
-0.005433321
-0.01029813
-0.0133201
-0.006381701
0.01448788
0.02930365
0.03308773
0.02661498
0.01524631
0.00593059
-0.009857958
-0.02599316
-0.04061844
-0.04732204
-0.03582224
-0.02127504
-0.00888734
0.01205548
0.03366121
0.03409586
0.02209664
0.02098904
0.01551663
0.008387499
0.002935461
0.002504206
0.003790255
-0.0001588618
-0.00968968
-0.01954591
-0.03036651
-0.04234902
-0.04955649
-0.05129879
-0.04351717
-0.02878752
-0.008758328
0.02444098
0.04696681
0.06201071
0.06442495
0.05170601
0.04426533
0.03385679
0.01742036
-0.00143778
-0.02266993
-0.03419688
-0.03429158
-0.02870555
-0.00944212
0.01235294
0.02692787
0.03787347
0.037619
0.03000201
0.01828565
0.001136002
-0.01759584
-0.03054375
-0.03644425
-0.0310383
-0.02805985
-0.02080355
-0.008131848
-7.278763e-05
0.0006252578
-0.01086461
-0.01622409
-0.01556482
-0.01203994
-0.008511107
-0.003352279
0.003468036
-0.007889625
-0.02202012
-0.02876994
-0.03303035
-0.01887228
0.008792279
0.03832482
0.05048053
0.06567527
0.07674047
0.0765213
0.07593862
0.06310397
0.03839504
0.01642614
-0.005507617
-0.01336878
-0.01541321
-0.02372162
-0.02754559
-0.02212236
-0.004798515
0.005359134
0.01381392
0.01399373
0.00402953
-0.009263546
-0.01083616
-0.009880992
-0.008327275
0.004945167
0.01939049
0.02514528
0.01801563
0.0118538
0.003307127
-0.001399055
-0.002225192
0.005024607
0.01860726
0.02694511
0.02887894
0.01708477
0.0009348742
-0.01417823
-0.020949
-0.03135084
-0.04116001
-0.03814172
-0.02332905
-0.01198816
-0.003705108
-0.003606276
0.001373522
0.01833354
0.02952577
0.03972126
0.04503559
0.02611747
0.001019295
-0.01155145
-0.02516302
-0.03920528
-0.04095045
-0.0437434
-0.03832569
-0.02169892
-0.002493812
0.01275501
0.02269262
0.03192335
0.03943782
0.04373662
0.04052881
0.03475075
0.02322732
-0.01302373
-0.02405661
-0.03989237
-0.04597067
-0.02347515
-0.002067272
0.00434931
0.01095767
0.01857334
0.01153948
0.008950396
0.009837478
0.006107307
0.00368769
0.002320865
-0.0002471349
-0.004611074
-0.01189254
-0.0284767
-0.03689139
-0.03132512
-0.02096192
-0.005086264
-0.007928221
-0.004627695
-0.008825004
-0.01714563
-0.02253164
-0.02954363
-0.03035349
-0.02013392
-0.004959276
0.01227357
0.02475226
0.03305768
0.02875367
0.02238751
0.01706079
0.01082186
0.01607638
0.02170123
0.01781657
0.005129223
-0.002930874
-0.009238635
-0.01802543
-0.01837776
-0.01083415
-0.01003021
-0.008946544
-0.008570717
-0.0124604
-0.01001545
0.00109519
0.01694433
0.03033179
0.02975079
0.03107763
0.02543849
0.01427098
0.006878661
-0.001846602
-0.008281404
-0.008916172
-0.01146239
-0.01374068
-0.01425201
-0.01253342
-0.009492371
-0.009089378
-0.0119486
-0.01400661
-0.01831365
-0.02339363
-0.02112786
-0.006486723
0.001194071
0.001431368
0.0050638
0.008772281
0.01240839
0.01767173
0.0228692
0.02295534
0.01145682
-0.004900726
-0.02160802
-0.03429745
-0.03580644
-0.02328906
-0.01587442
-0.004987382
0.009600088
0.03159607
0.04826717
0.0530401
0.05713066
0.05132584
0.03688633
0.02685239
0.0147701
0.0005633171
-0.0120198
-0.023377
-0.0336676
-0.03994776
-0.03397104
-0.01223312
-0.004213248
-0.001804364
-0.004070975
-0.007402618
-0.01004715
-0.01489337
-0.01598598
-0.01341369
-0.01193892
-0.01120867
-0.008803479
-0.004510163
0.00138795
0.003952263
0.004461571
0.004575178
0.002583748
0.001274514
-0.0004524776
-0.0006713235
-0.001050568
-0.001866259
-0.006092798
-0.01552518
-0.02756829
-0.03219641
-0.03315903
-0.03158206
-0.02128353
-0.00767082
0.01229727
0.02011886
0.01960889
0.0241205
0.02514801
0.02116394
0.01992424
0.01841048
0.01573715
0.01340932
0.008923619
0.004800586
0.0007737999
-0.007456027
-0.01731878
-0.02852269
-0.03946297
-0.03801628
-0.02866883
-0.02458465
-0.02125602
-0.01605121
-0.01464172
-0.01614031
-0.01544219
-0.01305157
-0.01000529
-0.00689634
0.005178174
0.01988923
0.01997919
0.01936101
0.02492665
0.02512654
0.02517923
0.02774122
0.02821312
0.0250216
0.01899464
0.00441437
-0.01068983
-0.02145774
-0.03134088
-0.03723287
-0.03641728
-0.02878046
-0.02627165
-0.02194233
-0.00799081
0.008833717
0.01493843
0.02674191
0.03857795
0.03888443
0.03572133
0.03123731
0.02403547
0.0149667
0.005186916
-0.007079961
-0.02082066
-0.02806785
-0.03131955
-0.02693509
-0.01501985
-0.004484144
-0.002633453
0.005586732
0.01373546
0.01987119
0.02745417
0.02843489
0.02414479
0.02146424
0.01804437
0.01322942
0.00962376
0.007011002
0.003546073
0.001189632
0.006190277
0.01143612
0.01419739
0.01951822
0.02038234
0.01278005
0.005228139
0.007545377
0.008969953
0.005085292
0.0006531682
-0.007579672
-0.0164022
-0.0218152
-0.02544141
-0.02236715
-0.0132676
-0.00551964
0.00241314
0.01218238
0.01874232
0.01739218
0.01474531
0.01380096
0.007834795
-0.00907078
-0.01942557
-0.01240953
-0.006275348
-0.003915541
0.0005831615
-0.002631639
-0.01621247
-0.02845273
-0.0316286
-0.03541166
-0.02357217
-0.01055301
-0.01039403
-0.00591886
-0.001306635
-0.005252918
-0.006126
-0.004572793
-0.00622538
-0.009627525
-0.01548321
-0.01819533
-0.01216686
-0.009393285
-0.008461629
-0.01229763
-0.01804419
-0.02139637
-0.0234014
-0.0192629
-0.01358905
-0.009625083
-0.006570259
-0.002606974
0.002804069
0.007156016
0.009988216
0.01051934
0.008282227
0.005811469
0.002578677
-0.001284455
-0.002206812
0.003513562
0.01116337
0.01772874
0.02489402
0.02838055
0.02368131
0.02351502
0.0230086
0.01952786
0.0159198
0.01229067
0.008729801
0.007085804
0.009039764
0.009385307
0.01011626
0.01182257
0.01315866
0.01562914
0.01940588
0.02757776
0.0305193
0.02723521
0.02208735
0.01561188
0.008822166
0.001435324
-0.005977877
-0.01246189
-0.01311233
-0.01297497
-0.008563384
0.00116949
0.008324439
0.01218398
0.006989893
0.004225338
0.003704596
0.005830402
0.01127182
0.01132312
0.01222266
0.01327255
0.01119891
0.008612491
0.005229431
0.0004941376
-0.005950649
-0.01119791
-0.01462358
-0.01306203
-0.0112943
-0.008949641
-0.005591272
-0.00533816
-0.003951723
0.0005693408
0.003925451
-0.001265588
-0.01537216
-0.0181837
-0.01572836
-0.01030166
0.003572245
0.008870144
0.008670278
0.006162317
0.0002027898
-0.001911804
-0.003387157
-0.007551846
-0.01055621
-0.01127038
-0.00424823
0.005248356
0.01277513
0.009908861
0.004301038
0.001505916
-0.003370932
-0.00545321
-0.00635735
-0.008357344
-0.01071125
-0.01457804
-0.01390679
-0.00975625
-0.006215049
-0.0009441106
0.004923962
0.01072046
0.006989144
0.003783278
0.001237059
-0.003781168
-0.009537208
-0.01702629
-0.02339734
-0.02773622
-0.03107182
-0.02642978
-0.01702161
-0.007001474
-0.001207765
0.005617709
0.01584094
0.02395806
0.02904411
0.02393097
0.01066839
-0.0005294381
-0.0154474
-0.01944348
-0.01107475
-0.01173905
-0.01156927
-0.01047909
-0.009217944
-0.006405067
-0.003157413
-0.002668608
-0.001171036
0.001424911
0.006974267
0.01335287
0.02670605
0.03951768
0.04187292
0.03804499
0.01707662
-0.005988654
-0.02435298
-0.02942312
-0.01921066
-0.009545448
-0.006927307
-0.00648041
-0.008623433
-0.01045662
-0.0104705
-0.01147473
-0.01360149
-0.01827686
-0.02125711
-0.02055553
-0.01560421
-0.01204702
-0.008175038
0.0002873511
0.007758572
0.01231994
0.01423705
0.01442591
0.0150268
0.005033595
-0.005745162
-0.004911091
-0.0105386
-0.01674752
-0.02438026
-0.02754025
-0.02317464
-0.01778918
-0.005486526
0.003368992
0.003352263
0.009147624
0.0191268
0.02698477
0.03171337
0.02862687
0.02502553
0.02081791
0.01596693
0.01457621
0.01666809
0.0184172
0.01939035
0.0164526
0.01026677
0.005383908
0.0007643067
-0.003046272
-0.006304413
-0.008205806
-0.007162011
-0.002021419
0.001241333
0.007593601
0.01746161
0.02446307
0.02709892
0.02969622
0.03125865
0.02102905
0.008213523
-0.005372097
-0.01975994
-0.02431745
-0.02808873
-0.02675588
-0.02501582
-0.02293336
-0.02164092
-0.02138665
-0.01610304
-0.01105547
-0.006213423
-0.003399376
-0.004543335
-0.003588557
-0.002775831
-0.00337783
-0.0033112
-0.003161919
-0.003265211
-0.004179072
-0.007222809
-0.007431339
-0.003246852
-0.001553086
0.0007571851
0.001929083
-0.0003393022
0.002031515
0.007830762
0.01562097
0.02463268
0.02504109
0.02814037
0.02562644
0.02284626
0.01397443
0.00693145
0.004453795
-0.001307732
-0.005330355
-0.007949255
-0.01389393
-0.0181658
-0.01819189
-0.02004957
-0.01527478
-0.01144597
-0.009178551
-0.005151446
-0.001549642
0.00145949
0.005022883
0.008695389
0.008686456
0.000704314
-0.005607625
-0.01105498
-0.0169028
-0.02065957
-0.02039993
-0.02174772
-0.02269052
-0.02216605
-0.01794936
-0.01141863
-0.006900123
0.002228798
0.009701362
0.008813179
0.009335575
0.01273816
0.01368982
0.01563244
0.0170622
0.01235844
0.008024901
0.003607633
-7.548445e-05
0.002637878
0.007929852
0.01107641
0.01271575
0.007017129
0.004613915
0.00226223
0.004692943
0.005437288
0.004199119
0.005367923
0.0005346702
-0.005933758
-0.006722448
-0.001902421
8.859341e-05
0.002536144
0.003588373
-0.0002109877
-0.00151663
0.0005021077
0.008619291
0.01477615
0.01637091
0.0190606
0.01271357
0.004997445
-0.006786153
-0.02832443
-0.03201776
-0.0308451
-0.02780391
-0.02225932
-0.004951083
0.01268089
0.0151378
0.01534437
0.02082907
0.02227053
0.02149713
0.0149635
0.007226553
0.00439087
0.006765433
0.008709033
0.01031505
0.01292447
0.004539102
-0.003018736
-0.008014406
-0.01352091
-0.0107915
-0.007338992
-0.005993612
-0.002312313
8.759274e-05
0.0002132604
-0.0006263455
-0.0006665103
-0.001500357
-0.002692492
-0.003964751
-0.0001401591
0.002338027
0.00358317
0.005010641
0.003615704
0.002785348
0.001370971
-0.002015485
-0.007059457
-0.0113441
-0.01582073
-0.01399196
-0.007854393
-0.003635393
0.0002244775
-0.001980884
-0.002907975
-0.002999045
-0.002206229
-0.001868368
-0.000521301
0.001782607
0.003891843
0.005242698
1.303084e-06
-0.003973259
-0.01113732
-0.01965134
-0.02373479
-0.0189615
-0.01162753
-0.005183884
0.006215817
0.01440858
0.01772534
0.02193418
0.01980095
0.01738469
0.01249499
0.01010877
0.007627946
0.0066891
0.009166356
0.009316174
0.007282937
0.00115395
-0.003466902
-0.01373815
-0.01915518
-0.02148666
-0.02027318
-0.01958229
-0.01932099
-0.01338356
-0.001491022
0.006912347
0.01256719
0.01685811
0.01132109
0.006711028
-0.002736949
-0.01248014
-0.01300737
-0.01256112
-0.01309237
-0.01250333
-0.01198869
-0.01245269
-0.0114017
-0.01016085
-0.007011871
-0.002854522
-0.001677819
0.0005249643
0.004943014
0.009416638
0.01323184
0.01493755
0.0158475
0.0126098
0.008506476
0.004309244
0.003228525
0.004009527
0.002138098
0.001569161
-0.0007013953
-0.004327528
-0.006355103
-0.006507139
-0.002847236
0.0009668089
0.006631488
0.008578146
0.004153643
0.002999862
0.0001727209
-0.004312551
-0.006277123
-0.00494199
-0.000217919
0.001089599
0.001529785
0.00172337
0.002379602
0.002336355
0.001591417
-0.001067234
-0.002944394
-0.002947564
-0.003223196
-0.004866174
-0.005995313
-0.005980684
-0.003588664
-0.001575015
0.002212682
0.006445065
0.008226028
0.004498391
0.003658402
0.006990537
0.009621966
0.005262811
-0.002283063
-0.007691573
-0.01004256
-0.01228319
-0.008494068
-0.002204419
0.002701755
0.01467576
0.0248958
0.02648158
0.03097965
0.029208
0.01877069
0.01119979
-0.001394955
-0.008156867
-0.005848675
-0.00797735
-0.01021848
-0.01169929
-0.01237287
-0.01120183
-0.009007912
-0.006869533
-0.004274605
-0.001365336
-0.0003774391
0.001490711
0.003900163
0.004061771
0.001211263
8.372926e-05
-0.0009387908
-0.002946112
-0.003989914
-0.002158778
-0.0002793192
0.0001910608
-0.003076136
-0.005893326
-0.007999661
-0.01163589
-0.01039181
-0.005171562
-0.004045327
-0.001698764
0.001845745
0.006207413
0.01027545
0.01162442
0.01132674
0.00480216
0.0004042166
-0.006138238
-0.01153503
-0.01406013
-0.01046261
-0.003536659
0.003504235
0.0151699
0.01824996
0.01609267
0.01174532
0.007224376
6.572175e-05
-0.004373873
-0.006912792
-0.005993153
-0.002467307
0.000290943
0.006038224
0.009814109
0.003325046
0.001970777
0.002331511
0.006302066
0.01009077
0.01161488
0.01361623
0.01167485
0.01122242
0.01111063
0.009378351
0.005719768
0.002821953
0.0002891294
-0.003484419
-0.002017747
0.00153947
0.004703266
0.008743738
0.009942311
0.01225789
0.008145727
0.004444758
-0.0006170697
-0.008123091
-0.01484363
-0.01893814
-0.01978151
-0.01658911
-0.01077196
-0.007701768
-0.001980455
0.008253565
0.01594738
0.02031016
0.02309435
0.02032589
0.01246902
0.001823819
-0.007306576
-0.007676362
-0.009742032
-0.007794375
-0.005848319
-0.006752479
-0.005468983
0.001404562
0.004008071
0.00684996
0.009258024
0.00554926
0.004066469
0.002945934
0.000628509
-0.001136428
-0.002784236
-0.0038663
0.0009215586
0.006033907
0.008546203
0.01298378
0.01141805
0.005881159
0.003458921
-0.004150161
-0.0159134
-0.02287442
-0.02732006
-0.02756352
-0.01918844
-0.01415836
-0.003660196
0.0005701776
0.003541812
0.003079523
0.002269035
0.002552254
0.001811457
0.001013814
0.000326299
-0.0006963258
-0.00146552
0.0002835164
0.002587359
0.003280259
0.004467613
0.001724965
-0.002761311
-0.005595295
-0.008342216
-0.009582907
-0.006895939
-0.003740366
-0.003934529
-0.005890548
-0.007715586
-0.008433194
-0.009738889
-0.008428693
-0.006434269
-0.005386334
-0.002672924
-0.0007652428
-0.003959754
-0.005931819
-0.006103905
-0.007367427
-0.006043655
-0.005178509
-0.007135238
-0.01110313
-0.01313719
-0.01514287
-0.01743558
-0.01855269
-0.01913062
-0.0193234
-0.01297697
-0.008161273
-0.002115353
0.006017492
0.009074516
0.008525148
0.005062527
0.004577574
0.002626143
1.115587e-05
0.002433204
0.00574988
0.003591134
-0.0007008557
-0.003081249
-0.003524206
0.001741765
0.003678192
0.00716857
0.006931818
0.001532625
0.0004684283
-0.002296421
-0.006230986
-0.008653241
-0.005765234
-0.0001495316
0.00286926
0.009923261
0.01372419
0.01577867
0.01242043
0.008251555
0.002576213
-0.01087161
-0.01599355
-0.01777547
-0.01510006
-0.010697
-0.004205029
0.006871315
0.01202414
0.01897843
0.01328991
0.008454787
-0.0003737517
-0.005989786
-0.008949677
-0.007488042
-0.003300962
0.001365199
0.008200631
0.01117084
0.006450224
0.003684364
0.002973456
-0.0007085498
-0.002782763
-0.0009263499
0.003420641
0.005132737
0.007541355
0.01051021
0.009463365
0.002692355
-0.0004575131
-0.002603287
-0.006639957
-0.005113192
0.002614753
0.004828293
0.008820665
0.01017478
0.002760877
-0.0002808494
-0.003841646
-0.007161552
-0.008312597
-0.005246175
-0.002967096
-0.003321379
-0.005754195
-0.006960654
-0.007632807
-0.008045432
-0.004549521
-0.002326031
-0.0001164212
0.003136623
0.004224037
0.003793703
0.004841451
0.005867987
0.00638987
0.00778822
0.009135056
0.008139428
0.007267224
0.007328453
0.00705056
0.006674042
0.006733001
0.006730195
0.006362673
0.004186176
0.002487529
0.0008728639
-0.00171474
-0.004000229
-0.006698395
-0.009802913
-0.01357562
-0.01371224
-0.008259102
-0.006257817
-0.003578501
0.0005932451
0.002205714
0.003356078
0.005438593
0.005806493
0.005067947
0.003542173
0.002320134
0.0005546155
0.001481192
0.004562956
0.004788201
0.004644327
0.001035982
-0.002019537
-0.005931865
-0.006422534
4.827137e-05
0.002603333
0.006198877
0.01028094
0.009804299
0.0108711
0.01201091
0.01187698
0.01186117
0.009043929
-0.0003509595
-0.004058166
-0.00739047
-0.01169152
-0.007423959
-0.005670642
-0.006400206
-0.004049287
-0.00221248
-0.001008384
0.001552238
0.003685061
0.004820268
0.00655548
0.00951139
0.01166885
0.01310256
0.0126933
0.007971457
0.004242129
-0.004524774
-0.01365876
-0.01513371
-0.01318284
-0.007393925
0.001877617
0.001836434
0.003005857
0.008241247
0.0101061
0.01257275
0.01655495
0.01895614
0.02061783
0.02000886
0.01823063
0.01338876
0.008401184
0.0007758079
-0.002242573
-0.002960225
-0.005257019
-0.002973972
-0.001791887
-0.001281859
-0.002664945
-0.003652431
-0.004505741
-0.006295369
-0.006967019
-0.007177589
-0.003141115
0.001604629
0.00503635
0.008953984
0.009223155
0.003511164
-0.0002987445
-0.005454751
-0.009144333
-0.006006303
-0.005164679
-0.005081364
-0.002802108
-0.001169919
0.0004338834
0.002669176
0.004969085
0.005299048
0.002665456
0.001974064
0.003887954
0.006505898
0.008014319
0.00860394
0.004473909
0.002018521
-0.001580465
-0.006184461
-0.01015858
-0.01569669
-0.0182893
-0.0199598
-0.02196083
-0.01368906
-0.002806958
0.006067103
0.007147257
0.01011323
0.01201923
0.007250347
0.004412039
0.001913663
0.0001310869
-0.001211544
-0.005462408
-0.008486083
-0.01038436
-0.01465726
-0.01871602
-0.01318578
-0.01027631
-0.007175014
-0.002249986
-0.002108567
0.0003244551
0.002341825
0.0004422276
-0.0001421055
-0.0004155541
-0.00107252
-0.0003213104
-0.002720079
-0.007873614
-0.007599224
-0.007557919
-0.005966274
-0.004696115
-0.003684251
-0.002038312
-0.002176577
-0.002521718
-0.002048983
-0.00100065
0.003854549
0.005103567
0.003129559
0.004536849
0.001815533
-0.003936101
-0.003699624
-0.003153804
-0.003459299
-0.003025256
-0.001904901
-0.001147601
-0.0003714155
0.001821183
0.006005858
0.009286787
0.01236973
0.01465971
0.008352768
0.001371591
-0.001870884
-0.007678915
-0.01214228
-0.01156957
-0.007784643
-0.00719354
-0.004773344
-0.00178986
0.0002657257
0.002608098
0.004538176
0.006430724
0.008464353
0.005196323
-0.00146831
-0.001094236
-0.003552296
-0.005300425
-0.005332315
-0.003250573
0.0008562693
0.00288329
0.005345073
0.008559514
0.009726867
0.007510659
0.007128623
0.006690165
0.005488168
0.007888456
0.01001323
0.01091047
0.009736578
0.007515367
0.006658348
0.00506036
0.003160778
0.001631962
2.971062e-05
-0.001630781
-0.001455487
0.001521274
0.002849547
0.002419068
-0.002096381
-0.00487396
-0.007095289
-0.005184361
-0.002308632
-0.001308096
2.183858e-05
-0.0002236077
0.0005413994
0.003618094
0.005964057
0.007930255
0.006610223
0.0003472432
-0.002462025
-0.005911721
-0.01066081
-0.01117289
-0.006114308
-0.004851573
-0.003343494
0.0001689586
0.002619542
0.003550924
0.001672993
0.001047751
0.0004532087
-0.001027376
-0.002484428
-0.004355197
-0.006074267
-0.006973414
-0.002655185
0.0003912051
0.0031764
0.007003033
0.003454457
-0.0005667536
-0.001611035
-0.00529632
-0.008909441
-0.01139202
-0.01445267
-0.01750557
-0.01931946
-0.01474791
-0.01189244
-0.01005026
-0.006007163
-0.00293618
-0.00292692
-0.002241568
-0.00096493
-0.0003747943
0.0005178586
0.001203573
0.00165463
0.002347656
0.001572098
-0.0003739637
-0.00134452
-0.004438762
-0.007598336
-0.005914831
-0.003797584
-0.003614478
-0.001367213
0.0007485811
-0.001218593
-0.001901809
-0.001982195
-0.0009689696
0.002391201
0.003899169
0.005230142
0.007213794
0.008029089
0.005395984
0.004024456
0.002934096
0.0009704521
-0.0006250659
-0.001953609
-0.0007222264
0.001301181
0.001994839
0.002937118
0.003825182
0.004704519
0.005248065
0.004140285
0.003251422
0.00284038
0.00290232
0.003345999
0.003407739
0.00376862
0.003728015
0.002472788
0.001756266
0.001035884
-6.737035e-05
-0.001015305
-0.00178063
-0.001622917
-0.0016507
-0.000778621
0.0009749566
0.001777816
0.000314963
-0.001684688
-0.002632938
-0.004289012
-0.00318629
-0.0009821103
-0.0003441101
0.001020548
0.002672208
0.002267136
-0.0007769948
-0.002198818
-0.003696227
-0.005710715
-0.006909966
-0.005804505
-0.005523721
-0.004590387
-0.001979412
-0.0003277353
0.00123191
0.001054669
0.0008745906
0.001363074
0.001192455
0.001053628
0.001156113
0.0008522551
0.0001151382
0.0002261655
0.002208026
0.003376777
0.003200309
0.001661029
0.001025343
-8.152546e-05
-0.001611142
-0.0009739438
0.0005396655
0.0007429515
0.0009812858
0.001503183
0.002400436
0.004341246
0.005811238
0.004510397
0.001362871
0.002054323
0.002508476
0.001472098
0.001824753
0.002116309
-0.0001258002
-0.004349225
-0.004399787
-0.005069321
-0.005755235
-0.003414242
-0.001888896
0.0009783412
0.003989517
0.006195259
0.004708499
0.00290221
0.002016694
-0.0006425364
-0.001636711
0.002272215
0.004235742
0.005595494
0.004491782
0.001681832
0.0003793874
-0.002411277
-0.004877735
-0.006253352
-0.008273392
-0.008657461
-0.00524416
-0.003579954
-0.001763864
0.00342463
0.009226653
0.00928088
0.005492197
0.00552518
0.003995137
0.0042772
0.006433239
0.006917276
0.005778728
0.0009084934
-0.001694377
-0.00339452
-0.006709436
-0.007713
-0.004133251
-0.00276353
-0.001420957
0.001082236
0.002681312
0.001610466
0.00138547
0.001608351
0.001060354
0.0006921477
0.002601922
0.006797659
0.009223746
0.01246189
0.01655794
0.01925443
0.01483563
0.009921923
0.007693109
0.004598604
0.001690435
-0.001115764
-0.001216498
0.001517723
0.002079651
0.002462802
6.901417e-06
-0.001789605
-0.003030298
-0.004254502
-0.005290008
-0.006433409
-0.007367812
-0.008275673
-0.009173124
-0.009815968
-0.008288009
-0.006612324
-0.005711151
-0.004227481
-0.003477905
-0.002705192
-0.001744723
0.0001321528
0.003360951
0.00514383
0.002783231
0.0005189451
-0.0004204577
-0.002767748
-0.004577128
-0.002382361
0.001507288
0.003155411
0.005909701
0.008222745
0.01025207
0.01246921
0.01190702
0.008461365
0.007261119
0.00516386
0.002018629
-0.0004002207
-0.002584848
-0.004283306
-0.003180987
-0.002333494
-0.00219909
-0.001877281
-0.002108209
-0.002428724
-0.004194719
-0.005599792
-0.006770133
-0.00709088
-0.005829777
-0.005596395
-0.005270255
-0.00491241
-0.004627159
-0.004330716
-0.003904762
-0.00351912
-0.003221167
-0.003091196
-0.002900327
-0.002408416
-0.001317191
-0.0005276045
-0.0003291474
-0.001282488
-0.001698911
-0.002293462
-0.003628847
-0.00459781
-0.003908148
-0.002094098
-0.001518203
-0.000381265
0.0009894721
0.002039999
0.003127595
0.002681393
0.0009405373
0.0004722965
-0.0006404658
-0.002060475
-0.001115133
0.001908909
0.003039214
0.004739556
0.006799536
0.005106638
0.002661152
0.002042829
0.001151444
2.164751e-05
0.0008543984
0.002236796
0.002694256
0.002883633
0.001150426
0.0001392913
-0.000574441
-0.001449825
-0.002252846
-0.002178681
-0.0008335621
-0.0002644257
0.0004149287
0.001433228
0.001671698
0.0006522399
0.0002773411
-0.0001821348
-0.001012311
-0.001758147
-0.003761769
-0.005829209
-0.006931482
-0.004841429
-0.002619783
-0.002068636
-0.000577944
0.0007756631
0.0003445461
0.0004895295
0.0007882622
0.0005022359
0.0003441639
0.0003953908
0.0003764591
0.0003609453
0.0006972998
0.0009754825
0.001239191
0.001688126
0.001386311
-0.0003400114
-0.001287064
-0.002227505
-0.00356028
-0.003364498
-0.001231176
-0.0004022908
0.0006394172
0.002151249
0.002631764
0.00170017
0.001525282
0.001284905
0.0005824899
8.948124e-05
-0.0003126318
-0.0007528494
-0.001100957
-0.001419836
-0.001715129
-0.001755215
-0.001555338
-0.001534817
-0.001206871
-0.000482464
-7.220242e-05
0.0003551219
0.001206134
0.002130904
0.001477
0.0004302662
0.0002751718
-0.0002808878
-0.0009224116
-0.001444626
-0.001185193
-0.0003487486
-0.0002778099
-0.0001596293
0.0001446856
-4.057695e-05
-0.0002420875
-0.0002622698
-0.0002337677
0.0003418945
0.0006904256
0.0008529787
0.001069133
0.001259837
0.001360343
0.001183541
0.0009053214
0.0008069124
0.0006608912
0.0005177928
0.0004173159
0.0003368192
0.0003097841
0.0002789967
0.0002474857
0.0002522132
0.0003590689
0.0004171892
0.0004494938
0.0004928936
0.0004417876
0.0004019607
0.0003881582
0.0003510096
0.0003236447
0.0003066468
0.000287104
0.0002768018
0.0002740967
0.0002686631
0.0002855367
0.0002950771
0.000293704
0.0002810756
0.0002567487
0.0002439836
0.000226395
0.0002074474
0.0001935807
0.0001800817
0.0001674174
0.0001578554
0.0001500139
0.0001408696
0.000132259
0.000124046
0.0001155492
0.000107226
9.9092e-05
9.06715e-05
8.221002e-05
7.373202e-05
6.525221e-05
5.72913e-05
4.893156e-05
4.022595e-05
3.124367e-05
2.217524e-05
1.341275e-05
4.66775e-06
-3.897094e-06
-1.234018e-05
-2.075154e-05
-2.905804e-05
-3.7317e-05
-4.541798e-05
-5.338074e-05
-6.120933e-05
-6.890977e-05
-7.653031e-05
-8.403141e-05
-9.141172e-05
-9.868675e-05
-0.0001058246
-0.0001128318
-0.0001197134
-0.000126466
-0.0001330908
-0.000139588
-0.0001459573
-0.0001521983
-0.000158311
-0.0001642951
-0.0001701506
-0.0001758774
