-0.002992705
-0.003029125
-0.003065807
-0.003104033
-0.003144331
-0.003191281
-0.003249393
-0.003308288
-0.00332451
-0.003225045
-0.003128199
-0.003052541
-0.002969858
-0.002960844
-0.003120676
-0.003287765
-0.003205633
-0.003105891
-0.003311651
-0.004071101
-0.00459022
-0.005614115
-0.007640222
-0.007160997
-0.004818189
-0.004593916
-0.003658686
-0.00138441
0.0009655645
0.004917989
0.007510323
0.006330952
0.001343791
-0.005958527
-0.004298039
-0.0002629648
0.0002213985
0.001864076
-0.002863048
-0.01650844
-0.02323699
-0.02531257
-0.0294124
-0.02346341
-0.01464039
-0.002891654
0.003564951
0.001595132
-0.007032008
-0.0131177
-0.003791377
0.01015329
0.01121021
0.002070218
-0.007782907
-0.01640352
-0.01606216
-0.01751773
-0.01779587
-0.01352137
-0.007322595
0.0005328618
0.009925735
0.02637436
0.03052279
0.02499911
0.01195253
-0.01116716
-0.01486321
-0.009572343
-0.01873374
-0.02046712
-0.01110464
0.0069867
0.02616315
0.03217111
0.02177036
-0.01557404
-0.05021165
-0.03849516
-0.0290114
-0.03370181
-0.02666029
-0.02809666
-0.03024651
-0.02911802
-0.0222226
-0.01111209
-0.00824533
-0.01027757
-0.01100751
-0.007972616
0.008652974
0.03619744
0.05476359
0.05002979
0.02520983
0.009690888
-0.0035507
0.009648703
0.02339455
0.0325749
0.06683559
0.09493913
0.0996804
0.1116061
0.1095531
0.1060109
0.08798298
0.04894422
0.02946793
0.01234673
0.002200026
0.009484343
0.02562801
0.05150634
0.08676678
0.08959846
0.08167949
0.07135464
0.03451934
-0.00243716
0.004640617
0.008928232
0.01242578
0.03389594
0.04567341
0.05399066
0.07179976
0.09082804
0.0908841
0.09245344
0.09887897
0.09414884
0.08143749
0.058021
0.004870968
-0.04093925
-0.1264195
-0.163285
-0.1555031
-0.168079
-0.1668885
-0.1519528
-0.1411868
-0.1356565
-0.1320339
-0.131819
-0.1285035
-0.1205126
-0.1166994
-0.121055
-0.1202393
-0.1079689
-0.09719316
-0.08009853
-0.03116742
0.01365191
0.08890711
0.1279621
0.1406361
0.155961
0.117187
-0.006088558
-0.02345112
0.02638051
0.02461851
0.05778005
0.08419544
0.08584864
0.08234908
0.07823343
0.06585307
0.04764054
0.03095899
-0.002090992
-0.04729318
-0.0703429
-0.08337368
-0.1061557
-0.1214928
-0.1292813
-0.1328915
-0.1361694
-0.134927
-0.1288877
-0.1236802
-0.1112168
-0.08457222
-0.05876311
-0.04655234
-0.01763917
0.01994222
0.02710362
0.03866595
0.04379768
0.03996266
0.05161678
0.07777841
0.1124193
0.1452422
0.1688619
0.1873724
0.1988658
0.1800212
0.1127102
0.02641214
-0.04472955
-0.1516158
-0.1495743
-0.1108618
-0.0584344
-0.0009299269
0.02604256
0.05481949
0.06491831
0.08312216
0.113507
0.1236546
0.1211552
0.1061788
0.0662261
0.02224473
-0.005771707
-0.03622923
-0.05838934
-0.05443727
-0.04617252
-0.03361338
0.005277294
0.05962086
0.07659962
0.06312378
0.03170547
0.02982419
0.04732175
0.04219614
0.04149705
0.03142308
-0.01902924
-0.07343632
-0.1256578
-0.1631421
-0.1659953
-0.1692197
-0.1675301
-0.1533962
-0.1407172
-0.1326377
-0.1260123
-0.1347767
-0.1523415
-0.1740347
-0.1808467
-0.1491482
-0.1254443
-0.07254001
0.003808648
0.07044234
0.1374616
0.2363409
0.3117125
0.3204794
0.3135036
0.2865952
0.2526928
0.2067228
0.1459305
0.1171588
0.098822
0.05907296
0.03101174
0.01870705
0.004305741
-0.001689554
0.0001292961
-0.02226256
-0.08269332
-0.1502881
-0.1636968
-0.1758225
-0.191313
-0.1648006
-0.1322162
-0.1208006
-0.1082157
-0.08069971
-0.06614955
-0.05199148
-0.05627288
-0.07606141
-0.08220886
-0.08867197
-0.07607191
-0.04918689
-0.01887241
0.001416434
0.01198167
0.025006
0.03771
0.04457026
0.04698649
0.04317831
0.05455533
0.0854315
0.09727278
0.09949741
0.1023648
0.1060911
0.1144898
0.1216653
0.1149877
0.08701109
0.04437878
-0.003665322
-0.01200403
-0.01147768
-0.01805528
-0.02013452
-0.01930832
-0.01832919
-0.01419808
-0.0371373
-0.06848532
-0.09427454
-0.1295093
-0.1221553
-0.1048919
-0.07987419
-0.04100594
-0.01400005
0.0153586
0.05184566
0.08029615
0.08938121
0.08882745
0.09086902
0.0921512
0.123497
0.1517191
0.1494348
0.1539428
0.1464605
0.1019289
0.04600221
-0.01472402
-0.01971438
-0.03790584
-0.05899152
-0.05104714
-0.04028357
-0.03838537
-0.0413138
-0.0417619
-0.03649179
-0.02510337
7.667601e-05
0.02013692
0.02604843
0.02141265
0.01522581
-0.004969092
-0.03711235
-0.05214663
-0.06374548
-0.07968876
-0.07368855
-0.05534659
-0.05587197
-0.05595106
-0.05098576
-0.04298041
-0.02000473
0.008763024
0.02007498
0.02770518
0.03608499
0.03697908
0.03815744
0.03298118
0.01284073
-0.02453121
-0.05247237
-0.05311281
-0.06698694
-0.08309921
-0.08678892
-0.09547619
-0.09951896
-0.08763782
-0.06485986
-0.03257095
-0.02275581
-0.02411741
-0.02571646
-0.04175647
-0.0460144
-0.03926856
-0.0211906
0.00688952
0.03385236
0.05414464
0.07148233
0.08746913
0.09808701
0.09803774
0.08729016
0.06978275
0.04993443
0.04073869
0.02640204
0.005818927
-0.01403863
-0.03638617
-0.04957256
-0.06173978
-0.07265387
-0.0783992
-0.07372653
-0.06578981
-0.04487508
-0.01414581
0.02177648
0.06010737
0.09638697
0.1291189
0.1649164
0.18802
0.2007384
0.2108096
0.2075245
0.1962399
0.1314232
-0.03718576
-0.07837802
-0.07804999
-0.1233916
-0.137537
-0.1208574
-0.1033045
-0.05711517
-0.01847998
0.003621188
0.01057638
0.01645088
0.002222467
-0.02620753
-0.0531377
-0.07266504
-0.06918108
-0.07841781
-0.06702554
-0.04675737
-0.0155312
0.02546739
0.02933375
0.03082674
0.04078246
0.03691376
0.02854893
0.01603669
0.003937046
-0.008809603
-0.01954698
-0.03491141
-0.05056777
-0.07176351
-0.08215733
-0.06285665
-0.04491372
-0.02289556
0.03410749
0.04361618
0.0343178
0.04765468
0.04188949
0.03421231
0.03129788
0.00986445
-0.004556756
-0.0100068
-0.0256592
-0.04090075
-0.03810603
-0.02388738
-0.01196384
0.01001122
0.03268011
0.0523986
0.06326138
0.05772813
0.03887619
-0.02858919
-0.05386759
-0.07864223
-0.1079072
-0.09972223
-0.09869732
-0.09828777
-0.08595488
-0.02771997
0.002637139
0.01782848
0.05465972
0.07558133
0.07973918
0.08354514
0.08134227
0.06297273
0.04684784
0.0356348
0.02567299
0.01553317
0.00534968
-0.010016
-0.03123855
-0.03872116
-0.04872582
-0.05589724
-0.04101094
-0.02452781
0.002177283
0.01782699
0.0189816
0.01594968
0.006580505
-0.008951809
-0.01683423
-0.0201628
-0.01336857
0.002870086
0.02311051
0.03319736
0.04327827
0.04796676
0.04457137
0.04320794
0.04379254
0.04181743
0.040075
0.03858678
0.03655737
0.03657108
0.04111056
0.04537358
0.0467814
0.04460792
0.03864421
0.02983361
0.02410677
0.008385625
-0.01518361
-0.02627191
-0.03672459
-0.03541282
-0.01958557
-0.004944013
0.004622086
0.01244503
0.01299653
0.005949503
0.004931621
0.008671792
0.0112634
0.01395691
0.01350058
0.003335969
-0.02357848
-0.04257753
-0.06129031
-0.08384405
-0.07991921
-0.0693547
-0.05818664
-0.03713726
-0.02090804
-0.007020215
-0.003986184
-0.003367484
0.002918676
0.006788522
0.006120001
0.006113514
0.007258424
0.00341595
0.001591112
0.002965109
0.002453632
9.844234e-05
-0.005756424
-0.01356327
-0.02865734
-0.03357369
-0.03422253
-0.03382478
-0.02946378
-0.02185845
-0.009081843
0.0007196288
0.01139386
0.02482679
0.03961004
0.04914861
0.04873523
0.05290154
0.04906986
0.03948379
0.03196359
0.01539584
-0.001091765
-0.02582443
-0.04743911
-0.05697218
-0.06509388
-0.0686954
-0.06120647
-0.05408975
-0.04096617
-0.03091033
-0.02119756
-0.01504379
-0.01515808
-0.01836556
-0.01943312
-0.02300239
-0.0205108
-0.003651156
0.006615703
0.02527749
0.03892713
0.05314513
0.06693971
0.06639764
0.05615701
0.03833507
0.01852275
0.00681878
0.005890787
0.008427566
0.01192362
0.02163254
0.03461333
0.03947731
0.04012416
0.03700229
0.02601739
0.0064051
-0.01559195
-0.01886159
-0.02617428
-0.01830186
-0.01566804
-0.01658004
-0.01523258
-0.01340487
-0.0111038
-0.007678238
-0.005177154
-0.001932771
0.000871606
0.0007345086
-0.002068402
-0.008161071
-0.01358551
-0.01902645
-0.02406757
-0.02401705
-0.02300091
-0.006461106
0.01182939
0.02257166
0.02909807
0.03454
0.03313717
0.02706219
0.02215737
0.007391717
-0.0209857
-0.04240379
-0.04159186
-0.03949925
-0.02856411
-0.01576759
-0.006692917
0.004045879
0.01336307
0.01257522
0.00327246
0.0009053628
-0.007589934
-0.02352945
-0.01961207
-0.007585775
0.007144465
0.02682359
0.03691384
0.04829822
0.05911795
0.05978581
0.06249003
0.06619845
0.06346357
0.04803029
0.01651642
-0.009894194
-0.02459158
-0.03077305
-0.04099836
-0.0426994
-0.02888527
-0.01299509
-0.01882495
-0.01585779
-0.01058686
-0.01488745
-0.0158205
-0.003404692
0.007635279
0.01300678
0.02064212
0.0186996
0.005658613
0.003796191
0.009892146
0.009587719
0.00926395
0.000693775
-0.02745497
-0.03704431
-0.0522842
-0.06275207
-0.05179359
-0.0303343
-0.01199936
0.003476323
0.008076609
0.0107993
0.01278324
0.01704791
0.02358949
0.03050707
0.03888112
0.03650048
0.02729144
0.02229216
0.009486255
0.001337917
-0.004056187
-0.01246179
-0.02275344
-0.02900056
-0.03325882
-0.03453584
-0.02580735
-0.02380967
-0.02362348
-0.01975977
-0.02134996
-0.02509188
-0.02656319
-0.01185466
-0.00196766
0.002659056
0.01222464
0.01790658
0.0201966
0.0232374
0.01852199
0.007664341
-0.01078397
-0.02546334
-0.03123172
-0.02315843
-0.008186751
0.01337335
0.04784748
0.05383956
0.061394
0.07294977
0.07263059
0.07554968
0.06174974
0.04052312
0.02210532
-0.007782489
-0.01828877
-0.02004543
-0.02641639
-0.0278199
-0.01517549
-0.01151603
-0.01385967
-0.01062382
-0.01232014
-0.01440827
-0.0148466
-0.01798853
-0.02274179
-0.02708344
-0.04397658
-0.06102516
-0.07067449
-0.07822581
-0.08163861
-0.08246372
-0.07659427
-0.07336202
-0.05896904
-0.04197952
-0.02420748
-0.008494049
0.005548744
0.02014002
0.02109289
0.02473705
0.03118224
0.02739789
0.02554797
0.02728698
0.02579593
0.02458208
0.02262171
0.0190992
0.01201619
0.004705487
0.004274514
0.002983813
-0.001104029
-0.005887172
-0.009964876
-0.01202246
-0.01361651
-0.01570928
-0.01189271
-0.008044924
-0.002677559
0.004480294
0.007198194
0.01089032
0.01432301
0.01066634
0.009215811
0.009294095
0.01032374
0.01220032
0.01342462
0.01615558
0.01868642
0.02098292
0.02366386
0.02607809
0.02748374
0.0293274
0.03293007
0.03666282
0.03961388
0.04018273
0.03728427
0.03693222
0.03576388
0.03270368
0.02992298
0.02266623
0.01478886
0.005821059
0.0044949
0.004286729
0.006195318
0.02093909
0.03301749
0.04350885
0.04312279
0.04515455
0.03390977
0.01053924
-0.007362308
-0.01692802
-0.02659531
-0.03333621
-0.02506605
-0.02138818
-0.0217136
-0.01677193
-0.0134793
-0.01539364
-0.01617654
-0.01815933
-0.02090942
-0.02005284
-0.02075073
-0.02193301
-0.0222154
-0.02282429
-0.02290613
-0.01498251
-0.004779812
-0.0002963222
0.005175863
0.01149566
0.01562553
0.01862163
0.01683065
0.009249092
0.006643392
0.003160265
-0.006869915
-0.01550839
-0.01315495
-0.007583125
-0.006346307
0.01054769
0.01848549
0.01210814
0.007481724
0.004938536
-0.01878646
-0.04228007
-0.04862419
-0.05782325
-0.06419735
-0.06170372
-0.05306905
-0.04423962
-0.03716149
-0.02847344
-0.02010256
-0.0121628
-0.004931834
0.002164942
0.006137488
0.009594973
0.0143857
0.01726658
0.02025058
0.01729264
0.007259282
0.007613758
0.007215848
0.01794255
0.02551251
0.02584916
0.02343794
0.0142385
0.004278288
-0.00543241
-0.002462525
0.003668646
0.004665463
0.007816996
0.009783518
0.01109405
0.0126889
0.008847398
0.005307334
0.002190202
-0.003352988
-0.01270085
-0.02068029
-0.02527931
-0.02954438
-0.03059107
-0.03311811
-0.03516666
-0.0359851
-0.03400598
-0.02342502
-0.01459542
0.0006094902
0.01605888
0.02658907
0.02890129
0.03459425
0.04052676
0.03202953
0.0209581
0.01602485
0.01361517
0.01455469
0.01208668
0.01117919
0.007365748
-0.0003811779
-0.0005550203
-0.0007497716
0.003856181
0.01185903
0.02075443
0.02941913
0.03198717
0.03197922
0.02585006
0.01365492
0.004733628
-0.003170581
-0.01043978
-0.01039567
-0.002052437
0.0008656455
0.005230686
0.006391954
0.0002252453
-0.004039504
-0.007055167
-0.01206767
-0.01330532
-0.01386473
-0.0147463
-0.01199234
-0.01057061
-0.006997916
0.001603173
0.007389798
0.01103089
0.01340673
0.01714456
0.02002594
0.02135547
0.01607419
0.01103943
0.0058031
-0.001381279
-0.004949803
-0.007288552
-0.01158911
-0.01398729
-0.01126035
-0.000811279
0.005283516
0.01463011
0.02727015
0.03715642
0.04848768
0.06059443
0.06450826
0.05938005
0.04028546
0.0044052
-0.009375137
-0.011735
-0.04406919
-0.04944224
-0.05389364
-0.06318144
-0.0628752
-0.05752778
-0.05295465
-0.05653519
-0.05596701
-0.05655348
-0.05792803
-0.04095619
-0.0149205
-0.006477689
0.01486958
0.04055499
0.03551958
0.04410533
0.05103042
0.04734268
0.03361353
0.02043076
0.002441057
-0.01761274
-0.01602948
-0.01511863
-0.02237053
-0.02170808
-0.01972621
-0.01721312
-0.01263079
-0.00521366
0.008791147
0.02811788
0.03486523
0.03528223
0.04341702
0.04012693
0.02975806
0.02477855
0.01503293
0.004229408
0.002032387
-0.003307185
-0.01125447
-0.0160228
-0.01544867
-0.0123039
-0.01250848
-0.01045366
-0.008277919
-0.009715137
-0.009511955
-0.005031083
0.0008060094
0.01139169
0.01682042
0.02047849
0.01932948
0.009670483
-0.008501241
-0.02205509
-0.02551791
-0.03363907
-0.0432185
-0.05096253
-0.05435624
-0.05632486
-0.05190317
-0.04744086
-0.03858939
-0.0224276
-0.01609863
-0.008645068
-0.004477651
-0.004829755
0.0002658164
0.004049284
0.01339897
0.02508525
0.0349427
0.03685457
0.03806712
0.02329427
0.004047099
-0.007096664
-0.02020106
-0.02563826
-0.03213756
-0.03457896
-0.03224888
-0.02761623
-0.02105822
-0.01044911
-0.004023023
0.002614627
0.009234341
0.01013419
0.01307219
0.0167848
0.01895279
0.02159585
0.02454836
0.02706173
0.02411982
0.0181911
0.01548667
0.008815694
0.003544657
0.009314005
0.01320063
0.02572147
0.03533409
0.03270519
0.03594473
0.03101814
0.02462753
0.02173737
0.01638231
0.01472805
0.01493898
0.01338823
0.01878031
0.02382075
0.02457772
0.02383867
0.01101037
0.002900876
0.003226679
0.0009903697
0.002575926
0.005264862
0.002685875
-0.002299757
-0.006766331
-0.009283737
-0.01043607
-0.008564837
-0.007524682
-0.004096373
-2.64079e-05
0.009661463
0.02024078
0.02396394
0.0266184
0.02714968
0.01919753
0.01010799
-0.00749941
-0.02249401
-0.0216498
-0.02488445
-0.02906152
-0.02563321
-0.02006858
-0.01468386
-0.007117957
-0.0003297484
0.006846601
0.01284201
0.0162776
0.01762319
0.01709547
0.01271093
0.007388834
0.001511045
-0.006679941
-0.01486238
-0.01901462
-0.02386646
-0.02809789
-0.02202984
-0.01264333
-0.007024356
-0.001244193
0.001257542
-0.002685279
-0.003238023
-0.003133886
-0.005094294
-0.006398788
-0.007856935
-0.01320595
-0.01843929
-0.02153588
-0.02265955
-0.02377719
-0.02409769
-0.02430904
-0.02254962
-0.02111077
-0.02020892
-0.01685625
-0.01203358
-0.01004286
-0.01471564
-0.01709517
-0.01795186
-0.02094554
-0.02339774
-0.02262744
-0.02063757
-0.01990123
-0.01216175
-0.003570182
0.004171067
0.01929368
0.02556964
0.02286619
0.02342071
0.01611997
0.01374155
0.01376679
0.009793698
0.007707914
0.00540492
0.0003057927
-0.003533053
-0.007004401
-0.007031315
-0.001716991
-0.0002319738
0.002123134
0.006353023
0.009573738
0.01271206
0.01142265
0.005762988
0.004150694
-0.001202097
-0.007780661
-0.01111984
-0.01547083
-0.01293584
-0.007465785
-0.005832046
0.001757549
0.009680209
0.01491351
0.01730097
0.01859985
0.01454358
0.008726433
0.008646836
0.009242513
0.006937294
0.009000544
0.01377418
0.01790847
0.02890926
0.03795102
0.04407946
0.04458557
0.03986101
0.03662501
0.03439681
0.03086553
0.02705422
0.02329993
0.01348629
-0.006539604
-0.0210624
-0.03408353
-0.03757566
-0.04224078
-0.04408127
-0.04409667
-0.04376333
-0.03910878
-0.03627902
-0.03127826
-0.02106858
-0.01375872
-0.007312477
-0.0002656655
0.006915325
0.01376114
0.02086438
0.02807041
0.03410402
0.03966932
0.04540006
0.04640943
0.04762028
0.04944736
0.04966751
0.05019304
0.04782532
0.04375022
0.03434661
0.022038
0.01579343
0.00747375
-0.009507655
-0.02205009
-0.03015664
-0.04120337
-0.04342521
-0.03186609
-0.0284842
-0.02840326
-0.02398202
-0.02346412
-0.02568403
-0.03319058
-0.037862
-0.04204924
-0.04690695
-0.04786529
-0.04293459
-0.03464888
-0.02670068
-0.01511106
-0.01532948
-0.01262795
-0.00829807
-0.007867668
-0.004882911
0.001051161
0.005927834
0.01940102
0.03335444
0.03459687
0.03797318
0.03231651
0.02321846
0.01014677
-0.0001945825
-0.0006290905
-0.001980569
0.002705003
0.01133729
0.01792887
0.02148145
0.02376716
0.02217463
0.01233734
0.004460589
-0.001643684
-0.01173918
-0.02251893
-0.03116456
-0.03513281
-0.03440119
-0.03890958
-0.04286094
-0.04363323
-0.04456679
-0.04495152
-0.03138489
-0.01865999
-0.009780179
0.006052302
0.01912706
0.02577243
0.03267825
0.03072251
0.02487863
0.02184323
0.01878423
0.01750067
0.01737276
0.01731411
0.01942429
0.0204407
0.01848425
0.013314
0.004662329
-0.0118649
-0.02325243
-0.03214518
-0.0317288
-0.03339955
-0.0314178
-0.02554788
-0.02245396
-0.01208636
0.0007495789
0.009437305
0.02019038
0.02880085
0.03469255
0.0385018
0.03902879
0.03896864
0.01732016
-0.006194472
-0.01554005
-0.01585582
-0.02692813
-0.02792736
-0.0264752
-0.02360678
-0.01928105
-0.008857853
0.003066563
0.01139883
0.02042768
0.02980361
0.03402181
0.03860108
0.0448226
0.04286001
0.03013632
0.02384458
0.01332765
0.001570307
0.0002561862
-0.004224475
-0.007089154
-0.002253739
-0.00174776
-0.001018834
0.001726342
0.006112226
0.01197127
0.01988351
0.03702453
0.04365867
0.04180591
0.03787123
0.03100258
0.01856262
-0.002727676
-0.01829847
-0.02384603
-0.03076394
-0.03437485
-0.03408947
-0.03367737
-0.03375033
-0.03140365
-0.0299685
-0.02986037
-0.02882616
-0.02781717
-0.02719779
-0.02302496
-0.01591059
-0.01142002
-0.002640299
0.006613744
0.01400631
0.02024744
0.02518713
0.03140755
0.03662642
0.03745917
0.0383088
0.04032617
0.03480575
0.02744977
0.02388933
0.01675516
0.006101993
-0.001753584
-0.005246762
-0.00939125
-0.008708785
-0.001034092
0.001048166
0.006598248
0.01681818
0.02315843
0.02425533
0.02671828
0.02135802
0.009012141
2.577284e-05
-0.01338544
-0.02488062
-0.03503085
-0.04550624
-0.0539629
-0.05477733
-0.05480516
-0.05507327
-0.04847444
-0.04197604
-0.0364453
-0.02932787
-0.02212399
-0.0170359
-0.01435875
-0.01005288
-0.005960375
0.0005675479
0.01134359
0.01842268
0.02053951
0.02439997
0.02797199
0.01929805
0.01204318
0.008490264
-0.0012905
-0.01276912
-0.0221518
-0.03394734
-0.03749449
-0.03812785
-0.04376855
-0.04164393
-0.0328394
-0.02985006
-0.02198529
-0.0002376039
0.01384366
0.02143486
0.02805384
0.03550809
0.03804882
0.03523983
0.0275553
0.01255603
-0.00688713
-0.02543254
-0.03993912
-0.04626695
-0.04867358
-0.04342162
-0.03769325
-0.0284734
-0.01687923
-0.007894858
-0.0003881748
0.008022498
0.01364129
0.01833646
0.02383177
0.02806062
0.02774325
0.02331999
0.02291683
0.01834688
0.01082661
0.01166514
0.00961268
0.00335088
8.90374e-05
-0.006420942
-0.01813177
-0.03213
-0.02882116
-0.02699828
-0.01754383
-0.003498128
0.006380552
0.02643101
0.0449678
0.05733669
0.0599305
0.06564807
0.06831498
0.05495185
0.04430484
0.03313683
0.02332207
0.01748196
0.0122547
0.006436803
0.003702245
0.001490461
-0.001292613
0.002568405
0.005948098
0.009314522
0.01836749
0.02493703
0.02963754
0.03566646
0.0372289
0.03423611
0.0354437
0.03331219
0.02710223
0.008611102
-0.00996977
-0.01345451
-0.02286754
-0.02721137
-0.03197232
-0.0357463
-0.03772934
-0.03551129
-0.02626278
-0.02037574
-0.01297215
-0.006633446
-0.001217477
0.005241911
0.009320128
0.01267977
0.01693295
0.01878851
0.01450662
0.009708878
0.004302767
-0.0008075794
-0.005675892
-0.01186738
-0.02029717
-0.02734384
-0.03187175
-0.03424587
-0.03808968
-0.03698068
-0.03567477
-0.03750622
-0.03818375
-0.04170118
-0.04639227
-0.0500041
-0.04600159
-0.04228359
-0.03564255
-0.02385653
-0.01290207
-0.01471396
-0.01309496
-0.008210939
-0.007765226
-0.006228831
-0.001057468
0.004930129
0.009197393
0.01454472
0.01915231
0.02246158
0.02502214
0.02513969
0.02661673
0.02756235
0.02695248
0.02723606
0.02849317
0.0292578
0.02779103
0.0216168
0.01331229
-0.0006117649
-0.0119476
-0.0161274
-0.02198217
-0.02530962
-0.02615615
-0.02466052
-0.01841603
-0.01307829
-0.006320838
0.002266003
0.009070909
0.01284623
0.01339154
0.01647233
0.0164158
0.01135593
0.00928842
0.006927933
0.003424534
0.001354232
0.004354036
0.006680565
0.008234567
0.01399894
0.01618499
0.01776
0.01962551
0.01752873
0.01468856
0.01010753
0.008303608
0.007723594
0.005183343
0.005475686
0.007217862
0.007121448
0.007707133
0.008672933
0.009238064
0.008470573
0.004359643
0.001750536
-0.0009565574
-0.005576125
-0.009867377
-0.01454658
-0.01909491
-0.02153359
-0.02348823
-0.0260175
-0.02107751
-0.0139854
-0.009296803
0.001592633
0.00910524
0.01181417
0.01828401
0.02419408
0.0267229
0.02787524
0.0247931
0.01903904
0.01318588
-0.001540134
-0.01024433
-0.005687303
-0.007893781
-0.008208382
0.0009650859
0.007487878
0.0138469
0.01964519
0.02425133
0.02581194
0.02460099
0.02601443
0.02650829
0.02800296
0.03030737
0.03170705
0.03354842
0.03553519
0.02908288
0.01513802
0.005417006
-0.005961342
-0.01157451
-0.01323388
-0.01695425
-0.0195652
-0.01980831
-0.02125008
-0.02269181
-0.02211416
-0.02050949
-0.01840656
-0.01413411
-0.01108513
-0.007127251
-0.002716415
0.0003503256
0.0007397623
0.001539706
-0.003992436
-0.01597644
-0.02230374
-0.01825504
-0.02025191
-0.01973948
-0.01722831
-0.01641611
-0.01662749
-0.0170962
-0.01749634
-0.02001559
-0.01844791
-0.01459713
-0.01406754
-0.01156942
-0.007653963
-0.005010207
-0.003096255
-0.007715042
-0.01083593
-0.01307833
-0.01945929
-0.02514348
-0.03174925
-0.03388652
-0.02990238
-0.03071249
-0.03045922
-0.0286592
-0.02815365
-0.02571672
-0.01912832
-0.01459294
-0.006692537
0.01097474
0.02215353
0.01887058
0.02204883
0.02734029
0.02758417
0.02623953
0.02378056
0.01860476
0.008116767
0.00357595
-0.001285069
-0.00739123
-0.006739744
-0.007616031
-0.007793179
-0.005785961
-0.003822649
-0.0007655388
0.00175104
0.005459623
0.01120269
0.01571155
0.01782346
0.01834708
0.02043029
0.01732363
0.01248345
0.0116435
0.009836734
0.007133874
0.006196112
0.004825762
0.001425627
-0.003513733
-0.006012246
-0.009055375
-0.01060065
-0.007583511
-0.006859127
-0.004685513
-0.0007773893
0.001919378
0.007587209
0.01404849
0.01493946
0.01559984
0.01335143
0.001336114
-0.01010474
-0.01854006
-0.0261214
-0.03037781
-0.03427274
-0.03514865
-0.02760697
-0.02385736
-0.01523523
-0.003725689
0.004809335
0.01321812
0.02119919
0.02695098
0.02796913
0.03148103
0.0316963
0.02513022
0.02275187
0.02219201
0.0192309
0.01695803
0.01590233
0.01414411
0.01153003
0.003300011
-0.003563715
-0.008376029
-0.009950294
-0.01141989
-0.009247879
-0.002900902
0.00080697
0.009157009
0.01500011
0.01560499
0.01980407
0.02361701
0.02596017
0.02866761
0.02691836
0.02456099
0.02425722
0.0226602
0.02235121
0.02018269
0.002616695
-0.002995919
-0.0006232277
-0.008320862
-0.006792579
-0.004582623
-0.006035048
-0.005456506
-0.004795543
-0.004909406
-0.006202192
-0.007927498
-0.008704581
-0.006900294
-0.004315224
-0.003437085
-0.002452414
-0.0009599249
0.0002782784
-0.0003203154
-0.007129777
-0.01176515
-0.01702854
-0.02702309
-0.03026222
-0.02579973
-0.02703384
-0.02632593
-0.01932923
-0.01518229
-0.0120573
-0.007372314
-0.005938359
-0.005033408
-0.003267375
-0.008484855
-0.01428789
-0.01703617
-0.02101386
-0.02535183
-0.02799846
-0.02924528
-0.03109232
-0.03188757
-0.03204146
-0.02621341
-0.02076086
-0.01761922
-0.01258155
-0.007521597
-0.004560123
-0.003068508
-0.0001897698
0.00224753
0.003738151
0.003770468
0.004374732
0.005191647
0.005476449
0.005923514
0.008231853
0.01201212
0.01424536
0.01698856
0.01949613
0.02178615
0.02432051
0.02670373
0.02906661
0.03181748
0.03674662
0.04110569
0.04449874
0.0450736
0.04584155
0.04762946
0.04795266
0.04530027
0.04322665
0.04174973
0.03725278
0.03273146
0.02928972
0.02438881
0.018949
0.01429971
0.009301283
0.003899508
-0.004776227
-0.01452569
-0.0170797
-0.01611825
-0.01966919
-0.01511641
-0.007758643
-0.005469242
-0.002376485
0.002027792
0.00181388
-0.0029553
-0.005085206
-0.008785723
-0.01275579
-0.0151776
-0.01823126
-0.02146206
-0.0199805
-0.01491739
-0.01367347
-0.01179024
-0.009681641
-0.007750192
-0.00587496
-0.006628035
-0.01044506
-0.01145407
-0.01033219
-0.01080095
-0.01131173
-0.01140912
-0.01290173
-0.01396625
-0.01328923
-0.01118682
-0.01038237
-0.00917584
-0.007516362
-0.006333176
-0.005183151
-0.003856135
-0.002517589
-0.0009896382
0.0004557546
0.001890868
0.003212532
0.002258177
0.0006280859
0.0003340287
0.001185306
0.003087034
0.005549094
0.008651924
0.01132496
0.0103179
0.002897226
-0.0005512814
-0.002466693
-0.006215571
-0.009752926
-0.01177094
-0.007347674
-0.003611275
-0.001923381
0.002126722
0.005912923
0.00773117
0.007650976
0.008899088
0.00994363
0.01035436
0.01110337
0.01061051
0.008928427
0.008402671
0.007227157
0.002708885
-0.002430859
-0.005595374
-0.006982464
-0.00883912
-0.01097942
-0.01008347
-0.0091156
-0.00927933
-0.008555648
-0.007875295
-0.008841063
-0.01042188
-0.01104399
-0.01217059
-0.01290277
-0.01271895
-0.01314634
-0.0134704
-0.0135558
-0.01379123
-0.01440257
-0.01561451
-0.01646967
-0.01735102
-0.01841934
-0.01819329
-0.0135386
-0.01046075
-0.008070185
-0.004222828
-0.000922954
0.00137671
0.004132468
0.006990577
0.009550649
0.01220408
0.01026233
0.004227865
0.002400506
0.001510801
0.001246736
0.002955151
0.004979395
0.006318111
0.008316647
0.009210234
0.008595026
0.009114036
0.009377076
0.009097995
0.006148737
0.00152752
-0.001368808
-0.006196236
-0.01085097
-0.01134257
-0.01126931
-0.01310348
-0.01256553
-0.009314751
-0.007705111
-0.006051044
-0.003957881
-0.004864302
-0.005131696
-0.004646972
-0.005082108
-0.004854104
-0.00430295
-0.004088959
-0.001583465
0.00215159
0.003952953
0.005117458
0.007079753
0.008880559
0.01034848
0.01180049
0.01292505
0.01419178
0.01645804
0.01947848
0.02090553
0.01534919
0.009407585
0.006685729
0.00378692
0.0005655887
-0.002013827
0.0005282829
0.002522214
0.002792334
0.003795264
0.004142845
0.002232316
0.001049161
0.001659817
0.003316547
0.003820868
0.004723743
0.005275269
0.005049696
0.003828327
0.001551616
0.0002080513
-0.00152075
-0.003527302
-0.005285642
-0.007098753
-0.0089596
-0.01055815
-0.009349266
-0.007308219
-0.006497955
-0.002616143
0.0009365903
0.00356976
0.006639572
0.009451297
0.01230898
0.0151688
0.01498885
0.01128501
0.01034693
0.008705212
0.005705338
0.003211824
0.000872073
-0.001495748
-0.001373869
-0.001017014
-0.0017405
-0.001636723
-0.00148296
-0.001597429
-0.00157189
-0.001499722
-0.001174575
-0.0008993005
-0.0006953568
-0.000398475
-0.0002598542
-0.00148614
-0.00280618
-0.003552869
-0.004753887
-0.005423011
-0.004629056
-0.004519781
-0.00449962
-0.004033849
-0.003742839
-0.003616334
-0.003718268
-0.00371291
-0.003690876
-0.003751876
-0.003578068
-0.002025125
-0.0008374322
3.415748e-05
0.001370972
0.00270166
0.004707524
0.006719589
0.008457761
0.007181308
0.003052074
0.001728286
-0.0006228446
-0.003557425
-0.005742425
-0.008184985
-0.008600894
-0.006384287
-0.006164897
-0.005478809
-0.003846426
-0.002381884
-0.001059907
0.0004005499
0.001480872
0.001879993
0.002685421
0.003461612
0.004034188
0.004709908
0.00538976
0.006018823
0.006449461
0.006815182
0.007295727
0.007707312
0.008101734
0.008405865
0.008556032
0.00881539
0.009052921
0.009247295
0.009470026
0.009560187
0.006622693
0.002010435
-0.0004875256
-0.003993042
-0.007016152
-0.007979549
-0.01002839
-0.01207035
-0.0116954
-0.008521204
-0.007207652
-0.005659478
-0.003250385
-0.001315101
0.0006283703
0.00201967
0.0007738273
0.0004257356
0.0005077416
-0.0002664493
-0.0007950064
-0.001101665
0.000674187
0.002412489
0.00180905
0.002896597
0.00387772
0.003859803
0.001053725
-0.001458442
-0.004130425
-0.01036403
-0.01469997
-0.01445515
-0.01626642
-0.01872121
-0.01965587
-0.02106317
-0.01968965
-0.01451144
-0.01231358
-0.01071948
-0.008152663
-0.005759091
-0.005006145
-0.005227724
-0.004301515
-0.003480538
-0.002040493
-0.0007326093
0.0004400326
0.001978505
0.004638002
0.007353574
0.009606388
0.01224151
0.01352938
0.01350542
0.01392668
0.01087115
0.00853079
0.007007173
0.004595338
0.002372183
0.0004571825
-0.0003875052
-0.001012305
0.0003540142
0.001865011
0.002895522
0.007619495
0.0125797
0.01575648
0.01956956
0.02372635
0.02738862
0.02842713
0.02783002
0.027268
0.02525693
0.02219963
0.01974047
0.01762227
0.01601225
0.01409216
0.01266305
0.01452383
0.01549994
0.01573908
0.0161968
0.01323603
0.01119315
0.009840292
0.005572291
-0.0005922974
-0.004523306
-0.005586889
-0.006939001
-0.009329735
-0.01063482
-0.01196554
-0.01251516
-0.01032898
-0.009335059
-0.008564311
-0.007648107
-0.007661378
-0.007175319
-0.007094435
-0.007207611
-0.00708056
-0.00718837
-0.007390082
-0.007539876
-0.008395112
-0.009206791
-0.009719897
-0.009892703
-0.01000175
-0.01029575
-0.0104378
-0.0105643
-0.01074191
-0.0108215
-0.01040768
-0.01012861
-0.009960265
-0.009625652
-0.009328852
-0.009061291
-0.008764244
-0.008231538
-0.007490825
-0.006959647
-0.006349816
-0.00591135
-0.007295823
-0.008490628
-0.009102307
-0.01069988
-0.0128673
-0.01443387
-0.01541099
-0.01650442
-0.01670469
-0.01488608
-0.01415861
-0.01340465
-0.01223361
-0.01174442
-0.0110902
-0.01038831
-0.01005496
-0.009583705
-0.007522299
-0.003700712
-7.821248e-05
0.005345923
0.01016585
0.01180046
0.01018851
0.01113632
0.01012793
0.00802561
0.007438044
0.009302392
0.01125728
0.01266901
0.01506193
0.0164777
0.01755386
0.01922563
0.0200213
0.01639136
0.01333271
0.01166229
0.009263208
0.007440047
0.005441594
0.003440764
0.001549723
-0.0005615786
-0.00262825
-0.00464048
-0.004690831
-0.00137479
-5.960313e-05
0.001396714
0.002930283
0.002813335
0.003557115
0.004094682
0.002653534
0.001307831
0.0006331889
-0.0003102801
-3.749332e-05
-1.938932e-05
-0.0002910755
0.001003106
0.003224755
0.004346918
0.005926873
0.007607069
0.00547011
0.001429742
-6.517659e-05
-0.002623732
-0.005678382
-0.00785909
-0.007999714
-0.008775546
-0.009973219
-0.01046079
-0.009496161
-0.007230517
-0.006275547
-0.004816064
-0.002993299
-0.00153668
-0.0002798819
0.001063457
0.002357997
0.001753197
0.0001517079
-0.0001612236
-0.0009764381
-0.0005125667
0.0007285836
0.001015926
0.001752318
0.002300561
0.002507184
0.002994093
0.003385206
0.003705988
0.003780896
0.002690413
0.001988822
0.001484546
0.001839081
0.003384752
0.003891324
0.004744417
0.005909788
0.00653788
0.003630829
-0.0002924361
-0.002282459
-0.005259823
-0.006567078
-0.007231102
-0.008923101
-0.01000074
-0.0109542
-0.01023061
-0.007721024
-0.006773415
-0.005031744
-0.003151638
-0.003343482
-0.003216168
-0.002502665
-0.002480547
-0.002503552
-0.002323947
-0.002245541
-0.0021886
-0.002089119
-0.001980762
-0.001881482
-0.00178107
-0.001489007
5.265983e-05
0.001272355
0.00220113
0.004813248
0.008434033
0.01086667
0.01378906
0.01582384
0.01618373
0.0177014
0.01899841
0.019842
0.0209666
0.01945615
0.01558943
0.01407699
0.01155951
0.007544523
0.004333958
0.003532113
0.005127974
0.00471995
0.004863018
0.005735558
0.006103183
0.006606722
0.007781246
0.008808689
0.009673376
0.01074195
0.01090974
0.009600907
0.009188554
0.008702077
0.007768618
0.006733193
0.005312884
0.004092591
0.002613029
0.001041041
-0.0003939096
-0.001906576
-0.003591941
-0.005835367
-0.007887003
-0.009846747
-0.01199489
-0.01408789
-0.01568114
-0.01413406
-0.01338999
-0.01338793
-0.0125244
-0.01213835
-0.01175579
-0.01123476
-0.01083329
-0.01041456
-0.009967902
-0.009543485
-0.009115396
-0.008810377
-0.009723934
-0.01073398
-0.01018478
-0.008326257
-0.007524051
-0.007064837
-0.01045128
-0.01362699
-0.01438576
-0.01595764
-0.01815085
-0.01964303
-0.02005845
-0.0178541
-0.01681251
-0.0158966
-0.01402303
-0.01254052
-0.01112272
-0.009531684
-0.009013889
-0.01014918
-0.01026513
-0.01005639
-0.007559953
-0.005521494
-0.004363493
-0.004141636
-0.003897872
-0.003244286
-0.002954922
-0.002305464
-0.001653049
-0.001130691
-0.000490072
0.0001384766
0.0007371767
0.001370622
0.002033417
0.002676232
0.003320039
0.003663364
0.002859325
0.002453834
0.002193764
0.001057316
-0.0001186391
-0.0009657438
-0.002045665
-0.003267847
-0.004876425
-0.006358801
-0.005815302
-0.003705316
-0.003280847
-0.002185385
-0.0007588091
0.0001284656
0.001216021
0.002349753
0.003373471
0.004497899
0.006054358
0.007549217
0.008915622
0.0104261
0.01192011
0.01337929
0.01398845
0.01382948
0.01443666
0.0147575
0.01480082
0.01435161
0.01380223
0.01351153
0.013026
0.01251668
0.01203515
0.01149876
0.01098855
0.01047666
0.009952733
0.009435774
0.008918911
0.008410974
0.008008354
0.007614303
0.007175482
0.006772018
0.00637084
0.006050717
0.006076393
0.005983703
0.005835125
0.005799717
0.005732548
0.005869533
0.006550323
0.00698292
0.00737801
0.007943998
0.008445123
0.008931073
0.009446334
0.009947913
0.009965502
0.00821228
0.007076462
0.006223628
0.004786342
0.00338071
0.001829896
0.0003149536
-0.001176448
-0.002725346
-0.004256997
-0.005780419
-0.007313549
-0.008842546
-0.01036876
-0.01134626
-0.008044077
-0.005171188
-0.004028278
-0.001739699
0.0007157338
0.002703415
0.004857293
0.006744565
0.006500169
0.006815502
0.007619065
0.007714566
0.007969089
0.008348189
0.007757047
0.006458716
0.005927485
0.005092388
0.004065448
0.003231003
0.002473893
0.001756028
0.0009841009
0.0002440035
-0.0005036806
-0.001764165
-0.003296695
-0.004478407
-0.005839571
-0.007373165
-0.008827964
-0.01026528
-0.01125318
-0.008910614
-0.007413256
-0.0068478
-0.006283654
-0.005851858
-0.005421624
-0.005444371
-0.005320189
-0.00470991
-0.002600984
-0.001014449
0.0003168652
0.001916061
0.003233642
0.004648395
0.006067505
0.006502444
0.003580164
0.001842414
0.0006683583
-0.001167584
-0.002544174
-0.00299051
-0.002584181
-0.002980758
-0.00307625
-0.002940946
-0.002970167
-0.002441346
-0.001722567
-0.00132284
-0.0004449184
0.001184276
0.002409595
0.003283032
0.002142013
0.001477562
0.001327016
0.0004549957
-0.0008836579
-0.003103115
-0.004808982
-0.005873753
-0.006863132
-0.008178945
-0.009262816
-0.01029866
-0.01142316
-0.01250921
-0.01257717
-0.01098525
-0.01039205
-0.009721493
-0.008725384
-0.009748808
-0.01092742
-0.01126369
-0.0122239
-0.01305185
-0.01366192
-0.01444852
-0.01384699
-0.01204323
-0.01145357
-0.01041026
-0.00904814
-0.007981504
-0.006843675
-0.005654617
-0.004558047
-0.004353046
-0.004645258
-0.004311234
-0.004102288
-0.003382682
-0.002732311
-0.002232666
-0.001541447
-0.0009247292
-0.001289886
-0.002145895
-0.002349293
-0.002873816
-0.003531935
-0.004028521
-0.004574562
-0.004215539
-0.001623272
-5.83309e-05
0.001354536
0.003475431
0.005034873
0.006047564
0.00747161
0.008821329
0.01001488
0.01114403
0.01207543
0.01312984
0.01416203
0.01355259
0.01159307
0.01102891
0.009929303
0.00902818
0.008962748
0.008316111
0.007797742
0.007469023
0.006999771
0.006552238
0.006135714
0.005693237
0.005256123
0.004824059
0.004387687
0.004145771
0.004617719
0.004840019
0.004948798
0.005292914
0.005567334
0.005123633
0.004122296
0.003711541
0.003173611
0.003302905
0.003495244
0.003383563
0.003097269
-5.316939e-05
-0.002544627
-0.004319594
-0.007063709
-0.009021953
-0.009398791
-0.009762534
-0.007134966
-0.005095175
-0.003740078
-0.001071137
0.001686362
0.003869043
0.00511392
0.006031397
0.007521164
0.008649001
0.00936663
0.009474168
0.009874037
0.01031201
0.01053266
0.01055676
0.008447157
0.006516048
0.005298847
0.003231436
0.0007588277
-0.001370454
-0.003549389
-0.005864806
-0.007698406
-0.008858848
-0.01044476
-0.01144416
-0.008602244
-0.006799948
-0.00581462
-0.002658031
0.0007123527
0.002601714
0.002713514
0.003701985
0.004802099
0.00462987
0.004635679
0.004973449
0.004994739
0.004982691
0.004987744
0.004996975
0.005035301
0.005477573
0.005957616
0.006261465
0.006701832
0.007147813
0.006532119
0.003515238
0.001616407
-7.433119e-05
-0.001337176
-0.001639437
-0.002712953
-0.003517791
-0.004088621
-0.004744313
-0.00493745
-0.005239298
-0.005644473
-0.005953574
-0.006644598
-0.007272513
-0.007693506
-0.006946595
-0.005793548
-0.005328206
-0.004469107
-0.003912278
-0.003755808
-0.003246641
-0.002791468
-0.002315689
-0.001889362
-0.001993098
-0.002025688
-0.00189332
-0.00193974
-0.001966594
-0.001951393
-0.001966593
-0.001878417
-0.001620059
-0.001465455
-0.001298643
-0.001047169
-0.0008191743
-0.0006063695
-0.0003736811
-0.000161074
-0.0001569198
-0.000210381
-0.0001516274
-0.0001620943
-0.000187688
-0.0001861732
-0.0006053632
-0.001384078
-0.001796886
-0.002348847
-0.003429052
-0.004796826
-0.00580522
-0.00697144
-0.007745711
-0.006673001
-0.006238167
-0.006098339
-0.006075095
-0.006846333
-0.007073199
-0.007432588
-0.007594176
-0.004934405
-0.002980151
-0.001669906
0.001021253
0.003759371
0.006013464
0.008307122
0.007083724
0.004702059
0.004329082
0.002773012
0.0009357858
-0.0004057888
-0.001070391
0.0003115264
0.0008181308
0.001144589
0.002109489
0.002684448
0.003231456
0.00392759
0.004526298
0.005127706
0.005719466
0.005395842
0.004574039
0.004385806
0.003894448
0.003270626
0.002801972
0.002280313
0.001739715
0.001227477
0.0007039381
0.0001777354
-0.0003434817
-0.0008659323
-0.0009586611
-0.0006751316
-0.0007710645
-0.000723994
-0.0005756479
-0.0004465769
0.0002013368
0.0007382431
0.001141741
0.00171798
0.0022919
0.003135395
0.004033775
0.004786083
0.005569851
0.005653436
0.004970013
0.003516122
0.002074197
0.0009463769
-0.0009025239
-0.001988628
-0.004734914
-0.006978317
-0.00797088
-0.008368398
-0.008166427
-0.00942822
-0.009989937
-0.01042212
-0.01136608
-0.01097677
-0.01046878
-0.009383935
-0.007706831
-0.006646033
-0.005396403
-0.00394674
-0.003195773
-0.001195811
-0.0005205844
-0.002107795
-0.002703934
-0.001797284
-0.001363737
-0.0001640385
0.001984408
0.003119018
0.001955906
0.001504406
0.001819785
0.002094834
0.00295308
0.005605237
0.008971835
0.009449205
0.00906733
0.009184485
0.007587479
0.00523885
0.00302527
0.001240434
0.001486894
0.003416292
0.004389814
0.005627616
0.006089402
0.007964605
0.009545198
0.008356388
0.00712725
0.00738066
0.006650134
0.005471335
0.004929749
0.004013897
0.003230525
0.001612276
-0.0001568563
-0.001497201
-0.0006584076
0.0007571222
0.001794283
0.002246003
0.002183679
0.001904291
0.0007519269
-0.0003406018
-0.002416691
-0.003281765
-0.002324543
-0.001634815
0.0006875652
0.001658418
0.002504069
0.004996881
0.006779546
0.007821309
0.008779858
0.009133785
0.008197205
0.0075147
0.007093285
0.005513309
0.004373647
0.003533317
0.002517516
0.0009751576
-0.0005640493
-0.001768198
-0.003348768
-0.004770774
-0.004284931
-0.001758031
-0.001686389
-0.002305858
-0.002454895
-0.003175296
-0.003566352
-0.002527624
-0.001044562
0.001699986
0.002690845
0.002110576
0.002634297
0.001728594
0.001271283
0.0006943759
-0.0007252911
-0.001837048
-0.002917139
-0.004734574
-0.006276825
-0.00631388
-0.006263832
-0.006357456
-0.005778667
-0.004770303
-0.003672038
-0.002270315
-0.0004853616
1.464611e-05
0.0005831276
0.000635445
-0.0001624677
-0.001036794
-0.001522949
-0.002967195
-0.0039406
-0.004383312
-0.004821978
-0.005208823
-0.005609479
-0.006757329
-0.007832271
-0.008449832
-0.009070696
-0.007771176
-0.00555997
-0.004492228
-0.004052314
-0.004122927
-0.004708863
-0.005207136
-0.006350176
-0.005847734
-0.004944827
-0.004348663
-0.004099476
-0.005406423
-0.005125366
-0.003536883
-0.002615847
-0.001688667
-0.000936223
-0.0006701957
-0.0007646776
0.000115297
0.002620481
0.004848136
0.005075345
0.002030544
0.001925026
0.0001400595
-0.00355269
-0.004744235
-0.00513095
-0.00406903
-0.003620272
-0.002431491
-5.081453e-05
0.00163197
0.001752716
0.002177329
0.00295564
0.003225107
0.003164342
0.004227718
0.004553044
0.004473543
0.003854171
0.003094351
0.002662129
-0.0001824044
-0.0008658173
-0.001302332
-0.002322055
-0.001240034
0.0004138069
0.00175371
0.002304194
0.002273211
0.0004789038
0.0005763274
0.001537488
0.003767023
0.005388704
0.006250873
0.006843452
0.004615565
0.00157215
-3.785283e-05
-0.002941875
-0.003380769
-0.004148817
-0.00573363
-0.002651949
0.0006937445
0.001887567
0.003490002
0.005327827
0.004647317
0.003819206
0.003486409
0.002528003
0.001970013
0.001204733
0.0002592348
-0.001516708
-0.002461859
-0.001961838
-0.002993643
-0.001615346
-0.001041223
0.0005596368
0.002445147
0.002963454
0.006014408
0.008923948
0.009598246
0.01132673
0.01208186
0.01077856
0.01023855
0.01006478
0.0090002
0.007333665
0.005626617
0.005160027
0.004687981
0.003677203
0.003056821
0.001282898
-0.001941708
-0.003907123
-0.005258268
-0.00448744
-0.005620208
-0.006504961
-0.005662987
-0.004394292
-0.003230109
-0.002780266
-0.003232375
-0.003871016
-0.005162027
-0.005402743
-0.004750331
-0.004745521
-0.004014047
-0.001755202
-0.0003862001
-0.0002803884
0.0007265063
0.001390754
0.001520001
0.0009606016
0.001346426
0.003059276
0.003503184
0.003767099
0.003677334
0.002611498
0.001910616
0.001296704
-0.0001499997
-0.001958462
-0.003554846
-0.00544993
-0.00632454
-0.006076519
-0.005295045
-0.004639452
-0.003604557
-0.00163611
-0.001500244
-0.001632381
0.0008158905
0.002079366
0.001874613
0.00223566
0.001298716
-0.0002487288
-0.0002464814
-0.0006426766
-0.001815357
-0.001178641
0.0002423634
0.001661198
0.002055675
0.003607776
0.005008881
0.004924576
0.004903702
0.004659536
0.00385013
0.003851059
0.004155711
0.004464999
0.004355433
0.004106578
0.00148923
-0.0006388544
-0.001596
-0.004497221
-0.006276947
-0.005646615
-0.005900978
-0.006040769
-0.004854261
-0.003354994
-0.003851658
-0.004283412
-0.004575785
-0.004488491
-0.00303955
-0.001148789
0.0002935428
0.001502129
0.002907158
0.004485768
0.003832804
0.003380773
0.003582911
0.002346129
0.001274166
-5.12873e-05
-0.002259056
-0.002406183
-0.001763461
-0.001839314
-0.0008147527
0.001138675
0.001849125
0.002362268
0.002722527
0.001523067
0.0002974336
-7.321925e-05
-0.002032086
-0.004790803
-0.005545736
-0.006502473
-0.007087312
-0.00610773
-0.005131021
-0.003932607
-0.003276876
-0.003251019
-0.002807449
-0.001453653
-0.0005601564
0.0001910305
0.0005726308
-0.0006387451
-0.001082954
-0.0006799018
-0.0003798387
-0.0003624302
-0.001739233
-0.002987319
-0.004909423
-0.006699875
-0.008346133
-0.009545066
-0.01143764
-0.01157744
-0.01122243
-0.01083418
-0.008956228
-0.005848808
-0.001696499
0.001894955
0.00286305
0.004249081
0.004233588
0.00292541
0.001383073
-0.0006804131
-0.002040175
-0.003888814
-0.006082692
-0.008052347
-0.008616227
-0.007889211
-0.007120019
-0.004153117
-0.001406069
0.00184079
0.002977763
0.00357977
0.004787275
0.004160497
0.004112613
0.004616784
0.005021135
0.005562293
0.005698918
0.004156159
0.003803688
0.004545003
0.004715332
0.004878481
0.005710694
0.005744564
0.005058514
0.004225094
0.00274844
0.001606112
0.002300445
0.003898906
0.004895058
0.004258103
0.004246317
0.003668815
0.003763447
0.006075437
0.007038248
0.007960507
0.008725835
0.007135883
0.006773393
0.006571516
0.005503887
0.004838265
0.004406403
0.004208354
0.00461904
0.00422354
0.003530163
0.00370052
0.004364006
0.00627058
0.007005394
0.008001491
0.009386394
0.01013664
0.01074013
0.01085283
0.01004537
0.009376216
0.008127622
0.006700441
0.005807968
0.003728875
0.0009934721
-0.001004817
-0.002402822
-0.004057943
-0.006101706
-0.006549312
-0.008096985
-0.008504837
-0.007821619
-0.007314292
-0.006519017
-0.00504959
-0.003004799
-0.001939998
-0.0003329712
0.0005116421
0.002745291
0.003370371
0.003392611
0.0039481
0.002953622
0.002019901
0.001183019
0.0001891514
-0.001286335
-0.00312729
-0.003555246
-0.003856933
-0.00408862
-0.004021986
-0.004294164
-0.005351792
-0.005247092
-0.004539274
-0.004051505
-0.003584465
-0.003227274
-0.003247906
-0.004536022
-0.006351001
-0.008081379
-0.01060302
-0.01104283
-0.008523699
-0.007303769
-0.005366661
-0.00270174
-0.002270891
-0.0006348447
0.00083452
0.0002994185
-0.000526108
-0.0004906814
-8.009011e-05
0.001439698
0.002067087
0.002388569
0.00342546
0.002647968
0.001856548
0.00128439
-0.001096837
-0.002184085
-0.003073574
-0.00469968
-0.005273356
-0.004316944
-0.002915827
-0.001206359
-0.0001394932
0.0001643358
0.0007817727
0.0004208371
0.0001688587
-0.0002055157
-0.001703393
-0.002065985
-0.001276793
-0.002165207
-0.003188344
-0.004320142
-0.004521774
-0.003996452
-0.002928926
-0.0001023404
0.002704665
0.004649742
0.005306272
0.005890786
0.005379681
0.003876777
0.002990142
0.002231158
0.001402887
0.001596448
0.002135792
0.003572415
0.004539695
0.005749622
0.006984945
0.00649012
0.005617227
0.004850335
0.003933012
0.002974316
0.002041042
0.0009111555
-0.0005599719
-0.001731567
-0.003288069
-0.004758748
-0.00480481
-0.003897586
-0.00250728
-0.002261488
-0.00186793
-0.001446458
-0.002068488
-0.002403417
-0.001854418
-0.0009107718
-0.0003108833
-0.001056688
-0.00183626
-0.002241091
-0.002897683
-0.004071135
-0.00484884
-0.004005558
-0.002800958
-0.001512119
-0.0001974496
-0.0001294348
-0.0003316794
0.0003323662
0.001227683
0.003557296
0.004268231
0.005669789
0.006706456
0.006690416
0.005204918
0.002239034
0.0001850288
-0.003343188
-0.006274433
-0.008676632
-0.009812719
-0.008895734
-0.008075587
-0.007419132
-0.005036362
-0.002388446
-0.00201596
-0.001927918
-0.001153327
6.555321e-05
0.001958776
0.003941161
0.005188915
0.007488545
0.007660733
0.007370074
0.006286034
0.004218363
0.001993555
-0.00188246
-0.005690657
-0.008320165
-0.01265519
-0.01384929
-0.01188008
-0.007465027
-0.003882437
-0.003206221
0.001308358
0.003670631
0.002101376
-0.0005158928
-0.0005955496
-0.001942885
-0.0007600122
0.002075481
0.00349942
0.004454111
0.005008084
0.002474226
-0.001113406
-0.004228986
-0.003768889
0.001541692
0.00598296
0.007945588
0.0116683
0.01470948
0.01189707
0.006157376
0.006533877
0.002668939
-0.002269741
-0.002235946
-0.001601126
-0.001154693
-0.0005662919
0.000285429
-0.001621006
-0.005415022
-0.007903776
-0.008449019
-0.00762183
-0.007447627
-0.004819344
-0.001162174
-1.617711e-06
0.001656308
0.006123416
0.008648945
0.01033485
0.01034839
0.007941432
0.004766144
0.001837618
-0.001376794
-0.001426909
-0.002405369
-0.005617212
-0.006626623
-0.008183919
-0.009786718
-0.008779306
-0.004067262
-0.0006220167
0.001269901
0.004367144
0.007442868
0.00980274
0.01029375
0.007468905
0.003290165
0.0003198945
-0.00385801
-0.009403592
-0.0114091
-0.01367594
-0.01526452
-0.01578311
-0.01530146
-0.0143546
-0.01246717
-0.009736234
-0.007225119
-0.004172
-0.0003892283
0.003346315
0.005422485
0.006416087
0.002946702
-0.001263445
-0.001773407
-0.002343481
0.0001852315
0.004442632
0.006531691
0.009998327
0.01260158
0.01423742
0.01345449
0.01022178
0.008314681
0.007531931
0.005254036
0.00298822
0.001467143
0.001560411
0.001635698
0.003024384
0.004539313
0.004808042
0.005241721
0.003165938
-0.0004826627
-0.001623673
-0.004299887
-0.005749485
-0.002734345
0.0004195096
0.00155122
0.005083483
0.0083389
0.009503439
0.0110522
0.01229282
0.01232611
0.01181671
0.01141336
0.0122271
0.01331388
0.01243241
0.01065436
0.009419711
0.007602436
0.004916966
0.003372079
0.00138423
-2.465172e-05
0.0001590097
0.003314943
0.00579237
0.006269303
0.006341076
0.004195993
0.002249254
0.0008524289
-0.001568826
-0.00412506
-0.005063157
-0.00643178
-0.007124761
-0.00610767
-0.004912304
-0.004998997
-0.006633059
-0.007711616
-0.007498949
-0.006367209
-0.005311958
-0.001635181
0.0007226806
0.00153663
0.002373785
0.002241275
-0.001002254
-0.003471588
-0.00410208
-0.006284271
-0.008032765
-0.008322684
-0.009252618
-0.01002026
-0.009326561
-0.008591735
-0.007573997
-0.00660876
-0.005369005
-0.004131868
-0.002842649
0.001674205
0.005603841
0.007809097
0.01070684
0.01266122
0.0126229
0.01035644
0.008713962
0.007279862
0.004116752
0.001068459
-0.001383211
-0.002323053
-0.003917212
-0.005306582
-0.005062422
-0.005597112
-0.006184387
-0.006277527
-0.006562908
-0.006989941
-0.007292206
-0.007167012
-0.006831468
-0.006566624
-0.00578987
-0.005013459
-0.004395432
-0.003829423
-0.003281188
-0.002008291
-0.001026245
-0.0003335451
0.0003636057
0.000876485
0.0009457672
0.00110112
0.000813202
-0.0005241622
-0.001385279
-0.002486482
-0.003785404
-0.005230906
-0.007174313
-0.00814249
-0.009663756
-0.01134644
-0.01248043
-0.01321774
-0.01319383
-0.01227027
-0.01100984
-0.007579157
-0.003588952
-0.002748879
-0.001658319
0.0009144806
0.002014126
0.001930046
0.001994981
0.002165896
0.001773352
0.0006845376
-0.0008956388
-0.001100419
-0.0004780007
-4.194645e-05
0.001096021
0.001978712
0.002906869
0.003795848
0.003328618
0.002166256
0.0007183257
-0.001002103
-0.003115521
-0.005455192
-0.008286455
-0.0104142
-0.01088954
-0.01098449
-0.010575
-0.008834523
-0.006788749
-0.003888683
-0.00200228
-0.0003121419
0.001796486
0.00360255
0.006838803
0.009299607
0.0101563
0.0111521
0.01062341
0.006674189
0.004033187
0.001180232
-0.0006853187
-0.001443926
-0.003037647
-0.003210005
-0.00158396
-0.001438273
-0.0004091951
0.00299403
0.005919676
0.008290234
0.01118487
0.01301278
0.01373306
0.01297986
0.01253342
0.01017304
0.005661503
0.003497971
0.001252373
-0.001361209
-0.003766533
-0.005894874
-0.0074204
-0.007742837
-0.008227073
-0.006849685
-0.002624685
-0.001801935
-0.0004407652
0.002794422
0.006283198
0.009037006
0.01141879
0.01322132
0.01371542
0.01415029
0.01376818
0.012281
0.009547902
0.008024382
0.006192426
0.00430217
0.002804348
0.0002170983
-0.001948875
-0.002808021
-0.004576878
-0.00499533
-0.004717161
-0.004356124
-0.00301592
-0.001783008
-0.0003920533
0.0002308404
0.0007510333
0.0007484519
-0.0008386955
-0.002306844
-0.003112762
-0.003854958
-0.00303119
-0.001677917
0.0003056207
0.001381147
0.001531145
0.003433679
0.004722937
0.005791431
0.007099001
0.00842059
0.0100733
0.01054397
0.01093815
0.01235857
0.01361762
0.01259105
0.01074615
0.008898524
0.007080265
0.003119441
0.000179635
-0.002587905
-0.005539319
-0.007270088
-0.00670891
-0.004228533
-0.003018063
-0.00212281
-0.0007598936
0.001911612
0.004535142
0.005695017
0.007666891
0.009444139
0.01005541
0.01012401
0.009355512
0.007707267
0.005593051
0.002763231
-0.00105329
-0.00385933
-0.006656038
-0.0103142
-0.01218395
-0.01336518
-0.01384066
-0.01325387
-0.01285198
-0.01131896
-0.008522534
-0.005298594
-0.002552537
-0.0006640434
0.002652919
0.005459337
0.007652653
0.009050122
0.007718766
0.004730932
0.001666782
-0.0007790155
-0.00295553
-0.005036094
-0.005592139
-0.005876942
-0.005250656
-0.004008811
-0.003170128
-0.002225115
-0.002231852
-0.002032838
-0.001689829
-0.001630425
-0.002112662
-0.003574018
-0.003363641
-0.002151912
-0.00136529
0.0002456996
0.001517222
0.001215706
0.001384793
0.0009047888
-0.0008127582
-0.002370144
-0.003907707
-0.006615725
-0.008835915
-0.009891855
-0.01036863
-0.01014343
-0.008567991
-0.008351783
-0.00873747
-0.008191297
-0.007958485
-0.007872081
-0.006976261
-0.00538898
-0.004708084
-0.003118285
-0.001156067
-0.0007760666
-0.0002431026
-0.001043186
-0.003384936
-0.005019631
-0.007187815
-0.009211683
-0.007954336
-0.008115026
-0.008258434
-0.006582271
-0.005132812
-0.001577288
-0.0007265454
-0.001178247
-0.0003195278
-0.002076629
-0.00348554
-0.003178207
-0.003304122
-0.002836226
-0.0005540628
0.0008443617
0.0005014331
4.772823e-05
-0.00219261
-0.004410386
-0.005148745
-0.004434366
-0.004447529
-0.003171975
-0.001847288
-0.002079186
-0.001251046
9.988166e-05
0.0008242445
0.002271683
0.003740323
0.006284711
0.01030763
0.01075722
0.01105087
0.0109558
0.01014924
0.009046906
0.007316711
0.005118639
0.003927045
0.003077123
0.001818002
0.001746174
0.003393184
0.004845635
0.005625736
0.005463221
0.005383342
0.004702938
0.004381214
0.004089578
0.002843018
0.003628865
0.004953246
0.005749597
0.006345304
0.006731109
0.005190481
0.003651719
0.002417614
0.0003765625
-0.0005323653
-0.001635688
-0.00334134
-0.002276597
0.001288249
0.001945842
0.00263004
0.002723353
0.001126149
0.0007585412
0.0002404505
0.0007595577
0.001196286
0.001006171
0.001150421
0.0001891348
-0.0008544358
-0.001498555
-0.001802408
-0.001264498
-0.001001568
-0.0003984143
0.0001741151
0.0004712557
0.001002963
0.002275179
0.003276687
0.003252717
0.002015521
0.001840868
0.002029813
0.001693163
0.001525214
0.00199597
0.002513322
0.002840487
0.003860125
0.004847073
0.004822404
0.004063003
0.003597999
0.002380328
0.002497358
0.002628065
0.003516445
0.004724093
0.005185418
0.005510327
0.005899086
0.00601935
0.005053443
0.00352629
0.0006564032
-0.001294434
-0.002803803
-0.00502962
-0.006974948
-0.008485146
-0.009015032
-0.009435635
-0.0081971
-0.005717639
-0.003480422
-0.001601537
0.0002988309
0.0006845733
-0.0006662497
-0.0007477134
-0.0009804608
-0.001619241
-0.002039318
-0.002325034
-0.002758602
-0.003972417
-0.005149519
-0.005049879
-0.005297193
-0.004933849
-0.00446154
-0.003804871
-0.002206997
-0.001134362
-0.0008636325
-0.0003098019
0.000602305
0.001040564
0.0004288579
-0.0001909556
-0.0004054658
-0.0009343107
-0.001320668
-0.001371053
-0.001155286
-0.000146754
0.0007501343
0.001986497
0.003622506
0.0040301
0.00407024
0.0044639
0.004028733
0.00314301
0.001872141
0.0005028722
-0.00110457
-0.003157731
-0.004029765
-0.002936124
-0.00315595
-0.002778292
-0.00200357
-0.001628526
-0.001081016
-0.0002803626
0.0003664573
0.0004902023
0.0006292506
0.0007669051
0.0007146584
0.0009583176
0.001437912
0.001478285
0.001337112
0.001324741
0.0007041889
0.0001952645
-0.000989223
-0.00311426
-0.004906069
-0.006869818
-0.007572496
-0.007757917
-0.007562288
-0.006529589
-0.004842883
-0.002306199
-0.0004854494
0.001147645
0.002664185
0.004008891
0.003541584
0.002224964
0.0002832417
-0.001151724
-0.002765367
-0.003284855
-0.002015278
-7.014331e-06
0.001197945
0.002753037
0.003850841
0.00347531
0.003857172
0.003740242
0.002885501
0.002011262
0.0008207518
-0.0001771564
-0.00117902
-0.001857991
-0.00179035
-0.001923531
-0.001701839
-0.001463687
-0.001174864
-0.0002708437
0.0004380671
0.001428477
0.00294214
0.003076394
0.001723424
0.001585202
0.001225248
-6.404782e-05
-0.001569449
-0.002640933
-0.003574281
-0.004544829
-0.003669076
-0.00216683
-0.001711326
-0.0005665962
0.001264306
0.002716747
0.004157152
0.005755421
0.007263337
0.007632913
0.00665325
0.006388919
0.005317393
0.003852853
0.002325036
0.001622333
0.0007924351
-0.000221459
0.0001067592
0.0004958926
0.0003612286
0.000887804
0.00165002
0.001942688
0.002248236
0.002721544
0.002746626
0.001937522
0.001553261
0.001291656
0.0007599612
0.001048876
0.002271077
0.002580471
0.001883447
0.00175402
0.001244675
-6.262447e-05
-0.001016882
-0.002330432
-0.003616415
-0.004409643
-0.00506399
-0.005814691
-0.005250992
-0.004940155
-0.00493985
-0.004416689
-0.004023354
-0.003819441
-0.003484606
-0.003156182
-0.002953386
-0.003242446
-0.00336695
-0.00263759
-0.001665974
-0.001267771
-0.001211982
-0.0009166847
-0.0005964751
-0.0005220721
-0.0005817415
-0.0002400853
0.00117678
0.002162346
0.002492039
0.002737885
0.003317985
0.003159775
0.001705409
0.001092258
0.0006298243
-0.0003622135
-0.0003291916
0.0004565273
0.0004381429
0.0007266186
0.0012098
0.001502183
0.001827884
0.001810439
0.001550628
0.001562961
0.001297176
0.0007811653
0.0004793635
0.0004169876
0.0007784092
0.0008955626
0.001026124
0.0008206384
0.0001338479
-0.0001384485
-0.0004657919
-0.0003826861
-0.0003335825
-0.000430749
-0.0003920392
-0.0005641554
-0.0007546005
-0.0008553306
-0.001025132
-0.001279791
-0.002172117
-0.002836265
-0.001930673
-0.001379584
-0.001330613
-0.001538581
-0.001889469
-0.002017977
-0.002298236
-0.002355498
-0.002271364
-0.002355541
-0.002358566
-0.002290352
-0.001739987
-0.0009906141
-0.0001390167
0.0009955453
0.001750501
0.002314794
0.003129375
0.003443569
0.002199642
0.001535853
0.001095641
0.0001533957
-0.0006413128
-0.001389304
-0.001899181
-0.001206115
-0.0009185842
-0.0008306808
-0.0003462147
0.000125248
0.0005937757
0.0006939729
-0.0005487955
-0.001310933
-0.001057722
8.218553e-05
0.0005510688
0.0004223472
-0.001091792
-0.001992326
-0.0026138
-0.003459288
-0.004290845
-0.005113831
-0.006017052
-0.006513796
-0.005709937
-0.003830327
-0.003029913
-0.001649319
0.0001512761
0.001494248
0.002229175
0.002926056
0.004584481
0.005752757
0.005917852
0.00646634
0.007149872
0.006940774
0.006637845
0.006456406
0.005444736
0.004981421
0.005375687
0.005204213
0.004993709
0.004833804
0.004053259
0.001954469
0.001208616
0.001804512
0.001249362
0.001424322
0.002306894
0.002515713
0.001763283
0.0005138306
-2.766932e-05
-0.0007871864
-0.001739916
-0.00222117
-0.001956077
-0.002075061
-0.002031568
-0.0004822716
0.0006259035
0.001271354
0.002399789
0.002925752
0.00204281
0.001836104
0.001704495
0.0009131629
-0.0002552472
-0.00113748
-0.002055774
-0.003115334
-0.003565285
-0.003369133
-0.003696826
-0.003842628
-0.002737419
-0.001169283
-0.0003837558
0.0005880629
0.001613667
0.001060758
0.0003866537
0.0002864936
-0.0003989737
-0.0003154748
-0.0002397126
-0.0004766496
-0.001050637
-0.002165989
-0.0025512
-0.00243989
-0.002716578
-0.002179127
-0.001236464
-0.0007815
0.0001538797
0.001195638
0.001978271
0.00257197
0.003059661
0.002567395
0.002257634
0.002061662
0.0005911355
-0.0004398202
-0.0002769507
-0.0007232791
-0.001292645
-0.001476662
-0.001829797
-0.002500995
-0.003127524
-0.003363385
-0.002989971
-0.002947472
-0.003067403
-0.003018947
-0.002978272
-0.003271727
-0.003862918
-0.003782455
-0.003275101
-0.003244125
-0.003080855
-0.00287723
-0.002752421
-0.002813135
-0.003111396
-0.00232289
-0.001080351
-0.0005406992
0.000331498
0.001291865
0.001844012
0.002426718
0.002783739
0.002195745
0.001997846
0.001725276
0.001026692
0.0003126068
-0.00104604
-0.002051709
-0.002595248
-0.003419984
-0.003047862
-0.002185814
-0.002006966
-0.0009514464
0.0003624436
0.001232806
0.001919719
0.002169349
0.002709472
0.003276629
0.003732908
0.00422128
0.00383548
0.0026484
0.001948408
0.0005872418
-0.0002603012
7.077292e-05
-0.0002361496
-0.0004751254
0.0004418998
0.001124118
0.00152653
0.002118834
0.002324884
0.002615272
0.002450778
0.001531546
0.001136631
0.0006406993
0.0002405847
0.0003298205
0.0001285663
-3.830038e-05
-1.688095e-05
4.097038e-06
0.0003364646
0.001140304
0.001612008
0.001987643
0.001881643
0.001905819
0.001986209
0.001270119
0.0007980238
0.0009227748
0.0005316677
0.0003206875
0.0004743539
0.0004203173
0.0001636286
-0.0003378487
-0.0006814099
-0.0006666604
-0.0002902857
7.551634e-05
0.0007868062
0.001352747
0.001543185
0.001160113
0.00103573
0.0002916548
-0.0006323871
-0.001523221
-0.001911311
-0.002131545
-0.002077595
-0.001311472
-0.00101475
-0.0005185539
0.0001292772
0.0006870104
0.001480338
0.002229422
0.002607695
0.002655861
0.002296796
0.001472748
0.0008772539
-0.0004428844
-0.001567169
-0.002094008
-0.002933703
-0.002897068
-0.002179421
-0.002170947
-0.001818742
-0.001123114
-0.0009750251
-0.0009821065
-0.0007974304
-0.001851163
-0.002971581
-0.002924765
-0.003216713
-0.003605724
-0.003412779
-0.0034561
-0.003406099
-0.003163453
-0.003081525
-0.00311895
-0.003073461
-0.002359882
-0.001330228
-0.0007378018
0.0001425404
0.001078125
0.001613077
0.002275908
0.003053392
0.003725718
0.003895547
0.003485338
0.003478686
0.002841719
0.001989537
0.00129953
0.0002877335
-0.0004450501
-0.001145353
-0.001913172
-0.002411597
-0.002691717
-0.00193061
-0.001474631
-0.001218086
-0.0006350153
-0.0001367465
0.0002818922
0.0007380095
0.001196817
0.0014083
7.564639e-05
-0.0007747031
-0.0006122797
-0.001036556
-0.001048737
-0.000140552
6.768422e-05
0.000167315
0.0006109725
0.0002955186
-0.000602357
-0.0008574189
-0.0008635776
-0.0008780711
-0.001011439
-0.0009884867
-0.0001885862
0.0009641505
0.001347974
0.001984862
0.002146474
0.001724993
0.001808712
0.001627799
0.001312415
0.001336779
0.001404481
0.001321784
0.0008748643
4.519547e-05
-0.0005148386
-0.001792348
-0.002040113
-0.001754038
-0.00224274
-0.001980212
-0.001113571
-0.0007810834
-8.836192e-05
0.0008360562
0.0005343888
-0.0002072412
-0.000126248
-0.0002113083
0.0004181801
0.00130077
0.001305678
0.001276306
0.0008953749
0.0002986448
0.0003015495
6.080167e-05
0.0008785614
0.001661669
0.001914984
0.002656638
0.00403231
0.005469577
0.006611066
0.007889362
0.007516892
0.006118152
0.005809097
0.004870762
0.003581027
0.001920387
0.0008525899
0.0001419279
-0.0008529933
-0.001527907
-0.002018383
-0.00222041
-0.002233597
-0.002234344
-0.00192072
-0.001338774
-0.0009743345
-0.0002144562
0.0005798389
0.001215041
0.001626525
0.001231229
0.001145919
0.0005126898
-0.0006435212
-0.0006317182
-0.0008647455
-0.001139752
-0.0007118316
-0.0004412019
0.0002361892
0.0008861548
0.0009831048
0.0001511273
-0.0002786055
-0.001156725
-0.00214603
-0.001656609
-0.001429121
-0.002103659
-0.002210436
-0.001922873
-0.002072479
-0.001549001
-0.0008867828
-0.0001751788
0.001065789
0.001790179
0.002213396
0.002959949
0.003485207
0.003676004
0.002696768
0.001999572
0.001571723
0.0006977605
2.244716e-05
-0.0003458185
-0.0008628806
-0.001003508
-0.00102801
-0.001253511
-0.001313831
-0.001251225
-0.001220456
-0.0007528489
-0.0003295715
0.0001990628
0.0007383128
0.0003173462
-0.0003217301
-0.001499748
-0.002318298
-0.002358299
-0.002315288
-0.000861567
-0.0001206104
-0.0007484281
-0.0005396816
-0.0004336761
-0.0008413441
-0.0005398154
-3.419856e-05
0.000140211
0.0007189365
0.001169568
0.0004336031
-0.000288921
-0.0006288718
-0.001456203
-0.002077456
-0.002057945
-0.002223885
-0.002098176
-0.001901386
-0.001484118
-0.0006673016
-0.0001457475
0.0005338981
0.001151933
0.001442992
0.001910821
0.001938402
0.0008267941
0.0001141353
-0.001380624
-0.002074574
-0.001321696
-0.001417184
-0.000285363
0.0008057434
0.0006329802
0.0007506244
0.0006637074
-0.0009530491
-0.003503568
-0.003328751
-0.002829544
-0.001823597
-0.0005087178
0.0004458198
0.001468526
0.001285932
0.001018205
0.0004739766
-0.001457419
-0.003994688
-0.004594525
-0.003101178
-0.001539577
0.0003564131
0.002659041
0.003572193
0.003475686
0.003564766
0.001512818
0.0003146182
-0.000518184
-0.001208989
-0.001896336
-0.002870838
-0.003642282
-0.004556136
-0.005755332
-0.006998932
-0.00841691
-0.008013885
-0.007390706
-0.007218256
-0.005430514
-0.00387889
-0.002245627
-0.0007617436
0.0004215205
0.0004892164
0.0007857119
0.0008044638
-0.0005039458
-0.001204525
-0.001850181
-0.001569729
-0.0004391966
-0.0002645743
0.0001314907
0.0004706795
-0.001938211
-0.004902574
-0.005419763
-0.00483106
-0.003575334
-0.002368732
-0.001872138
-0.0007264723
-0.000674873
-0.00142166
-0.001300478
-0.001410375
-0.001698903
-0.001362362
-0.0002433967
0.0004051187
0.001118218
0.00214784
0.00274417
0.003689729
0.004895044
0.006556087
0.006778249
0.006727129
0.00422072
0.002289527
0.001467631
0.001345614
0.001119061
0.001578919
0.002346004
0.001947673
0.0004527543
-0.0007123139
-0.001528501
-0.001351297
-0.001398311
0.0002003255
0.001387872
0.002146393
0.003275435
0.004329848
0.004711337
0.004757844
0.003428201
0.002410599
0.002482689
0.001973045
0.002456313
0.003792091
0.006100306
0.006885169
0.007387948
0.007149406
0.006864134
0.005594141
0.00438714
0.004048127
0.003243271
0.002324707
0.001620506
0.0009516481
0.0003431847
0.0007787359
0.001303158
0.001180473
0.0009632529
0.0001446603
0.0004188833
0.001455236
0.001870091
0.00340346
0.004275038
0.004406597
0.00497584
0.003327752
0.002024576
0.001539556
0.0007240983
0.001119793
0.001397739
0.002038771
0.002933418
0.001825482
7.990757e-05
7.950822e-05
-0.001535536
-0.002959858
-0.003169264
-0.003881385
-0.004014116
-0.004106767
-0.003757084
-0.00266974
-0.002064954
-0.001199392
-0.0001420189
0.0008338784
0.001805404
0.00281726
0.003261429
0.003150599
0.002644068
0.001677617
0.0009657687
0.0002394463
-0.0002934353
-0.0009080697
-0.001473949
-0.001487156
-0.0003904711
-0.001084528
-0.002549583
-0.003565777
-0.005491654
-0.005719198
-0.005525233
-0.004968795
-0.004113688
-0.002536933
-0.0009294251
0.0002146857
0.001325138
0.001335895
0.001076912
0.0003037694
-0.0009550448
-0.002044709
-0.002929791
-0.002371842
-0.002292296
-0.00249182
-0.002225137
-0.002073728
-0.0022149
-0.002630444
-0.002857846
-0.003135624
-0.003513229
-0.003506728
-0.002973478
-0.002767115
-0.002420677
-0.001903904
-0.001546997
-0.001362867
-0.001096559
-0.0008004678
-0.0004618324
-7.214194e-05
7.9793e-06
-0.0001129849
-2.934506e-05
-0.0005095719
-0.001184572
-0.001486968
-0.001206284
-0.0007455431
-0.0006273449
-0.0003512643
-0.000266017
-0.0001866779
-3.265914e-05
6.137612e-06
-0.0003528379
-0.0007268178
-0.0009737539
-0.001480447
-0.001947883
-0.002356092
-0.00287923
-0.003418426
-0.003862987
-0.004260259
-0.004706276
-0.004283198
-0.003095992
-0.002673587
-0.001841711
2.581479e-05
0.001430642
0.001882602
0.002420619
0.003456257
0.004225816
0.004904253
0.005474838
0.005411983
0.00560332
0.005740142
0.00475691
0.003935702
0.003392171
0.002098832
0.0008150878
-0.0001338071
-0.0004940851
-0.0007857693
-0.0006693918
0.0004984732
0.001043224
0.0009550732
0.0002899236
0.0001298035
-4.052219e-05
-0.0001681704
-0.0003054072
-0.0004341028
-0.0004312801
-0.00046385
-0.0004185543
-0.0002441329
-0.000165556
1.406093e-05
0.0002621833
0.000807351
0.001664485
0.002917377
0.004119199
0.004993268
0.004556593
0.00324426
0.003219493
0.002878759
0.002288387
0.002471198
0.002424842
0.002341458
0.002544967
0.002616217
0.002325196
0.001109016
0.0014994
0.001683152
0.0009680893
-0.0005245403
-0.002871499
-0.002946646
-0.00321256
-0.002358062
-0.0005277572
0.0003581645
0.0004184662
0.0002811667
0.0003712775
-0.0004991032
-0.0007827954
-0.0004397993
-0.0004689721
0.001177001
0.002455428
0.002894066
0.004258362
0.005893841
0.004917114
0.001920518
-0.0006184704
-0.002666088
-0.00459396
-0.00528401
-0.003876772
-0.001319881
0.001007039
0.002043068
0.00239934
0.0009752573
-0.000567938
-0.002304019
-0.004311614
-0.005349497
-0.005389952
-0.00424551
-0.003467866
-0.004373939
-0.004030896
-0.004143089
-0.004689718
-0.002792394
-0.0006400327
-0.0001743461
0.001117064
0.002260339
0.002187816
0.002319063
0.001839105
0.0002035292
-0.002338673
-0.003398159
-0.003262062
-0.001304248
-0.0002724443
0.0002194307
0.0002722992
0.0002775962
-0.0004397972
-0.0008864714
-0.0003407766
0.0001219627
0.001098974
0.002904535
0.004107733
0.004104178
0.003562212
0.00424608
0.004455805
0.004714042
0.006107763
0.006361778
0.00629912
0.00668818
0.005073465
0.003832235
0.003350078
0.00134969
-0.0008147936
-0.001312311
-0.00258808
-0.003584287
-0.003076501
-0.003222776
-0.003481026
-0.003169741
-0.002654154
-0.002342749
-0.001882152
-0.001092764
-0.0005309655
-0.0006169778
-0.0006634531
-0.000424636
-0.0002122239
-6.404952e-05
0.0001083001
0.0003088417
0.0003416097
0.0001202291
5.486047e-05
-0.0001865898
-0.001102248
-0.001768359
-0.001591522
-0.0003889634
-0.0004160701
-0.00127263
-0.001403855
-0.00227468
-0.002337984
-0.001984279
-0.001760633
-0.001190194
-0.0007755239
-0.001084212
-0.001746414
-0.001809304
-0.001219418
-0.000820178
-0.0006124324
-0.0002224909
0.0002266361
0.001342143
0.002510384
0.002862419
0.003161932
0.003640309
0.002349045
0.001173187
0.0005768303
-0.0006082935
-0.001827217
-0.002989126
-0.004121247
-0.005181501
-0.005492265
-0.004450309
-0.004119623
-0.003484903
-0.002518581
-0.001573653
-0.0004327689
0.0003015681
-3.264061e-05
7.780009e-05
0.0004560781
0.0004646627
0.0005270992
0.0002641954
-0.0002855479
-0.0003445291
-0.0004216299
-0.000551228
2.296048e-05
0.0002243835
-0.0003812395
-0.0004886768
-0.000533689
-0.001346657
-0.002304103
-0.002516781
-0.001524276
-0.001151141
-0.001203757
-0.0006984057
-8.530847e-05
0.0003622635
0.0008048122
0.0009229586
0.0009803998
0.001201015
0.0009732829
0.0003402968
3.414082e-05
-0.0008174344
-0.001168255
-8.276465e-05
0.0001207522
0.001110885
0.002390328
0.002874828
0.003567932
0.004454321
0.004887393
0.004479226
0.004419723
0.004247668
0.003280331
0.002641271
0.00224047
0.00203158
0.001716372
0.00137258
0.001044878
0.0006621196
-0.000341579
-0.001505556
-0.001863719
-0.00229085
-0.002398041
-0.001520643
-0.001220484
-0.0008427631
-0.000133112
0.0004510734
0.0006063297
-0.0001028778
-9.659396e-05
0.0004727794
0.0007683325
0.001722275
0.002539957
0.00280354
0.001582711
0.0008071408
-3.770569e-05
-0.0007050845
0.0002204016
0.0002500998
-0.0002431015
-2.638311e-05
-0.0003609466
-0.002175772
-0.003387292
-0.003187105
-0.001974484
-0.001750341
-0.001082298
-5.232018e-06
0.0007305155
0.001481169
0.002309722
0.002437799
0.001987989
0.00212896
0.001611809
0.0004234539
-0.0002181486
-0.0008374471
-0.001057791
-0.001351507
-0.001663339
-0.001098825
-0.0006379998
-0.0004416198
1.471555e-05
0.0004445487
0.0008118202
0.001009621
0.0008483048
0.0008889706
0.0009206248
0.000454623
-0.0002975207
-0.0007032474
-0.001162195
-0.001068208
-0.001052431
-0.001151963
-0.0006086168
-0.0001418349
-3.060019e-05
-0.0003570264
-0.000487318
-0.0005619577
-0.0007749797
-0.0006048593
-0.0003860091
-0.0003247132
-0.0001208526
7.923551e-05
0.0002392832
0.0002856392
-0.000616906
-0.00146693
-0.002494989
-0.003358584
-0.004100578
-0.005010143
-0.00502678
-0.004566203
-0.004480381
-0.003562575
-0.002774381
-0.002179775
-0.001387318
-0.0006325781
-0.0004448465
-0.0006858629
-0.0004830023
-0.0007836897
-0.0013817
-0.001686656
-0.002479067
-0.002735236
-0.001718715
-0.001171703
-0.000722028
0.0004204766
0.001883426
0.002066652
6.58608e-05
0.0002213416
0.000995605
0.0005592283
0.0004322707
-0.001009432
-0.001290324
-0.0004403898
-0.0005225605
0.0002473515
0.001278598
0.001141462
0.0004797145
-0.00076801
-0.001326488
-0.001708172
-0.001351634
-0.0006501119
0.0004108742
0.0007403361
0.0006555551
0.0006133748
0.001912929
0.004018749
0.003448147
0.002651076
0.001053347
0.0001436628
-0.0006056706
-0.0008355828
0.00114843
0.001949745
0.002511363
0.003437475
0.003760838
0.003991204
0.00409966
0.003458147
0.003449235
0.003952942
0.00377406
0.003418666
0.003776646
0.004214792
0.004194986
0.003466572
0.003348385
0.003668426
0.002968598
0.002599889
0.003253209
0.003749228
0.004025124
0.00346278
0.00224621
0.001359129
0.0007039097
0.0001139012
0.0001949856
0.0008252992
0.0007117782
0.0005454988
0.0007269196
0.0008226184
0.001531802
0.002022491
0.00201146
0.002086471
0.001977284
0.00191582
0.003999509
0.0045515
0.003823251
0.003425696
0.002337805
8.571556e-05
-0.0002181854
0.00062214
0.001085975
0.001908566
0.002354707
0.002732097
0.002251559
0.00186934
0.0009394603
-0.0009256446
-0.001085441
-0.001000148
-9.572769e-05
0.001217371
0.0004503601
0.0004154359
0.0003711537
-0.0007265996
-0.001280563
-0.001861116
-0.001911778
-0.00160523
-0.00129471
-0.001788382
-0.002514243
-0.002776535
-0.003697516
-0.004121125
-0.003921953
-0.004192691
-0.003435009
-0.002666058
-0.001935678
-0.0008587136
0.0006378689
0.001479447
0.001833025
0.002356204
0.002316738
0.002498752
0.002303712
0.001538406
0.001187483
0.0007786729
0.0002575017
-0.0002434609
-0.001214174
-0.002145882
-0.002825986
-0.003357186
-0.003977169
-0.004318345
-0.003548428
-0.003178408
-0.00317534
-0.002927702
-0.002650195
-0.002616134
-0.002856926
-0.002904631
-0.00266125
-0.002539396
-0.002515631
-0.002549403
-0.002550882
-0.002313481
-0.001839451
-0.001518449
-0.001080776
-0.0006222722
-0.0004667625
-0.0005974486
-0.0004865964
-0.0003495047
-0.0001862047
-5.169807e-05
9.44904e-05
0.0001479285
-0.000545833
-0.000910089
-0.0001920545
3.954192e-05
0.0001321801
0.0008385443
0.001507984
0.001859454
0.002247727
0.002372334
0.001541986
0.001116641
0.0008694948
0.0009466602
0.0009360883
0.000350896
-0.0002425266
-0.001025923
-0.002084384
-0.002961453
-0.003840729
-0.003721676
-0.003233095
-0.003138423
-0.002724626
-0.002198994
-0.001804878
-0.001467399
-0.001018716
-0.0005253564
-0.0008727635
-0.0009841026
-0.0002935311
0.0004757981
0.0009958631
0.0005210671
0.0002152132
-0.0003502335
-0.001776092
-0.002413728
-0.00262803
-0.002608408
-0.001906887
-0.001622536
-0.00100803
-0.0001677465
0.0007430384
0.0009017702
0.0003067285
0.0001947562
-0.0002261164
-0.001508942
-0.002045319
-0.001915289
-0.001425847
-0.0006104052
-0.0002332899
-0.0003843537
-0.0006326672
-0.0009455301
-0.001494047
-0.002364686
-0.001872993
-0.001102574
-0.0009878069
-0.0002889391
0.0005136509
0.001048794
0.001306819
0.001553553
0.00185766
0.001518242
0.001163288
0.001336375
0.001343848
0.001322451
0.001458426
0.00144021
0.0008616212
0.0004971693
0.0004964769
0.0004004762
0.0003811129
0.0003657055
0.0003708969
0.0005220228
0.0006327121
0.0007420131
0.000905129
0.001037296
0.001018139
0.000649273
0.0004447642
0.0002651694
-4.161432e-05
-0.0002862991
-0.0004392609
-0.0006328492
-0.000525625
0.0001109788
0.0004269287
0.0008616702
0.001536293
0.002080255
0.002684939
0.002896996
0.002948752
0.002853906
0.002745616
0.002578782
0.001985927
0.001647962
0.002233172
0.002593296
0.002403289
0.002150253
0.002035742
0.001425632
0.0009086664
0.0006504872
0.0002992104
-7.243008e-05
-0.0002103171
-0.0003748835
-0.0004783375
-0.0003173235
-0.0002856914
-0.0002471647
-5.227295e-05
8.482335e-05
-2.651783e-05
-0.0004616239
-0.0006817055
-0.0007373533
-0.0006792946
-0.000776221
-0.0008936257
-0.0009250711
-0.0009709646
-0.000881619
-0.0007916062
-0.0007237187
-0.0001883114
0.0004605513
0.001059225
0.001970254
0.002067184
0.001607585
0.00179256
0.001357178
0.0005220313
0.0007176782
0.0007947004
0.0005258039
0.0004334953
0.0002635113
3.273102e-05
-0.0004324961
-0.0008225311
-0.001206228
-0.001774226
-0.00213136
-0.001624223
-0.001390505
-0.001336329
-0.0009918076
-0.000726022
-0.0005482291
-0.0004466151
-0.0003190631
-0.0001745049
-7.177023e-07
0.0001402453
0.000150165
0.0002140268
0.0002444619
0.0001181679
6.078702e-05
-3.507625e-05
-0.0005202097
-0.000848988
-0.0007282558
-0.0007042776
-0.0007193354
-0.0002922056
-3.741658e-05
-1.582194e-05
0.0001759722
0.0003529991
0.0004096152
0.0001207822
-0.0001212283
-0.000245731
-0.0004698042
-0.0006629144
-0.0008331074
-0.0008318651
-0.0006684536
-0.0006645625
-0.0006057315
-0.0005257961
-0.000495999
-0.0004453548
-0.0003847251
-0.0002498654
-0.0001233549
-2.421608e-05
0.0001962996
0.0004607342
0.0005998398
0.0007344639
0.0009118072
0.001050659
0.001028797
0.0008869847
0.0008751879
0.0008139796
0.0007220569
0.0005899377
0.000368862
0.0002177824
3.231765e-06
-0.0004106529
-0.0003281776
-0.00010227
3.787877e-06
0.0004563131
0.0007692501
0.0008089372
0.0007257873
0.0007893009
0.0005389073
0.0002425209
9.388274e-05
-0.0001954656
-0.0005143547
-0.0007039707
-0.0005993352
-0.000540913
-0.0005703654
-0.0004772043
-0.0003722516
-0.0003729466
-0.0004199853
-0.000407306
-0.0004063309
-0.0003558934
-0.0003639271
-0.0005122978
-0.0005772189
-0.0005464382
-0.0004850066
-0.000489745
-0.0004889861
-0.0004668253
-0.0004300537
-0.0003765988
-0.0003435796
-0.000274272
-0.0001531146
-7.35806e-05
-0.000117423
-0.0002499253
-0.0003309504
-0.0004687984
-0.0005451689
-0.0006140168
-0.0006518425
-0.0006241201
-0.000597917
-0.0004914373
-0.0004228522
-0.0004099047
-0.0003788195
-0.0003845065
-0.0004593419
-0.0004749433
-0.000423627
-0.000399466
-0.000362836
-0.0002643713
-0.0002015138
-0.0001555124
-0.0002011085
-0.0002580889
-0.0002682748
-0.0002568425
-0.0001709316
2.320381e-06
1.014518e-05
-5.202111e-05
2.482948e-06
-5.617419e-05
-0.0001685691
-0.0001006781
-5.213819e-05
-2.750724e-05
1.311418e-06
-2.840569e-05
-2.373826e-05
-3.750844e-05
-0.0001037707
-0.0001525052
-0.0001940187
-0.0001552162
-0.000133912
-7.703556e-05
-1.624308e-05
3.356593e-06
-1.740663e-05
-3.140669e-05
-7.271768e-05
-0.0001970939
-0.0001836538
-0.0001215224
-0.0001000062
-5.597476e-05
3.649501e-06
1.585677e-05
3.993604e-05
7.184401e-05
9.129263e-05
0.0001220418
0.000149725
0.0001604556
0.0001507246
0.0001364979
9.03632e-05
2.571819e-05
-2.844399e-05
-7.855035e-05
-8.458611e-05
-7.654607e-05
-4.647177e-05
6.94529e-06
1.71433e-05
1.153403e-05
-9.141325e-06
-3.775056e-05
-2.963241e-05
-1.480064e-05
-1.777385e-05
1.013304e-06
1.731425e-05
2.984287e-05
5.23356e-05
6.25504e-05
6.178547e-05
5.6091e-05
5.46932e-05
4.169619e-05
2.560245e-05
1.729631e-05
1.683254e-05
1.306672e-05
5.145056e-06
1.731198e-06
-1.115551e-06
-7.690568e-06
-7.768274e-06
4.320924e-06
8.314982e-06
1.780928e-05
3.182348e-05
3.736095e-05
4.011782e-05
3.478326e-05
3.226022e-05
2.49209e-05
1.114066e-05
2.913383e-06
2.985997e-06
6.417578e-06
7.821405e-06
1.458399e-05
2.060677e-05
2.466264e-05
2.956683e-05
3.328212e-05
3.191399e-05
3.123639e-05
3.173816e-05
3.111614e-05
3.096231e-05
3.137075e-05
3.143192e-05
3.05799e-05
3.050705e-05
3.154976e-05
3.235135e-05
3.317166e-05
3.531003e-05
3.711971e-05
3.861149e-05
4.040761e-05
4.188931e-05
4.315401e-05
4.393543e-05
4.473251e-05
4.538372e-05
4.589748e-05
4.666532e-05
4.743505e-05
4.827465e-05
4.9446e-05
5.052592e-05
5.154851e-05
5.261946e-05
5.366141e-05
5.474421e-05
5.583999e-05
5.692436e-05
5.802487e-05
5.915512e-05
6.030522e-05
6.143493e-05
6.257112e-05
6.370103e-05
6.481486e-05
6.595503e-05
6.71051e-05
6.826057e-05
6.942902e-05
7.060715e-05
7.179728e-05
7.299887e-05
7.421184e-05
7.544127e-05
7.667772e-05
7.792084e-05
7.917475e-05
8.043707e-05
8.17085e-05
8.298967e-05
8.428036e-05
8.558076e-05
8.689072e-05
8.820898e-05
8.953765e-05
9.087744e-05
9.2227e-05
9.358625e-05
9.495532e-05
9.633404e-05
9.772208e-05
9.911937e-05
0.0001005259
0.0001019415
0.0001033661
0.0001047997
0.0001062421
0.0001076933
0.0001091531
0.0001106216
0.0001120985
0.0001135837
0.0001150772
0.0001165788
0.0001180884
0.0001196058
0.0001211309
0.0001226636
0.0001242037
