-0.005481642
-0.005552336
-0.005623473
-0.005695819
-0.005765853
-0.005830086
-0.005900929
-0.005966242
-0.006001328
-0.005969069
-0.005860517
-0.005760906
-0.005744237
-0.006253553
-0.008135486
-0.008605328
-0.008040548
-0.007913385
-0.007051385
-0.006385024
-0.005284041
-0.003898163
-0.00317174
-0.003522992
-0.003391957
-0.00351709
-0.004508058
-0.008890857
-0.01631935
-0.01950042
-0.01603316
-0.007711604
-0.003549042
-0.01538903
-0.01849169
-0.01035177
-0.006715184
-0.008057637
-0.01553801
-0.02099555
-0.0236108
-0.01012544
-0.001598339
0.001053882
0.003500262
-0.004509668
-0.01003382
-0.01265795
-0.01317721
-0.02012209
-0.02670822
-0.01949665
0.008605665
0.02791226
0.01885295
0.01124547
-0.008831754
-0.01633372
-0.01083273
-0.01743074
-0.01537679
-0.01055353
-0.006472754
-0.001475612
0.002386281
-0.002490914
-0.01276601
-0.02226704
-0.0216613
-0.01793148
-0.01007033
-0.003933309
0.0001749813
-0.006498561
-0.0140569
-0.02115686
-0.03188773
-0.03753605
-0.03606888
-0.03317592
-0.02244083
0.00465874
0.01717184
0.01944159
0.002908698
-0.009739061
0.004524976
0.01098188
0.01097378
0.01343583
-0.006602044
-0.02205985
-0.008247314
0.02184243
0.02687854
0.0002885085
-0.01386151
-0.02187718
-0.0289944
-0.002738961
0.02186511
0.0465404
0.08217528
0.1307721
0.1660618
0.1902277
0.2237878
0.2529946
0.2751551
0.2656158
0.2410811
0.2144226
0.1650501
0.1356002
0.1330482
0.1492326
0.1495403
0.1536948
0.1636904
0.1571684
0.1414086
0.1198871
0.08157064
0.0194826
-0.03799808
-0.04213815
-0.06487053
-0.09609936
-0.08641294
-0.08554827
-0.1006945
-0.1302821
-0.1649307
-0.1966568
-0.2006617
-0.2114383
-0.1924249
-0.1482947
-0.109825
-0.1036446
-0.09436275
-0.1062667
-0.124077
-0.155722
-0.2016987
-0.2085925
-0.2079298
-0.1916441
-0.1301635
-0.05802912
-0.06363003
-0.03026153
-0.02744535
-0.03783457
-0.02297603
-0.0067861
0.004099766
0.03499155
0.04549937
0.0168226
0.01289154
0.01264989
0.002704282
0.01650912
0.02804336
0.01879465
0.0007531562
-0.03958207
-0.07456854
-0.06939938
-0.05624137
-0.04973664
-0.04202875
-0.04393767
-0.0568139
-0.060044
-0.06605893
-0.06870268
-0.06750358
-0.06349108
-0.05614461
-0.03648426
-0.007993947
0.02845359
0.04500746
0.05093433
0.07374298
0.09477038
0.1291341
0.1781815
0.2327308
0.2650141
0.2625919
0.2591167
0.2268139
0.1046345
0.03806897
0.04957961
0.071349
0.08103477
0.08121416
0.08901275
0.07365207
0.04566365
0.02180105
-0.009013647
-0.04123762
-0.04498425
-0.03418274
-0.02073529
0.01157685
0.03800932
0.02730721
0.007268118
-0.02606053
-0.09804775
-0.1337506
-0.1291106
-0.1428985
-0.1491401
-0.1268201
-0.1002543
-0.06453447
-0.02211371
0.04632636
0.04381004
0.03231383
0.01958452
-0.04893218
-0.09490585
-0.1016298
-0.03747247
0.01318635
0.06019815
0.1090266
0.1104346
0.09195025
0.06897544
0.0357378
0.02270244
0.02426326
0.007897808
-0.01514934
-0.03867343
-0.07965875
-0.0924408
-0.08190875
-0.07659711
-0.06636349
-0.05882125
-0.05022252
-0.04296382
-0.03792307
-0.03613767
-0.02915509
0.002620572
0.01920671
0.02774289
0.02765881
-0.0003175062
-0.01999635
-0.05178856
-0.1199325
-0.1504512
-0.1488756
-0.1375211
-0.1166849
-0.06760334
0.01347255
0.08139405
0.1301624
0.1795027
0.2244634
0.1740751
0.1098701
0.03656828
-0.07901452
-0.08586711
-0.007473876
-0.01678061
-0.00752708
-0.02292237
-0.04474617
-0.05103726
-0.0654641
-0.05276425
-0.02533062
-0.007130239
0.03480771
0.09278863
0.1012341
0.1169653
0.1448955
0.1597476
0.1610579
0.1438414
0.1392897
0.1362463
0.1296886
0.1391165
0.1396308
0.1100802
0.03515527
-0.05961392
-0.1193655
-0.1258799
-0.1299532
-0.1291378
-0.1142475
-0.08296167
-0.05052667
-0.06453219
-0.07902382
-0.07327975
-0.07828997
-0.0768802
-0.0750319
-0.08604779
-0.09681295
-0.1307546
-0.1556257
-0.1547408
-0.1444395
-0.1167519
-0.0598886
-0.006214953
0.02076452
0.03219119
0.04829117
0.06640018
0.07558045
0.08093057
0.08135786
0.08273477
0.08684919
0.0913328
0.09412205
0.09663549
0.09510907
0.09244145
0.09074657
0.08489251
0.07913822
0.05503331
0.01934681
0.00446826
-0.01659979
-0.02193092
-0.006359827
0.009969539
0.02634316
0.03894019
0.05379185
0.05264956
0.03849239
0.02106547
-0.005043611
-0.006856512
-0.003388012
-0.01462298
-0.02674138
-0.03534734
-0.04880048
-0.06348139
-0.0661007
-0.06415869
-0.04641771
-0.02924159
-0.008912552
0.001711392
-0.01771671
-0.02592625
-0.04035664
-0.0592619
-0.06141684
-0.07009434
-0.08508797
-0.0950663
-0.1010728
-0.1055373
-0.08480982
-0.0533017
-0.02600739
-0.02682651
-0.03786985
-0.02737046
-0.0199556
-0.01934575
-0.02118146
-0.03214177
-0.03800494
-0.035275
-0.02653461
-0.02119047
-0.001703504
0.01312793
0.01627697
0.02423627
0.0168319
0.007121313
-0.00453241
-0.009190867
-0.001075006
0.01026879
0.02507812
0.04721308
0.06974247
0.09768235
0.1226203
0.1459607
0.1594315
0.1727467
0.1685071
0.1513542
0.1387959
0.1232469
0.09219513
0.04745706
0.01311379
-0.02104839
-0.02024299
-0.0242927
-0.04361781
-0.06171807
-0.07259663
-0.07898007
-0.08111074
-0.07866787
-0.07501628
-0.07338139
-0.07593368
-0.08034904
-0.08209608
-0.07858537
-0.06693915
-0.05029842
-0.01947979
0.006891879
0.0359463
0.06259127
0.05679004
0.05270696
0.05987562
0.05724045
0.05074848
0.03155162
-0.03965355
-0.09518892
-0.1034698
-0.1118468
-0.111765
-0.09835375
-0.08424278
-0.04454551
0.003847759
0.04146759
0.08619245
0.1239163
0.1428886
0.1564101
0.1608677
0.1593699
0.1425473
0.117859
0.09201035
0.0468765
0.007454363
0.007875185
0.003270874
0.0001888165
0.01488005
0.02605267
0.04119895
0.0625456
0.04877641
0.03303907
0.01125769
-0.02587321
-0.05502782
-0.04462613
-0.05050408
-0.06823254
-0.07619892
-0.07786829
-0.07844749
-0.08151461
-0.08224269
-0.08288094
-0.08279188
-0.07707446
-0.07288978
-0.06772124
-0.05877092
-0.05212131
-0.04258181
-0.02964281
-0.01979904
-0.01267046
-0.005995892
0.001961409
-0.003840888
-0.02241696
-0.02929668
-0.03960361
-0.04489752
-0.03661843
-0.03584885
-0.0296494
-0.01903857
-0.003202772
0.01262573
0.01417792
0.01593991
0.02264863
0.02458989
0.02799854
0.03456831
0.03919088
0.03561455
0.02472869
0.01963284
0.01046802
0.004570349
0.01662853
0.02309684
0.02220738
0.01958639
0.01933721
0.02034824
0.02784908
0.03525779
0.0524966
0.06461578
0.06537851
0.06285202
0.06356642
0.07177857
0.07955724
0.08446617
0.09183773
0.09312736
0.07837463
0.06878439
0.04252868
0.006841837
-0.008559631
-0.0294345
-0.0382558
-0.03934641
-0.04214604
-0.03401436
-0.0297364
-0.02491078
-0.02715973
-0.03632686
-0.04298461
-0.05431868
-0.06152775
-0.06534705
-0.06853154
-0.05971537
-0.05416624
-0.05088848
-0.05000686
-0.05213397
-0.05149483
-0.05042454
-0.03960691
-0.02875533
-0.007254711
0.01722172
0.01938604
0.02701217
0.0334569
0.03470674
0.03917265
0.04172104
0.03503851
0.02938566
0.02462862
0.003506766
-0.01065153
-0.01315714
-0.02458716
-0.03801515
-0.04654943
-0.05158928
-0.0572069
-0.04749218
-0.03598139
-0.02216884
-0.008079511
-0.006821376
-0.001337062
-0.007168599
-0.03162178
-0.05365964
-0.07424092
-0.07944878
-0.0846783
-0.08939097
-0.08233677
-0.06294022
-0.03275775
0.008177441
0.01818099
0.01598375
0.03921704
0.05346503
0.06505828
0.08029211
0.08393882
0.08936067
0.09499888
0.09462162
0.09209056
0.09283588
0.0933186
0.09279112
0.09101949
0.08758177
0.08214525
0.07190831
0.062584
0.04880125
0.03737635
0.02961137
0.01884088
0.008911189
0.000411186
-0.009055206
-0.01815735
-0.02603268
-0.03437442
-0.04296675
-0.05181645
-0.06116818
-0.07727779
-0.09605383
-0.106825
-0.1092151
-0.1107734
-0.09090583
-0.07226483
-0.03649851
0.003883803
-0.009614658
-0.01613764
-0.001729192
0.003843525
0.01263865
0.03873814
0.05417391
0.06308088
0.06910308
0.0575567
0.05471453
0.0557153
0.05572256
0.05466883
0.04933915
0.0350766
0.005409601
-0.01187218
-0.01146043
-0.02732734
-0.03750274
-0.04176948
-0.05083505
-0.05594659
-0.06037273
-0.07908858
-0.09309865
-0.08992365
-0.09083981
-0.07984243
-0.06719086
-0.05827385
-0.04837554
-0.04369105
-0.03777677
-0.03093005
-0.02574388
-0.01917136
-0.003507274
0.0131838
0.02747391
0.04711895
0.06548783
0.0820576
0.09524375
0.09631518
0.1014199
0.1008174
0.09187156
0.0888532
0.08317149
0.07866127
0.07910874
0.07659768
0.06400622
0.04081826
0.03720859
0.03755132
0.03624066
0.03267148
0.02433606
0.0184838
0.01330518
0.006378624
-0.001945506
-0.01260019
-0.02184359
-0.03218689
-0.04355309
-0.05350746
-0.06245305
-0.07198556
-0.07842058
-0.08255433
-0.08371162
-0.07068014
-0.05870128
-0.03950524
-0.02021344
-0.00614442
0.01000586
0.03088841
0.04557482
0.04301229
0.04751304
0.04428309
0.02978316
0.01392545
-0.01700627
-0.03366097
-0.03968843
-0.0499096
-0.05072302
-0.05419361
-0.05117812
-0.04095805
-0.02495109
-0.0002349663
0.013612
0.02862335
0.03237096
0.03094547
0.03614747
0.03675255
0.03675791
0.03757414
0.03408124
0.03152661
0.0261661
0.01587435
0.009057448
0.0003358401
-0.009530391
-0.01735566
-0.01510223
-0.009120609
-0.009197615
-0.01391626
-0.02249846
-0.0269508
-0.03185622
-0.03791976
-0.04265021
-0.04019163
-0.0368731
-0.03683122
-0.03577344
-0.03427678
-0.03291016
-0.02417789
-0.01066118
-0.004012589
0.00178938
0.007333437
2.978831e-05
-0.004418412
-0.006106702
-0.01162362
0.002554293
0.03470111
0.04578086
0.04834655
0.03754107
0.03484121
0.03222321
0.03370387
0.03711393
0.03733349
0.03349596
0.02618335
0.01524614
-0.01477781
-0.03008217
-0.03126266
-0.04278281
-0.04014453
-0.0369287
-0.03883599
-0.0368359
-0.03513508
-0.03455567
-0.03322348
-0.03198857
-0.03221626
-0.03455829
-0.03572192
-0.03722009
-0.04021115
-0.04256693
-0.04386559
-0.04388496
-0.04433849
-0.04072641
-0.03518342
-0.02619527
-0.008332
0.003349814
0.0130617
0.02470801
0.03120625
0.03862641
0.04664667
0.04707174
0.04006927
0.0347913
0.03075158
0.02453867
0.02240661
0.03002263
0.03375662
0.03913601
0.04836423
0.05707432
0.07396945
0.08475303
0.08174818
0.08585416
0.09073415
0.09142394
0.0936604
0.09142741
0.08540636
0.07938371
0.06275923
0.0480968
0.02856982
0.006318506
-0.005190261
-0.003953492
-0.0002193357
0.005496999
0.008046671
-0.003536007
-0.01184619
-0.02332302
-0.04840963
-0.06482881
-0.07059459
-0.08098588
-0.08521317
-0.08493208
-0.08914107
-0.09120498
-0.09221066
-0.09445338
-0.09364039
-0.08241186
-0.07487887
-0.0706449
-0.0635097
-0.06470977
-0.06794493
-0.06649132
-0.0602888
-0.05155581
-0.0386702
-0.01950896
-0.007854693
0.002078942
0.01642291
0.02962893
0.03530359
0.03309941
0.03683305
0.03948815
0.03987429
0.04167783
0.04488404
0.05153024
0.05741572
0.06475198
0.07260784
0.07971842
0.0791008
0.07054134
0.068531
0.05953285
0.04770805
0.03980419
0.03047988
0.02204321
0.01403855
0.00793747
0.006654523
0.003032516
-0.002810453
-0.00925258
-0.01449446
-0.01819792
-0.007118937
0.001613716
0.00986653
0.02415849
0.02548004
0.00898234
0.002058693
-0.01648112
-0.03545993
-0.03070796
-0.03378545
-0.02539427
-0.01066998
-0.002663728
0.007815563
0.01271817
0.01150409
0.008832531
0.008460669
0.006556602
0.004420186
0.004422789
0.003900393
0.002907057
0.004766394
0.01052965
0.01403221
0.01614246
0.00938971
0.004042477
0.001416518
-0.003852269
-0.008494536
-0.01268949
-0.01374283
-0.009991839
-0.009675619
-0.01474624
-0.02221064
-0.02586187
-0.027742
-0.03056246
-0.02275378
-0.00964648
-0.008636872
-0.008401117
-0.01658002
-0.02324055
-0.03115634
-0.03707793
-0.03833399
-0.04319016
-0.04733539
-0.0503033
-0.05409984
-0.05777601
-0.05605731
-0.04526384
-0.03900985
-0.0304198
-0.02095076
-0.02598447
-0.03224818
-0.03073385
-0.02110727
-0.01377412
0.001748652
0.02590812
0.03232822
0.03949304
0.05160734
0.04165982
0.02913932
0.02694587
0.0206948
0.01359611
0.0187684
0.02716549
0.02751197
0.02985954
0.03359971
0.03385604
0.03347102
0.03389385
0.03650807
0.04851611
0.05557833
0.05834301
0.06211667
0.05457119
0.04994903
0.04799245
0.04311237
0.03891216
0.03609897
0.03220605
0.01918462
0.0006873294
-0.009625785
-0.01761577
-0.02811864
-0.03162676
-0.03528651
-0.04133088
-0.04588931
-0.05261799
-0.05928908
-0.06258536
-0.06314516
-0.06561855
-0.06368833
-0.06035719
-0.05932744
-0.05604472
-0.04514248
-0.03618727
-0.03070918
-0.03464891
-0.03678769
-0.03532245
-0.0262381
-0.01258351
-0.004347061
0.007452727
0.0207841
0.03043393
0.03635175
0.04049812
0.03518266
0.03251952
0.03189276
0.03175281
0.03224994
0.03156116
0.02779141
0.02426827
0.02247414
0.02618763
0.03093168
0.03298608
0.03616326
0.03327656
0.02879679
0.0274767
0.02431823
0.02348437
0.02598895
0.025805
0.01699624
-3.096919e-05
-0.006175499
-0.008688984
-0.01658564
-0.02324798
-0.03182979
-0.04065268
-0.04495206
-0.04803293
-0.04257385
-0.0304519
-0.01813996
-0.006851023
-0.0027267
-0.0005391307
-0.008114513
-0.01368777
-0.01947522
-0.02902435
-0.02818309
-0.01644399
-0.009775532
0.01130519
0.01848844
0.003896601
0.005425436
0.004674664
0.004215507
0.01327286
0.01669821
0.0235661
0.03769781
0.04389064
0.043155
0.04794457
0.05195014
0.05166178
0.04858466
0.04756666
0.04620408
0.04334287
0.04108493
0.03885653
0.03457736
0.02978341
0.02599695
0.02156295
0.01618508
0.01106811
0.005265771
-0.006991111
-0.01798691
-0.02470782
-0.02705409
-0.03145758
-0.03438489
-0.03508521
-0.03754221
-0.04348229
-0.0514482
-0.05525978
-0.04563784
-0.03711559
-0.03270518
-0.02230621
-0.01570164
-0.01593496
-0.01482047
-0.01874598
-0.02250896
-0.02976656
-0.03719488
-0.03842155
-0.03909689
-0.04240672
-0.04403152
-0.045422
-0.04715743
-0.04504628
-0.04158102
-0.03763787
-0.02277798
-0.01594689
-0.01516953
-0.008966614
-0.01157472
-0.0137907
-0.01375686
-0.01838437
-0.02099628
-0.01153752
-0.001559911
0.004304066
0.01525797
0.02576568
0.03068345
0.03250183
0.03762337
0.03721358
0.03435527
0.03472897
0.03570034
0.03968674
0.04249509
0.04763405
0.05839544
0.06357676
0.06369602
0.06793224
0.07157876
0.07060704
0.06747388
0.06631217
0.05896845
0.05205311
0.04869936
0.04454538
0.03936288
0.03453715
0.02730253
0.01032989
-0.003870249
-0.01228526
-0.01691074
-0.02441258
-0.03157087
-0.0375288
-0.04420445
-0.05082065
-0.05814643
-0.06899709
-0.07987225
-0.09184388
-0.1013987
-0.1043246
-0.1057829
-0.09700541
-0.08745496
-0.05760687
-0.03436034
-0.03138464
-0.01791156
-0.01660766
-0.02284993
-0.02067842
-0.02209727
-0.0249471
-0.02497536
-0.01794286
-0.01139925
-0.003904847
0.03310468
0.06854418
0.08329769
0.09975373
0.1142917
0.1179159
0.1259917
0.1171857
0.1036523
0.09947247
0.09524042
0.0898419
0.08470567
0.07716555
0.06549116
0.05624166
0.04029229
0.01913886
0.00388289
-0.007961284
-0.02206575
-0.0368084
-0.0530323
-0.06794265
-0.0734151
-0.08092279
-0.08286347
-0.07681087
-0.07696361
-0.07823802
-0.08034008
-0.08148246
-0.08306307
-0.08471937
-0.08179988
-0.0773441
-0.07463928
-0.0606714
-0.04260434
-0.03087726
-0.01675213
-0.001598735
0.008798633
0.01319685
0.0211177
0.02897803
0.03523919
0.04231165
0.04984579
0.05825748
0.06636704
0.07432416
0.08023309
0.06705122
0.05777408
0.061096
0.05551316
0.04691499
0.0360213
0.0244549
-0.0002685209
-0.02345483
-0.03688382
-0.04878116
-0.06434135
-0.07063957
-0.07608196
-0.08146771
-0.08385021
-0.08751552
-0.08357628
-0.07437969
-0.06750554
-0.05504939
-0.03925933
-0.02211481
-0.007154615
0.007421733
0.01268027
0.01356579
0.02023738
0.02446149
0.02812169
0.03287667
0.03716622
0.04096621
0.04447937
0.0483115
0.05202645
0.05631713
0.06610167
0.07567294
0.08495177
0.09803712
0.1045595
0.1043479
0.1095507
0.1119179
0.1056251
0.1015066
0.08854544
0.07319401
0.06695081
0.06246435
0.06254437
0.05888478
0.0499737
0.04053314
0.0204587
0.003122015
-0.006618482
-0.02055951
-0.03323361
-0.04273542
-0.04283348
-0.04461572
-0.04907354
-0.05017097
-0.05166068
-0.05358538
-0.05220327
-0.05143101
-0.05268884
-0.05742924
-0.06106307
-0.06633632
-0.07584821
-0.08074953
-0.08190326
-0.08617013
-0.08846692
-0.07924831
-0.06602897
-0.04814048
-0.02017541
0.005978998
0.007120585
0.01260038
0.01316354
0.006541052
0.001993667
-0.0004853421
-0.002771985
-0.002010258
-0.002608106
-0.003278484
-0.004789545
-0.01084806
-0.01527892
-0.01770591
-0.01967315
-0.02229812
-0.0223118
-0.02122987
-0.02305225
-0.02963673
-0.03503953
-0.04216426
-0.0500183
-0.05672277
-0.0606039
-0.0604671
-0.05593564
-0.04874979
-0.04324028
-0.03377661
-0.02786108
-0.02882334
-0.02506433
-0.0206747
-0.01370484
-0.006796097
0.0001578565
0.007953495
0.01253651
0.01220247
0.01465494
0.01773784
0.0209961
0.0242825
0.02735495
0.02972071
0.02886425
0.02769744
0.02826329
0.03209495
0.03709458
0.04659215
0.05806633
0.06671249
0.07198523
0.07311661
0.07557681
0.0686664
0.06261054
0.04896956
0.02948778
0.03069948
0.02722005
0.02777396
0.03210751
0.03195547
0.03383963
0.03558098
0.03084786
0.02799361
0.02782168
0.02952384
0.03687618
0.04067593
0.04454393
0.04612043
0.03658665
0.02926635
0.01892279
0.008677836
0.003748989
-0.003634973
-0.01240919
-0.02119893
-0.02974329
-0.03774188
-0.04474369
-0.04973888
-0.05023716
-0.05282758
-0.05361066
-0.04527367
-0.03802115
-0.02588242
-0.01841588
-0.01999892
-0.01507856
-0.01108195
-0.00985177
-0.007026911
-0.004278859
-0.002111373
-0.0001358736
-0.003370126
-0.007658404
-0.01364499
-0.02281207
-0.02220467
-0.0235285
-0.02738418
-0.02543501
-0.02405901
-0.02384663
-0.02158168
-0.02116216
-0.0226468
-0.02256839
-0.02257683
-0.02286037
-0.02300231
-0.02334751
-0.0254772
-0.0275269
-0.0289507
-0.0312462
-0.03434775
-0.0369804
-0.03987268
-0.04316995
-0.04482517
-0.037076
-0.02993537
-0.01606378
-0.0009780409
0.01148424
0.02615797
0.04144786
0.05710899
0.07248303
0.07991441
0.07971237
0.0864775
0.09118739
0.09322902
0.09627663
0.09958293
0.1023833
0.1007793
0.0933388
0.08925207
0.06827472
0.03554583
0.02260528
0.009842993
-0.007233155
-0.009759792
-0.01566941
-0.02442927
-0.03107088
-0.04073242
-0.049554
-0.05535469
-0.0585563
-0.06147199
-0.06161049
-0.06305318
-0.06439465
-0.0650798
-0.06612683
-0.06716992
-0.06740737
-0.06503377
-0.06342784
-0.0623481
-0.06009345
-0.05439857
-0.04827772
-0.0353969
-0.006814918
0.009885996
0.01543239
0.02949186
0.04161157
0.04907588
0.05292556
0.05662572
0.06032235
0.05681474
0.05498296
0.05439617
0.04834429
0.04222524
0.03797696
0.03230727
0.02897554
0.02756844
0.02423448
0.01716247
0.004839912
-0.004076726
-0.01374571
-0.02396134
-0.02220414
-0.01644318
-0.01720625
-0.01463631
-0.01223849
-0.02113446
-0.02911225
-0.03388454
-0.04618084
-0.05736044
-0.05506134
-0.0566753
-0.06131466
-0.05937193
-0.05575832
-0.05515578
-0.04996376
-0.0400879
-0.03378418
-0.02333202
0.001768269
0.02217526
0.03386887
0.04340638
0.04973121
0.05108654
0.05370036
0.04691208
0.04146918
0.03867208
0.03372342
0.02963707
0.03301162
0.03825144
0.03898647
0.03948911
0.03374275
0.02932224
0.02575787
0.02084734
0.01864637
0.01638627
0.01442722
0.01398599
0.0207991
0.0282517
0.03905471
0.04633466
0.04417853
0.04395332
0.03852509
0.02697308
0.01259049
-0.004061578
-0.02410558
-0.03609802
-0.04505722
-0.05488635
-0.05967983
-0.06253238
-0.0644661
-0.06245632
-0.05759977
-0.05130465
-0.04421536
-0.0393135
-0.03507512
-0.03532733
-0.03476356
-0.03303784
-0.03008933
-0.02216034
-0.01475067
-0.003383948
0.005853284
0.006932649
0.0112171
0.01577971
0.01617577
0.01823824
0.02058724
0.02136633
0.02242212
0.02384321
0.0249151
0.02753225
0.03217471
0.03555772
0.0402767
0.04532703
0.04799875
0.04933322
0.04628148
0.03488252
0.02247842
-0.005573014
-0.0199289
-0.01838516
-0.02790564
-0.03058514
-0.03050427
-0.0272421
-0.02238099
-0.01875449
-0.01454665
-0.01410391
-0.01377884
-0.01195242
-0.01155683
-0.01119466
-0.00985117
-0.005163529
-0.001218143
0.001502202
0.004548374
0.001275362
-0.002156096
-0.004901363
-0.01067406
-0.01449695
-0.01755084
-0.02159495
-0.01924364
-0.01291172
-0.00985085
-0.003023781
0.004217319
0.0123227
0.01870382
0.0209617
0.02552871
0.03017209
0.03214268
0.02884095
0.02726548
0.02698553
0.02557837
0.02431719
0.02396608
0.02465135
0.02473178
0.02489198
0.02629605
0.02789893
0.02896111
0.03033835
0.02999848
0.02637721
0.02449218
0.02257937
0.01881453
0.01546776
0.01439995
0.01357431
0.01176209
0.01057008
0.009477161
0.008150316
0.006175447
-0.001072068
-0.007509948
-0.01487087
-0.02436367
-0.02668779
-0.027301
-0.03156647
-0.02996901
-0.02409859
-0.02251675
-0.01982718
-0.01632423
-0.01517241
-0.01382776
-0.01531339
-0.01868151
-0.02118396
-0.02664002
-0.03140958
-0.03593276
-0.04146791
-0.0444224
-0.04354085
-0.04488298
-0.04619636
-0.04670109
-0.04886001
-0.05072528
-0.05024599
-0.04275283
-0.03731473
-0.02769439
-0.01039508
-0.0001289662
0.009702448
0.021573
0.02737982
0.03395269
0.03982117
0.04407309
0.04806658
0.05084471
0.05432263
0.05767225
0.05424352
0.04466228
0.03695079
0.0228092
0.01714437
0.01666274
0.01314836
0.01411971
0.01404283
0.01011539
0.003866336
-9.110968e-05
-0.00518354
-0.007296404
-0.006698159
-0.00872513
-0.009876593
-0.01203858
-0.01644478
-0.02006982
-0.02991141
-0.0376271
-0.04065736
-0.04700941
-0.04916192
-0.04485467
-0.04482725
-0.04294128
-0.03857843
-0.03612067
-0.03136164
-0.02276227
-0.01634833
-0.01017292
-0.004738453
0.00048115
0.005609651
0.01027054
0.01442558
0.01321558
0.01295091
0.01421446
0.0159844
0.02189494
0.02651507
0.03412197
0.03971662
0.03822988
0.03912128
0.03665844
0.03368599
0.0318665
0.0290437
0.02572758
0.021172
0.01702428
0.01282435
0.006120301
-0.000391543
-0.006206129
-0.01531376
-0.02601351
-0.02966711
-0.0292369
-0.033662
-0.03583438
-0.03189453
-0.02831789
-0.02355424
-0.0130316
-0.005219357
0.002418694
0.007208737
0.00981641
0.01476446
0.01720973
0.01713932
0.01902138
0.0203146
0.01585501
0.008550784
0.005195035
0.0007089467
-0.004067566
-0.002165368
-0.001528254
-0.002668242
-0.001846627
-0.001558898
-0.003545191
-0.005465882
-0.006610063
-0.005247771
-0.0008422969
0.0009907415
0.003513784
0.003376281
-0.001887263
-0.003880631
-0.00601072
-0.00946977
-0.01224982
-0.01478591
-0.01727625
-0.01983069
-0.0223557
-0.02386981
-0.01854449
-0.01454942
-0.01052197
-0.002486066
0.003217906
0.006734035
0.01119685
0.01597996
0.02007861
0.0209423
0.01746455
0.01697173
0.01602235
0.01339375
0.0111862
0.009269882
0.007023651
0.004952699
0.003408415
0.001675684
-0.000138583
-0.00179795
-0.002410794
0.001176062
0.003572529
0.004814793
0.005344286
0.005951738
0.006727089
0.004876913
0.00224694
0.0005975242
-0.006859994
-0.01589558
-0.01752183
-0.0208784
-0.02548714
-0.02190471
-0.01886108
-0.0183067
-0.01542535
-0.01278835
-0.009266561
0.0002140152
0.007544163
0.01024211
0.01537758
0.02075096
0.02287822
0.02586436
0.02939816
0.03073412
0.03155343
0.03053036
0.02794584
0.02686447
0.02538896
0.02355056
0.02200342
0.02036552
0.01824025
0.01617928
0.01426144
0.01220457
0.01054674
0.01204589
0.0134062
0.01365593
0.01486271
0.01508447
0.0113999
0.008932078
0.007071572
0.00118427
-0.006233514
-0.01144601
-0.01765094
-0.02426638
-0.03003416
-0.03355701
-0.03761129
-0.04213677
-0.04353935
-0.04354146
-0.04538361
-0.04592817
-0.04246403
-0.04012971
-0.03866587
-0.03587769
-0.03245843
-0.0294246
-0.02653682
-0.0236892
-0.02081619
-0.01790941
-0.01501488
-0.01212982
-0.009110868
-0.005970463
-0.003103973
-0.001520054
0.0001443942
0.002251905
0.003966716
0.007342041
0.01495155
0.02084603
0.02668536
0.0354403
0.04328809
0.04930753
0.05083977
0.05366706
0.05745424
0.05976386
0.05835429
0.05322925
0.05143861
0.04866779
0.04124952
0.03107385
0.02529697
0.02176707
0.01611454
0.01094096
0.007869509
0.004289763
0.0002745826
-0.0007838967
0.001223196
0.0009222676
0.0009971173
0.0007051879
-0.0009111368
-0.001614356
-0.002508586
-0.003705983
-0.004689304
-0.007456235
-0.01338569
-0.01737305
-0.01889995
-0.02097513
-0.02372813
-0.02363215
-0.02087952
-0.02020477
-0.01915094
-0.01819642
-0.01825917
-0.01767933
-0.01702197
-0.01626662
-0.01553258
-0.01504917
-0.01539256
-0.01549565
-0.01539518
-0.01511315
-0.01460407
-0.01430243
-0.01399095
-0.01458238
-0.01558129
-0.01601973
-0.01548087
-0.01024301
-0.006384275
-0.00456745
-0.001509668
-0.0009154568
-0.001257034
-0.0002037813
0.0003323397
0.002127617
0.003958245
0.005266229
0.006792749
0.005503908
0.00306142
0.002281579
0.0006955469
-0.001439034
-0.003441249
-0.005347822
-0.007287284
-0.008191168
-0.008684824
-0.009781471
-0.01040145
-0.009455405
-0.008704751
-0.008426571
-0.007684604
-0.006171845
-0.003712487
-0.001673258
0.001394214
0.004469074
0.007193241
0.009840895
0.007522744
0.003295025
0.001828194
-0.00238845
-0.00757923
-0.009285648
-0.008923426
-0.008605326
-0.005067896
-0.001473557
0.002806433
0.00326974
0.003199441
0.005364189
0.009460584
0.01329962
0.01645091
0.01824171
0.01467189
0.01303286
0.01215439
0.009820433
0.008238564
0.006727658
0.004936135
0.003317696
0.002225645
0.00537892
0.008458835
0.011278
0.01621268
0.01813561
0.01638319
0.01701982
0.01755988
0.01751351
0.01792517
0.01821606
0.01847878
0.01881254
0.01600352
0.01016073
0.006966211
0.002562932
-0.002516775
-0.006704433
-0.009522793
-0.01219934
-0.01547162
-0.01823832
-0.01995471
-0.02144648
-0.02343786
-0.0251372
-0.02636942
-0.02238527
-0.01637383
-0.01338619
-0.009156875
-0.007943891
-0.008754658
-0.007306305
-0.006791421
-0.006739878
-0.006157196
-0.005534462
-0.004857189
-0.004227224
-0.003576691
-0.002899218
0.0001039193
0.005392473
0.008482275
0.0103201
0.01207032
0.01438755
0.016268
0.01753148
0.01843003
0.01973598
0.02089426
0.02177401
0.01875056
0.01314068
0.01006793
0.002172471
-0.007778596
-0.01201395
-0.0123087
-0.01582932
-0.01744543
-0.0159844
-0.01651688
-0.01682343
-0.01642153
-0.01645425
-0.01607866
-0.01185649
-0.007161177
-0.004304915
-0.0007266349
0.003135248
0.006651092
0.0102307
0.01039366
0.005986586
0.004744431
0.003030116
5.732873e-05
-0.001210121
-0.001283472
-0.002431734
-0.003307776
-0.003435058
-0.003254724
-0.003418612
-0.003470922
-0.003415143
-0.003441572
-0.003483001
-0.003619964
-0.003739134
-0.003831849
-0.003970261
-0.00443601
-0.005108413
-0.005549467
-0.006076927
-0.005752355
0.001007613
0.006510163
0.009188935
0.01283947
0.01707539
0.01908435
0.01729528
0.0171981
0.01745585
0.01657655
0.01604548
0.01512756
0.01403358
0.01319775
0.01222394
0.01118499
0.009317975
0.006858682
0.005021386
0.00244782
-0.003832024
-0.009272432
-0.01326577
-0.01482788
-0.01686376
-0.01903805
-0.01594095
-0.01383596
-0.01312312
-0.0106071
-0.007272697
-0.004203728
0.002487819
0.008174291
0.008892977
0.01191474
0.008918213
0.002122788
-0.002481128
-0.009529414
-0.01628444
-0.0205282
-0.01705115
-0.01580142
-0.0161482
-0.01412704
-0.01324894
-0.01286077
-0.01179938
-0.01102366
-0.01033073
-0.009322778
-0.008134447
-0.007120684
-0.00605795
-0.004941556
-0.003740946
0.0004192171
0.00647744
0.009988297
0.01317099
0.0173005
0.02089881
0.02288122
0.02510645
0.02778199
0.02882928
0.02541336
0.02346535
0.02315993
0.02178104
0.02030462
0.02000582
0.02026169
0.01983758
0.01966639
0.01660261
0.009412943
0.004702744
-0.001239297
-0.007970895
-0.01163891
-0.01335275
-0.01692748
-0.01758368
-0.01778976
-0.01926329
-0.01995274
-0.02058391
-0.02148583
-0.02186188
-0.01841715
-0.01444956
-0.01213079
-0.008298006
-0.004409739
-0.001711837
-0.003508217
-0.004376531
-0.004018229
-0.005105764
-0.005644104
-0.005364279
-0.005614802
-0.005819038
-0.005825128
-0.005945237
-0.006071243
-0.006170844
-0.006284285
-0.006397199
-0.00590577
-0.004635137
-0.003909316
-0.003099509
-0.002074365
-0.001184298
-0.0002867578
0.0006492714
0.001559693
0.002473203
0.003658976
0.005185506
0.006471803
0.007796018
0.009215177
0.0105944
0.01211627
0.01364834
0.01498916
0.01586516
0.01688799
0.01772078
0.0156308
0.01316332
0.01126689
0.006733491
0.00286338
0.0005350228
-0.00181247
-0.004719172
-0.007104563
-0.006397614
-0.003879624
-0.003451308
-0.002026055
0.0001716369
0.001721384
0.003338763
0.004616138
0.005786396
0.007158911
0.008404425
0.009632804
0.01078208
0.01158943
0.01252238
0.01350187
0.01438074
0.01494516
0.01418333
0.01379011
0.01367554
0.01302042
0.01153208
0.01029444
0.00920936
0.007593093
0.006047615
0.004642893
0.003238317
0.002736893
0.002092013
0.001181204
0.0005506765
-0.0006828332
-0.003388974
-0.005482492
-0.007415271
-0.009209761
-0.009418853
-0.01015447
-0.01113565
-0.01147503
-0.0101254
-0.00856687
-0.007755941
-0.006431317
-0.005049034
-0.004088135
-0.005423476
-0.007107818
-0.007744023
-0.009070011
-0.01048377
-0.01164848
-0.01292812
-0.01322956
-0.01099817
-0.00978346
-0.008867198
-0.007317272
-0.007587936
-0.008525588
-0.008443133
-0.008778881
-0.008488495
-0.007848097
-0.007648637
-0.007367104
-0.01005304
-0.01478514
-0.01733035
-0.02068805
-0.02150964
-0.01638697
-0.01429327
-0.01238115
-0.008716165
-0.005547967
-0.002567807
6.414319e-05
-0.00162043
-0.002509982
-0.002191376
-0.003217394
-0.004088145
-0.004944384
-0.005958834
-0.006869059
-0.00781601
-0.008756295
-0.009619217
-0.01051754
-0.01142087
-0.01230403
-0.01288497
-0.01316454
-0.0137136
-0.01387172
-0.01140948
-0.009105387
-0.007695206
-0.005484626
-0.003040901
-0.0006318621
0.00171806
0.004129169
0.006606101
0.009134273
0.01161972
0.01411255
0.01606302
0.0140732
0.01284816
0.01264068
0.01055681
0.008589888
0.007171179
0.005347928
0.004320128
0.00883913
0.01222799
0.01411218
0.01767005
0.02093453
0.02226429
0.01773709
0.01491658
0.01332073
0.01052307
0.008572586
0.006619394
0.007771688
0.01120133
0.01227125
0.01419623
0.01669288
0.01863848
0.02069695
0.02219493
0.0231774
0.02456704
0.0238108
0.02165866
0.02098416
0.01967067
0.01804431
0.01694655
0.0181165
0.02012276
0.02083161
0.02208945
0.02352827
0.02471734
0.02397613
0.02064285
0.01909353
0.01728125
0.01418376
0.01096334
0.008217066
0.00528979
0.00343676
0.002113411
9.993281e-05
-0.001661398
-0.00337955
-0.005199823
-0.00696137
-0.008578177
-0.01018748
-0.01185448
-0.01340342
-0.01315049
-0.01176001
-0.01163553
-0.01102319
-0.01145924
-0.01394592
-0.01513101
-0.01644989
-0.01825894
-0.01976153
-0.02129048
-0.02235928
-0.02129644
-0.02084041
-0.02082032
-0.02007969
-0.01875705
-0.01743239
-0.01633093
-0.01520703
-0.01448578
-0.01365907
-0.01306001
-0.01335919
-0.01331771
-0.01316255
-0.0128971
-0.01114371
-0.009631726
-0.007510136
-0.005127569
-0.003880658
-0.007876551
-0.01078164
-0.0117036
-0.01286805
-0.01388125
-0.01175222
-0.01006745
-0.009277517
-0.007593878
-0.006215013
-0.004995919
-0.00357873
-0.002243842
-0.0009301772
0.000421841
0.00157946
0.0003356099
-0.00179029
-0.002556444
-0.003825596
-0.004862084
-0.005762665
-0.006832165
-0.007797798
-0.008738701
-0.009603215
-0.0101925
-0.00871035
-0.0072782
-0.006596917
-0.005435754
-0.005837001
-0.006644794
-0.006644368
-0.006942686
-0.005673208
-0.003972236
-0.003101196
-0.00175062
-0.0003895936
0.0004598515
0.001483783
0.002584583
0.003330385
0.00371896
0.004336741
0.004938692
0.005272783
0.00406264
0.002616692
0.001876627
0.0006398471
-0.0009838266
-0.002488813
-0.003921089
-0.00434187
-0.001936533
-0.000626748
0.0004140151
0.002327777
0.003914897
0.004363193
0.003078372
0.002733864
0.002413867
0.001576733
0.001105431
0.001985881
0.002976046
0.003409913
0.004239085
0.005100365
0.004880908
0.003494331
0.002970973
0.002221075
0.001047848
0.0001457252
-0.0007828223
-0.001709307
-0.0006145785
0.001734882
0.002675242
0.002936262
0.001927418
0.001704367
0.002114352
0.004894889
0.007086925
0.008723828
0.01125824
0.0136999
0.01591552
0.01805028
0.01954219
0.02124248
0.02270978
0.0235453
0.02474203
0.02503557
0.02360467
0.02309504
0.02261289
0.02117507
0.01949156
0.01825043
0.01680576
0.01527243
0.01376646
0.01223039
0.01070885
0.009312459
0.008140089
0.006849863
0.005554977
0.004266314
0.002531601
0.0008747309
-0.0006564516
-0.002458502
-0.005334914
-0.008141374
-0.01039206
-0.01111174
-0.01153523
-0.01243035
-0.01053332
-0.008646098
-0.007760979
-0.005607049
-0.002613427
-0.0003032188
0.001924349
0.002952945
0.004112246
0.005558756
0.004964394
0.003816278
0.003691737
0.003031886
0.002252549
0.001711099
0.001067748
0.0003246236
-0.001082416
-0.002483609
-0.003634225
-0.005015105
-0.006547301
-0.007989089
-0.00942373
-0.01088249
-0.01216602
-0.01347628
-0.01483697
-0.01614451
-0.01714788
-0.01737696
-0.0179102
-0.01853907
-0.01886856
-0.01837942
-0.01758561
-0.01726007
-0.01669337
-0.01604457
-0.01533004
-0.01281257
-0.01002055
-0.008045105
-0.004511281
0.000427221
0.004040961
0.006480923
0.009571021
0.01255698
0.01347368
0.01485231
0.01672876
0.0164378
0.01472444
0.0145169
0.01380055
0.01253268
0.01038816
0.008399855
0.006686573
0.004543739
0.002026173
-0.0002990745
-0.002593282
-0.004885389
-0.006286694
-0.007841762
-0.009647646
-0.0103162
-0.009496459
-0.009552028
-0.009587177
-0.00911127
-0.008645114
-0.008271394
-0.007848248
-0.00740529
-0.007030768
-0.006736955
-0.006394002
-0.00580297
-0.00187687
0.003179903
0.00334253
0.002548671
0.004192305
0.004572105
0.004612786
0.005198677
0.005600473
0.006145557
0.006748928
0.007258152
0.007821161
0.008390562
0.008937972
0.009003419
0.007169069
0.005878601
0.004977
0.003553105
0.003690179
0.004833032
0.004869904
0.005322826
0.006027178
0.006475523
0.00643826
0.004297635
0.002729103
0.001611794
-0.0001546504
-0.001141026
0.0004099822
0.001148279
0.001423501
0.002322025
0.001908081
0.001417887
0.001454894
0.001139014
0.001468854
0.002331729
0.002667915
0.003347173
0.005480346
0.007441251
0.007938616
0.00753269
0.008014762
0.008250223
0.00820958
0.008632199
0.009117407
0.00941051
0.009815104
0.01089622
0.0125788
0.01369817
0.01498782
0.01621743
0.01512067
0.01372337
0.01334558
0.01229282
0.01100708
0.009349512
0.007752639
0.006272297
0.004623031
0.002457717
-2.225337e-05
-0.002145994
-0.004412312
-0.006758073
-0.008883851
-0.01094695
-0.01311943
-0.01518687
-0.01597518
-0.01598089
-0.01687171
-0.01741333
-0.01644724
-0.01337996
-0.01148809
-0.009723772
-0.007445142
-0.005350987
-0.003501876
-0.004083923
-0.0056262
-0.0057497
-0.006260339
-0.006219466
-0.006162554
-0.006318604
-0.006273618
-0.00624963
-0.00627737
-0.006470576
-0.008660497
-0.01115585
-0.01270408
-0.0139256
-0.01463402
-0.01577944
-0.01677456
-0.01737936
-0.01715177
-0.01717681
-0.01737137
-0.01729675
-0.01728845
-0.01732407
-0.0170188
-0.01465426
-0.01270026
-0.0113078
-0.00926931
-0.007346117
-0.006289428
-0.006966107
-0.006930886
-0.0066951
-0.006163067
-0.004376624
-0.003280856
-0.002161984
-0.0007108002
0.0004211353
-0.0004457135
-0.001995536
-0.002445018
-0.003463641
-0.004661871
-0.004865954
-0.003862467
-0.003580136
-0.003275759
-0.002606185
-0.002094129
-0.001601221
-0.001048498
-0.0005240888
-1.88971e-06
0.0005298292
0.0008862399
0.0009415357
0.001159035
0.001381639
0.001826927
0.004490356
0.006733383
0.008304875
0.01009719
0.01178951
0.01350428
0.01519403
0.01576283
0.01357467
0.01249069
0.01173508
0.01021146
0.009422459
0.008711415
0.007694692
0.006930673
0.006753762
0.00659946
0.006218194
0.006251085
0.008004446
0.009369786
0.01029367
0.01175281
0.01290698
0.01122254
0.008618278
0.007544359
0.005673957
0.004181189
0.003859304
0.002839737
0.001871164
0.001324659
0.001137518
0.0008038731
0.000412697
0.0001506843
-0.0001482945
-0.0005412339
-0.001444083
-0.00225102
-0.002914729
-0.00373962
-0.003847689
-0.003023545
-0.002854174
-0.002583031
-0.001938435
-0.001292835
-0.0007453967
-0.0001392447
0.0003524768
-0.0004560506
-0.001446303
-0.001827498
-0.002312552
-0.002801324
-0.003279172
-0.0035457
-0.002234396
-0.0009875376
-0.0003008351
0.0003689997
-0.0009059826
-0.001757873
-0.002059968
-0.002220646
-0.002148889
-0.002297127
-0.002043514
0.001112143
0.00463098
0.006896055
0.01004823
0.01327798
0.01620138
0.01647407
0.01401534
0.01399999
0.0138135
0.01324163
0.01287514
0.0125438
0.01218096
0.01165891
0.01045178
0.009436539
0.008564579
0.007482788
0.006443
0.005377566
0.004287807
0.003225047
0.001958883
0.0004420482
-0.0008962042
-0.002312706
-0.00414816
-0.005873173
-0.00750403
-0.009073652
-0.00933481
-0.00982318
-0.01068373
-0.01076434
-0.009469828
-0.008677471
-0.008053181
-0.00646932
-0.00492816
-0.003689026
-0.002386663
-0.002275184
-0.001998514
-0.00135559
-0.00112559
-0.001367015
-0.001717774
-0.001837929
-0.003026833
-0.005464517
-0.006997852
-0.008483086
-0.009808755
-0.01112249
-0.01241672
-0.01134828
-0.008837442
-0.00795547
-0.006492544
-0.005036942
-0.003888084
-0.002529776
-0.001231371
1.696976e-05
-7.338772e-05
-0.001526217
-0.001764873
-0.002350143
-0.003205743
-0.002927069
-0.002575694
-0.002666851
-0.002452884
-0.001471155
0.0003855737
0.001616057
0.003270094
0.005981927
0.008221168
0.01027839
0.01035688
0.00887964
0.008978928
0.008449902
0.007290109
0.006571703
0.005810591
0.005222657
0.006888172
0.008124323
0.008743033
0.01001961
0.01030108
0.00987722
0.01019559
0.01024854
0.009996086
0.008805148
0.007610972
0.006784705
0.005651966
0.00492436
0.005295472
0.005210841
0.005009165
0.005124251
0.00503472
0.002671183
-0.00107279
-0.003249434
-0.00494639
-0.005582701
-0.006843979
-0.008052091
-0.008737616
-0.009264833
-0.00997369
-0.01063047
-0.01102953
-0.01098077
-0.01112172
-0.01131299
-0.01252089
-0.01490284
-0.01627972
-0.01726856
-0.01689853
-0.01695443
-0.01711945
-0.01631379
-0.01565342
-0.01422212
-0.01231258
-0.01068997
-0.00907329
-0.009523612
-0.01021185
-0.01007259
-0.01018091
-0.008551107
-0.007004908
-0.004991304
-0.001703009
0.0009916072
0.001586673
0.001931447
0.003350116
0.004138555
0.003946777
0.003506856
0.002445637
0.002394389
0.002989944
0.003548509
0.004680622
0.005772436
0.006116374
0.005715731
0.005349739
0.006117007
0.007114392
0.006855322
0.005857473
0.003729126
0.003157613
0.001948542
0.0006204917
0.002090154
0.003376583
0.004689014
0.006702116
0.006854358
0.006236058
0.006191765
0.005853139
0.005810896
0.00565811
0.005304744
0.004770797
0.003937019
0.002897697
0.002283735
0.002338469
0.002661789
0.005484836
0.007887899
0.007393936
0.006973275
0.005507306
0.0029192
0.00205589
0.0006772124
-0.001099507
-0.001447912
-0.001431339
-0.0007479947
0.0001319025
0.001461116
0.002789941
0.003814016
0.004068388
0.002517779
0.001047601
0.0009172488
0.001578226
0.001492417
0.00267712
0.004152037
0.003641053
0.003269267
0.003550546
0.003245793
0.003011544
0.00317007
0.00312406
0.002330371
0.001147679
-0.0003768248
-0.001084626
-0.002189361
-0.003546307
-0.003189968
-0.002886678
-0.00140566
-0.0001232473
0.000643648
0.002016785
0.0046196
0.006366286
0.005145466
0.00477545
0.004401014
0.0033498
0.002432801
0.001657827
0.001573925
0.00194681
0.004380809
0.006389964
0.007521218
0.008623326
0.009151497
0.008784569
0.008575815
0.007764891
0.007214258
0.007143202
0.00684347
0.006178887
0.004491842
0.003220426
0.0030241
0.001735109
0.0001303591
0.0001346085
0.0002267752
-0.0001427537
-0.0001298976
-0.0008644036
-0.001664933
-0.002158845
-0.003127407
-0.004139422
-0.004968713
-0.005924509
-0.006894901
-0.006601364
-0.004747441
-0.003455678
-0.000617891
0.001076315
0.001000519
0.002131964
0.001800674
0.001001897
-0.0001446522
-0.00209536
-0.001156944
-0.0007798624
-0.0008108571
0.0004491208
0.0008849624
0.0008700469
0.001257092
0.0002077453
-0.0009875206
9.962795e-05
0.001018421
0.0009068371
0.0006708556
-0.0007662602
-0.002360724
-0.002754016
-0.003748273
-0.005415383
-0.006707669
-0.006316681
-0.004511696
-0.002931075
-0.002924141
-0.003398007
-0.003879126
-0.005304883
-0.006154922
-0.007180317
-0.00852796
-0.01008068
-0.01119555
-0.01198499
-0.01199128
-0.01211976
-0.01151846
-0.01006367
-0.009171089
-0.006659627
-0.003577674
-3.133993e-05
0.001944153
0.004005271
0.006199919
0.00484668
0.003158197
0.001178246
-0.0001595434
0.0004123958
0.001132523
0.00244835
0.004566042
0.006252511
0.007134084
0.006793466
0.005781282
0.002854192
0.001238922
-0.0002284325
-0.002325516
-0.004280541
-0.006200576
-0.007224365
-0.00810097
-0.009295717
-0.01006986
-0.01091784
-0.01192779
-0.01286189
-0.01370601
-0.01405556
-0.01488592
-0.01684016
-0.01755328
-0.01644116
-0.01623563
-0.01531364
-0.01402263
-0.01345601
-0.01277807
-0.01189409
-0.01123012
-0.01092308
-0.01055833
-0.009925847
-0.008057322
-0.006227452
-0.00482107
-0.002620506
-0.0002495389
0.002607688
0.006174267
0.009157748
0.01202872
0.0147839
0.01457046
0.01386492
0.01446608
0.01298249
0.01059543
0.009155807
0.007309183
0.00580226
0.004280826
0.002957735
0.002070409
0.0008805726
-0.0002367967
-0.00121921
-0.002289126
-0.003351145
-0.004196161
-0.004873226
-0.005521832
-0.003512789
-0.0004547917
0.001597025
0.004529701
0.00659055
0.006840637
0.006055756
0.006176926
0.006484829
0.007099921
0.007508131
0.007316048
0.005651575
0.004452725
0.002677542
0.0007617243
-0.0005827989
-0.002230345
-0.003480238
-0.004439322
-0.005578432
-0.00573544
-0.005997844
-0.006566718
-0.00683113
-0.007042203
-0.007339289
-0.007609452
-0.007950509
-0.008468005
-0.008894164
-0.008259528
-0.005802379
-0.00431811
-0.001652498
0.002729547
0.005768804
0.009059097
0.01278025
0.01588471
0.01871769
0.02054876
0.01984076
0.01917809
0.01656866
0.01434638
0.01257039
0.01066643
0.008786248
0.00690984
0.005476062
0.004575101
0.003293847
0.002060222
0.0006296906
-0.001094204
-0.002328463
-0.00354382
-0.004898358
-0.005181551
-0.005103304
-0.005604574
-0.005813185
-0.005716693
-0.00492664
-0.004325446
-0.003861602
-0.002930857
-0.001964292
-0.00117221
-0.0002393422
0.0009726691
0.002136735
0.003285982
0.005336764
0.00768161
0.009490829
0.0113462
0.01330575
0.0147898
0.0157545
0.01413005
0.01248597
0.01177982
0.009781219
0.007617828
0.005962575
0.004003448
0.001974881
0.0008699416
0.001716892
0.001750418
0.0015684
0.001896625
0.0009729819
-0.0004047976
-0.001083613
-0.001574759
-0.001489439
-0.001723095
-0.001941917
-0.002257562
-0.003012195
-0.003792235
-0.00525239
-0.006557547
-0.00757307
-0.006780801
-0.005196285
-0.004513268
-0.001636384
0.001381504
0.003545689
0.006105539
0.007905643
0.009741196
0.01183831
0.01308428
0.01198888
0.01154054
0.01086902
0.009607696
0.00863622
0.006485142
0.003807204
0.001331937
-0.001655314
-0.004141762
-0.005759888
-0.007819115
-0.009429368
-0.009516291
-0.01020974
-0.01032688
-0.009050376
-0.008595927
-0.007226101
-0.003991433
-0.00181847
-0.001090919
-0.0007776779
0.0003111872
0.001460808
0.003284606
0.004141325
0.00311202
0.003020883
0.003073413
0.002861339
0.003621255
0.004128127
0.004405605
0.004371039
0.004051198
0.003513068
0.0009065184
-0.0007577792
-0.001157613
-0.002798261
-0.004512508
-0.005708105
-0.007015712
-0.007300155
-0.007200115
-0.006196666
-0.005360319
-0.004404931
-0.002381623
-0.0007341799
0.0007247275
0.002112475
0.003421972
0.004524393
0.005180461
0.006027261
0.006208077
0.006175167
0.006497334
0.005859774
0.003816903
0.002632596
0.002140576
0.001509252
0.0008687735
0.0009413408
0.0008143587
0.0008413098
0.001404786
0.001669778
0.001892316
0.001527726
0.0008282385
0.0005345601
-0.000441825
-0.002107531
-0.00278944
-0.003507137
-0.004766896
-0.005924004
-0.007287967
-0.007699117
-0.006921711
-0.00720106
-0.00719109
-0.006837351
-0.006728148
-0.006979034
-0.008150679
-0.008974573
-0.009603336
-0.009941767
-0.01020875
-0.009291754
-0.00584893
-0.004048317
-0.00393386
-0.003971684
-0.003961211
-0.003544592
-0.003012964
-0.002756884
-0.002036557
-0.0009608611
-0.001473212
-0.003091106
-0.003398228
-0.003871762
-0.003916794
-0.002587162
-0.00197896
-0.0006746157
0.001221676
0.001207767
6.048893e-05
0.0002268379
-0.0003268657
-0.001519759
-0.002418794
-0.003730657
-0.00447232
-0.004487888
-0.005034091
-0.005381294
-0.005561854
-0.005967256
-0.006870882
-0.007644604
-0.008204
-0.007995178
-0.007615259
-0.007626099
-0.007265861
-0.005994169
-0.004984867
-0.003418294
-0.00141336
-0.0007033541
0.0002623937
0.0003164305
0.0002345058
-0.001078306
-0.001244572
-0.000220999
-0.000416274
0.0001946143
0.001709223
0.002666207
0.003912314
0.005126473
0.004907118
0.004558768
0.004806407
0.003673857
0.00180348
0.003330788
0.004896829
0.005205196
0.007023792
0.008766864
0.01010082
0.01185644
0.01315954
0.01173566
0.01084675
0.009814386
0.007637653
0.006131451
0.004536655
0.002370391
-0.0004958199
-0.003341957
-0.007302371
-0.009979492
-0.01025559
-0.01070317
-0.009479824
-0.008462513
-0.005659942
-0.002678915
3.970958e-05
0.003013263
0.005571437
0.0064147
0.007005425
0.008412898
0.009693431
0.01083529
0.0120517
0.01326598
0.01443713
0.0149838
0.01388228
0.013384
0.01273785
0.01161339
0.01072573
0.008582301
0.005612219
0.003928911
0.002042789
-0.000481616
-0.003224212
-0.005693765
-0.006308361
-0.005826085
-0.007177128
-0.008732088
-0.009701114
-0.01182892
-0.01293629
-0.01313497
-0.01428365
-0.01544732
-0.01716097
-0.01877077
-0.01925712
-0.01897833
-0.01811865
-0.01153298
-0.006337998
-0.00279625
0.00232678
0.006109855
0.007700737
0.008609805
0.0097815
0.007301603
0.005418358
0.003619344
0.0009863179
0.0009970545
0.0004105773
-0.0008023813
-0.001231078
-0.00170969
-0.001251686
-0.0005910198
0.0003651416
0.001488887
0.002923548
0.005653227
0.007313786
0.008008182
0.007037053
0.006540379
0.00383192
0.0009779541
0.001398842
0.0002694468
0.003153307
0.008719483
0.00896067
0.007362402
0.00754363
0.005447882
0.005274492
0.006842121
0.006647849
0.007421035
0.009666853
0.01092607
0.01338319
0.01834198
0.01985543
0.01892433
0.01703908
0.01379637
0.01166809
0.009496065
0.007617921
0.004600359
0.0003204513
-0.001824072
-0.005337034
-0.01098271
-0.01193737
-0.01311968
-0.01337218
-0.01321993
-0.01354489
-0.0127564
-0.01149433
-0.01087442
-0.01142432
-0.01325633
-0.01417854
-0.01716764
-0.02027387
-0.02022912
-0.01968647
-0.01849667
-0.01653685
-0.01463852
-0.01111668
-0.00798788
-0.005020929
-0.001553326
0.001971071
0.004820001
0.006664137
0.009033237
0.011168
0.01283485
0.01233895
0.01143308
0.01132443
0.008909497
0.006653672
0.003573778
-0.001108396
-0.004666698
-0.009224348
-0.01435762
-0.01609942
-0.01769594
-0.02043212
-0.02166804
-0.02307049
-0.02401339
-0.01878403
-0.01339995
-0.009995144
-0.004561481
-0.002000275
-0.002480815
-0.0003794026
0.0008074375
0.001354298
0.002526558
0.003730466
0.004831595
0.005973201
0.007424207
0.009361974
0.01103513
0.0127016
0.01374626
0.01398218
0.01453864
0.01211482
0.009687321
0.009231532
0.007826813
0.005295053
0.002740446
0.0009858133
-0.0003974545
-0.0005661543
0.0009365653
0.001214016
0.001953266
0.002688071
0.002608781
0.001853143
-0.0003333623
-0.001712867
-0.002968655
-0.00336912
-0.003806558
-0.004496102
-0.003695664
-0.002452497
-0.001432061
0.00017246
0.001586878
0.002989644
0.00417025
0.004856389
0.005831463
0.006437452
0.006691731
0.007360089
0.00925792
0.01104988
0.008518184
0.006804365
0.004416523
0.001116343
-0.0009618977
-0.001595604
-0.002844015
-0.004113719
-0.004887921
-0.006115579
-0.007500261
-0.00902364
-0.01163021
-0.01314676
-0.0126327
-0.01317003
-0.01321033
-0.01099366
-0.008606435
-0.006040237
-0.002828192
0.0009002812
0.003973234
0.006752257
0.009809607
0.01279798
0.01413517
0.01276122
0.01291881
0.01395236
0.01450928
0.01494468
0.01470698
0.01358824
0.0143259
0.01456012
0.01424582
0.01348847
0.01226925
0.01104281
0.007886275
0.005150125
0.003616561
0.001988082
-4.229451e-05
-0.00173202
-0.003404299
-0.005464846
-0.007966566
-0.01039806
-0.01302975
-0.01510249
-0.01648372
-0.01714665
-0.01448949
-0.01190126
-0.009841408
-0.007281455
-0.004856636
-0.002237206
0.002240438
0.006298985
0.009604473
0.01330151
0.01598924
0.01645138
0.01494784
0.01295902
0.009655062
0.007438316
0.004857441
-0.000267346
-0.004587186
-0.007033329
-0.00904632
-0.009896135
-0.01093181
-0.01211845
-0.01290253
-0.01357704
-0.01238598
-0.01047745
-0.006515165
-0.002926791
-8.004196e-05
0.002987823
0.005896525
0.008078266
0.009846359
0.01237582
0.01331395
0.01385086
0.01465375
0.01285255
0.01158208
0.01081227
0.009227101
0.007875757
0.006122689
0.004638675
0.004744513
0.005813942
0.00718645
0.007495518
0.008072496
0.008679385
0.008215577
0.008093596
0.008772482
0.01072041
0.01070037
0.009623141
0.009919279
0.008351113
0.005641142
0.004148408
0.001302171
-0.002032205
-0.003963091
-0.005901229
-0.007571995
-0.008382146
-0.007870706
-0.008169492
-0.006844644
-0.003664021
-0.002233898
-0.001779886
-0.0008498838
-0.002309788
-0.004520601
-0.005850343
-0.008004916
-0.01035057
-0.01313161
-0.01495052
-0.01576062
-0.01666489
-0.01700719
-0.01715889
-0.01440732
-0.01226862
-0.01121599
-0.008822724
-0.005501531
-0.0028877
-0.0008262031
0.0001219458
0.001583118
0.003773591
0.003836992
0.003167322
0.003098504
0.002146443
0.0009015276
-0.0007819205
-0.001841835
-0.002968083
-0.003905248
-0.004595316
-0.005067997
-0.003807727
-0.00317737
-0.003129976
-0.002235771
-0.0004623422
0.0004356268
0.0002435113
0.0008435234
0.0009674775
-0.002076406
-0.003941539
-0.00502714
-0.00729991
-0.00933518
-0.0111112
-0.01272349
-0.01301295
-0.01363934
-0.01419034
-0.01385973
-0.0130035
-0.0104552
-0.008026998
-0.0053526
-0.002472311
0.0005610662
0.002354206
0.002744844
0.00358663
0.002718549
0.001260109
-0.0004951654
-0.001814928
-0.00291084
-0.004353
-0.006169448
-0.0075486
-0.008203645
-0.00914195
-0.009327963
-0.009453366
-0.009862282
-0.009486602
-0.008763973
-0.008329004
-0.007013135
-0.005217179
-0.003232854
-0.0008805273
0.001471421
0.002268314
0.001196733
0.0009563082
0.0006441917
-0.0006700503
-0.001395529
-0.001893305
-0.002445416
-0.001673739
-0.001187693
-0.0003018819
0.0016693
0.003154371
0.004968269
0.007083636
0.009718213
0.01238635
0.01550691
0.01867056
0.02191308
0.02526141
0.02726906
0.02611705
0.02298723
0.0188628
0.01535817
0.01222073
0.009212493
0.0058629
0.001861789
5.379635e-05
-0.0006991791
-0.003489341
-0.005642775
-0.006124901
-0.007027018
-0.006870172
-0.005747168
-0.005512972
-0.004959398
-0.004127256
-0.003235048
-0.002365835
-0.0013902
-0.0001453972
0.0008611021
0.0007683543
0.0005858497
0.0009034704
0.001812702
0.003279892
0.003116788
0.002086835
0.0021681
0.001572864
6.879508e-05
-0.0003460968
0.0002705014
0.0001072832
0.0002852834
0.001090122
0.001497085
0.001976042
0.00267347
0.003204792
0.002567359
0.00123046
0.0006924507
-0.0002058075
-0.001320159
-0.002341786
-0.003324556
-0.004124185
-0.005013599
-0.005930868
-0.006926942
-0.007947857
-0.008527692
-0.008890352
-0.009421519
-0.009035196
-0.008007979
-0.005407424
-0.003279721
-0.001367612
0.001311921
0.003551639
0.005200332
0.006679054
0.007370325
0.007919349
0.007189364
0.006684674
0.006132514
0.005291684
0.00433015
0.002760048
0.002919805
0.003751273
0.003577246
0.004355486
0.005287189
0.00576151
0.006425469
0.007084417
0.006119254
0.004196109
0.00320832
0.001829687
0.00164363
0.002170679
0.001844662
0.002117716
0.003450974
0.004329837
0.005419415
0.006022442
0.006204094
0.005265863
0.003552681
0.0030607
0.002356555
0.001177661
0.0006328944
0.0007204556
0.0004671555
0.001115279
0.002084486
0.002650553
0.003012241
0.002978284
0.002993606
0.00083072
-0.001367303
-0.002780456
-0.004861224
-0.007221413
-0.009547388
-0.008810651
-0.008609877
-0.008003166
-0.005482481
-0.006643553
-0.007157575
-0.006300106
-0.006552334
-0.006343104
-0.005362263
-0.004943641
-0.004793464
-0.004317367
-0.001865162
0.0006484791
0.0009147402
1.877072e-05
-0.0005056947
-0.00409227
-0.006806988
-0.005225601
-0.004073843
-0.0016627
0.002282246
0.004068565
0.004718037
0.005277792
0.005918283
0.005388689
0.004737014
0.003914416
0.002688242
0.001851528
0.001875203
0.002996892
0.004449943
0.005269657
0.006253464
0.006821848
0.006441744
0.006310279
0.003927205
0.002052886
0.00149982
0.0009413207
0.001744212
0.001980727
0.002478375
0.004476157
0.004860279
0.004802784
0.005307125
0.003894561
0.002798406
0.002168174
0.0006230016
-0.0009898111
-0.002564547
-0.004346008
-0.004942588
-0.005398529
-0.006386048
-0.006818938
-0.005739229
-0.005067919
-0.004812693
-0.004013117
-0.001867279
0.0001337715
0.001836952
0.003715533
0.003110718
0.003022465
0.003466215
0.002705282
0.001781229
0.0003239337
-0.0005954447
9.064243e-05
0.0001602063
0.0001103886
0.0009036768
0.001411531
0.001745317
0.001743066
0.001696066
0.001814236
0.001688471
0.0006092764
-0.0003939605
-0.001085467
-0.002082822
-0.003202215
-0.004500099
-0.005659779
-0.006709702
-0.007873768
-0.009137941
-0.01058174
-0.01065359
-0.009469987
-0.009471464
-0.008965899
-0.006873024
-0.005102451
-0.003866619
-0.002555932
-0.001744075
-0.002008242
-0.001758593
-0.00146797
-0.0009251928
0.000724075
0.001877922
0.003148435
0.004844773
0.006181667
0.006529122
0.006808766
0.007494093
0.007838822
0.007558294
0.007152696
0.007034326
0.006621136
0.00608971
0.005714851
0.005237724
0.004330391
0.00339609
0.002631983
0.001068846
-0.0007305884
-0.001587606
-0.002469174
-0.002530161
-0.00283188
-0.003129402
-0.002957921
-0.002983299
-0.004124241
-0.00598532
-0.004123849
-0.003332273
-0.003415795
-0.002488982
-0.001797015
-0.002142009
-0.00343415
-0.00339835
-0.002734667
-0.002888827
-0.002246477
-0.0008804685
-1.886349e-05
0.00127932
0.002363619
0.001582694
0.001239942
0.001028479
-0.0003362651
-0.001079331
-0.001578561
-0.002346453
-0.001593374
-0.0005786886
-0.0003168025
-0.0003451654
-0.0005834806
-0.0007140927
-0.002396401
-0.004351055
-0.004456217
-0.00389465
-0.004341563
-0.003879628
-0.003226705
-0.003003653
-0.002561584
-0.002252856
-0.003197735
-0.003874901
-0.004215996
-0.004773129
-0.005197692
-0.005350736
-0.003487957
-0.001500086
0.000260574
0.0004198732
-6.819088e-05
0.0001641943
-0.0006316109
-0.001322841
-0.001622988
-0.001036187
-0.000449282
-0.0002123594
0.0004240095
0.001185089
0.001769931
0.002639196
0.004092796
0.005197611
0.005951347
0.006456926
0.006603496
0.005516653
0.004708583
0.003932946
0.00255875
0.001835842
0.001349082
0.0009443874
0.001523618
0.001726197
0.001505776
0.00112502
0.0009129078
-0.0001027764
-0.001629457
-0.002346242
-0.003278739
-0.004430899
-0.005324472
-0.005526632
-0.005500526
-0.005850257
-0.005131737
-0.002809891
-0.001402293
-0.001489434
-0.002583267
-0.002610405
-0.003353739
-0.004361885
-0.004697552
-0.005146882
-0.005770983
-0.005450292
-0.003435314
-0.002590886
-0.001715366
-0.0003130727
0.0006156157
0.0014774
0.00182919
0.001971925
0.002320712
0.00178878
0.00135162
0.001182702
0.0002846733
-0.001202015
-0.001801681
-0.001519353
-0.001797595
-0.002045095
-0.001519126
-0.0009363632
-0.0004364281
0.001063737
0.002234137
0.001957235
0.001346026
0.001048882
0.0005988898
0.0005171938
0.001736811
0.002515412
0.004520959
0.006541349
0.005218122
0.005419308
0.00576861
0.003744072
0.002844719
0.002718988
0.00242644
0.003245944
0.005823145
0.006765129
0.006092118
0.007113157
0.007773966
0.008229952
0.009275526
0.009760003
0.009106854
0.008736321
0.008422684
0.007724631
0.005808627
0.003182147
0.0001183881
-0.001126092
-0.0004648637
-0.0008060403
-0.0009600272
-0.0002234662
2.779447e-05
0.0006312598
0.002243743
0.003230787
0.002588534
0.002281544
0.00241934
0.002059101
0.001760089
0.001917676
0.002860825
0.003541373
0.004262509
0.00515739
0.005945553
0.006864565
0.007887128
0.00735003
0.006572449
0.00623201
0.005397288
0.004631184
0.00367828
0.002039038
-0.0001415211
-0.001769347
-0.00326012
-0.004148686
-0.003931073
-0.004524231
-0.004942975
-0.005330168
-0.00716335
-0.00778403
-0.008149103
-0.009220667
-0.01108594
-0.01027065
-0.008309533
-0.006569363
-0.005200835
-0.004225017
-0.001868397
0.00059825
0.001931814
0.002276563
0.003205749
0.00406872
0.003910953
0.004024395
0.004257135
0.003576181
0.003126369
0.003199287
0.002964598
0.002412482
0.001292158
0.0009452498
0.001389709
0.001217852
0.002133956
0.003623736
0.004000982
0.003045702
0.002685713
0.00231135
0.001242814
0.0003748721
-0.001579595
-0.003277251
-0.002204367
-0.002094757
-0.002622774
-0.002424821
-0.00240942
-0.003035835
-0.003614482
-0.00357835
-0.002967517
-0.002663159
-0.001481128
9.437945e-06
-0.0002201395
-0.001416558
-0.0014534
-0.001868082
-0.002494002
-0.002918154
-0.003882994
-0.005180553
-0.006101524
-0.006979156
-0.007214162
-0.007572431
-0.008085854
-0.007993603
-0.00768652
-0.007678562
-0.007290563
-0.006810015
-0.006507909
-0.005660327
-0.004357117
-0.004309993
-0.004930605
-0.0047103
-0.004724411
-0.004392065
-0.003974748
-0.00375509
-0.003272884
-0.002471653
-0.001800502
-0.0005947844
0.000907069
0.00190789
0.001834623
0.001874503
0.00225072
0.001810506
0.001096188
0.0008018571
0.0004086752
0.0002847821
0.0001553388
-7.520063e-05
-0.0002120993
-0.0003713766
-0.0006851044
-0.001001487
-0.001242832
-0.001278826
-0.001224754
-0.00130685
-0.001410489
-0.001503118
-0.001587954
-0.001688343
-0.002101692
-0.002919179
-0.003422422
-0.003537991
-0.003606165
-0.003851771
-0.00394577
-0.003580152
-0.003097502
-0.002853345
-0.002693886
-0.002636822
-0.002483912
-0.002355295
-0.00216875
-0.001973648
-0.001808335
-0.001619311
-0.001019153
0.0003044193
0.001243085
0.00216577
0.003276805
0.004290652
0.005242973
0.005731721
0.006219824
0.006798686
0.006623341
0.006568634
0.006626639
0.005746152
0.004443803
0.003157103
0.00241119
0.002135131
0.00147013
0.001146719
0.0009605282
0.0006593768
0.001396145
0.002507
0.003008214
0.003385235
0.003703647
0.004121858
0.004415658
0.004296461
0.004283386
0.003917108
0.00298696
0.002408501
0.001158961
0.0002422145
0.001363754
0.001794228
0.001948428
0.002820058
0.003392028
0.00346387
0.003688285
0.00401043
0.004095916
0.003439315
0.002836657
0.002491546
0.002004987
0.0015698
0.0012778
0.001056101
0.0007534619
0.0005296883
0.0004959283
0.0003932505
0.0002613234
0.0001709013
-0.0002680292
-0.0009275268
-0.001323469
-0.001741774
-0.002164586
-0.002264063
-0.002459932
-0.002944921
-0.003369438
-0.003718871
-0.004221756
-0.004762161
-0.005130807
-0.004817829
-0.004653323
-0.004553394
-0.004027678
-0.003652478
-0.003296873
-0.002647365
-0.002071469
-0.00155952
-0.001106645
-0.0008052618
-0.0003967012
-1.545728e-05
0.0002851004
0.000620263
0.0009634463
0.0009624076
0.0005455113
0.0004254074
0.0002584937
0.0007387141
0.002281623
0.00312733
0.003939149
0.004062679
0.00405613
0.004435961
0.004880245
0.005352504
0.005673347
0.005383035
0.005231758
0.00524262
0.004693778
0.003542979
0.002773321
0.002431477
0.002352327
0.002103776
0.002153548
0.001918827
0.0006827362
-0.0002130024
-0.0004910299
-0.0002869745
-0.0005488033
-0.00128839
-0.001707445
-0.002075709
-0.002177154
-0.002053459
-0.002391208
-0.002932002
-0.003211019
-0.003514495
-0.003640951
-0.003778853
-0.003615724
-0.003033429
-0.002779458
-0.002336854
-0.001594187
-0.001033197
-0.0005637105
-0.0001181516
0.0003468223
0.0005464491
0.0007417912
0.00103619
0.001253952
0.001471843
0.00169556
0.001895301
0.002107813
0.002319562
0.00249981
0.002617045
0.002761216
0.003161155
0.004167785
0.004930938
0.005537849
0.006004197
0.006502597
0.007045611
0.007396507
0.006882029
0.006551568
0.006327268
0.005669946
0.005058138
0.003541897
0.002143557
0.001796499
0.0009740913
0.0003454651
0.0004489702
0.0004301903
0.0007928501
0.001074256
0.001380674
0.001839273
0.002209118
0.001812143
0.0006908345
0.000196038
-0.000589842
-0.001556686
-0.002705436
-0.004024527
-0.004926144
-0.005806143
-0.006865162
-0.007733684
-0.008469878
-0.0090296
-0.009627184
-0.01023376
-0.01001606
-0.009324384
-0.009182508
-0.008306586
-0.006804305
-0.006302713
-0.006374617
-0.005899986
-0.005572772
-0.005510058
-0.005354394
-0.005681815
-0.006044776
-0.006015305
-0.005650876
-0.005481921
-0.00531095
-0.004691928
-0.003910437
-0.003397497
-0.002684904
-0.001718618
-0.001026078
-0.001410219
-0.00188962
-0.001633319
-0.001203955
-0.001067627
-0.0009576186
-0.0009834222
-0.0006818525
0.0006945025
0.001666552
0.001798949
0.002023378
0.002520226
0.002687625
0.002790917
0.003564098
0.005433012
0.005224568
0.004938802
0.005567934
0.005136443
0.004433208
0.004848718
0.005252909
0.004659925
0.003779462
0.003082545
0.001708078
0.0006391896
-0.0003341262
-0.0009582081
-0.001294578
-0.001923436
-0.001774891
-0.0009164231
-0.0007088555
-0.0002515424
0.0008179548
0.001556312
0.001520666
0.001783294
0.002183228
0.002079904
0.001781595
0.001797329
0.00201409
0.002115403
0.002169245
0.001997773
0.001688162
0.001541951
0.001269318
0.0008691474
0.0006253895
0.001276929
0.002231779
0.002690653
0.003143426
0.002995646
0.002768465
0.002766858
0.003181587
0.003387343
0.003409546
0.00246444
0.001438154
0.0002782075
-0.001096037
-0.002357705
-0.003731045
-0.0047573
-0.004886534
-0.005385542
-0.005881875
-0.005853999
-0.006032822
-0.006554038
-0.007132317
-0.007252115
-0.006293483
-0.005696305
-0.004676084
-0.00250229
-0.001035578
-8.973315e-05
-0.0007129672
-0.001556895
-0.002421783
-0.001846547
-0.00159034
-0.0008640706
0.001242281
0.002424091
0.003704131
0.004557537
0.004435555
0.005086974
0.006140033
0.006835384
0.007436202
0.008188893
0.008804769
0.008510926
0.0082732
0.007716478
0.005824292
0.005672938
0.006340455
0.005837531
0.00579246
0.005951014
0.005536991
0.005407065
0.006073041
0.006232248
0.006113253
0.005291713
0.00315921
0.001693005
0.0009902118
-0.0002516679
-0.00107907
-0.001534591
-0.002325955
-0.003116263
-0.004030649
-0.005346024
-0.006360483
-0.00693543
-0.007874811
-0.006391322
-0.003779904
-0.001871401
0.00154947
0.003449936
0.004222742
0.005105149
0.00581651
0.005808865
0.005625373
0.004726174
0.003276253
0.002056952
-0.0002869361
-0.003140113
-0.003681052
-0.002840488
-0.002033137
-0.001472163
-0.003862088
-0.004206497
-0.003732306
-0.004216198
-0.003294147
-0.0007173137
0.001059128
0.002146326
0.00240269
0.002297751
0.0007591731
-0.0006663293
-0.003210623
-0.005036401
-0.005878723
-0.00656084
-0.005862465
-0.005805347
-0.005490173
-0.004953878
-0.003332887
0.0001851802
0.0006812655
-0.0005539607
-0.001224897
-0.002401413
-0.003775643
-0.005360942
-0.005299301
-0.005498177
-0.006437641
-0.006847473
-0.006535047
-0.005857914
-0.004592898
-0.003123746
-0.001187618
0.001069837
0.001144718
0.00108683
0.0001834585
-0.0007929619
-0.00151476
-0.00279295
-0.004871907
-0.005088531
-0.00467047
-0.00457634
-0.004175928
-0.003476534
-0.002808379
-0.002228935
-0.001372424
0.0002152445
0.0008910561
0.0006081933
-0.0004717414
-0.001685646
-0.003370169
-0.004951036
-0.004802417
-0.00433424
-0.002522207
9.431499e-06
0.001160225
0.0006380978
0.0006449484
0.0004604793
-0.0002967734
-9.921425e-05
0.0008389889
0.0007540728
-9.201664e-05
-0.0006059335
-0.001392086
-0.001502275
-0.001482047
-0.0002669399
0.002002993
0.002127941
0.002803678
0.004047702
0.00467937
0.005359456
0.005473244
0.005501519
0.005688187
0.005277185
0.005345932
0.005702345
0.00566642
0.005621334
0.005686288
0.006597993
0.007888237
0.007950375
0.008342444
0.008158612
0.007518228
0.007386106
0.007071936
0.006444257
0.004525624
0.002551669
0.001259031
0.001014028
0.0007961545
0.0005576803
0.0004895565
0.0014432
0.002334184
0.002136745
0.001271142
0.001167177
0.001709509
0.00200551
0.002358496
0.003130558
0.002406909
0.0006681409
0.0005762666
-0.0002998761
-0.00146312
-0.002297665
-0.003284218
-0.004259402
-0.004487492
-0.004705641
-0.003620826
-0.001624849
-0.001913624
-0.001498821
-0.0006613749
-0.001565275
-0.002488231
-0.002472616
-0.002324749
-0.002417423
-0.001854424
-0.001306655
-0.001712714
-0.002656841
-0.002984542
-0.003581018
-0.004300119
-0.004494818
-0.004495343
-0.004677639
-0.003695612
-0.002507198
-0.002300119
-0.002890682
-0.002534182
-0.001028703
-0.0002561256
0.0004911949
0.00150475
0.001872404
0.001133236
0.0008626942
0.000406737
-0.000313979
-0.0005317159
-0.0008522799
-0.001101518
-0.001235552
-0.001190516
-0.001312693
-0.00252499
-0.003828857
-0.004390629
-0.005097692
-0.00597979
-0.006265655
-0.006573091
-0.006180372
-0.004758485
-0.004022434
-0.001999124
0.0004355124
0.002087438
0.003311314
0.003293993
0.003546357
0.003179445
0.002756027
0.002914057
0.002946585
0.00288528
0.003459766
0.003631839
0.002676096
0.002247292
0.001721885
0.0008029846
0.0001825084
5.887739e-05
-0.0005937394
-0.002482502
-0.003646372
-0.00339972
-0.003322387
-0.003672139
-0.003012682
-0.001988912
-0.001495651
-0.0006232998
0.0007147921
0.001634599
0.001479289
0.001635637
0.001498579
0.0006829387
0.0003667928
0.0001417796
-0.0002803792
-0.000159967
0.0004625057
0.0006294105
0.0009227592
0.001304521
0.001588352
0.001642192
0.001363486
0.001306032
0.001237593
0.001178749
0.0005899635
-0.0002671801
-0.0007742054
-0.001609577
-0.002577858
-0.002262951
-0.001329994
-0.001199473
-0.0004617663
0.001074112
0.001753976
0.002423672
0.003742019
0.005198699
0.005957408
0.005720919
0.00598492
0.006052708
0.004763687
0.00389554
0.003500744
0.003320988
0.003007779
0.002666317
0.002290543
0.001855269
0.001483306
0.001212139
0.0009752512
0.000679844
-0.0002331832
-0.001970935
-0.002898166
-0.003758272
-0.004500755
-0.003739486
-0.003466225
-0.003425972
-0.002526056
-0.001185196
-0.0002982639
0.0008364089
0.002303817
0.003215458
0.001709625
0.000617177
-0.0007460667
-0.0007231455
0.00119698
0.003216777
0.005867424
0.009365808
0.01183146
0.01230942
0.01047634
0.008623596
0.005870163
0.003580307
0.002316375
0.003615793
0.004606602
0.005655761
0.006655618
0.006089427
0.005957769
0.005715657
0.004416013
0.003589818
0.002560467
0.0009344652
-0.0004789582
-0.0007759342
-0.0005725142
-0.001052493
-0.0003788769
0.001547635
0.00238191
0.001833046
0.001382262
0.001108385
-0.0003896295
-0.001578581
-0.002557204
-0.003822093
-0.004580179
-0.004970284
-0.00450663
-0.003136928
-0.002545208
-0.001848092
-0.00193862
-0.002021906
-0.001873789
-0.002699697
-0.003478305
-0.003385072
-0.00283636
-0.002773297
-0.00250031
-0.001992923
-0.00165722
-0.001236163
-0.0006223501
-0.0001012981
0.0004261534
0.001135449
0.001731718
0.001821494
0.001918353
0.0008114916
-0.0006471252
-0.001428935
-0.001156529
-2.374577e-05
0.0005516463
0.001614757
0.001880125
0.001498613
0.001666965
0.0003630885
-0.00128368
-0.001700596
-0.001608592
-0.002075927
-0.002475479
-0.003291824
-0.004212976
-0.004902601
-0.005731075
-0.006443448
-0.006085008
-0.00560063
-0.005510541
-0.004453257
-0.003267294
-0.00318678
-0.004084432
-0.003930951
-0.003617657
-0.004023244
-0.004260772
-0.00433142
-0.004554976
-0.004579533
-0.004340629
-0.004288796
-0.00406603
-0.002628137
-0.001291226
-0.0005138014
0.0006010235
0.001305985
0.0002465141
0.0009436232
0.001967525
0.002216982
0.003354626
0.003686722
0.001375724
0.0003907786
0.000702436
0.001373237
0.002080704
0.002503439
0.001454116
0.0004692836
1.187977e-05
-0.0009672887
-0.0008148777
0.0002107647
0.0003409898
0.0006636365
0.001034196
0.001740185
0.002564685
0.003014757
0.002333274
0.00169299
0.001315973
0.0006145763
-0.000434619
-0.001691853
-0.001679489
-0.002023804
-0.003524058
-0.004697387
-0.005001986
-0.003865936
-0.00277505
-0.002682718
-0.002154541
-0.001479959
-0.002093496
-0.003288026
-0.003658848
-0.003727182
-0.00385761
-0.004096255
-0.004154987
-0.004152697
-0.004247276
-0.004739178
-0.005486916
-0.005940611
-0.00637524
-0.006829991
-0.007244073
-0.00700607
-0.006531639
-0.00631219
-0.005485592
-0.004720407
-0.00412635
-0.002905129
9.772709e-05
0.002294589
0.003192353
0.004912998
0.00592426
0.005559893
0.006055715
0.006376559
0.006011986
0.005944154
0.005938097
0.005695934
0.005003418
0.004424691
0.004022884
0.00410371
0.004307843
0.004254004
0.004135846
0.003478419
0.002737054
0.001768544
0.0008477875
-0.0002097506
-0.001341372
-0.001750042
-0.001939593
-0.001842623
-0.0011226
-0.0008178269
-0.0004191802
0.0001597056
0.0006832461
0.001188169
0.001720997
0.001568435
0.0007480589
0.0005103338
7.596081e-05
-0.0004127388
0.0002323945
0.0009932234
0.001278102
0.001898934
0.002588214
0.003152082
0.003765378
0.004192072
0.004089957
0.004198966
0.004371215
0.004819817
0.005741034
0.006025569
0.005335158
0.005070249
0.004761996
0.003917462
0.003341291
0.002943548
0.002491363
0.002002516
0.001262825
0.0002254097
-0.0006121206
-0.001731109
-0.002770601
-0.002410749
-0.001646304
-0.001652337
-0.001773758
-0.001973534
-0.00206284
-0.002378154
-0.002820013
-0.003120114
-0.003429625
-0.003431876
-0.003415458
-0.003527636
-0.003540718
-0.003283669
-0.002381114
-0.002280773
-0.002797779
-0.002633278
-0.002674172
-0.003062518
-0.003765599
-0.004162598
-0.003437276
-0.00303563
-0.002848713
-0.001978768
-0.001250669
-0.0006760387
6.287832e-05
0.0007626383
0.001355595
0.00195002
0.002580402
0.003276624
0.003451994
0.003372912
0.003580089
0.003616204
0.002793947
0.001740143
0.001037727
9.690364e-05
-0.0006364591
-0.001298264
-0.002051314
-0.002485509
-0.002600578
-0.001916735
-0.001499817
-0.001201936
-0.0006583067
-0.0001617586
0.0005605821
0.001362757
0.001905243
0.0020273
0.002308148
0.002658399
0.002869669
0.002929993
0.002762947
0.00274468
0.002708078
0.002606287
0.002589675
0.002963511
0.003311368
0.00352588
0.003858657
0.004143015
0.003987998
0.003793097
0.003780264
0.003466439
0.001409018
4.192534e-05
0.00292165
0.002825223
0.0002080708
0.001429008
0.001486263
0.0001066629
0.00010033
9.499065e-05
-0.0003728708
-0.001006271
-0.0009089687
-0.0002253125
-0.0001958566
-0.000329465
-0.0001335945
0.0008578138
0.001736456
0.002108633
0.002408511
0.003251031
0.004449539
0.005473574
0.00665639
0.007581305
0.006661751
0.004999634
0.002004601
0.0007535372
0.0002170344
0.0003203707
0.0002866797
0.0004214307
5.577548e-05
-0.001074153
-0.001420695
-0.0003914854
0.0006650122
0.001173338
0.001783254
0.001599519
0.001535946
0.001517316
0.00133237
0.001333235
0.001386065
0.001281026
0.0003359393
-0.0006245776
-2.693261e-05
-6.502537e-05
-0.0002751984
6.935818e-05
0.0002243422
0.00052
0.0009970352
0.001267111
0.0009167604
0.0003595982
0.000111959
-0.000799517
-0.001942497
-0.002731372
-0.003709561
-0.004863499
-0.005701083
-0.004516714
-0.003767338
-0.003576455
-0.002868922
-0.002256784
-0.001545559
-0.0004110925
-8.584292e-05
-0.0008371423
-0.0009249417
-0.001222736
-0.001855717
-0.002231782
-0.002282222
-0.002152843
-0.001923128
-0.001046275
-0.0004202435
7.613597e-05
0.0006320096
0.001179755
0.001756619
0.002390336
0.002860593
0.002387388
0.001939322
0.001420279
0.0004703272
-0.0001165564
0.0001988983
0.0003912365
0.0006376727
0.001987591
0.002076557
0.0008365164
0.0007294083
0.0007019682
0.0003629833
-0.0007084986
-0.001945281
-0.001759697
-0.001436533
-0.001660334
-0.0009180277
-0.000239919
-0.000371857
-0.0009131081
-0.001028026
-0.001296995
-0.001690729
-0.002030867
-0.002831487
-0.003628359
-0.004187795
-0.004144506
-0.003826237
-0.003886983
-0.003773237
-0.003740202
-0.00385375
-0.003850334
-0.003878344
-0.003718578
-0.002987445
-0.002486357
-0.002037311
-0.00112451
-0.0001642381
0.0005959634
0.0009944809
0.0009515839
0.00127678
0.001498239
0.001553511
0.001634589
0.001741634
0.001568022
-0.0003512904
-0.001444965
-0.001822412
-0.002266008
-0.002206881
-0.002299318
-0.001566149
-0.0008790022
-0.0007354274
-0.0009814108
-0.0009950507
-0.001203746
-0.002075946
-0.002673672
-0.003116407
-0.003543979
-0.003978883
-0.004317752
-0.003365651
-0.0019654
-0.00194152
-0.002183111
-0.001739003
-0.001640914
-0.001730603
-0.00166733
-0.001629345
-0.001620706
-0.001326512
-0.0008746168
-0.0006161633
-0.0002389643
0.000556955
0.001285168
0.001880974
0.002590326
0.003215057
0.003643394
0.0040747
0.003912275
0.003721603
0.003765763
0.003627879
0.003465883
0.003359636
0.0031536
0.002310842
0.001511435
0.0009565609
0.0003133682
-0.0003305462
-0.0009434915
-0.001581453
-0.002190903
-0.002168601
-0.001768354
-0.001801563
-0.00160567
-0.0008856889
-0.0003582984
7.097397e-05
0.0005788965
0.0009268598
0.001307004
0.001705294
0.002054323
0.002555417
0.003193487
0.003687581
0.00421216
0.004655848
0.004919709
0.005268162
0.005407883
0.005428584
0.005523837
0.004794797
0.003774078
0.003387719
0.002880698
0.0020914
0.001358049
0.0006208685
-0.0002949462
-0.001250803
-0.002218238
-0.003462636
-0.00417891
-0.004780027
-0.005103257
-0.005076158
-0.005157003
-0.004713204
-0.004369337
-0.004128918
-0.003743217
-0.003364849
-0.002914606
-0.002501702
-0.002287408
-0.002089411
-0.002002547
-0.002038419
-0.001973266
-0.001817638
-0.001568667
-0.001307654
-0.0006329324
-7.335034e-05
0.0003086065
0.0008236391
0.0009232588
0.0004656213
0.0004505058
0.0008067924
0.0009826724
0.001049671
0.001171853
0.0006388627
0.0001047421
-0.0001968063
-0.0006851371
-0.001090088
-0.00100205
-0.001032882
-0.001177022
-0.001150108
-0.001055182
-0.001016338
-0.001027126
-0.001450083
-0.001650805
-0.001423695
-0.001391653
-0.001168938
-0.0009510725
-0.0007845811
-0.0005753691
-0.0003785373
-0.0001951539
-5.610346e-06
0.0001766474
0.0003523581
0.0004688779
0.0004815292
0.0005465799
0.0006947933
0.0009218312
0.001140396
0.001387074
0.001616634
0.001664225
0.001488399
0.001470845
0.001429167
0.001327351
0.001229138
0.001097368
0.0009892652
0.0008789731
0.0006983906
0.0004986597
0.0006048036
0.0008504476
0.0009111434
0.001132608
0.00138093
0.001571473
0.002023756
0.002411988
0.00207215
0.001931049
0.00186446
0.001496567
0.001282575
0.001222992
0.001133754
0.001225439
0.001486263
0.001571371
0.001521445
0.001433601
0.001304
0.001140197
0.0009419203
0.0006526562
0.0004841297
0.0003401916
0.0001447212
-7.642253e-05
-0.0003449953
-0.0005690279
-0.0005731954
-0.000449452
-0.0004620204
-0.0003918434
-0.0003043843
-0.0002451942
-0.000167019
-9.720544e-05
-3.467047e-05
-1.272875e-05
-0.0002832858
-0.0004860561
-0.0006009036
-0.000788405
-0.0008868894
-0.000974705
-0.001089598
-0.001164453
-0.00119369
-0.001238816
-0.001284693
-0.001296858
-0.001287782
-0.001291349
-0.001199137
-0.00104855
-0.0009784765
-0.0009429596
-0.0008416595
-0.000692225
-0.0006012914
-0.0005299485
-0.0004566907
-0.0003909853
-0.0003961196
-0.0003983249
-0.0003781029
-0.0003837421
-0.0003852895
-0.0003471291
-0.000304212
-0.0002810062
-0.0002843572
-0.0003192117
-0.0003490644
-0.0004250233
-0.0004835725
-0.0005339821
-0.0005164267
-0.0003135816
-0.0002270547
-0.0001826327
-0.000221704
-0.0003051895
-0.0003223373
-0.00035588
-0.000374368
-0.0003361838
-0.0003244185
-0.0003077626
-0.000213925
-0.0001500344
-0.0001282174
-7.226556e-05
-9.884082e-06
4.134723e-05
5.282614e-05
2.205809e-05
2.206666e-05
-3.333348e-06
-5.067653e-05
-6.719821e-05
-3.908952e-05
-2.668846e-05
-3.202277e-06
4.119078e-05
-1.824538e-05
-0.0001189193
-9.348692e-05
-5.962888e-05
-8.147935e-05
-0.0001034155
-0.0001293633
-0.0001473755
-0.0001632534
-0.0001758255
-0.0001805708
-0.0001722105
-0.0001305793
-7.172639e-05
-0.0001045773
-0.0001638281
-0.0001930338
-0.0002145522
-0.0002184782
-0.0002245553
-0.000187501
-0.0001486851
-0.0001951046
-0.0002275337
-0.0002037361
-0.0002103544
-0.0002204716
-0.0002070245
-0.0001777693
-0.0001589532
-0.0001368484
-0.0001131679
-9.858909e-05
-8.66003e-05
-7.127996e-05
-5.738133e-05
-4.611203e-05
-3.340222e-05
-3.205268e-05
-4.832317e-05
-4.448571e-05
-2.897734e-05
-4.041071e-05
-4.517542e-05
-4.940333e-05
-6.856503e-05
-8.268214e-05
-8.881907e-05
-9.451721e-05
-9.847388e-05
-9.821885e-05
-0.0001011941
-0.0001011354
-9.086285e-05
-8.200925e-05
-6.957123e-05
-5.328391e-05
-4.304242e-05
-3.612062e-05
-3.017426e-05
-3.414656e-05
-3.62197e-05
-4.183041e-05
-5.362364e-05
-5.141759e-05
-4.738436e-05
-4.375576e-05
-3.936585e-05
-2.95943e-05
-2.086052e-05
-1.579015e-05
-1.102109e-05
-6.675925e-06
-5.499798e-06
-3.240814e-06
-3.983987e-07
1.826221e-06
4.476597e-06
7.532178e-06
1.056293e-05
1.565779e-05
2.071236e-05
2.445627e-05
2.866907e-05
3.300229e-05
3.656505e-05
3.848484e-05
3.922852e-05
3.914279e-05
4.048195e-05
4.241576e-05
4.39617e-05
4.596501e-05
4.905633e-05
5.205127e-05
5.433188e-05
5.684732e-05
5.947058e-05
6.163522e-05
6.356737e-05
6.640454e-05
6.942177e-05
7.194304e-05
7.445795e-05
7.678608e-05
7.918697e-05
8.142693e-05
8.361317e-05
8.576976e-05
8.813524e-05
9.060769e-05
9.312703e-05
9.56751e-05
9.795276e-05
0.0001003413
0.0001027258
0.0001050436
0.0001074034
0.0001097515
0.0001120785
0.0001143839
0.0001166628
0.0001189485
0.000121239
0.0001235258
0.0001258134
0.0001281076
0.0001304171
0.0001327176
0.0001350158
0.0001373174
0.0001396159
0.0001419161
0.0001442159
0.0001465137
0.0001488174
0.0001511213
0.0001534285
0.0001557442
0.0001580645
0.00016039
0.0001627214
0.0001650581
0.0001674002
0.0001697479
0.0001721015
0.000174461
0.0001768267
0.0001791984
0.0001815763
0.0001839609
0.0001863523
0.0001887506
0.0001911561
0.000193569
0.0001959894
0.0001984174
0.0002008533
0.0002032971
0.0002057489
0.0002082089
0.0002106771
0.0002131537
0.0002156387
0.0002181323
