-0.0003352671
-0.0003356308
-0.0003362954
-0.0003374109
-0.0003361566
-0.0003395182
-0.0003492771
-0.0003085576
-0.0003137393
-0.0003338457
-0.0002052168
-0.0001325827
-0.0002584076
7.516444e-05
0.0004213834
0.0005966472
0.000907218
0.0006228847
-0.0003079125
-0.001449586
-0.002376205
-0.002788267
-0.003577301
-0.004967281
-0.007433032
-0.006990956
-0.003056595
-0.002767752
-0.000908686
0.00225009
0.004444708
0.006959303
0.00840901
0.007383965
0.002347489
-0.004819555
-0.01109081
-0.0152121
-0.0145746
-0.007293116
-0.002229679
-0.00575476
-0.01928227
-0.006641807
0.02647464
0.03628638
0.04053505
0.04067937
0.02360043
0.01259972
-0.001909325
-0.02295089
-0.006681269
0.00511419
-0.01564999
-0.01329961
0.008649055
-0.01338325
-0.02007684
-0.0007947019
0.01161101
0.005829894
-0.02396855
-0.04161273
-0.0312114
-0.01937328
-0.009454519
-0.008510842
-0.007641568
-0.0007496259
0.01246951
0.0006976511
0.01838869
0.05635156
0.03010791
0.007735769
0.002863876
-0.01455481
-0.004932607
0.02769241
0.02919494
0.01311659
-0.01445624
-0.04156719
-0.03065343
-0.007662548
0.01607178
0.04714752
0.03104641
-0.00640531
-0.04353058
-0.05752976
-0.04562067
-0.01432781
0.023488
0.02037085
-0.002213286
-0.03712294
-0.0488148
-0.01551557
0.01466826
0.04213289
0.06244652
0.03993268
0.02039573
0.01611325
0.009837954
0.0221823
0.0197414
0.004263308
0.002150966
-0.01083813
-0.03384203
-0.02751171
-0.02148322
-0.02845697
-0.03478805
-0.03768756
-0.03943938
-0.02467608
0.02363022
0.03482951
0.03264712
0.01792247
0.003708148
-0.009172824
-0.009083218
-0.0001582923
-0.005192082
-0.01099632
0.006311333
0.01555941
-0.0005565646
-0.004541857
0.005233951
0.01856942
0.0250796
0.031642
0.03582978
0.03538958
0.02178577
-0.003776178
-0.02935681
-0.03486053
-0.03463518
-0.03672683
-0.0322808
-0.01867131
-0.009808299
0.0005572192
0.01169702
0.001972071
-0.01032284
0.0001928087
0.007878162
0.005000743
0.01208884
0.03460927
0.03499694
0.0284558
0.02331541
0.002122669
-0.01196275
-0.009753723
0.01636598
0.02504318
0.02630989
0.0291225
0.01608838
-0.001858774
-0.006266508
-0.01654496
-0.01968376
-0.004034402
0.009175793
0.004764372
-0.01204529
-0.02509277
-0.04367598
-0.03777592
-0.0248761
-0.005744349
-0.008398166
-0.01554957
-0.0132469
-0.00329698
0.02039
0.03637052
0.03209535
0.03333171
0.02021272
0.008892789
0.01374006
0.01672262
0.00883512
-0.009100611
-0.02294003
-0.02537586
-0.008825119
0.004129258
0.0136714
0.01415607
-0.01609025
-0.02490621
-0.03184652
-0.04225769
-0.0309451
-0.02231219
-0.02710209
-0.03286581
-0.02509743
-0.01081082
0.002911733
0.02259074
0.0395531
0.03337814
0.02250173
0.009387312
0.001900824
-0.004296357
0.003984558
0.00376988
-0.006978515
0.003732864
0.02585639
0.04303069
0.05896127
0.07743328
0.06748066
0.03030195
0.01026853
-0.01312437
-0.04257198
-0.03685415
-0.02765442
-0.02062755
-0.004506636
-0.0003250242
-0.01257205
-0.0152437
-0.0007043858
0.01934487
0.02623528
0.02413066
0.03368884
0.02825924
0.005699874
0.00201439
0.005708901
0.0149181
0.01728945
0.01670852
0.00634492
-0.0003039863
-0.00247745
-0.005019608
0.005065627
0.01050961
0.002703481
-0.001685104
-0.0004402931
-0.004207866
-0.004091831
-0.0009354037
-0.01319906
-0.02173831
-0.02146035
-0.0189779
-0.02013853
-0.01835746
-0.01654595
-0.01525644
-0.01196381
-0.007795498
-0.005272663
-0.007902969
-0.01027469
0.0002336353
0.01243367
0.01901887
0.03430895
0.05724802
0.06720659
0.05145366
0.04790315
0.04753698
0.05163128
0.05219028
0.04404848
0.02092129
-0.00736909
-0.05008688
-0.05805518
-0.06177366
-0.06257047
-0.03841862
-0.01934455
-0.005463433
0.001523608
0.008154807
0.02875691
0.03116984
0.01148688
-0.01135688
-0.01918197
-0.01989221
-0.02237746
-0.02871982
-0.03166915
-0.03439739
-0.03730715
-0.03416217
-0.03512563
-0.04052625
-0.02558137
-0.007312235
-0.01182939
-0.02060785
-0.02190428
-0.02675177
-0.0363121
-0.05546344
-0.07365047
-0.08047896
-0.09018104
-0.09166774
-0.08288259
-0.05213013
0.001025286
0.01748081
0.03665307
0.04529162
0.031225
0.0320187
0.03714164
0.04051475
0.04095044
0.04347749
0.04192004
0.03522003
0.03181359
0.02755898
0.0195755
0.01566029
0.01886488
0.01518917
0.01086464
0.01478773
0.02510431
0.03650127
0.04604454
0.05390612
0.05671656
0.05779609
0.06298272
0.05607727
0.03499955
0.02975221
0.02478171
0.01432838
-0.01040477
-0.01981909
-0.01334589
-0.008738432
0.000276501
0.01530512
0.03586601
0.0395404
0.04779564
0.05510397
0.05251578
0.04606057
0.04555337
0.04140906
0.02919173
0.001852237
-0.01637482
-0.03121606
-0.04309854
-0.04802947
-0.0546514
-0.05819232
-0.05449726
-0.04531055
-0.03959801
-0.033385
-0.02195603
-0.02225647
-0.0336428
-0.037281
-0.04250371
-0.05054024
-0.05582752
-0.05880224
-0.05402427
-0.04454719
-0.04469294
-0.05364516
-0.05255008
-0.04697401
-0.03219015
-0.02473707
-0.01466898
-0.007113128
-0.01389818
-0.01984584
-0.01725268
-0.02116655
-0.0259285
-0.02910208
-0.03304593
-0.03702055
-0.034693
-0.03160759
-0.03113438
-0.02723895
-0.02044655
-0.01019357
-0.00104169
0.009957763
0.02033336
0.02962535
0.03663007
0.03585172
0.03567082
0.03919678
0.0393577
0.03971319
0.04363321
0.04730542
0.04535097
0.03885396
0.03742272
0.03434547
0.02757695
0.01638472
-0.000244682
-0.01398446
-0.02480678
-0.02813206
-0.02333832
-0.023624
-0.02300006
-0.01803322
-0.020496
-0.03561569
-0.05160748
-0.0501232
-0.05268748
-0.06091404
-0.06139763
-0.05518785
-0.05327212
-0.05052584
-0.04365388
-0.03453934
-0.02455851
-0.02314367
-0.0179757
-0.01159149
-0.00819755
-0.0001056161
0.0115127
0.01766821
0.02480609
0.03071804
0.03291932
0.03811044
0.03908916
0.03990083
0.04198224
0.04038498
0.04161709
0.04840176
0.05628946
0.05954271
0.06132901
0.06675098
0.0653432
0.05775903
0.05468268
0.04766969
0.0498298
0.04796545
0.03921125
0.03665529
0.03777647
0.04487677
0.05606615
0.06270289
0.07111704
0.0823136
0.09194548
0.09279554
0.0929147
0.09400274
0.08769972
0.07189918
0.05256779
0.04312881
0.04753219
0.04811297
0.04641494
0.04772525
0.04673961
0.04256239
0.04055768
0.03542464
0.02452165
0.008853099
-0.003732227
-0.02354624
-0.04754845
-0.06338142
-0.0818091
-0.09200935
-0.09724203
-0.09679118
-0.09275046
-0.08699529
-0.0805866
-0.06798441
-0.05819781
-0.05582591
-0.05765043
-0.06389815
-0.07853876
-0.08742026
-0.09861201
-0.1112332
-0.1139303
-0.1078635
-0.0896849
-0.04415298
-0.01382794
-0.01405211
-0.003836407
-0.01234204
-0.03019556
-0.03640793
-0.03797046
-0.038381
-0.0348255
-0.03475311
-0.03741165
-0.04007681
-0.04188388
-0.04028484
-0.02515078
-0.007131266
0.008886214
0.01787139
0.01975084
0.0220276
0.01867936
0.008096187
0.00182306
-0.0006551988
0.004642713
0.01031521
0.02592932
0.03182822
0.03178135
0.03365047
0.03455935
0.02640904
0.01596549
0.009061406
0.005339201
0.009642618
0.009028525
0.007471737
0.01367948
0.02385501
0.03269561
0.04200225
0.05110915
0.0500942
0.04706844
0.04032159
0.02636805
0.01511901
0.004207357
-0.004318118
-0.003053774
0.0004297386
0.0004679936
-0.005520046
-0.01453496
-0.01720168
-0.02025544
-0.02031293
-0.01876164
-0.01866915
-0.01566111
-0.003511061
0.003510327
0.00749505
0.01438904
0.01289347
0.008455537
0.008496624
0.004562879
-0.001311082
-0.00329425
0.0009909671
0.01190688
0.01527134
0.01920598
0.02659033
0.02837992
0.03087456
0.03409141
0.03506477
0.03531776
0.02384805
0.01691299
0.01329955
0.009481075
0.0197341
0.02745102
0.02753698
0.02816874
0.03128832
0.03364015
0.03484744
0.02926223
0.007893317
-0.004149988
-0.01542242
-0.02903143
-0.03695543
-0.0410523
-0.03502375
-0.02974171
-0.02740401
-0.02331562
-0.02188634
-0.02482617
-0.02624325
-0.02890948
-0.03123701
-0.02737446
-0.02436236
-0.02241613
-0.01766299
-0.008556311
-0.006209857
-0.01121819
-0.01338643
-0.01641002
-0.02000315
-0.02281318
-0.01759084
-0.01169981
-0.001372114
0.00869
0.01685397
0.02521453
0.02582604
0.02423095
0.02200188
0.02164045
0.02368973
0.02584436
0.02612945
0.02278153
0.01465809
0.01007033
0.01285396
0.03017296
0.03703937
0.0432144
0.05384075
0.0583029
0.0615718
0.06286171
0.06140304
0.05003638
0.03111079
0.008524269
-0.01721938
-0.02894795
-0.02852703
-0.04229092
-0.03079003
-0.02432122
-0.03060061
-0.03383372
-0.03268738
-0.03543829
-0.0402853
-0.04316278
-0.04648717
-0.05115243
-0.05506194
-0.05532384
-0.04388085
-0.03836501
-0.0341353
-0.02570045
-0.01668699
-0.005590572
-0.0002336218
0.002286428
0.005929413
0.004869064
-0.002533927
-0.005089599
-0.008858845
-0.01310615
-0.008265453
-0.001018027
-0.003847297
-0.008992931
-0.01526155
-0.01770464
-0.02281959
-0.02927292
-0.03305811
-0.03219367
-0.02813081
-0.01983658
-0.006631387
0.001188779
0.0108112
0.0176622
0.01431489
0.004100823
-0.009391287
-0.01500454
-0.01761255
-0.01143471
-0.003303744
0.0002560727
0.006567731
0.007861924
-0.005365713
-0.009918119
0.00248565
0.001058235
-0.001395605
-0.005105452
-0.01270051
-0.01935892
-0.02497468
-0.02910901
-0.01579095
-9.962749e-05
0.009162185
0.02168212
0.03190988
0.0399108
0.04606172
0.0489714
0.0551773
0.05895822
0.0533392
0.04715512
0.04528165
0.04022738
0.0385149
0.03862214
0.04055523
0.03883491
0.03471866
0.04038987
0.04248647
0.04197782
0.04360119
0.04355385
0.03708276
0.03392517
0.03524206
0.03320369
0.03075774
0.02909871
0.02501746
0.02117966
0.0147806
0.005906982
-0.003854826
-0.005753365
-0.0102403
-0.01395539
-0.01307936
-0.01468876
-0.01640623
-0.01707307
-0.01865139
-0.0201141
-0.02258704
-0.02497956
-0.0280899
-0.03333164
-0.03631868
-0.03776929
-0.04083222
-0.04173594
-0.04216309
-0.04385653
-0.04698022
-0.05316142
-0.05688755
-0.05876287
-0.05572252
-0.04790462
-0.04322415
-0.03812041
-0.03271726
-0.02642998
-0.01932491
-0.01645511
-0.01426364
-0.0116267
-0.0139915
-0.01640425
-0.01632902
-0.0131327
-0.00694322
0.004527375
0.01173421
0.01493821
0.01977982
0.0274006
0.0316718
0.03259077
0.03494137
0.02669061
0.02159334
0.02036726
0.01480056
0.01560231
0.02186328
0.01962931
0.01879888
0.02261057
0.02923808
0.04018788
0.04203655
0.04268439
0.04310404
0.03638485
0.02956693
0.02436638
0.0141471
0.01129325
0.00886146
0.002250461
-0.001653587
-0.004762092
-0.008232473
-0.0118669
-0.01530203
-0.01834893
-0.0172426
-0.01423291
-0.01189848
-0.009527949
-0.008457424
-0.009094291
-0.01302067
-0.02448028
-0.02751247
-0.03135729
-0.03404852
-0.03567711
-0.03344175
-0.02992
-0.02396871
-0.01642394
-0.008915488
-0.0007250969
0.00587972
0.008003122
0.007529378
0.011163
0.0110263
0.0100714
0.01101386
0.01093257
0.01031073
0.009706159
0.009346805
0.008835473
0.003931651
-0.00515776
-0.01015518
-0.01756807
-0.01191051
-0.0008249042
0.01288251
0.02103891
0.02522145
0.02317769
0.01797199
0.01039585
0.001443807
-0.008648821
-0.0211502
-0.03038403
-0.02905443
-0.02094165
-0.01472497
-0.004663416
-0.003545045
-0.002029395
0.00213904
-0.003712987
-0.008192317
-0.01198759
-0.02025714
-0.02539552
-0.02976208
-0.03104078
-0.02491193
-0.02081153
-0.01802751
-0.01287985
-0.007896104
-0.003486276
0.0009776399
0.005006917
0.006213812
0.00198139
-0.004085781
-0.00570938
-0.007510302
-0.007120782
-0.002849529
0.001126788
0.004571203
0.005704337
0.004846135
0.005043388
0.004909826
0.007772059
0.01276815
0.01829795
0.02340204
0.02779373
0.02707311
0.02307397
0.02297124
0.02736404
0.03517892
0.04049471
0.0449761
0.04507966
0.0450149
0.04175492
0.03994529
0.03870152
0.03716753
0.03714148
0.03628027
0.03538465
0.03499114
0.03437072
0.03372488
0.0323542
0.0259168
0.02163851
0.01734024
0.008470794
0.001274766
-0.006974408
-0.01084474
-0.0143238
-0.0202555
-0.0191742
-0.0172644
-0.01920601
-0.01871903
-0.01787764
-0.01793356
-0.0182201
-0.02310429
-0.02688187
-0.02829799
-0.0254625
-0.02295366
-0.02620509
-0.03051815
-0.03113469
-0.0332117
-0.03053519
-0.02491266
-0.02304128
-0.01758547
-0.01225145
-0.008175436
-0.006364085
-0.00460966
-0.008899678
-0.01370401
-0.01568122
-0.02025895
-0.0235264
-0.02576083
-0.02902926
-0.03035527
-0.02385246
-0.01667786
-0.01228143
-0.00399733
-0.00144444
-0.002959392
-0.006517653
-0.006345558
-0.008208107
-0.01099601
-0.01276241
-0.01482702
-0.01703727
-0.01905564
-0.01615865
-0.00148176
0.00800115
0.01782659
0.03106786
0.03020705
0.03437804
0.03500098
0.02529685
0.02224955
0.01891677
0.01238985
0.005941492
-0.00337669
-0.01230927
-0.01281717
-0.01217972
-0.01213117
-0.008316416
-0.005312231
-0.002867562
-0.003459516
-0.003984964
-0.001494313
0.0008843492
0.002747492
0.0009285765
-0.005026099
-0.008248968
-0.011556
-0.01297127
-0.005083639
0.002980906
0.01055185
0.01902034
0.01421142
0.007568187
0.00748856
0.008134731
0.009740367
0.01144923
0.01321317
0.01330245
0.01014071
0.005897611
0.002337242
-0.002528735
-0.00806383
-0.01278836
-0.01650273
-0.01541622
-0.01630855
-0.01202885
-0.005086383
0.001917067
0.01909031
0.02529088
0.02655515
0.02713379
0.02428075
0.0198651
0.01304959
0.0006257034
-0.007134286
-0.01391123
-0.01287215
-0.007199176
-0.006113982
0.0007918716
0.006306463
0.01178072
0.01261978
0.01175369
0.01482775
0.0157208
0.01555408
0.0133568
0.01019608
0.007380696
0.004937922
0.003715599
0.002619043
0.005986176
0.01193941
0.01390566
0.01783728
0.02155992
0.02224381
0.02199662
0.01810312
0.01653544
0.01479357
0.01166261
0.009229068
0.005450628
-0.001469
-0.006280068
-0.01128749
-0.01771796
-0.01778038
-0.009898637
-0.009210503
-0.007581811
-0.006804219
-0.009158809
-0.0075643
-0.004346226
-0.003681846
-0.005285533
-0.006316176
-0.006093395
-0.004893147
-0.002952129
-0.002353257
-0.004980625
-0.009942153
-0.01128547
-0.01349427
-0.01556308
-0.01552573
-0.01116567
-0.009703862
-0.0109646
-0.01150395
-0.01068747
-0.01014783
-0.008384395
-0.006950152
-0.003018722
-0.003497085
-0.006204092
-0.004670852
-0.0003287592
0.004978116
0.007533369
0.01099852
0.006374158
0.001087467
0.001570993
-0.000582284
4.351459e-05
0.003389913
0.003325269
0.004227637
0.005704359
0.004736364
0.0009532625
-0.0007117406
-0.005312417
-0.009879753
-0.01359919
-0.01868648
-0.02330786
-0.02511832
-0.0214643
-0.01233467
-0.008839724
-0.009404918
-0.01503776
-0.02041975
-0.02552129
-0.02383325
-0.01643036
-0.01549143
-0.009791873
-0.006107401
-0.01234444
-0.007927543
-0.002766166
0.0006615047
0.004684875
0.004108227
-0.001617874
-0.00543593
-0.007811036
-0.01160052
-0.01181257
-0.004485949
0.0007873168
0.00590456
0.01543052
0.02019734
0.02192609
0.02576857
0.02754185
0.02684165
0.01620365
0.01316107
0.01367289
0.01342663
0.01958819
0.02586501
0.03017924
0.03152431
0.02920926
0.02598956
0.02174302
0.01329018
0.007544413
0.001915742
0.0002656787
-0.000968407
-0.001729505
0.000395123
0.00448456
0.009674873
0.01694096
0.02073597
0.02437948
0.02539433
0.02060986
0.01632984
0.01068014
0.005686003
0.0009194122
-0.004096687
-0.00809555
-0.01143514
-0.01568696
-0.01896693
-0.02183495
-0.02066036
-0.01396113
-0.01106627
-0.005972123
0.001329962
-0.0004070819
-0.004977576
-0.006699844
-0.01066846
-0.01543467
-0.01739002
-0.01400809
-0.01175395
-0.00927822
-0.005827377
-0.005617372
-0.007131158
-0.008028584
-0.008819251
-0.01005801
-0.0122036
-0.01486538
-0.01388308
-0.01174785
-0.01158521
-0.01160208
-0.01222235
-0.003998876
-0.001081283
-0.002999972
-0.0001278413
0.001688077
-0.001691422
-0.00166711
0.002287148
0.005311834
0.007633002
0.009620944
0.009603971
0.01140664
0.01639811
0.02396809
0.02389956
0.01912572
0.0161593
0.005895683
-0.005457515
-0.007422144
-0.008977089
-0.01142559
-0.01370432
-0.01544582
-0.01831713
-0.01881077
-0.01137521
-0.008984142
-0.007587551
-0.002878834
0.001676365
0.002559596
0.0008523781
0.00303811
0.007644943
0.01698015
0.02061833
0.01537019
0.009201453
-0.001913322
-0.005269304
-0.002372603
-0.00113981
0.005668321
0.009622825
0.004783399
0.006414979
0.00873152
0.01243202
0.0180954
0.0178052
0.01538973
0.01520548
0.01437187
0.01826622
0.02188127
0.02263237
0.02334033
0.02266321
0.01687407
0.01382912
0.007804995
-0.001352974
-0.003358078
-0.002121778
-0.00129648
-0.002997259
-0.01114015
-0.01590797
-0.02323996
-0.02763886
-0.02497718
-0.02818432
-0.03077136
-0.03090279
-0.0323708
-0.03368063
-0.03452736
-0.03573287
-0.03470329
-0.03173584
-0.02609566
-0.0186514
-0.01057066
-0.0007688719
0.003716418
0.00748924
0.01470489
0.01459638
0.01207348
0.009491805
0.00635383
0.0003037909
-0.006304793
-0.01201142
-0.01328887
-0.01299023
-0.01009598
-0.002183347
0.007141375
0.01276156
0.01569017
0.02042205
0.02287475
0.01970685
0.01945942
0.01892263
0.01051209
0.006718984
0.004971006
0.001647421
-0.0002434632
0.003652607
0.007138275
0.007368317
0.008738844
0.01093885
0.01090827
0.008542007
0.008313896
0.006485666
0.002961831
0.00119283
-0.002592561
-0.01174917
-0.01758153
-0.02044546
-0.02507545
-0.02680455
-0.02459335
-0.01635046
-0.01454186
-0.01325697
-0.009835083
-0.009693308
-0.01217539
-0.01181153
-0.01157208
-0.009684816
-0.007295971
-0.002851997
0.0007139952
0.003843418
0.007281077
0.01000071
0.008107124
0.008124511
0.009221302
0.008707681
0.01322298
0.01973263
0.02071899
0.02221524
0.02032958
0.01569258
0.01410293
0.01116198
0.007439517
0.004483876
0.003689504
0.006139286
0.005811821
0.005843537
0.007127146
0.007738836
0.008351854
0.009173371
0.009626291
0.009263045
0.009226927
0.005887517
0.001210232
-9.425512e-05
-0.003154152
-0.006063104
-0.005924994
-0.00374099
-0.003552862
-0.0003229617
0.006230262
0.006321597
0.003335322
-0.005976359
-0.01096117
-0.01579138
-0.02286068
-0.02516616
-0.02493641
-0.02355307
-0.02269347
-0.02264962
-0.02118178
-0.01855845
-0.005664261
0.004622572
0.01158816
0.02284162
0.03067322
0.03202933
0.03000079
0.02761989
0.02683541
0.02569138
0.02364781
0.02190176
0.02040468
0.01872779
0.01695295
0.01516932
0.01345454
0.01169453
0.01006727
0.009357068
0.008253357
0.007139405
0.008177948
0.008964161
0.008843534
0.009287292
0.008065824
0.007073446
0.007591249
0.01329546
0.01745705
0.01838895
0.01958442
0.02190041
0.02138387
0.02077557
0.01857009
0.01408378
0.005744668
-0.007231014
-0.0160298
-0.01902541
-0.0245784
-0.02783239
-0.03105733
-0.0335661
-0.03392516
-0.03522768
-0.03203964
-0.02832423
-0.02431362
-0.02131726
-0.02018968
-0.02198007
-0.02360137
-0.02261425
-0.02078404
-0.01666354
-0.009434588
-0.009058672
-0.007663989
-0.002366691
0.0006952795
0.003277489
0.006519997
0.009574042
0.01324745
0.0161881
0.01365202
0.007126361
0.004202339
0.0001727608
-0.006152701
-0.01213239
-0.01689064
-0.02079878
-0.02182681
-0.01965795
-0.01436264
-0.008504767
-0.001677431
0.003605973
0.006671239
0.008254523
0.005083661
0.003031466
0.001312355
-0.00156667
-0.00392216
-0.001266092
0.002806625
0.004715269
0.006029629
0.004221314
-0.001217694
-0.005465387
-0.01248034
-0.01826563
-0.02078459
-0.02364947
-0.02611872
-0.02686527
-0.02471511
-0.02428589
-0.02331882
-0.02067619
-0.01860182
-0.01697238
-0.01543919
-0.01453376
-0.01422127
-0.0151532
-0.01499929
-0.01377978
-0.01032535
-0.002301414
0.004467054
0.009994483
0.01924596
0.0292894
0.03392164
0.03685669
0.03957225
0.04320107
0.04436679
0.04072467
0.0362464
0.03484607
0.03410358
0.03232517
0.03363134
0.03435288
0.03378702
0.03306593
0.02897288
0.02431969
0.02156486
0.01686568
0.01247149
0.01127276
0.0145977
0.01490725
0.01441564
0.01246487
0.009896593
0.008366719
0.006203885
0.003667306
0.0007498548
-0.001967962
-0.004403649
-0.007135791
-0.009415288
-0.00875529
-0.0079276
-0.008986609
-0.008723652
-0.007894828
-0.006624995
-0.005369368
-0.005029456
-0.009192595
-0.01207195
-0.01317897
-0.01607644
-0.01560442
-0.01025717
-0.008381613
-0.006712402
-0.004160722
-0.003897381
-0.005715272
-0.006830987
-0.0116658
-0.01677515
-0.02357415
-0.0304162
-0.03486528
-0.03844298
-0.04177125
-0.04087519
-0.03625024
-0.03314856
-0.02686818
-0.02118183
-0.0138458
-0.005566607
-0.001449794
0.003623535
0.006583796
0.004930249
0.007581236
0.01110897
0.01651895
0.02074087
0.02466282
0.02796623
0.02334239
0.01943586
0.01845765
0.01499747
0.01273837
0.01191333
0.0103841
0.00881962
0.007638611
0.00680628
0.008980219
0.01356593
0.01572768
0.01459331
0.01027563
0.004715196
-0.001031625
-0.01199341
-0.01743533
-0.01912865
-0.02063759
-0.01770039
-0.009672654
-0.005516169
0.0001286355
0.0046415
0.004694139
-0.0009327561
-0.00481773
-0.006497704
-0.009538935
-0.0101357
-0.01076204
-0.01248738
-0.01372988
-0.01774411
-0.01910706
-0.0172402
-0.01327178
-0.003778017
0.005830794
0.01670311
0.02229446
0.02080298
0.01892999
0.02132906
0.02117087
0.02196155
0.02254117
0.0162368
0.01024056
0.009489541
0.007618475
0.003966979
0.002439473
0.0006666207
-0.001652663
-0.003041394
-0.004085465
-0.005696185
-0.006619783
-0.007234285
-0.00808112
-0.008131474
-0.008437219
-0.007851982
-0.006410863
-0.004292582
-0.0009927971
0.002890079
0.007035273
0.01143072
0.01360903
0.01419004
0.01401371
0.01467951
0.01622918
0.01652122
0.01471309
0.01419284
0.01337467
0.01163441
0.009894497
0.005494927
-0.0006549762
-0.006097916
-0.01097948
-0.01660046
-0.02154925
-0.02471504
-0.02367662
-0.02101126
-0.01945278
-0.01734855
-0.01472862
-0.01272597
-0.01183897
-0.01520795
-0.01560704
-0.01502815
-0.01678038
-0.01746561
-0.01697999
-0.01461846
-0.01252516
-0.01098623
-0.00931656
-0.009279185
-0.008496431
-0.004326251
0.001015047
0.003218414
0.006875545
0.01037597
0.01191452
0.01161852
0.01105952
0.008875728
0.008041991
0.00673798
0.005295259
0.005021071
0.005987115
0.006180037
0.006227694
0.006847194
0.006404885
0.002865016
-4.569113e-05
-0.002427989
-0.005133268
-0.008156202
-0.01136522
-0.0154084
-0.01557616
-0.01477063
-0.01372954
-0.01134142
-0.005713179
6.034517e-05
0.003044802
0.003889553
0.002313792
-0.002219714
-0.002883673
-0.005350054
-0.008533921
-0.003531328
0.0007873712
-0.001275542
-0.00399395
-0.008010469
-0.01069628
-0.01363875
-0.01745441
-0.0191968
-0.01878709
-0.01724826
-0.01248154
-0.008607973
-0.006056151
-0.002876305
-0.0006137313
0.0008153745
0.001585053
0.003106541
0.003533808
0.004044374
0.007067838
0.01340972
0.02071037
0.02497685
0.02761916
0.02990703
0.03152569
0.03219159
0.03291885
0.0305802
0.02552968
0.02534351
0.02265659
0.01662976
0.01552732
0.01828708
0.02118754
0.02001229
0.02189537
0.02398402
0.02109556
0.01956393
0.01733821
0.01458068
0.01055898
0.004450214
0.0009217104
-0.002594261
-0.003973472
-0.005902623
-0.008034428
-0.009262141
-0.01103457
-0.01293761
-0.01432578
-0.01544136
-0.0166706
-0.01753506
-0.01842184
-0.01865535
-0.01847954
-0.01651815
-0.01450395
-0.0123074
-0.01038469
-0.007107909
-0.004571357
-0.005697943
-0.005395364
-0.004418456
-0.004957448
-0.00530975
-0.004955379
-0.005747433
-0.007409611
-0.00835627
-0.01009621
-0.01213432
-0.01312356
-0.014173
-0.01554292
-0.01587105
-0.01237027
-0.009487452
-0.006310304
-0.001446572
0.003455783
0.01010575
0.01187457
0.01273161
0.0176688
0.01917334
0.01652052
0.01390444
0.01329841
0.01142395
0.01008629
0.008839022
0.007154369
0.005146243
0.003550473
0.004039091
0.004588119
0.00383112
0.001727181
-0.001102705
-0.003580477
-0.007593742
-0.01122722
-0.01591432
-0.01982928
-0.02177492
-0.02203754
-0.02011504
-0.02008929
-0.01747557
-0.01339265
-0.008222943
-0.003383235
0.001221604
0.006233312
0.008609317
0.007937233
0.005576796
0.0008754528
-0.003083826
-0.006701791
-0.01059273
-0.0115524
-0.01378006
-0.0164278
-0.01658278
-0.01588896
-0.0159724
-0.01479479
-0.01337286
-0.01046976
-0.007223712
-0.004256458
0.001745971
0.006028336
0.006300536
0.01246349
0.01925928
0.01845135
0.01957261
0.01859262
0.01441701
0.01125182
0.005811854
0.001576867
-1.391984e-05
-0.003358237
-0.004575938
-0.002771672
-0.002391471
-0.003585709
-0.004653209
-0.005808947
-0.008052446
-0.009873823
-0.01119978
-0.01292236
-0.01469949
-0.01630181
-0.01795198
-0.01610758
-0.01078519
-0.009352722
-0.006469511
-0.0003095335
0.001232977
-0.0003198766
0.002253586
0.003513176
0.003431169
0.00433043
0.005121822
0.005643264
0.007441209
0.01035386
0.01296252
0.01539448
0.01522607
0.009176096
0.007114197
0.005779385
0.001756013
0.000959266
0.001801263
0.003986169
0.006137844
0.007856866
0.009538902
0.009925131
0.008573663
0.007936747
0.008281517
0.00738392
0.006708254
0.006259405
0.005566067
0.004962416
0.004320422
0.003439252
0.002683629
0.002417432
0.002518785
0.002019072
0.0005788291
-0.001083571
-0.003601049
-0.007217673
-0.009223306
-0.01016762
-0.01226733
-0.01344262
-0.01416741
-0.01290215
-0.01039575
-0.008995838
-0.007970338
-0.00770567
-0.008794744
-0.009335142
-0.008450558
-0.007888741
-0.00686126
-0.005288547
-0.004013495
-0.002715705
-0.001257316
9.946107e-05
0.0005220299
-8.537976e-05
-0.0010986
-0.001422926
-0.001659978
-0.0007000281
0.0006948292
0.0004904208
0.0006666586
0.001465304
0.001612053
0.001774278
0.004515353
0.007892637
0.009306586
0.01152351
0.01359438
0.01549194
0.01524886
0.009873142
0.009833859
0.008666835
0.006513531
0.007794316
0.007526352
0.006854354
0.007117876
0.006866258
0.006660248
0.00681711
0.006726369
0.005110718
0.002663564
0.001236061
0.0004691481
0.001820796
0.005101535
0.005190929
0.006692397
0.008417445
0.007361938
0.00586815
0.005865083
0.00480184
0.004078933
0.006635809
0.01016108
0.01291018
0.01515072
0.01775899
0.02106569
0.02436056
0.02408126
0.02059726
0.01653275
0.009623164
0.005558984
0.003439705
0.002722773
0.0002573139
-0.001765519
-0.002764243
-0.003058289
-0.003442611
-0.002137967
-0.0008411295
-0.0005210864
0.0007178609
0.002569675
0.003792254
0.003963705
0.002859721
0.002771953
0.002811404
0.002335254
0.002523097
0.002516004
0.00189328
0.001006682
0.002262109
0.005246557
0.007017419
0.0068806
0.006639353
0.005486091
0.003779985
0.0009332491
-0.001979131
-0.004297943
-0.007159036
-0.01015025
-0.01216327
-0.01186964
-0.01046187
-0.008079467
-0.005161673
-0.003200634
-0.0009070466
0.0002984909
0.0009653576
-0.002833184
-0.004181724
-0.004458008
-0.006513129
-0.007866269
-0.008614354
-0.006691924
-0.004242021
-0.003213528
-0.001001765
0.001698307
0.002164782
0.0009068974
-0.00112376
-0.002597253
-0.004764332
-0.007749556
-0.009657859
-0.01143334
-0.01317124
-0.01479374
-0.01690565
-0.01537068
-0.0105239
-0.007622057
-0.003122311
0.0007597845
0.003018693
0.004910968
0.005767958
0.003118609
0.002357695
0.001065086
-0.00105633
-0.002666708
-0.002435574
-0.00158897
0.0004357313
0.00276175
0.005117581
0.006816071
0.006109837
0.003000303
0.001159802
-0.002658073
-0.007793272
-0.01183149
-0.01441579
-0.01342753
-0.0105702
-0.008670659
-0.006895417
-0.005559973
-0.006146271
-0.006223412
-0.007579903
-0.00874637
-0.009307173
-0.009959211
-0.01084574
-0.01158481
-0.01056193
-0.006898221
-0.004988191
-0.003535622
-0.00334686
-0.007144406
-0.007802848
-0.007723045
-0.007629561
-0.003295607
-0.0005483176
0.001278298
0.004694489
0.00729802
0.009589181
0.01242575
0.01461599
0.01269889
0.01049596
0.01000978
0.007861435
0.005693406
0.003997478
0.001963197
-0.0007076604
-0.002543732
-0.002591245
-0.003529993
-0.003751874
-0.004108952
-0.00452367
-0.004747031
-0.004949095
-0.003992106
-0.002855158
-0.002467692
-0.00159895
-0.001443433
-0.003169945
-0.003661546
-0.004083177
-0.002369046
0.003409333
0.004816161
0.007077108
0.009885516
0.009832225
0.01027477
0.009785876
0.009602692
0.009229299
0.008494193
0.007959489
0.006685478
0.005398221
0.004471292
0.004158721
0.005883999
0.006327919
0.006642663
0.007712734
0.007113153
0.005080872
0.002690487
0.0005786089
-0.001469361
-0.002829434
-0.001665009
0.001984123
0.004111792
0.006242888
0.008791703
0.008285538
0.005379047
0.003664799
0.002024976
-0.0004167143
-0.002418158
-0.003251431
-0.002940803
-0.002003005
-0.001226488
0.0002583298
0.001417415
0.00265509
0.003249664
0.001730251
2.312772e-05
-0.000493858
-0.001841829
-0.001773358
0.0008664981
0.001433707
0.0002929579
-0.003127908
-0.005505984
-0.007616957
-0.01059681
-0.01343126
-0.01581775
-0.01749873
-0.0157425
-0.01202264
-0.010409
-0.007930221
-0.00483089
-0.003046094
-0.001981895
-0.001815084
-0.001937884
-0.001356461
-0.001311232
-0.001063339
0.0003234329
0.00111295
0.001926867
0.004667583
0.007135132
0.009132452
0.01244188
0.01320446
0.01014007
0.005492542
0.001609446
-0.001637938
-0.002967879
-0.003316958
-0.002540761
-0.001455747
-0.001910209
-0.002823677
-0.003016314
-0.004216361
-0.005292128
-0.00593772
-0.00563699
-0.005617682
-0.00609868
-0.007322278
-0.008495781
-0.009141389
-0.00868071
-0.006702917
-0.005627648
-0.005139319
-0.007222282
-0.008966614
-0.009989411
-0.01164287
-0.01043024
-0.006638803
-0.005502204
-0.003697725
-0.0009216096
0.001233829
0.003519881
0.006096619
0.004831096
0.003046715
0.003672551
0.003166887
0.004869403
0.006086721
0.006475235
0.006707147
0.004426211
0.003544964
0.002910059
0.004077721
0.007493406
0.008331205
0.01009905
0.01103857
0.008596631
0.007799746
0.007441741
0.00589939
0.004705163
0.00366296
0.002512954
0.001985463
0.001485096
0.003832252
0.006792498
0.007815949
0.009540867
0.00833955
0.005346373
0.005019023
0.003683367
0.004165078
0.006237322
0.005750993
0.003223215
0.0005246544
-0.001880511
-0.004399326
-0.00727465
-0.009902928
-0.01138322
-0.01227334
-0.008809582
-0.00720924
-0.006481946
-0.004048856
-0.002084942
-0.001294063
-0.003328285
-0.003483119
-0.003031186
-0.003576094
-0.000678349
0.001681627
0.00328623
0.005734022
0.006659083
0.006478896
0.008773596
0.01074589
0.0116559
0.0135086
0.01309575
0.008340521
0.002120948
-0.002265679
-0.005813066
-0.009138387
-0.009164023
-0.006747161
-0.004945419
-0.003986204
-0.002892082
-0.004326249
-0.006112411
-0.007058966
-0.006961731
-0.007185743
-0.006394293
-0.004576341
-0.002757162
-0.0009467213
0.001355051
0.003854979
0.005781378
0.005623219
0.005716078
0.006408037
0.005823294
0.004684948
0.001980328
-0.0009491242
-0.002959774
-0.003748373
-0.002540152
-0.001214544
-0.001153997
-0.0006903513
-0.00490154
-0.009325882
-0.01133259
-0.012847
-0.01446677
-0.01439579
-0.01354571
-0.01213556
-0.01093888
-0.009078284
-0.007343678
-0.005662886
-0.003730498
-0.003385606
-0.00361432
-0.002599531
-0.002222168
-0.001838588
0.0008057404
0.003148652
0.004383239
0.005962287
0.005632022
0.006046867
0.006896606
0.00698731
0.006749511
0.004681393
0.001886159
-0.0004744624
-0.002436529
-0.002348433
-0.001599715
0.0002191163
0.001954325
0.003640817
0.005607951
0.007576732
0.009348366
0.01008978
0.01111644
0.01250104
0.01346397
0.01441515
0.01462061
0.01370629
0.0102597
0.009350958
0.008732516
0.006447551
0.00498411
0.003662383
0.002224527
0.001384345
0.0002543495
-0.0009462519
-0.001869246
-0.002245438
-0.001189622
0.0005252627
0.001888679
0.003497253
0.004585091
0.003651547
0.003822998
0.004280116
0.003939357
0.003839658
0.003344501
0.002530393
0.002153368
0.001512229
0.0007688781
0.0001740655
-0.001195754
-0.003064334
-0.004446251
-0.006708141
-0.008584095
-0.008148937
-0.006272246
-0.004224667
-0.002864642
-0.002386235
-0.00486892
-0.006143906
-0.006975686
-0.008272343
-0.007459471
-0.00632622
-0.005334787
-0.00310635
-0.0007225739
0.0007758145
0.0006718144
0.001160156
0.00220435
0.002500201
0.002941807
0.004257797
0.005716962
0.006621945
0.005866578
0.003926714
0.004371897
0.003884612
0.002771199
0.002320086
0.001718524
0.001041897
0.0008530384
0.000599214
0.00015226
0.0001701288
0.002402704
0.004924648
0.006661898
0.007642552
0.006368715
0.006616838
0.006955034
0.00583705
0.00489517
0.003496802
0.0007888057
-0.0008729511
-0.002115648
-0.001685351
-0.001295978
-0.000670883
-0.0001340786
0.0005346021
0.001085044
-0.00029835
-0.001504718
-0.002000916
-0.003668736
-0.005037175
-0.005838465
-0.006880298
-0.007129353
-0.004981279
-0.002102511
0.0002955885
7.586187e-05
8.718412e-05
0.001553069
0.001910136
0.003018636
0.005672938
0.007036259
0.006773568
0.006361769
0.007081286
0.007067023
0.006859136
0.006732602
0.006545822
0.006005938
0.002932922
0.0009284882
0.0008812021
0.001470932
0.002990223
0.004298909
0.002509259
0.0009599246
0.001037158
0.0002973725
0.002568891
0.004341137
0.004134395
0.005080482
0.006196688
0.005160497
0.004425895
0.003591041
0.00071687
-0.0009917996
-0.002660424
-0.004946312
-0.006916841
-0.008447953
-0.01003314
-0.01181958
-0.01278206
-0.01153073
-0.01152284
-0.01180392
-0.0109971
-0.008878888
-0.007275594
-0.00591752
-0.004186395
-0.00510847
-0.006365443
-0.005771467
-0.006257571
-0.006789716
-0.005003776
-0.002401592
-0.001219373
-0.001126957
-0.0008775971
-0.001892886
-0.002464125
-0.003013825
-0.004381955
-0.002836411
-0.001489603
-0.003289658
-0.004195059
-0.004017564
-0.004872383
-0.005250939
-0.004496642
-0.00240299
0.000615184
0.004063216
0.006797047
0.01003736
0.0130992
0.01499631
0.01575807
0.01427426
0.01065156
0.009652746
0.007629757
0.005078078
0.004924842
0.004154802
0.002666439
0.001572489
-0.002247635
-0.004572655
-0.004306324
-0.006103283
-0.007927641
-0.008835796
-0.01018802
-0.01159023
-0.01242737
-0.01052816
-0.009401048
-0.008243477
-0.005312257
-0.003517868
-0.001496838
0.001455223
0.002788713
0.001124668
0.00163544
0.004023757
0.007921123
0.009579014
0.008788171
0.009142943
0.007839643
0.006680483
0.005916897
0.004552344
0.003328492
0.0008235219
-0.003139873
-0.005547867
-0.007153082
-0.008441926
-0.009207376
-0.006485074
-0.004718345
-0.002949361
-0.0006566881
0.00154813
0.003760842
0.006012225
0.007303967
0.007683982
0.008714074
0.005987206
0.003614926
0.003941811
0.002909042
0.002706118
0.002479682
0.001984985
0.001816454
0.001589336
0.001291734
0.000390024
-0.001472775
-0.002524514
-0.003594595
-0.003979376
-0.001342534
9.739278e-05
0.001692831
0.00395842
0.005904024
0.006747977
0.006420944
0.005337682
0.003149287
0.002144829
0.00112291
0.0001211654
-0.001085701
-0.002152432
-0.003152049
-0.004218356
-0.004628713
-0.004400947
-0.004891058
-0.005173298
-0.005534745
-0.007992247
-0.009591152
-0.009914335
-0.009348336
-0.009575812
-0.008792186
-0.007685628
-0.00512877
-0.002390968
-0.0005646162
0.001718907
0.002146896
0.002513124
0.002851264
0.001379535
0.0008855102
-0.0007250482
-0.002564219
-0.003772733
-0.005407496
-0.007157456
-0.00874081
-0.01019459
-0.01012286
-0.0100688
-0.00994302
-0.009258567
-0.008669591
-0.006971806
-0.005688498
-0.005219301
-0.005171284
-0.004516078
-0.004021648
-0.003768127
-0.003334079
-0.002210603
-0.0007540947
0.001528236
0.004269568
0.006169783
0.006626137
0.006471788
0.006573303
0.005566022
0.004959055
0.003023704
0.001349615
0.0001278672
-0.0003610535
5.623715e-05
-0.0006644086
-0.0009477452
-0.0009273657
-0.001187911
-0.001512841
-0.002738454
-0.003756974
-0.004431515
-0.004592832
-0.003699035
-0.001970541
0.0001931496
0.0016055
0.003512606
0.006132092
0.00892308
0.01010152
0.009177479
0.009256089
0.00827745
0.00716654
0.00588912
0.004509996
0.003314572
0.003294178
0.003746483
0.003045972
0.001399047
6.376777e-05
-0.0008194832
-0.00208535
-0.002381293
-0.002734636
-0.001985121
-0.0002770605
0.0002097694
0.001150577
0.001513739
0.00147784
0.002059573
0.002331408
0.002494412
0.002805771
0.003065265
0.003320884
0.003696706
0.004802836
0.006625967
0.006897906
0.002809046
0.001453255
0.001036776
-0.001487704
-0.002452833
-0.0002660329
-2.845086e-05
-9.552071e-05
0.00102872
0.00171252
0.001970508
0.001386761
0.001283679
0.001315829
0.0007966802
0.0002772539
-1.696635e-05
-0.0004505575
-0.001026721
-0.0016372
-0.00214479
-0.002707177
-0.003290743
-0.004071805
-0.005080739
-0.00584667
-0.006676869
-0.006339468
-0.0051048
-0.005142794
-0.004692008
-0.004216084
-0.004021088
-0.003881618
-0.0054735
-0.00640232
-0.006892467
-0.007465858
-0.005876681
-0.00528847
-0.005353043
-0.004530995
-0.003999885
-0.004674471
-0.00492452
-0.004659635
-0.00301833
-0.0008184564
0.0008567144
0.002621514
0.003487906
0.003804071
0.005054107
0.005849144
0.006411607
0.007053022
0.007702254
0.008344269
0.00896606
0.008873894
0.00775572
0.007426796
0.006363488
0.005228029
0.005582284
0.006114234
0.005731513
0.004622731
0.001798098
0.0003432351
-0.0008993761
-0.001670614
-0.002719085
-0.00346806
-0.001067231
3.759306e-05
0.0001900052
-0.0006701754
-0.001640573
-0.001758269
-0.002562988
-0.002551126
0.0009749289
0.004497977
0.006060934
0.006295342
0.005345258
0.004163132
0.004143649
0.003244909
0.002156032
0.001461479
0.0007097445
0.0002313773
5.305653e-05
0.00227888
0.003553134
0.003882452
0.002698073
0.00195266
0.001430734
-0.0002387693
-0.001347221
-0.002457133
-0.002478902
-0.001468568
-0.00180939
-0.001192753
0.000183073
0.0007589668
0.001551726
0.0008569805
-0.001675668
-0.002317909
-0.003498872
-0.005295489
-0.006597305
-0.007042023
-0.007238094
-0.008098009
-0.008585381
-0.008866656
-0.007318627
-0.004719074
-0.003346197
-0.001473655
0.0007344237
0.002073642
0.00258308
0.003904448
0.004900874
0.004308575
0.00425029
0.004618103
0.00442262
0.004332624
0.00520145
0.007191845
0.008147657
0.00827678
0.00673841
0.006387697
0.006109728
0.005484196
0.005718963
0.00552137
0.005006899
0.003154989
0.00188506
0.00096825
-0.0005410957
-0.001561211
-0.0003299387
-0.0001272687
-0.0003270152
0.0004443348
0.0008922119
0.001222155
0.001690936
0.001023228
-6.224142e-05
-0.000258253
-0.0006375657
0.0008440042
0.001989967
0.001947063
-0.0003458358
-0.001879052
-0.002525938
-0.004274955
-0.005801257
-0.006895013
-0.008170848
-0.007847209
-0.007302873
-0.008850927
-0.009065961
-0.00576433
-0.00460592
-0.003727486
-0.001044446
0.0002839922
0.0006475103
0.0009425064
0.0003155797
-0.000174823
-0.0006287486
-0.001505416
-0.001498161
-0.001568342
-0.002140977
-0.002504439
-0.00290583
-0.002607504
-0.002034026
-0.002092213
-0.002847737
-0.004478699
-0.005172319
-0.005774854
-0.004327055
-0.0036315
-0.002656088
-0.0004635043
0.0007683323
0.001340921
0.001444492
0.001122716
-0.00101386
-0.001727042
-0.002251136
-0.002584935
-0.001413903
-0.00136497
-0.001046662
-0.0002628494
0.0008101835
0.002537127
0.00350963
0.003643594
0.004314899
0.004242396
0.003620444
0.002850062
0.002700097
0.002699728
0.001726816
0.001141664
0.002134068
0.002988687
0.003096825
0.003837508
0.00468962
0.00568036
0.00537993
0.003862479
0.004648085
0.005338591
0.005314774
0.006597694
0.007418881
0.008007605
0.008536446
0.008183773
0.006965669
0.006681134
0.006054807
0.005028167
0.004383474
0.00465965
0.004970334
0.00420935
0.003081926
0.002659325
0.001958387
0.001001219
0.0004643892
6.487529e-05
-0.0008270495
-0.001637497
-0.002072442
-0.002447776
-0.002171463
-0.001480188
-0.001428579
-0.001404183
-0.001471308
-0.001355805
-0.00100372
-0.0004865044
-4.023914e-05
0.0007410791
0.001387182
0.00221369
0.002914408
0.002501894
0.002383263
0.001412559
-0.0004403038
-0.00120466
-0.002031493
-0.003253462
-0.004167549
-0.00453116
-0.004783041
-0.002321349
-0.0007550316
0.0004186795
0.002124456
0.001206306
0.0008934244
-0.0008238867
-0.002612318
-0.003190273
-0.004150867
-0.004322286
-0.003904183
-0.003494138
-0.002603172
-0.002274008
-0.00197621
-0.001501458
-0.00245445
-0.003052627
-0.001932601
-0.0008873406
-0.0007561011
-0.000309488
-0.0008543585
-0.001237324
-0.001645293
-0.002222829
-0.003032277
-0.004514382
-0.005460056
-0.005637908
-0.006380849
-0.006555326
-0.005825011
-0.006195813
-0.006364259
-0.00625962
-0.006597742
-0.006830751
-0.007133005
-0.00744788
-0.006907171
-0.005588966
-0.00557397
-0.00585289
-0.005271374
-0.003989284
-0.002879967
-0.003263099
-0.003189812
-0.003169818
-0.004088103
-0.00435737
-0.004446837
-0.004331393
-0.004230837
-0.002623252
-0.001291953
-0.00051715
0.0009548081
0.002357949
0.003553425
0.004802027
0.006022086
0.006036371
0.00547079
0.00552867
0.004446411
0.003091997
0.002351534
0.001237665
6.210946e-05
0.0004296167
0.0009621829
0.001175346
0.002850472
0.002857631
0.002063874
0.002159444
0.0004593469
-0.0005389856
-0.0006440915
-0.001072472
-0.0006684459
-0.0006152235
-0.0005551391
-3.506797e-05
0.001308509
0.002134496
0.002060126
0.002541978
0.003176297
0.003395957
0.002184332
0.0005306539
0.0002266669
-0.0008198646
-0.001272809
-0.0002095674
-0.0003202508
-0.0008274072
-0.0008980502
-0.001608017
-0.003198671
-0.004156664
-0.00542361
-0.006250858
-0.003045427
-0.0008312436
0.0008821077
0.003381379
0.004369719
0.004268139
0.003522139
0.001206557
-0.0003963802
-0.001426701
-0.002237339
-0.002184812
-0.002641496
-0.002350296
-0.0005930179
9.09209e-05
0.0001074985
0.0009283897
0.001173313
0.0008710899
0.000450376
-0.0009704395
-0.002048976
-0.002995897
-0.00402226
-0.004990133
-0.005949596
-0.006824976
-0.006801131
-0.005187948
-0.004533226
-0.003591756
-0.002883878
-0.002348344
-0.002025843
-0.002272212
-0.0009754456
-0.000177358
-0.001813963
-0.002477627
-0.002879531
-0.003110758
-0.002404168
-0.002503151
-0.001492719
-0.0006875211
-0.001278257
-0.001245434
-0.0009460464
-0.001111482
-0.001189856
-0.001410451
-0.001619548
-0.002005695
-0.002586404
-0.00197386
-0.001768378
-0.002307309
-0.002170065
-0.001998316
-0.001862353
-0.001769679
-0.002917553
-0.001579782
-0.0006455868
-0.001794609
-0.001582803
-0.001337022
-0.001816339
-0.001939402
-0.00214208
-0.00214911
-0.0001815879
0.0009484049
0.001800037
0.003337492
0.003233218
0.003345781
0.005163124
0.006042464
0.006840208
0.008101776
0.009219591
0.01025566
0.01052662
0.01067606
0.01061469
0.009516841
0.009014002
0.006656034
0.00377254
0.003619289
0.003711476
0.002195199
0.001981192
0.002029428
0.001409776
0.0005979247
-7.309395e-05
-0.0003710559
-0.0009292538
-0.001894985
-0.00230407
-0.0001945763
0.0005566183
0.001097195
0.004074357
0.006440923
0.006950944
0.008389518
0.009037117
0.009602605
0.01010598
0.007545508
0.0059008
0.004377051
0.001978879
-0.001114875
-0.003831726
-0.005962054
-0.007063184
-0.007084895
-0.006168605
-0.005904376
-0.005573778
-0.004721654
-0.004082596
-0.003759633
-0.003720567
-0.004025646
-0.005008936
-0.00530743
-0.004757973
-0.00453218
-0.00466444
-0.004157673
-0.001970407
-0.0007074739
-0.001165484
-0.0004710995
-0.001293526
-0.002585508
-0.002737431
-0.003239855
-0.004024559
-0.004406092
-0.004544848
-0.004952593
-0.004980519
-0.00446921
-0.005196239
-0.006314958
-0.004781983
-0.00306512
-0.002807096
-0.001101635
0.0007216545
0.001581924
0.00245236
0.003281291
0.003416563
0.004502034
0.005872003
0.006568615
0.00762784
0.008128665
0.007861124
0.007538732
0.005841616
0.004912672
0.004124584
0.002965014
0.001922021
0.001518761
0.001288655
0.00168477
0.002876728
0.001775819
0.001587432
0.003693471
0.004525845
0.004331267
0.005089742
0.004595738
0.002882865
0.002227872
0.002740193
0.003556154
0.003309228
0.003019487
0.00245578
0.002297235
0.001793494
0.00100098
0.0005475482
0.001034147
0.001820922
0.001761236
0.001521364
0.001668683
0.001768494
0.001699098
0.00224706
0.003564595
0.002921574
0.001535717
0.002397905
0.003222042
0.00326584
0.004748777
0.005494591
0.005056141
0.005692296
0.006265405
0.005556275
0.003892914
0.003324179
0.002611812
0.001385964
-8.445717e-05
-0.001541568
-0.002308581
-0.002719718
-0.002406533
-0.003480206
-0.005694105
-0.006330651
-0.007098685
-0.008536905
-0.009346001
-0.008241961
-0.006038081
-0.005034559
-0.002329589
0.001656575
0.00552918
0.005273264
0.006976335
0.007555194
0.006663206
0.006069626
0.005454113
0.005530747
0.005387059
0.005261303
0.0053289
0.005556625
0.005854613
0.006011877
0.004672455
0.001808814
0.001283342
0.0008846927
-0.0009321736
-0.00312334
-0.004576427
-0.004981159
-0.005923604
-0.006065144
-0.005363662
-0.005978659
-0.006316257
-0.004632985
-0.003458586
-0.002929007
-0.001349093
-3.187114e-05
0.000418717
0.001048823
0.001785554
0.001894006
0.002322714
0.003046299
0.003530481
0.00451203
0.005760734
0.005258109
0.00489023
0.002953422
0.001469027
0.000147514
-0.001930905
-0.003447591
-0.004450814
-0.004403062
-0.004954493
-0.005396414
-0.005210492
-0.005005993
-0.004241535
-0.003718942
-0.003464017
-0.002897475
-0.002814772
-0.00326043
-0.003157581
-0.003362013
-0.004278021
-0.004499288
-0.002663858
-0.001611791
-0.001107696
0.0003312087
0.0008667505
0.001160687
0.002607632
0.003542074
0.002672728
0.002817078
0.002546388
0.001595819
0.00152323
0.001288143
0.001003664
0.001853811
0.002032277
0.0009252233
0.0006017928
0.0001462176
-0.0006522869
-0.001037706
-0.001349716
-0.00119381
-0.0002052714
9.158237e-05
0.0009598725
0.002134391
0.004269462
0.005547278
0.006049766
0.007412644
0.008083547
0.008237559
0.00832928
0.007925042
0.006204338
0.005331727
0.003594834
0.001419869
0.00138194
0.001193203
-5.621034e-05
-0.0006354198
-0.001109292
-0.001771253
-0.00231676
-0.00312383
-0.004103683
-0.004583013
-0.003720974
-0.003870157
-0.004154489
-0.003403165
-0.003094658
-0.001881989
-0.0003024358
0.0002580649
0.0007747787
0.001771006
0.001530752
0.0005117351
0.000621516
-0.0009468573
-0.003749769
-0.003628951
-0.00409164
-0.002548807
-0.001313477
-0.0009328865
0.0003895055
0.001333895
0.001883794
0.002657011
0.001828949
0.001256005
0.0007087979
-0.0005209607
-0.000895603
0.0001090094
0.0001582622
-0.000336668
-0.0004317055
-0.000432776
-0.00118889
-0.002095376
-0.002801878
-0.00354398
-0.003722239
-0.003832323
-0.003901948
-0.003882266
-0.003343373
-0.002538281
-0.003101726
-0.004346433
-0.004488211
-0.005026243
-0.00585816
-0.006439014
-0.007620803
-0.009277472
-0.007903832
-0.005826148
-0.0059423
-0.005411594
-0.004351721
-0.004138019
-0.005517426
-0.005946592
-0.006233551
-0.007358313
-0.008203968
-0.008696837
-0.007465622
-0.006349843
-0.006133359
-0.005190482
-0.00503164
-0.005906893
-0.005379255
-0.004858295
-0.005135327
-0.005185165
-0.004721174
-0.002272613
-0.0008124892
-0.0007225582
8.187127e-05
0.001601358
0.002860822
0.004034619
0.005655372
0.006922643
0.00697551
0.007171063
0.006950823
0.006119598
0.006018284
0.005791387
0.005211587
0.004231484
0.003308568
0.002217068
0.0005311286
-0.0006727237
-0.001321204
-0.002067424
-0.002975109
-0.003221735
-0.003396523
-0.002753824
-0.002344978
-0.001631343
-0.0005497103
0.0006720488
0.001690907
0.002325565
0.003076262
0.003939349
0.004463029
0.003725213
0.002933452
0.0009947538
-0.001030994
-0.0001974304
-0.0004731161
-0.001458459
-0.001297619
-0.001441077
-0.00175867
-0.001852321
-0.002025171
-0.002269488
-0.002452431
-0.002628194
-0.002826425
-0.002987079
-0.003151634
-0.003619943
-0.004160103
-0.003054118
-0.001906587
-0.001408438
0.0006001406
0.001551708
0.0007716361
0.001111883
0.0008049314
0.0002404829
-0.0001384435
-0.0006541355
-0.0001089364
0.001157522
0.001160251
0.001005061
0.001473085
0.00218342
0.002686315
0.00211756
0.0007195275
-0.0002674157
-0.002052637
-0.00228176
-0.002631257
-0.002437754
-0.002357335
-0.00243557
-0.002001973
-0.001317261
-0.002324188
-0.002541874
-0.001274978
-0.001069715
-0.0003692923
0.0005613458
0.0009924684
0.001410443
0.002053272
0.002522094
0.002965715
0.002717704
0.0008131118
0.0001948443
0.0009997895
0.0007670892
0.0001063744
0.0001309857
-0.0001999064
-0.001454923
-0.002156289
-0.00231548
-0.002631755
-0.003312594
-0.003813002
-0.003185494
-0.002384438
-0.0008140219
0.0005925789
0.000702043
0.001492177
-0.0001060268
-0.001396285
-0.001162096
-0.001895666
-0.002218278
-0.002006634
-0.002120875
-0.001208491
0.0005362804
0.001037341
0.001001503
0.001637435
0.001824545
0.0002946486
-0.0004818969
-0.001929927
-0.003598427
-0.004681925
-0.00568811
-0.00684507
-0.007223654
-0.00650264
-0.005123865
-0.004784433
-0.003585745
-0.001624228
-0.0004502844
0.0007528427
0.002283396
0.003653808
0.004851524
0.004785716
0.004748011
0.004766086
0.004307472
0.004599142
0.005855956
0.006333358
0.006954091
0.007861297
0.008141963
0.008562781
0.00829996
0.006564813
0.005968588
0.005466552
0.004456916
0.003172806
0.001862351
0.001805908
0.001964619
0.001687495
0.002760173
0.003366634
0.003886083
0.004837169
0.004792228
0.004458859
0.002223455
-0.001807391
-0.002217665
-0.00394933
-0.005154003
-0.004964928
-0.004042802
-0.003903156
-0.003608581
-0.002609955
-0.001324406
-0.0002076233
0.001338751
0.00158936
0.001364251
0.002198531
0.002578529
0.002776579
0.003512438
0.00440978
0.004910328
0.004688754
0.004195868
0.004249633
0.003829206
0.003289346
0.002516251
0.001846113
0.002056114
0.002653752
0.002152479
0.002101488
0.002323593
0.00223257
0.002215663
0.002251362
0.002231336
0.001918541
-0.0006163672
-0.001116952
0.0001227621
-0.0008413265
-0.0009728823
-0.0007213259
-0.0007260338
0.0007377199
0.001175302
5.04747e-05
0.0003765669
0.0001054273
-0.001560069
-0.002410245
-0.003802949
-0.005378413
-0.006590194
-0.006985174
-0.006393868
-0.006855831
-0.007026418
-0.006828478
-0.005600312
-0.003471343
-0.002586269
-0.001243519
0.0003632043
0.00168532
0.002783838
0.003867172
0.004582655
0.005391616
0.004904285
0.002876324
0.002655749
0.002164869
0.00202752
0.003108309
0.003138195
0.004410307
0.006136147
0.006803093
0.007161611
0.007977249
0.008019453
0.007693038
0.007070152
0.006057169
0.005424563
0.004551361
0.00441388
0.006049288
0.006029498
0.004958123
0.005347891
0.005882433
0.005771142
0.003596237
7.724304e-05
6.458963e-05
-0.0003947094
-0.001943538
-0.001718758
-0.001940178
-0.00237741
-0.002949833
-0.004103004
-0.00356646
-0.001965929
-0.002770544
-0.004351865
-0.004081762
-0.004091787
-0.004678837
-0.004445987
-0.004425558
-0.004362109
-0.004099533
-0.004946113
-0.00608814
-0.005518672
-0.004065195
-0.004000015
-0.004381378
-0.003996918
-0.003770164
-0.004286323
-0.004611448
-0.004594951
-0.003279089
-0.001757761
-0.001383155
-0.0005062076
0.0006735028
0.001806681
0.003191391
0.004421208
0.006332556
0.00751954
0.006754726
0.006580067
0.005725979
0.005007027
0.004432606
0.003748109
0.003044597
0.002471787
0.001939345
0.002031458
0.002640203
0.002545667
0.002125171
0.0005800597
-0.0001853215
-0.0006379653
-0.001113764
0.0004944739
0.001151262
0.0006204232
0.0005077566
0.0001928362
-0.0005117856
-0.0009037661
-0.001436549
-0.002040186
-0.00255823
-0.002977263
-0.003361719
-0.00383013
-0.004188523
-0.004488093
-0.004821019
-0.004739787
-0.004744509
-0.00486882
-0.004158537
-0.00321321
-0.002738402
-0.001585927
-0.0005416424
-0.0001010226
-0.0003486608
-2.926736e-05
0.0003204772
0.0006835861
0.001095635
0.001358264
0.001209564
0.001219766
0.002394198
0.003295863
0.003095721
0.001959712
0.001756221
0.001647437
0.001194284
0.002318969
0.003399607
0.003473915
0.003796523
0.004438878
0.003945988
0.002811548
0.003123477
0.003463471
0.003020543
0.002374057
0.001876157
0.00185962
0.002180402
0.002067789
0.002057352
0.001757584
0.0007018503
0.0001878189
-0.0006649884
-0.001757311
-0.002548029
-0.002846713
-0.002964177
-0.003476945
-0.003077267
-0.002344148
-0.002276075
-0.002056907
-0.001992476
-0.002790944
-0.003164018
-0.003461381
-0.004147333
-0.004627331
-0.004758452
-0.00472973
-0.003673534
-0.002931217
-0.002060677
-0.001008951
-0.0002589874
0.0005336409
0.0009500391
0.0005424373
0.0005528785
-0.0007795266
-0.001845961
-0.002209509
-0.002831478
-0.003458891
-0.002162887
-0.001140415
-0.001872643
-0.001630029
-0.0007348996
-6.701307e-05
0.0009353404
0.002487838
0.003343157
0.004006638
0.005274415
0.006618815
0.006996547
0.007432109
0.00754679
0.00557301
0.002811511
0.001968989
0.0006891451
-0.0008782209
-0.0007147242
-0.00113084
-0.001312039
-0.001038118
-0.00081715
-0.0008669667
-0.0009712675
-0.00130723
-0.00206081
-0.002425537
-0.003141616
-0.00329785
-0.001300148
-0.0005429466
-0.0001095868
0.0006162268
0.0004709058
0.000854444
0.001198342
0.001359584
0.001609092
0.001457447
0.001664856
0.002606673
0.002920811
0.003097081
0.002793296
0.002224079
0.002212952
0.002060261
0.001560538
0.00101843
0.00139027
0.002375773
0.002453156
0.002796015
0.002972447
0.001384058
0.0006604604
0.0003502909
0.001144611
0.002360959
0.002522752
0.003152536
0.003279609
0.001604003
0.001084291
0.0010737
0.0003819834
-0.0003729202
-0.001184653
-0.001758746
-0.001329917
-0.001401484
-0.001719181
-0.001918917
-0.002166709
-0.002480366
-0.002830896
-0.003327869
-0.004036753
-0.004265167
-0.00394894
-0.004109063
-0.004238511
-0.004092676
-0.00359214
-0.003138638
-0.002869553
-0.002449089
-0.002006539
-0.001487086
-0.001254239
-0.001991675
-0.002185917
-0.002443234
-0.00349078
-0.004365665
-0.005416
-0.006421955
-0.007163656
-0.005598964
-0.003779541
-0.003899196
-0.003153387
-0.003101578
-0.003374492
-0.003329742
-0.003525446
-0.002624974
-0.0005968857
0.0001793645
0.001797695
0.004842817
0.005628924
0.00519024
0.006234556
0.006116996
0.005774462
0.005030614
0.004393861
0.003149864
0.001178504
-8.861556e-05
-0.002249902
-0.004147523
-0.004991737
-0.005318446
-0.004918845
-0.005371673
-0.00545907
-0.005153001
-0.004882415
-0.00495904
-0.005072135
-0.005359399
-0.005916215
-0.006060592
-0.006193016
-0.005443363
-0.00301174
-0.002233595
-0.001699769
-0.0006292925
0.0001410628
0.000451786
0.0004089237
-0.001041969
-0.0006456176
-0.0001812668
-0.001575202
-0.002018234
-0.000683609
0.0003055961
0.0005507859
0.001493766
0.002425676
0.002568504
0.00082729
0.0002115644
0.0004819307
6.511251e-05
-0.0003183036
0.0002281411
0.0005122696
0.001141492
0.001798303
0.00262745
0.003833135
0.004197985
0.004181376
0.004588002
0.003359352
0.00256966
0.001802686
-0.0005104354
-0.00209811
-0.003630719
-0.005047767
-0.005527677
-0.006500479
-0.006348387
-0.006038313
-0.004592413
-0.002505452
-0.001523915
-0.0001689921
0.001626748
0.003703888
0.005100165
0.004785842
0.003395614
0.002549611
0.0005446781
-0.002113732
-0.003719184
-0.001517764
0.0003816912
0.002371082
0.005495512
0.006627326
0.007710488
0.007211703
0.007417198
0.007875327
0.007644346
0.007566049
0.007425839
0.005696341
0.004032592
0.00204979
-0.0004941269
-0.0009972127
-0.001944597
-0.003152229
-0.003845103
-0.003384451
-0.002445174
-0.00229854
-0.0006687563
-0.0001165278
-0.0001123719
-0.0008599137
-0.002216703
-0.002315643
-0.0007554112
-0.0003161657
-0.0004332935
3.620024e-05
-0.001313383
-0.002848522
-0.00133818
-0.001553034
-0.001023369
0.0008602111
0.001270331
0.001813672
0.002451646
0.00203204
0.002181582
0.002197736
0.001868374
0.001660177
0.001131294
0.0007519904
0.0005429976
0.00020654
0.0004503001
0.0008743819
0.001369988
0.002066385
0.002685404
0.003408384
0.003657193
0.003242886
0.003437882
0.003595143
0.003316291
0.00302204
0.002662743
0.002036236
0.001715734
0.001931345
0.001910473
0.001739059
0.001947407
0.002426213
0.002667745
0.002944226
0.002638844
0.0008379456
2.261356e-05
-0.0007319998
-0.001238738
-0.0002430198
0.001474861
0.002463242
0.003314808
0.004485648
0.004094883
0.003977556
0.00429993
0.003115557
0.002405627
0.002552645
0.002421054
0.00182157
0.001341435
0.001043594
0.0004723911
-0.0003198362
-0.0008926944
-0.001413771
-0.001691392
-0.002117126
-0.0028823
-0.003569544
-0.004119375
-0.004837288
-0.004948841
-0.003760096
-0.003360921
-0.003086071
-0.003547464
-0.004073973
-0.003513384
-0.002556387
-0.002150796
-0.0004197928
0.001101962
0.002813901
0.004931555
0.004705552
0.005400056
0.005558204
0.004122878
0.004039681
0.003799973
0.00317634
0.002812896
0.003204376
0.003631375
0.003668979
0.004361699
0.005037044
0.004876515
0.004848757
0.00599497
0.004869446
0.003907378
0.003925499
0.002776499
0.00163064
0.0008393589
-0.0005662395
-0.002470898
-0.003259424
-0.003379466
-0.00179664
-0.001983972
-0.002631054
-0.002826466
-0.003215703
-0.00369672
-0.004211435
-0.004743748
-0.005794181
-0.00714066
-0.007619564
-0.007946013
-0.007893716
-0.006679368
-0.005664735
-0.004014813
-0.002354565
-0.0005609157
0.001541659
0.00159274
0.002181509
0.001849842
-0.000310701
-0.0004003915
-0.0007221781
-0.0007683084
-0.000710762
-0.0009039668
-0.0006596278
-0.0004773839
-0.0001499657
0.00075186
0.0008614997
0.0004107484
0.001037815
-0.0001527069
0.000142306
0.0004112971
3.140999e-05
0.0002713914
0.001425389
0.002171512
0.002595662
0.003218262
0.003837355
0.004464633
0.003316966
0.002738775
0.002452151
0.00145676
0.0003951891
-0.000657096
-0.001889271
-0.002624648
-0.00397768
-0.005756904
-0.005185108
-0.004803691
-0.004422114
-0.00392468
-0.003363008
-0.00281159
-0.002544634
-0.00212089
-0.001543938
-0.001119999
-0.001185029
-0.002253846
-0.002551915
-0.00232716
-0.002438647
-0.001568184
-0.0008844515
-0.0001370517
0.0006815986
-0.0001622443
-0.001137807
-0.001148616
-0.001946107
-0.002800589
-0.003247986
-0.003769378
-0.004420576
-0.004160249
-0.002746256
-0.002487804
-0.002502041
-0.001841443
-0.001330306
-0.0009947733
-0.0005163588
-5.912813e-05
0.0003643073
0.001034515
0.001910982
0.002158474
0.001185861
0.001014693
0.001196115
0.0007905227
-0.000380843
-0.001514242
-0.001987187
-0.002323811
-0.002556487
-0.002382295
-0.002545082
-0.002591857
-0.002516668
-0.002359367
-0.002120487
-0.001721333
-0.001041528
-0.001100586
-0.001059731
-0.0007652874
-0.000881185
-0.000905805
-0.001281483
-0.001901419
-0.001722025
-0.001546176
-0.001966408
-0.002234001
-0.001745776
-0.001060607
-0.0009138237
-0.000371354
0.0002833009
0.0003004046
-0.0002123883
-0.0001639344
-0.0004757642
-0.00117001
-0.001345596
-0.0006284949
-0.0002775824
-0.0002050289
6.676978e-05
0.0002462896
0.000467879
0.0006446892
7.062318e-05
-0.0007576099
-0.001313998
-0.002618487
-0.00362895
-0.004264479
-0.005007401
-0.005363947
-0.005045452
-0.005197893
-0.004118091
-0.002919292
-0.002386096
-0.001654982
-0.001452599
-0.001027929
-0.0005263624
-0.0003158714
-0.0006603233
-0.0008131878
-0.0004596571
0.0001242758
0.0003395243
0.0004771807
0.0003623203
0.0004239017
0.0006577674
0.001272506
0.00165844
0.001656558
0.001511196
0.001537174
0.00134613
0.001106157
0.0001806281
-0.0005697667
-0.0003553825
-0.0001570453
-0.0005193595
-0.001110075
-0.001867731
-0.001986171
-0.002121865
-0.002975364
-0.003651897
-0.00374421
-0.001660577
-0.0001846179
0.0006234245
0.002274473
0.003506033
0.004021744
0.004423903
0.004997759
0.004730478
0.004680392
0.004443698
0.004285003
0.004455691
0.003861639
0.003271687
0.003559538
0.003501474
0.002631352
0.002335611
0.002252805
0.00183545
0.001410314
0.0009845775
0.000589248
0.0005529243
0.001034009
0.0007527468
0.0001178583
0.0003889641
0.0005206875
5.96882e-05
-0.0001717057
-0.0005836209
-0.001480319
-0.00196638
-0.002293413
-0.002783631
-0.0031088
-0.002022621
-0.001321032
-0.001515294
-0.001775666
-0.001661712
-0.001793785
-0.001932999
-0.001551602
-0.001249483
-0.001165351
-0.0009875136
-0.0008547931
-0.0006847949
-0.0004488442
-0.0002226526
8.174207e-05
0.0003880265
0.0006380753
0.0008840765
0.00115607
0.001572123
0.002494954
0.003113633
0.003268875
0.003577558
0.004026611
0.004238817
0.004504506
0.004601283
0.003346827
0.002742132
0.003371237
0.003586389
0.003041729
0.001885486
0.001281266
0.0009070207
0.0004561469
-9.983808e-05
-0.0005652757
-0.0006515015
-0.0007273796
-0.001067154
-0.001628396
-0.002014669
-0.002240434
-0.001807354
-0.001685915
-0.001911636
-0.001869039
-0.001785631
-0.001534609
-0.001051707
-0.001097403
-0.001879417
-0.0020921
-0.002116242
-0.002527973
-0.002752362
-0.002266514
-0.002022325
-0.001969677
-0.001455347
-0.0009146497
-0.0005771637
-3.809686e-05
0.0005267
0.00068885
0.0002417513
0.0002527813
0.0008369945
0.001993656
0.002679987
0.003755535
0.00488121
0.005644725
0.006572096
0.006183015
0.004746649
0.004685436
0.003688545
0.002505117
0.001489592
0.0001010331
2.414892e-05
-0.0001006792
-0.0003141377
3.175357e-05
6.005706e-05
0.0002791791
0.000489605
-0.0002987183
-0.0009500292
-0.0004864351
0.0002705814
0.000421364
0.001380181
0.001989008
0.002146441
0.002646054
0.003039817
0.00260696
0.001457291
0.0007657605
-0.0004285606
-0.001645865
-0.003686807
-0.003194557
-0.001429373
-0.002006358
-0.002158365
-0.001950498
-0.001564589
-0.0007909109
-0.0004314281
-0.0002672002
0.0001341661
0.0002405071
5.246625e-05
0.0001996125
0.0004344788
0.001281679
0.001829661
0.001601421
0.0006921215
0.0005714623
0.001394803
0.002177754
0.001020999
0.0003409145
-0.0001621181
-0.001128174
-0.002092477
-0.003285159
-0.004331195
-0.004322256
-0.003340602
-0.003238061
-0.001912653
-0.0006925656
0.00051477
0.002143854
0.00167749
0.001654773
0.001650277
0.000939328
0.001024982
0.0022096
0.002603426
0.002530141
0.002644633
0.002937695
0.002672506
0.002486712
0.002585229
0.003136119
0.003406648
0.003213686
0.003194699
0.00312173
0.002553058
0.002148428
0.001338838
0.000461962
-0.000488678
-0.001269024
-0.001107278
-0.001369696
-0.001619606
-0.001509049
-0.001454933
-0.0002850689
0.0009176642
0.00195737
0.003090322
0.00351133
0.003829385
0.004681558
0.005308617
0.005109326
0.004034337
0.003773882
0.00305665
0.002010329
0.001784982
0.002155778
0.002612539
0.003311904
0.003169689
0.001866894
0.001520002
0.001024772
-0.0007899782
-0.002151601
-0.002002946
-0.001087062
-0.001414925
-0.001286767
-0.0008015527
-0.0005205518
0.0004688036
0.001188987
0.0002965309
-0.0002023113
8.73644e-05
0.0001522307
-2.452303e-05
-0.0002768361
-0.0004628317
-0.0005055563
-0.0002367625
9.427892e-05
0.0002181132
0.0003781785
0.0005648366
0.0002827226
-0.0004808797
-0.0007235249
-0.0009642829
-0.001230442
-0.001536247
-0.001758148
-0.001614416
-0.001659562
-0.001807374
-0.00178577
-0.001086445
-4.989082e-05
-0.0004594124
-0.0004154785
-0.000390575
-0.0005900957
-0.000654609
-0.0003756024
0.0002810835
0.0005604408
0.001312917
0.00217463
0.001908503
0.001223299
0.0008835063
-0.0002498476
-0.001035585
-0.002050037
-0.003167968
-0.002673489
-0.001282223
-0.001511172
-0.001866703
-0.00102656
-0.0002857048
-0.0001747853
0.000165195
0.0002087494
-0.001301197
-0.002007193
-0.002072442
-0.002564335
-0.003164335
-0.003104938
-0.003034201
-0.002779113
-0.001987325
-0.001669163
-0.0008571699
0.0005990753
0.00198524
0.002633531
0.003286972
0.004200781
0.004399145
0.004968593
0.005832655
0.006330835
0.006451341
0.005104407
0.004414282
0.00293988
0.0009581461
-3.350564e-05
-0.001100382
-0.002369999
-0.00236181
-0.001959613
-0.001813533
-0.0007651033
-0.0001606555
0.000569666
0.0009115047
-4.462119e-05
-0.0001629336
-0.0001392715
-0.0005837221
-0.0008823382
-0.001470534
-0.002373964
-0.002711798
-0.001894299
-0.001526488
-0.001509804
-0.0009553661
-0.0004257262
0.0004523601
0.00130185
0.001303651
0.0005155219
0.0005495996
0.0005801941
0.0005015846
0.0004320689
0.0004286821
0.0004595031
0.0005964807
0.000713967
0.0007351574
0.000692183
0.000721432
0.0009376571
0.001534559
0.001864608
0.001781996
0.00129772
0.001455366
0.001562177
0.00139248
0.00115673
-3.339093e-05
-6.018474e-05
0.0005608544
8.959654e-05
-2.081111e-05
8.126395e-05
3.261983e-05
0.0001464108
0.0009287166
0.001295327
0.0001115498
-0.0009825465
-0.001239347
-0.001470854
-0.001509151
-0.001898887
-0.002239676
-0.002427195
-0.00269046
-0.003003266
-0.003289763
-0.00354346
-0.003217544
-0.00266701
-0.002766013
-0.002993529
-0.002877721
-0.002823419
-0.00286901
-0.002821015
-0.002480874
-0.002306992
-0.002254893
-0.002045684
-0.001859115
-0.00171395
-0.002161111
-0.003495492
-0.004177451
-0.005190788
-0.006129439
-0.005056522
-0.004569895
-0.004713502
-0.004029312
-0.003490584
-0.003124086
-0.002602942
-0.002104429
-0.001637999
-0.001155749
-0.0008659826
-0.0006523062
-0.0002826386
6.912151e-06
0.0003037334
0.0006724723
0.0009895641
0.001291932
0.001419674
0.001552157
0.001505665
0.0009941281
0.0008176554
0.0007428911
0.0007746695
0.0007060876
0.0006321288
0.0006495174
0.0006610079
0.0006424196
0.0005922411
0.0005388934
0.0003559105
-3.768858e-05
-0.001394488
-0.002839307
-0.00227974
-0.001929821
-0.002076869
-0.001559661
-0.001446841
-0.001407032
-0.001123534
-0.0009800784
-0.0006445449
3.914446e-05
0.0004501977
0.0009743331
0.001552988
0.001023898
0.0002114321
0.0007867156
0.0008596523
0.0004693637
0.0004021883
-0.0005846137
-0.00136622
-0.0007924975
-0.0004575059
-0.0007107949
-0.0004737471
-0.0002329736
-0.0001663775
0.0001034499
0.001177894
0.001998262
0.00246884
0.003128452
0.003761409
0.003168311
0.002511236
0.003485989
0.004108461
0.004262274
0.004902344
0.00485117
0.004507065
0.003602999
0.002914926
0.004055015
0.004272119
0.0027027
0.002390124
0.002380379
0.001759195
0.001498977
0.001424052
0.001220604
0.001314268
0.0009503448
-0.0005941699
-0.001527713
-0.002923705
-0.002684803
-0.000909119
-0.001285972
-0.000964007
-4.520868e-05
-0.0006392241
-0.001799385
-0.001716734
-0.000447703
0.0008225744
0.0009810918
-0.0004610639
-0.001291667
-0.002218335
-0.003270923
-7.896301e-05
0.001192346
0.0001568115
0.001092539
0.001762624
0.001219612
0.0014468
0.002219239
0.002768043
0.002149914
0.001116003
0.001644346
0.00226539
0.001797931
0.001545446
0.0003065289
-0.0004182106
2.040942e-05
-0.0002355739
-0.0003548302
-0.0003066566
-0.0002322236
2.313524e-05
0.000291655
0.001377769
0.002004115
0.001176547
0.00104479
0.002091375
0.002872225
0.00267735
0.002759104
0.002898432
0.002506517
0.001880119
3.701312e-06
-0.001074782
-0.001879289
-0.002726504
-0.002128676
-0.0018227
-0.00181319
-0.002190536
-0.002853953
-0.002917171
-0.002513832
-0.002331788
-0.002649644
-0.00258871
-0.002477158
-0.002406839
-0.001049933
0.0002126956
0.0008686615
0.00203188
0.002497472
0.001319669
0.001578171
0.002590313
0.002516085
0.002682281
0.002920823
0.001443558
0.0007670162
0.001260559
0.000969417
0.0008407898
0.0009188803
0.0008666322
0.0006289891
-0.001701414
-0.003481837
-0.001820069
-0.002229155
-0.004410599
-0.004990592
-0.005364505
-0.004936797
-0.004340841
-0.003547565
-0.001816325
-0.001547211
-0.001280177
-0.001091625
-0.0005971403
0.0005739653
0.0004908862
-2.643109e-05
-1.415287e-05
-0.001389851
-0.001876849
-0.001727602
-0.002456226
-0.002919414
-0.003326
-0.004391466
-0.005149357
-0.003830284
-0.001442227
-0.00132364
-0.0003006875
0.001335383
0.002074858
0.0009098989
0.0004165445
0.001146346
0.001988283
0.00199072
0.001636787
0.001806933
0.001650226
0.00146458
0.002297204
0.00239213
0.001549861
0.001160159
0.0003105133
-0.0004676683
-0.0008509204
-0.001312054
-0.001631446
-0.001925178
-0.002067829
-0.001910344
-0.001755424
0.0002860415
0.001530465
-0.0003656208
-0.0004709242
-0.0002746755
-0.001295691
-0.001762103
-0.001490555
-0.0011873
-0.001264405
-0.0006512025
-8.840242e-05
0.0002712098
0.0008816126
0.001304969
0.0009233074
0.0007496752
0.0001501583
-0.000373104
-9.188195e-05
-5.290557e-05
-0.0003525603
-0.0004796579
-0.0005510922
-0.0009556668
-0.002261507
-0.002948146
-0.002046589
-0.001317064
-0.001313123
-0.0005621416
-0.0002498793
-0.0009495265
-0.0008981058
-0.0002574218
0.0001023342
-0.0002509031
-0.0007581873
-0.001628831
-0.002641463
-0.000234907
0.001745071
-0.0001114109
0.0003331939
0.0004746521
-0.0006864245
-0.001330765
-0.002755665
-0.003929869
-0.003734194
-0.002964873
-0.003379218
-0.003186824
-0.001685915
-0.0001940086
-0.0001872441
0.0002085838
0.0004739169
0.0007042667
0.0009485297
0.0009994226
0.0009081904
0.0009703965
0.0009995676
0.0009786191
0.001158867
0.001397764
0.001389715
0.001307169
0.001377406
0.00137834
0.0012737
0.0008647439
-0.0003326652
-0.0009524315
-0.0006636497
-0.0005956408
-0.001160611
-0.001309154
-0.001153701
-0.001170286
-0.001248665
-0.00122182
-0.001000596
-7.420839e-05
0.0004356689
0.0007469789
0.001409365
0.002057818
0.002630083
0.00313961
0.003096797
0.003248617
0.002672439
0.001550442
0.001175008
0.0004753767
-0.0002916035
-0.0003033843
-0.0007551381
-0.001416586
-0.001031436
-0.0003205093
-0.0002186223
0.0005260825
0.001210507
0.00143456
0.001638459
0.002048005
0.001930556
0.001879977
0.002409649
0.003025822
0.00249973
0.001670782
0.001179315
-0.0002119198
-0.0007190859
-0.0006856453
-0.0007351928
-0.0002606198
-0.0001331969
0.0003212906
0.0005547982
-0.0005712075
-0.0009714477
-0.0009509931
-0.00127377
-0.001662867
-0.001768221
-0.001630947
-0.001594769
-0.001177257
-0.0008482415
-0.0003960154
0.000281417
0.0007488691
0.001291648
0.001938578
0.002515046
0.003023635
0.00346244
0.003838327
0.00300323
0.002267973
0.002680801
0.002815322
0.002468773
0.002452569
0.002320495
0.001768955
0.001598864
0.001799539
0.001661894
0.001011784
0.0003571173
-6.730109e-05
-0.0008869935
-0.001685945
-0.002461067
-0.002816456
-0.002463644
-0.001447216
1.537568e-05
0.0001042788
0.001088479
0.003195181
0.003806377
0.0005377501
-0.0006921229
-0.0003290305
-0.001838157
-0.002731868
-0.002358648
-0.001941565
-0.002873279
-0.003422117
-0.003108077
-0.003101687
-0.002883523
-0.002085219
-0.001788571
-0.001277324
-0.0005069564
4.805055e-05
0.0004580792
0.000329833
0.0004835206
0.0007499083
0.0009429219
0.001256476
0.001859998
0.002361124
0.003385311
0.004496189
0.004369459
0.004535802
0.005054058
0.004484389
0.004181607
0.003705664
0.002937274
0.002524212
0.002523626
0.002320716
0.002001897
0.001868187
0.001700063
0.001386043
0.0008610478
0.0004942236
0.0001249038
-0.0003741503
-0.0008220432
-0.00124731
-0.001480334
-0.0003163269
0.0002216597
0.0002435598
0.0008610417
0.0005429004
-0.0002480733
-0.0002186959
-0.0005204135
-0.0008435082
0.0001860908
0.0002826545
-0.0004314414
-0.0001225924
-0.0005857253
-0.001243928
-0.001242805
-0.0001377932
1.593674e-05
-0.0001737801
0.0002504378
-0.0008830018
-0.002010524
-0.001443989
-0.0005276145
-0.0005614999
3.326423e-05
0.0006216399
-0.0003732026
-0.001400613
-9.030802e-05
0.001609246
0.001567815
0.002189227
0.001896794
0.0006907519
0.0009677531
0.0008864383
0.0003412023
0.0007027005
0.0008598393
-0.0008846365
-0.00241896
-0.002088881
-0.001938839
-0.00162911
-0.001459098
-0.0006036667
0.0002006416
-3.824341e-05
0.0002180933
0.001260835
0.001598296
0.0006099818
0.0004279586
0.0008675864
0.001077157
0.001022254
0.001196384
0.001382487
0.001679021
0.002120788
0.001444906
0.0002103054
-2.317899e-05
-0.0006933087
-0.001458202
-0.001020598
-0.000740698
-0.0008816302
-0.0005225625
-0.0002547879
-0.0001660678
-0.0002542911
-0.0001510324
0.0005733141
0.001148829
0.001376204
0.001661196
0.002059905
0.002243301
0.001284659
0.0006605823
0.0004307809
-0.000115506
-0.0006033663
-0.00060449
-0.0001893223
-0.0003945253
-0.0009213355
-0.001037133
-0.0009745489
-0.0009259946
-0.001019058
-0.0007628448
-0.0003151714
-0.0002419288
-0.0002148821
-1.381891e-05
1.736062e-05
-6.738412e-05
-4.598841e-05
-0.0003107378
-8.053637e-05
0.001132672
0.001557203
0.001386191
0.00135404
0.0004924153
-2.824519e-05
0.0003558882
0.0003437333
7.908984e-05
0.0001571143
0.0001528309
-0.0004838349
-0.001268665
-0.001593428
-0.002045103
-0.002559702
-0.002880441
-0.00310962
-0.002647735
-0.002033151
-0.001826897
-0.001250795
-0.0007245871
-0.0004907592
-0.0001681042
3.551125e-05
-0.001068078
-0.001624552
-0.001426124
-0.001282924
-0.001514503
-0.001553826
-0.001503655
-0.001460016
-0.0009154421
-0.0006565338
-0.0008140503
-0.000619549
-0.0003924049
-0.0001761846
3.372942e-05
0.0002378447
0.0004808723
0.0006640659
0.0005654529
0.0005521156
0.0005054993
-0.0004197518
-0.0009864664
-0.001189596
-0.0005936324
-0.0002270678
-0.0002649311
2.122776e-05
0.0002732865
0.0002020891
0.0002849226
0.0003875127
3.121351e-05
-0.0004192841
-0.000577591
-0.0009873243
-0.001426826
-0.001750782
-0.002158865
-0.002563961
-0.00279101
-0.002985346
-0.002725547
-0.001858356
-0.001595577
-0.00116171
-0.0005385889
5.945405e-05
0.0007620379
0.001385658
0.001962889
0.001840241
0.001889228
0.001729877
0.0009885437
0.0007519991
0.0001753208
-0.0009960919
-0.001406332
-0.001503686
-0.002073492
-0.001792014
-0.001452837
-0.001535015
-0.001249653
-0.0009210968
-0.0006309348
-0.0001833148
0.0001306956
0.0003526131
0.0006421942
0.0009657465
0.001345143
0.001675136
0.001739996
0.001669711
0.001839431
0.001847317
0.001695286
0.001613575
0.001496808
0.001335269
0.001112119
0.0009402778
0.0006642094
0.0002943227
0.0002831064
0.0002200982
0.0001175944
0.0003625987
0.0004462269
0.000488404
0.0006356397
0.0007164991
0.0005545095
0.0004338059
0.0004169916
0.0003140388
0.000215128
0.0001265373
-9.079148e-07
-0.0001143467
-0.0002997178
-0.0004872107
-0.0005471944
-0.0004620074
-0.0004985558
-0.0005295529
-0.0004934517
-0.0004223732
-0.000347391
-0.000277996
-0.0001539449
-5.923604e-05
2.963902e-05
0.0001011937
0.0001432607
0.0002144775
0.0002197846
0.0001806442
0.0001937362
0.0001624825
9.775349e-05
-0.0001962712
-0.0004277003
-0.0005683724
-0.0007842112
-0.0009731836
-0.001118437
-0.001044016
-0.001025877
-0.001083956
-0.001049016
-0.0009335796
-0.0008063679
-0.0007402393
-0.0006306682
-0.000426306
-0.0002552712
-0.000237786
-0.0002258091
-0.0001277797
-9.277738e-05
-0.0001123835
-0.0001046001
-2.942637e-05
4.51589e-05
5.348792e-05
9.930057e-06
1.41953e-05
2.143482e-05
1.565865e-05
1.676487e-05
-1.060998e-05
-0.0001227228
-0.0001830026
-0.0002221734
-0.0001299265
4.257917e-05
0.0001026408
0.0002050332
0.0001942037
-0.0002908093
-0.0003405765
-8.302222e-05
-0.0002159899
-0.000258332
-0.0001459273
3.711952e-05
0.0001397677
0.0001649806
0.0002136128
0.0003684378
0.0004603656
0.0002149088
4.347668e-05
1.248193e-05
-5.750811e-05
-6.364897e-05
-0.000127685
-0.0002464
-0.0003157947
-0.0001573076
-8.235918e-06
-2.102979e-05
-5.796923e-05
-2.750865e-05
-4.557189e-05
-9.524782e-05
-0.0001057542
-9.922191e-05
-8.846249e-05
-9.863943e-05
-0.0001052215
-7.773245e-05
9.413364e-05
0.0001725295
7.856628e-05
7.450821e-05
-1.671184e-06
-0.0001467302
-0.0001617938
-6.531158e-05
-6.637764e-05
-8.890655e-05
-7.451937e-05
-5.7476e-05
-8.091944e-06
4.717948e-05
5.780978e-05
3.224626e-05
3.907189e-05
4.990502e-05
4.656253e-05
4.648693e-05
4.624638e-05
4.110531e-05
3.967902e-05
6.232258e-05
0.0001051711
0.0001203056
0.0001659794
0.0002395764
0.0002687569
0.0002123855
0.0001579015
0.0001513134
9.823177e-05
5.104449e-05
3.345934e-05
5.05525e-05
4.42238e-05
3.207609e-05
3.487422e-05
3.582118e-05
4.824333e-05
5.979596e-05
5.367942e-05
5.188606e-05
6.255516e-05
7.270445e-05
7.315765e-05
6.80587e-05
7.280416e-05
8.470963e-05
7.12297e-05
6.227406e-06
4.605606e-06
3.438517e-05
1.526892e-05
2.432245e-05
4.194598e-05
3.955963e-05
4.357641e-05
5.032916e-05
4.541017e-05
4.374019e-05
5.525316e-05
5.994583e-05
5.618075e-05
5.212863e-05
5.756729e-05
7.009647e-05
7.378329e-05
7.224609e-05
6.638552e-05
6.451586e-05
5.407348e-05
4.390615e-05
3.394606e-05
3.267632e-05
5.869215e-05
6.285582e-05
5.39164e-05
5.90789e-05
5.234837e-05
4.631415e-05
4.548762e-05
4.5447e-05
4.365085e-05
4.104266e-05
4.007382e-05
3.909548e-05
3.768684e-05
3.010252e-05
1.921265e-05
1.875645e-05
1.883857e-05
1.933298e-05
2.520098e-05
2.63958e-05
2.959925e-05
3.477882e-05
3.667308e-05
3.840081e-05
4.19001e-05
4.489426e-05
4.446215e-05
3.828799e-05
3.618929e-05
3.465755e-05
3.065761e-05
2.793497e-05
2.423396e-05
2.100214e-05
1.956768e-05
1.828752e-05
1.936458e-05
2.014049e-05
2.050702e-05
2.146968e-05
2.169334e-05
2.041112e-05
2.235535e-05
2.554636e-05
2.60437e-05
2.796266e-05
2.883759e-05
2.875109e-05
3.055206e-05
3.215862e-05
3.048261e-05
2.931388e-05
2.911412e-05
2.817946e-05
2.775626e-05
2.731079e-05
2.682722e-05
2.635026e-05
2.500261e-05
2.419006e-05
2.405723e-05
2.366282e-05
2.367332e-05
2.365494e-05
2.359486e-05
2.373486e-05
2.393884e-05
2.370664e-05
2.363613e-05
2.361577e-05
2.316156e-05
2.330561e-05
2.388663e-05
2.39648e-05
2.426104e-05
2.453832e-05
2.451246e-05
2.469183e-05
2.490551e-05
2.50269e-05
2.508015e-05
2.511443e-05
2.52757e-05
2.541318e-05
2.561163e-05
2.591952e-05
2.61679e-05
2.642858e-05
2.672526e-05
2.702381e-05
2.733933e-05
2.765105e-05
2.798935e-05
2.832289e-05
2.862956e-05
2.896043e-05
2.929674e-05
2.962863e-05
2.997861e-05
3.033741e-05
3.070273e-05
3.108153e-05
3.14704e-05
3.186816e-05
3.227871e-05
3.270092e-05
3.313317e-05
3.357528e-05
3.402801e-05
3.449083e-05
3.496357e-05
3.544622e-05
3.593878e-05
3.64411e-05
3.69533e-05
3.747485e-05
3.800573e-05
3.854596e-05
3.909553e-05
3.965435e-05
4.022229e-05
4.07992e-05
4.138503e-05
4.197969e-05
4.258307e-05
4.319507e-05
4.381558e-05
4.444449e-05
4.508171e-05
4.572714e-05
4.638069e-05
4.704224e-05
4.771169e-05
4.838894e-05
4.907389e-05
4.976643e-05
5.046646e-05
