2.368806e-05
2.385835e-05
2.403268e-05
2.420861e-05
2.438376e-05
2.455923e-05
2.473477e-05
2.490999e-05
2.508724e-05
2.526421e-05
2.544242e-05
2.562088e-05
2.580013e-05
2.597678e-05
2.615345e-05
2.632555e-05
2.649556e-05
2.665875e-05
2.681729e-05
2.696871e-05
2.711874e-05
2.726527e-05
2.741171e-05
2.755234e-05
2.769028e-05
2.781955e-05
2.794339e-05
2.807318e-05
2.822601e-05
2.841192e-05
2.863774e-05
2.89001e-05
2.920085e-05
2.953436e-05
2.989978e-05
3.027581e-05
3.062434e-05
3.089916e-05
3.108504e-05
3.118285e-05
3.122438e-05
3.125372e-05
3.13435e-05
3.154666e-05
3.188848e-05
3.234663e-05
3.285586e-05
3.328109e-05
3.348626e-05
3.33886e-05
3.300089e-05
3.238528e-05
3.162522e-05
3.07704e-05
2.983287e-05
2.878012e-05
2.75671e-05
2.614667e-05
2.452668e-05
2.292857e-05
2.186062e-05
2.180643e-05
2.297998e-05
2.526303e-05
2.832076e-05
3.164294e-05
3.461102e-05
3.673869e-05
3.790625e-05
3.833609e-05
3.843403e-05
3.856603e-05
3.89395e-05
3.955663e-05
4.024666e-05
4.062983e-05
4.030807e-05
3.9073e-05
3.697665e-05
3.425233e-05
3.117635e-05
2.801719e-05
2.515326e-05
2.294575e-05
2.154572e-05
2.084547e-05
2.056094e-05
2.038445e-05
2.010653e-05
1.966312e-05
1.910617e-05
1.862907e-05
1.874544e-05
2.008908e-05
2.303511e-05
2.754588e-05
3.332524e-05
4.054224e-05
5.013363e-05
6.3113e-05
7.986552e-05
9.887541e-05
0.0001154924
0.0001243052
0.0001223085
0.000110061
9.078384e-05
6.839932e-05
4.580125e-05
2.402568e-05
2.26556e-06
-2.14422e-05
-4.81244e-05
-7.442582e-05
-9.372135e-05
-0.0001004242
-9.199725e-05
-6.919572e-05
-3.536431e-05
5.130198e-06
4.847707e-05
9.230417e-05
0.0001349027
0.0001720854
0.000198356
0.0002105478
0.0002095466
0.0001989139
0.0001810913
0.0001561051
0.0001230657
8.167082e-05
3.279848e-05
-2.183005e-05
-8.036043e-05
-0.0001411553
-0.000202656
-0.0002638475
-0.0003246995
-0.0003848011
-0.0004362145
-0.0004624083
-0.0004455938
-0.0003762504
-0.0002581604
-0.0001092656
4.199378e-05
0.0001700175
0.0002596937
0.0003066254
0.000316823
0.0003030499
0.0002775628
0.0002437777
0.0001970194
0.0001313968
4.648123e-05
-5.12039e-05
-0.0001504205
-0.0002295801
-0.0002605813
-0.0002255878
-0.0001262458
1.870152e-05
0.0001812592
0.0003347258
0.0004541264
0.0005172027
0.0005148194
0.0004538853
0.0003502267
0.000220924
7.910882e-05
-6.830732e-05
-0.00021969
-0.0003694926
-0.0004967905
-0.000576415
-0.0005956742
-0.0005603588
-0.0004895703
-0.000405316
-0.0003226563
-0.0002452339
-0.0001682407
-8.437831e-05
1.125613e-05
0.0001192083
0.0002364854
0.0003588525
0.000483038
0.000608218
0.000737635
0.0008773829
0.00103224
0.001195848
0.001333944
0.001400144
0.001366492
0.001236955
0.001036914
0.0007909053
0.0005135314
0.0002108684
-0.0001153245
-0.0004626335
-0.0008203159
-0.001171314
-0.001495452
-0.001739561
-0.001822796
-0.001691313
-0.001350867
-0.0008605109
-0.0003108588
0.0002084455
0.000637025
0.0009237836
0.001025838
0.0009355528
0.0006877645
0.000342647
-4.025818e-05
-0.0004197224
-0.0007690158
-0.001071396
-0.001324274
-0.001535274
-0.001683866
-0.001703847
-0.001533171
-0.001158093
-0.0006187193
1.527716e-05
0.0006773625
0.001324014
0.00191973
0.002426909
0.002825411
0.003120248
0.003304909
0.003343379
0.003206085
0.002900338
0.002485472
0.00206134
0.001717895
0.001495259
0.001378295
0.001318308
0.001258119
0.001119794
0.0008099618
0.0002720678
-0.000484413
-0.001394217
-0.002331112
-0.003105679
-0.003561062
-0.003654534
-0.003460788
-0.003116367
-0.002750532
-0.002438969
-0.002194254
-0.001985737
-0.00177075
-0.001519732
-0.001226407
-0.0009035071
-0.0005709443
-0.0002443849
7.05837e-05
0.0003774781
0.0006673025
0.0008743728
0.000906849
0.0007123211
0.0003066128
-0.0002416244
-0.0008485961
-0.001450206
-0.002018762
-0.002556533
-0.003044459
-0.003405301
-0.003557705
-0.003474352
-0.003194736
-0.002799427
-0.00237072
-0.001962642
-0.001585586
-0.001197727
-0.0007335899
-0.0001488998
0.0005573683
0.001329431
0.002016754
0.002435354
0.002481172
0.002177213
0.001642494
0.001022688
0.0004318903
-3.779963e-05
-0.0002987178
-0.0003070487
-8.623269e-05
0.0002894354
0.0007324693
0.001176291
0.001590992
0.001979383
0.002361339
0.002750121
0.003080604
0.003191277
0.002937391
0.002283754
0.001312989
0.0001729155
-0.0009499694
-0.001824628
-0.002273459
-0.002261804
-0.001894956
-0.00134686
-0.0007762382
-0.0002803369
9.711937e-05
0.0003542146
0.0005204834
0.000638431
0.0007447189
0.0008594606
0.0009818001
0.001024843
0.000762305
1.045167e-05
-0.001161937
-0.002482858
-0.003662799
-0.004493081
-0.004827626
-0.004602178
-0.003842137
-0.002657088
-0.001204397
0.0003622702
0.001914436
0.003322325
0.004425044
0.005098854
0.005279646
0.004946254
0.004152418
0.003071944
0.001981861
0.001128104
0.000617452
0.0004051495
0.0003562774
0.0003286737
0.0002327571
4.913712e-05
-0.0001898618
-0.0004317748
-0.0006220214
-0.000722558
-0.0007280518
-0.0006631638
-0.0005658396
-0.0004689271
-0.0003893752
-0.0003305463
-0.0003086746
-0.000361606
-0.0005203526
-0.0007872886
-0.001135615
-0.001490565
-0.001647597
-0.001350366
-0.000474772
0.0008407307
0.002268805
0.003496296
0.004349257
0.004739586
0.004631932
0.004074501
0.003191707
0.002136229
0.001035579
-3.868135e-05
-0.001071269
-0.002082318
-0.00310071
-0.004144802
-0.005215822
-0.006302267
-0.007388007
-0.008421289
-0.009252262
-0.009712645
-0.00973217
-0.009373119
-0.008785196
-0.008129177
-0.007515653
-0.006982509
-0.006509341
-0.006050579
-0.005562895
-0.005012569
-0.004384144
-0.00368598
-0.002943172
-0.00218416
-0.001429468
-0.0006869635
4.60047e-05
0.0007769372
0.00151245
0.002255073
0.002999953
0.003729259
0.00442134
0.005065157
0.005665445
0.006229257
0.006720322
0.007067562
0.007222501
0.007191792
0.007030291
0.006810936
0.006593703
0.006408551
0.006255704
0.006114794
0.00594696
0.005710862
0.005387031
0.004985741
0.004537375
0.004075646
0.00362387
0.003183479
0.002679178
0.00195178
0.0008684156
-0.0005870876
-0.00225381
-0.003835691
-0.005074472
-0.005845604
-0.006046047
-0.005570675
-0.004416964
-0.002769129
-0.0009875004
0.0005714213
0.001718492
0.002463669
0.002911584
0.003161212
0.003281161
0.003313271
0.003282199
0.003204379
0.003093855
0.00296413
0.002827195
0.002694558
0.002610342
0.002669483
0.002955786
0.003486861
0.004209529
0.005031457
0.005828447
0.006442661
0.006758013
0.006759243
0.006525277
0.006177637
0.005808057
0.005368023
0.004682419
0.003597276
0.002083098
0.0002392428
-0.001769778
-0.003778317
-0.005612315
-0.007123954
-0.008264224
-0.009096338
-0.009730057
-0.01019796
-0.01044667
-0.01041837
-0.01007724
-0.009397539
-0.008393567
-0.00713423
-0.005721782
-0.004254659
-0.002798506
-0.001378859
-2.03776e-06
0.001326153
0.002603245
0.003820011
0.004860993
0.00549943
0.005562956
0.005046954
0.004105072
0.002960243
0.001805468
0.0007444057
-0.0002135732
-0.001119383
-0.002036924
-0.003006841
-0.004033966
-0.005078445
-0.005955425
-0.006350797
-0.006034526
-0.00499973
-0.003460195
-0.001746881
-0.0001490932
0.001192307
0.002294717
0.003266737
0.004201613
0.005122341
0.006002702
0.006807067
0.007474739
0.007852412
0.007776543
0.007193709
0.006191356
0.004944059
0.003629738
0.002365785
0.00118877
8.59058e-05
-0.0009162514
-0.001740295
-0.002325632
-0.002673977
-0.002847047
-0.002933338
-0.003010218
-0.003120733
-0.00327184
-0.003459139
-0.003695134
-0.003999663
-0.004378829
-0.004772278
-0.005003252
-0.00488142
-0.004325113
-0.003394124
-0.002249978
-0.001091811
-7.295418e-05
0.0007490875
0.001361638
0.001712808
0.001746229
0.001413028
0.00062654
-0.0006747065
-0.002444291
-0.004406742
-0.006049945
-0.006918519
-0.00685771
-0.006037502
-0.004810101
-0.003523029
-0.002388726
-0.001453371
-0.000660133
6.529286e-05
0.0007732476
0.001481176
0.002182683
0.002863426
0.003514454
0.004137812
0.00474235
0.005302253
0.005720665
0.005895741
0.005792513
0.005458605
0.004991959
0.004492365
0.004024977
0.003609013
0.003227345
0.002823025
0.002297297
0.00156772
0.0006173644
-0.0004988475
-0.00166305
-0.002740349
-0.003645027
-0.004335116
-0.004736864
-0.004775603
-0.004444485
-0.003819768
-0.003025273
-0.002181534
-0.001377981
-0.0006649955
-4.933502e-05
0.0004959002
0.001010323
0.001527754
0.002087086
0.002751124
0.003572764
0.004560958
0.005667867
0.006767607
0.007703178
0.008368816
0.008653234
0.008368285
0.007377909
0.005743093
0.003787671
0.001940255
0.0005328315
-0.0002304226
-0.000292215
0.0002398617
0.001147343
0.002131274
0.002779892
0.002736017
0.001883486
0.0003694808
-0.001502915
-0.003393175
-0.005038457
-0.0063388
-0.007352484
-0.008199244
-0.008903439
-0.009382435
-0.009550826
-0.0093972
-0.00899239
-0.008437786
-0.007810446
-0.007149822
-0.006467029
-0.005760158
-0.005037027
-0.004344956
-0.003749237
-0.003289237
-0.002958915
-0.002715873
-0.00248763
-0.002153368
-0.001593552
-0.0007595356
0.0003089841
0.001516201
0.002758306
0.003911524
0.004783629
0.005206362
0.005139697
0.004683664
0.004014759
0.003301898
0.002648619
0.002079598
0.001580111
0.001217089
0.001151829
0.001512983
0.002308471
0.003428486
0.004708874
0.005999378
0.007120361
0.007792109
0.007783828
0.00705867
0.005779397
0.004215369
0.002662053
0.001361653
0.0004183422
-0.0002131286
-0.0006726279
-0.001144223
-0.001796733
-0.002711368
-0.003862565
-0.0051539
-0.006425186
-0.007382421
-0.007721063
-0.007315329
-0.006271017
-0.004843861
-0.003306767
-0.001845297
-0.0005206871
0.0007042726
0.00190783
0.003154502
0.004434792
0.005611245
0.006505303
0.007020232
0.007181804
0.007040168
0.006565324
0.005704737
0.004463009
0.002937518
0.001392687
0.000210623
-0.0003302342
-0.0001911733
0.0004498827
0.001316542
0.00212112
0.0026186
0.002693567
0.002387686
0.001843726
0.001157036
0.0002528427
-0.001014515
-0.002674662
-0.00454328
-0.006341502
-0.007852427
-0.008927606
-0.00945273
-0.009408482
-0.008881494
-0.008000434
-0.006891381
-0.005656878
-0.004365778
-0.003053688
-0.001732039
-0.0004003592
0.0009399099
0.002255382
0.003480407
0.00456186
0.005472635
0.006179126
0.006656747
0.006920469
0.007026324
0.0070388
0.006953944
0.006692869
0.006182478
0.00541482
0.004451196
0.003387578
0.002311592
0.001274016
0.0002837622
-0.0006740228
-0.001564957
-0.002261756
-0.002635854
-0.002647981
-0.002364831
-0.001915389
-0.001428168
-0.0009853215
-0.0006094043
-0.0002785992
3.299005e-05
0.0002692048
0.0002938793
-3.610596e-06
-0.0006363364
-0.001521378
-0.002522066
-0.003431639
-0.003991728
-0.004031866
-0.003554855
-0.002711152
-0.001707259
-0.0007132445
0.0001873925
0.0009918349
0.001723686
0.002397281
0.003018008
0.003590217
0.004109
0.004495637
0.004609396
0.004353674
0.003739308
0.002871513
0.001891403
0.0009153106
1.327191e-06
-0.0008500563
-0.001663279
-0.002377751
-0.002807717
-0.00278051
-0.002255327
-0.00133999
-0.0002256552
0.0009059448
0.001936717
0.002783452
0.003389665
0.003753285
0.003922196
0.003913263
0.003664384
0.003107008
0.002235945
0.001120967
-0.0001273663
-0.001404976
-0.002647465
-0.003820263
-0.004832229
-0.005545095
-0.005874838
-0.005845554
-0.00556988
-0.005189212
-0.004815775
-0.004502117
-0.00422569
-0.003890914
-0.003394955
-0.00269245
-0.00181159
-0.0008318423
0.0001303716
0.0009540885
0.001572495
0.001996685
0.002294972
0.002549785
0.002785672
0.002893229
0.002707498
0.002134263
0.001202612
3.918733e-05
-0.001167544
-0.002212746
-0.002965751
-0.003417992
-0.003660036
-0.003818848
-0.003997012
-0.004241288
-0.004545064
-0.004872558
-0.005186925
-0.005468615
-0.005719234
-0.005954114
-0.006190878
-0.006438302
-0.00665254
-0.006704127
-0.006462983
-0.005885173
-0.005029965
-0.004018149
-0.002971523
-0.001976546
-0.001089083
-0.000332047
0.0003089605
0.0008739156
0.001407794
0.001943415
0.002494431
0.003058324
0.00362499
0.004185119
0.004734987
0.005276591
0.005815046
0.00635534
0.006900018
0.007448791
0.007999545
0.0085295
0.008894131
0.008850412
0.008229256
0.007038279
0.005440924
0.003664277
0.001928013
0.0004035893
-0.0008375072
-0.001832166
-0.002683312
-0.003480466
-0.004175014
-0.004601419
-0.004622597
-0.004223738
-0.003510745
-0.002646209
-0.001775101
-0.0009975777
-0.000406999
-7.407951e-05
-5.938874e-06
-0.0001436974
-0.0003864262
-0.0005977049
-0.0006474067
-0.0004730262
-9.682492e-05
0.0004025848
0.0009362163
0.001426679
0.001796572
0.001991867
0.002009494
0.001894014
0.001711335
0.001519254
0.001349759
0.00120733
0.001079008
0.0009478736
0.0008031402
0.0006435816
0.0004752497
0.0003134236
0.0001986568
0.0001810793
0.000286507
0.0005028442
0.000790319
0.001102808
0.001406434
0.00168764
0.001950408
0.002204868
0.002436667
0.002596225
0.002636226
0.002544089
0.002346234
0.002090897
0.001824836
0.001576942
0.001354083
0.001147244
0.0009427472
0.000738868
0.0005538473
0.0004106372
0.0003202536
0.0002765758
0.0002615795
0.0002550387
0.000242642
0.000213232
0.0001273944
-7.998222e-05
-0.0004532933
-0.0009882804
-0.00163809
-0.002339511
-0.003031977
-0.003631737
-0.004040834
-0.004205806
-0.004146133
-0.003937031
-0.00366899
-0.00341092
-0.003192983
-0.003010615
-0.002841179
-0.002662124
-0.002462194
-0.002243296
-0.002015441
-0.001789557
-0.001572176
-0.001363866
-0.001160865
-0.0009582751
-0.0007628298
-0.0006353459
-0.0006722454
-0.0009360832
-0.001418851
-0.002053435
-0.002751833
-0.003443136
-0.004088339
-0.004619415
-0.004892777
-0.004781882
-0.004264393
-0.003429557
-0.002424957
-0.001389064
-0.0004217906
0.0003881976
0.0009779056
0.001342424
0.001534011
0.001632654
0.001710853
0.001811167
0.001942774
0.002092502
0.002245726
0.002413052
0.002625686
0.002909291
0.003267382
0.003681614
0.004123262
0.004569658
0.005019676
0.005488429
0.005991048
0.006531842
0.007090668
0.007546737
0.007685389
0.007344725
0.006513145
0.005319646
0.003955196
0.002585542
0.00129918
0.0001032498
-0.001046062
-0.002202743
-0.003400036
-0.004594921
-0.00557294
-0.006058645
-0.005906157
-0.005173565
-0.004068818
-0.002835799
-0.001654339
-0.0005962018
0.0003606143
0.001278085
0.002141166
0.002793146
0.003057328
0.00286428
0.002284063
0.001475856
0.0006073433
-0.0002086144
-0.0009359536
-0.001599084
-0.002247458
-0.002922469
-0.003639971
-0.004382859
-0.005094994
-0.005711994
-0.006201249
-0.00657529
-0.006878232
-0.007160624
-0.007458371
-0.007784061
-0.008130945
-0.008483689
-0.008828754
-0.009160386
-0.009480843
-0.009794323
-0.01004846
-0.01006591
-0.009652436
-0.008731621
-0.007380364
-0.00577397
-0.004098734
-0.002516811
-0.00118367
-0.0001969069
0.0004497742
0.0008519933
0.001139693
0.001420847
0.001750644
0.002131852
0.002536389
0.002931304
0.003280367
0.003511343
0.003545076
0.003350457
0.00296134
0.002454128
0.001909946
0.001384501
0.000897247
0.000438825
-2.856744e-06
-0.0003986092
-0.0006886657
-0.0008305714
-0.0008263113
-0.0007175097
-0.0005616405
-0.0004069361
-0.0002780958
-0.000175964
-8.702304e-05
-4.256288e-06
1.984453e-05
-0.0001193985
-0.0005013338
-0.001130459
-0.001941234
-0.00283742
-0.003735689
-0.004591573
-0.005401582
-0.006187823
-0.006977533
-0.007788012
-0.008621475
-0.009462569
-0.01021396
-0.01066563
-0.01063255
-0.01007428
-0.009104721
-0.007924351
-0.006749184
-0.005738882
-0.004947285
-0.004330453
-0.003795306
-0.003254537
-0.002660977
-0.002012729
-0.001331412
-0.0006171749
0.0001595482
0.001028032
0.001994229
0.003037661
0.004121214
0.005194495
0.006204781
0.00712179
0.00792029
0.008506953
0.008761667
0.008627189
0.008110003
0.00724917
0.006115865
0.004825725
0.003627733
0.002856666
0.00273327
0.003254831
0.004224582
0.005351768
0.006380934
0.007184813
0.007775379
0.008250649
0.00872183
0.009259461
0.009876361
0.01054055
0.01114692
0.01144565
0.01117318
0.01022669
0.008709559
0.006855923
0.004911436
0.003040854
0.001335018
-6.603442e-06
-0.0006925836
-0.0005514211
0.0003579961
0.001790972
0.003444826
0.005066758
0.006472192
0.007565165
0.008358256
0.00894534
0.009445136
0.009949814
0.01050078
0.0110937
0.01170828
0.01234993
0.01304824
0.01382874
0.01469433
0.01562473
0.01658814
0.01755565
0.01851032
0.01944865
0.02034903
0.02108507
0.02147389
0.0214083
0.02091944
0.02014726
0.01926377
0.01840201
0.01762121
0.01691318
0.01623332
0.01553066
0.01476578
0.0139254
0.01302346
0.01208928
0.01115152
0.01022719
0.009319056
0.00841998
0.007520413
0.0066137
0.005698406
0.004777516
0.003855594
0.002936238
0.002020663
0.001115929
0.0003077399
-0.0002209395
-0.000316911
4.399517e-05
0.0007546729
0.001643102
0.002552434
0.00339251
0.004144728
0.004761711
0.005066177
0.00486843
0.004105961
0.002875805
0.001372856
-0.0002040572
-0.001723417
-0.003144144
-0.004494758
-0.005831476
-0.007200376
-0.008618204
-0.01007388
-0.01153565
-0.01292165
-0.01410995
-0.01501773
-0.01564941
-0.01608547
-0.01643542
-0.01678974
-0.01719316
-0.01764538
-0.01811994
-0.01858701
-0.01902924
-0.01944626
-0.01984936
-0.02025344
-0.02068531
-0.02120062
-0.02185319
-0.02265872
-0.02358854
-0.02458824
-0.02560161
-0.02650864
-0.02699382
-0.02670809
-0.02550672
-0.02348272
-0.02079152
-0.0175676
-0.0139383
-0.01003247
-0.006012978
-0.002190289
0.001073543
0.003575888
0.005276537
0.006160107
0.006264603
0.005730681
0.004776616
0.00362777
0.002451322
0.001330035
0.0003008918
-0.0005959102
-0.001331027
-0.001908635
-0.002366433
-0.002757987
-0.003130745
-0.003484086
-0.003719279
-0.003704656
-0.003372685
-0.002755834
-0.001958778
-0.001102176
-0.0003137019
9.28978e-05
-0.0003451433
-0.001925962
-0.004605409
-0.00805097
-0.01182765
-0.01558332
-0.01914749
-0.02252467
-0.0258192
-0.02914507
-0.03251965
-0.03574494
-0.03852373
-0.04066396
-0.04207179
-0.0426548
-0.04239183
-0.04128993
-0.03929204
-0.03638528
-0.03269661
-0.02847605
-0.02400559
-0.0195059
-0.01508929
-0.01076583
-0.00649086
-0.002295075
0.00161118
0.004986755
0.007733663
0.009943421
0.01178281
0.01327684
0.01432057
0.01483292
0.0148488
0.0145235
0.01414023
0.01403653
0.01443361
0.01534817
0.01662776
0.01805606
0.01945572
0.02074342
0.02192758
0.02306796
0.02422771
0.02544171
0.02670874
0.02800247
0.02926224
0.03038579
0.03128846
0.03195358
0.03243516
0.03282271
0.03319886
0.0336087
0.03397466
0.03397385
0.03322472
0.03155046
0.02906491
0.02608081
0.02294446
0.01989907
0.0170314
0.0143
0.01160561
0.008842553
0.005846817
0.002417382
-0.001553424
-0.006017331
-0.01080697
-0.01572379
-0.02061791
-0.0254008
-0.02987509
-0.03369709
-0.03661464
-0.03863226
-0.0399741
-0.04083039
-0.04120767
-0.0410391
-0.04023523
-0.03862615
-0.03609049
-0.03269034
-0.028667
-0.02433531
-0.01996162
-0.01569101
-0.01154393
-0.007467739
-0.003496046
0.0001215295
0.00309658
0.005283029
0.006621618
0.007109966
0.006858852
0.006085049
0.005039823
0.003928558
0.002867412
0.001943179
0.001318716
0.001157621
0.001516903
0.002399671
0.003850457
0.005891133
0.008451489
0.01137499
0.01447748
0.01760937
0.02069072
0.02370991
0.02669718
0.02969179
0.0327137
0.03567814
0.03833449
0.04043044
0.04188012
0.04279669
0.04340764
0.04383548
0.04388712
0.04323506
0.0416984
0.03935765
0.03649359
0.03343919
0.03044511
0.02761698
0.02493546
0.02241216
0.02026922
0.01879511
0.01812297
0.01815348
0.01862446
0.01924383
0.01980173
0.0202138
0.02037472
0.01988886
0.01827381
0.01531459
0.01118475
0.006325591
0.001223349
-0.003776245
-0.008542696
-0.01312445
-0.01765228
-0.02224445
-0.02695264
-0.03174454
-0.03640539
-0.0405412
-0.04373446
-0.04560577
-0.04599166
-0.04497088
-0.04278842
-0.03979713
-0.03636539
-0.03278418
-0.02921705
-0.02570723
-0.02222414
-0.01871828
-0.01518329
-0.0117887
-0.008843838
-0.00657758
-0.00500188
-0.003929461
-0.003111157
-0.00242577
-0.001908387
-0.001642838
-0.001666526
-0.001938231
-0.002360877
-0.002828204
-0.003264983
-0.003643538
-0.003975977
-0.004255982
-0.004286933
-0.003735375
-0.002378014
-0.0002401866
0.002381341
0.004981601
0.007098287
0.008527529
0.00935262
0.009750569
0.009763076
0.009333555
0.008431054
0.007139362
0.005773214
0.004795012
0.00454202
0.005067084
0.006133458
0.007221234
0.007740974
0.007350127
0.006076988
0.00422712
0.002186164
0.0002448982
-0.001468131
-0.002937085
-0.004185934
-0.005140714
-0.005619
-0.005448569
-0.004548814
-0.0029899
-0.001009607
0.001024941
0.002775894
0.003974164
0.004352701
0.003772431
0.002348199
0.0004811573
-0.001321377
-0.002695951
-0.00346048
-0.00343451
-0.002485433
-0.0007046768
0.001523542
0.003716958
0.005536324
0.006893012
0.007908895
0.0087905
0.009673843
0.01055761
0.01136213
0.01198969
0.01221563
0.01169078
0.010188
0.007753381
0.004667758
0.001295707
-0.002066982
-0.005274094
-0.008283552
-0.01100188
-0.01328906
-0.01498959
-0.01593996
-0.01608629
-0.01554787
-0.01456949
-0.01341669
-0.0122834
-0.01127012
-0.01060382
-0.0107913
-0.0122887
-0.01519018
-0.01919639
-0.0237979
-0.02851228
-0.03301428
-0.03700964
-0.04020469
-0.04247305
-0.04393022
-0.04486322
-0.04559163
-0.04634843
-0.04722436
-0.04812953
-0.04883786
-0.04915212
-0.04901887
-0.04846469
-0.04731608
-0.04524761
-0.04207214
-0.03788786
-0.0330235
-0.02787522
-0.02275133
-0.01779569
-0.01299933
-0.008269273
-0.003507132
0.001340425
0.006270295
0.01124275
0.01621111
0.02114496
0.02604006
0.03091102
0.03577836
0.04060714
0.04509796
0.04877726
0.05133725
0.05278652
0.05334373
0.05331025
0.05297593
0.0525533
0.05218399
0.05197326
0.05197153
0.0521635
0.05248752
0.05286268
0.05315785
0.05318573
0.05273799
0.051596
0.04965642
0.0470087
0.04389056
0.0405761
0.03728559
0.03418568
0.03138003
0.02887768
0.02660348
0.02444621
0.02230824
0.02013543
0.01791751
0.01558252
0.01282559
0.009274534
0.004756683
-0.0006097231
-0.006504855
-0.01257297
-0.01856047
-0.02437219
-0.0300434
-0.03557959
-0.04068235
-0.04482163
-0.04727795
-0.04743167
-0.04519214
-0.04106674
-0.03589204
-0.03046425
-0.02527855
-0.02046611
-0.01589588
-0.0113594
-0.006873134
-0.002825452
0.0003294599
0.002350651
0.003202608
0.003027261
0.002112935
0.0007996576
-0.000622194
-0.001931139
-0.002976332
-0.003712426
-0.004195512
-0.004536089
-0.004856465
-0.005312651
-0.006059498
-0.007166266
-0.008589009
-0.01020777
-0.01188915
-0.01351366
-0.01496583
-0.01617229
-0.01712799
-0.01771983
-0.01748636
-0.01590989
-0.01280338
-0.0084143
-0.003266194
0.002096985
0.007309474
0.01225018
0.0169378
0.02133028
0.02532688
0.02886999
0.0319285
0.03441693
0.03627605
0.03755967
0.03843048
0.03901775
0.03917371
0.03859441
0.03710561
0.03478893
0.03192687
0.02885699
0.0258365
0.02297759
0.02026315
0.01762545
0.01501763
0.01242833
0.009867907
0.007349338
0.004875891
0.002438131
1.919436e-05
-0.002380311
-0.004650648
-0.006590297
-0.008052772
-0.009037747
-0.009677338
-0.0101546
-0.01060294
-0.01106549
-0.01152185
-0.01193054
-0.01223486
-0.01235039
-0.01221572
-0.01183543
-0.01127623
-0.01063074
-0.009975445
-0.009345819
-0.008740002
-0.00816071
-0.007702861
-0.007519382
-0.007720432
-0.008402194
-0.00966701
-0.01153496
-0.0139024
-0.01654614
-0.01896128
-0.02042388
-0.02042968
-0.01896189
-0.01643279
-0.01342802
-0.01044019
-0.007718869
-0.00526792
-0.002944843
-0.0005857657
0.001906413
0.004536902
0.007245686
0.009955794
0.01255605
0.01462663
0.01549707
0.01471742
0.01233349
0.008842339
0.005040671
0.001725518
-0.0006518962
-0.002099836
-0.002955257
-0.003644501
-0.004479989
-0.005571873
-0.006838024
-0.008075359
-0.009092825
-0.009811481
-0.01027888
-0.01061733
-0.01098422
-0.01159271
-0.01263103
-0.01415601
-0.01607689
-0.01821841
-0.02040155
-0.02236041
-0.02358422
-0.02358569
-0.02221843
-0.01973486
-0.01661988
-0.01335517
-0.01024781
-0.007382213
-0.00471437
-0.002420643
-0.0009905931
-0.0008478708
-0.002055224
-0.004300876
-0.007084432
-0.009945815
-0.01261556
-0.01503002
-0.01723336
-0.01929798
-0.02128028
-0.02306222
-0.02422708
-0.02433242
-0.02313323
-0.02065887
-0.01720196
-0.01319023
-0.009018281
-0.004930827
-0.0009972241
0.002837711
0.006671745
0.01057837
0.01457641
0.01863712
0.02270661
0.0266325
0.03009176
0.03278857
0.03464856
0.03584278
0.03667651
0.0374428
0.03832063
0.03935097
0.0404753
0.04152497
0.04210429
0.04177429
0.04034303
0.03795055
0.0348786
0.03131583
0.02734605
0.02301978
0.01840367
0.01358836
0.008670304
0.003728149
-0.00119276
-0.006080812
-0.01094745
-0.01581131
-0.0206696
-0.02534453
-0.02944689
-0.03264754
-0.03488442
-0.03625667
-0.03674887
-0.03628769
-0.03491006
-0.03281447
-0.03029467
-0.0276316
-0.02501093
-0.02250026
-0.02015883
-0.01827534
-0.0172457
-0.01727895
-0.01827053
-0.01978232
-0.0210511
-0.02134894
-0.02035742
-0.0182449
-0.01548482
-0.01258413
-0.009877092
-0.007457256
-0.005232853
-0.003041532
-0.0007595324
0.001611067
0.00394784
0.006111609
0.00803359
0.009738944
0.01131646
0.01286626
0.01445736
0.01611104
0.01780985
0.01951925
0.0211795
0.0226672
0.02385674
0.02470393
0.02526498
0.02559886
0.02553664
0.02475171
0.02303505
0.02044014
0.01724083
0.01378575
0.01035369
0.007077927
0.003953
0.0008946746
-0.002178908
-0.005208057
-0.007957366
-0.01019517
-0.01184217
-0.01286969
-0.01307082
-0.01220631
-0.01023753
-0.007383937
-0.004017697
-0.0005077391
0.002803518
0.005518197
0.007337217
0.008224403
0.008400831
0.008227706
0.008087635
0.008250667
0.00879464
0.009629736
0.01058956
0.01152567
0.01232604
0.0128364
0.01290531
0.01248583
0.01166165
0.01059671
0.009458108
0.008357193
0.007330706
0.006356557
0.005342018
0.004076865
0.002344585
6.355891e-05
-0.002678637
-0.005686759
-0.008726645
-0.01158483
-0.0141476
-0.01642857
-0.0185308
-0.02057589
-0.02254665
-0.02409248
-0.02474868
-0.02427651
-0.02279015
-0.02065975
-0.01832175
-0.0161438
-0.01433435
-0.01290749
-0.01173508
-0.01064481
-0.009506
-0.008268673
-0.006954178
-0.005617901
-0.004317794
-0.003130164
-0.002139116
-0.001384272
-0.0008381954
-0.0004255223
-6.13385e-05
0.0003158932
0.0007306057
0.001166401
0.001518186
0.001608282
0.001307225
0.0006102446
-0.0003739832
-0.001489284
-0.002605824
-0.003676564
-0.004735492
-0.005845639
-0.00705009
-0.008345811
-0.00957568
-0.01031094
-0.01010376
-0.008782225
-0.00652171
-0.003761604
-0.001108196
0.0009148542
0.002096195
0.002562835
0.002618927
0.002473081
0.002140042
0.001541536
0.000622951
-0.0005848868
-0.001865401
-0.002767345
-0.002867319
-0.00201722
-0.0003827142
0.001686997
0.003840736
0.005856623
0.007679328
0.009376145
0.01105735
0.01280035
0.01446575
0.01552026
0.01537003
0.01376526
0.01091198
0.007313879
0.003531601
0.0001169939
-0.002460897
-0.004011244
-0.00467521
-0.004805099
-0.004778038
-0.004862858
-0.005173458
-0.005684633
-0.006294729
-0.006888323
-0.007354619
-0.007618504
-0.007672854
-0.007571996
-0.007396953
-0.007217633
-0.00707054
-0.00695791
-0.006876507
-0.006972824
-0.007589272
-0.009021839
-0.0113252
-0.01430259
-0.01759762
-0.02063724
-0.02273126
-0.0234541
-0.02284592
-0.02132273
-0.01942753
-0.01759141
-0.01601204
-0.01466688
-0.01337453
-0.01184425
-0.009829241
-0.007260317
-0.004254334
-0.001026177
0.00222147
0.0053711
0.008405105
0.0113733
0.01432089
0.01715589
0.01967405
0.0217199
0.02328393
0.02445371
0.02517488
0.02523691
0.02448978
0.02297947
0.02097867
0.01898545
0.01750544
0.01679851
0.01680635
0.01725344
0.01779062
0.01802021
0.01760212
0.01641651
0.01459204
0.01240409
0.01013531
0.00801633
0.006219465
0.00484369
0.004042188
0.004007138
0.004804508
0.00626809
0.008025025
0.009684229
0.0110101
0.01197555
0.01270504
0.01332887
0.01382327
0.01405445
0.01391456
0.01340145
0.01261448
0.01169842
0.0107883
0.0100294
0.009573554
0.009498983
0.009771163
0.01027164
0.01086091
0.01143128
0.01188139
0.01206461
0.01186291
0.01126234
0.01033073
0.009093736
0.007516781
0.005581613
0.00333327
0.0008719652
-0.001686401
-0.004250302
-0.006773852
-0.009254335
-0.01171436
-0.01418021
-0.01666348
-0.0190324
-0.02080407
-0.02141257
-0.02060232
-0.01855425
-0.01574626
-0.01270375
-0.00980549
-0.007273506
-0.005215858
-0.003614063
-0.002345898
-0.00124974
-0.0001903524
0.0009053975
0.002060313
0.003285912
0.004589915
0.005968993
0.007407537
0.008883212
0.01037479
0.01186762
0.01335532
0.01483822
0.01631972
0.01780306
0.01928971
0.02077896
0.0222655
0.02373583
0.02517678
0.02658395
0.02795707
0.02919214
0.02998507
0.03003184
0.0292377
0.02775502
0.02583976
0.02363384
0.02114388
0.01833964
0.01523063
0.01188576
0.008408618
0.004897841
0.001417338
-0.002013431
-0.005408538
-0.008795254
-0.01219622
-0.01561144
-0.01891937
-0.02183118
-0.02408419
-0.02561341
-0.02656928
-0.02721886
-0.02781723
-0.02851858
-0.02935632
-0.03027769
-0.03117209
-0.03183081
-0.03202656
-0.03165866
-0.03080025
-0.02964162
-0.02839068
-0.0271919
-0.02611544
-0.02530562
-0.02502439
-0.02546643
-0.02662744
-0.02831647
-0.03026177
-0.03220248
-0.03390182
-0.03520542
-0.03609818
-0.03668376
-0.03703826
-0.03704433
-0.03650097
-0.03530881
-0.03354438
-0.0314141
-0.02915235
-0.02693169
-0.02482323
-0.02280962
-0.02082959
-0.01882364
-0.01676342
-0.01465467
-0.01252332
-0.01039759
-0.008293943
-0.006213589
-0.004146535
-0.002080002
-6.13065e-06
0.002046458
0.003964673
0.005614305
0.006933413
0.007962669
0.008819206
0.009676951
0.01071847
0.01204879
0.01365844
0.01545221
0.01731007
0.01914116
0.0209089
0.02262446
0.0243185
0.02596646
0.02744716
0.02863248
0.02947517
0.02998179
0.03013342
0.0299152
0.02936466
0.02857437
0.02765823
0.02671276
0.02579295
0.02488258
0.02379431
0.02223993
0.02003543
0.01720511
0.0139449
0.01051024
0.00714796
0.004164438
0.00184724
0.0003002862
-0.0005982386
-0.001111302
-0.001511126
-0.001951255
-0.002371076
-0.002581427
-0.002429381
-0.001891715
-0.001069371
-0.0001200891
0.0008171081
0.001629326
0.002146494
0.002196147
0.001719018
0.000800723
-0.0003816244
-0.001644831
-0.002865486
-0.004001955
-0.005050114
-0.005873128
-0.006196692
-0.005815454
-0.004728244
-0.003137422
-0.001393752
0.0001462228
0.001279266
0.002006378
0.002474819
0.002872081
0.003335812
0.003916401
0.004600315
0.005351556
0.006135199
0.006928582
0.007723623
0.008518413
0.009240766
0.009682592
0.009634197
0.009026068
0.007956831
0.006625522
0.005232869
0.00390827
0.002688223
0.001564937
0.0006582226
0.0002256816
0.0004647094
0.001380163
0.002794452
0.004449442
0.006120567
0.007685749
0.00913163
0.01051389
0.01190347
0.01334617
0.01482793
0.01614337
0.01691549
0.0168567
0.01594243
0.01439603
0.01255113
0.01069846
0.008993626
0.007449085
0.005987617
0.004513787
0.002969132
0.001387505
-8.597256e-05
-0.001295452
-0.002174172
-0.002768678
-0.003197928
-0.003591113
-0.004078694
-0.004825384
-0.005959441
-0.007497721
-0.009345758
-0.01135459
-0.01338886
-0.01537065
-0.01728607
-0.01915229
-0.02092913
-0.0225076
-0.02379756
-0.0247856
-0.02548511
-0.02586798
-0.02590748
-0.02563064
-0.02512211
-0.02449177
-0.02383458
-0.02320537
-0.02261632
-0.02204727
-0.02141962
-0.02058831
-0.01943369
-0.01793568
-0.01617482
-0.01428106
-0.01237297
-0.0105181
-0.008726566
-0.006970659
-0.005212844
-0.003427812
-0.001610648
0.0002270179
0.002052621
0.003779186
0.005299228
0.006557134
0.007578348
0.008425066
0.009037977
0.009221515
0.008817195
0.007823788
0.006394077
0.004750663
0.003088738
0.001516166
4.689241e-05
-0.001364163
-0.002739892
-0.004003503
-0.005036167
-0.005770873
-0.006231474
-0.006511704
-0.006724699
-0.006956464
-0.007244294
-0.007581138
-0.007918788
-0.008101336
-0.00789979
-0.007165635
-0.005894173
-0.00417198
-0.002129436
9.643678e-05
0.002395603
0.004703299
0.00699869
0.009288932
0.0115897
0.01391076
0.01625095
0.01860146
0.02095165
0.02329426
0.02561094
0.02778713
0.02962806
0.03099771
0.03190102
0.03241127
0.03249779
0.03206332
0.0310737
0.02961318
0.02786355
0.02610405
0.02464851
0.02369139
0.023232
0.02311509
0.02313224
0.02311798
0.02298628
0.02264601
0.0219612
0.02084235
0.01931024
0.01748429
0.01555909
0.01380454
0.01245297
0.01158378
0.01111127
0.01085595
0.01063942
0.01035021
0.009920487
0.00923412
0.008168973
0.006686846
0.004858045
0.002820794
0.0007168988
-0.001357567
-0.003365689
-0.005274631
-0.00700609
-0.00848668
-0.009707331
-0.01077883
-0.01192483
-0.01335279
-0.0151461
-0.01724879
-0.0195222
-0.0217926
-0.02375526
-0.02502547
-0.02537883
-0.02487258
-0.02378638
-0.0224674
-0.02118528
-0.020061
-0.01907956
-0.0181534
-0.01719297
-0.01615186
-0.01503543
-0.01388202
-0.01273462
-0.01161966
-0.0105408
-0.009517863
-0.008695714
-0.00828989
-0.008427884
-0.009073608
-0.01006106
-0.01118459
-0.01228452
-0.01328613
-0.0141743
-0.01495627
-0.01565133
-0.0162771
-0.01674435
-0.01679999
-0.01620762
-0.01491187
-0.01303446
-0.01072877
-0.008108181
-0.005254863
-0.002235929
0.0008904628
0.004076158
0.007286386
0.01049507
0.01358446
0.01625646
0.01822044
0.01938841
0.01990837
0.02006556
0.02014262
0.0202838
0.0203665
0.02010324
0.01927314
0.01785486
0.01605209
0.01423954
0.01276872
0.01180109
0.01129304
0.01120645
0.01166042
0.01279298
0.01461308
0.01697276
0.01963662
0.02236585
0.02489129
0.02693129
0.02833466
0.02914952
0.02955917
0.02967592
0.02944206
0.02875264
0.02758195
0.02601741
0.02416477
0.02198666
0.01935743
0.01620899
0.01259858
0.008682885
0.004644742
0.0006411035
-0.003112576
-0.00633466
-0.008848192
-0.01068356
-0.01204565
-0.01320017
-0.01436165
-0.01564142
-0.01709679
-0.01877714
-0.02069911
-0.02282966
-0.02509985
-0.02742571
-0.0296624
-0.03159813
-0.03307835
-0.03408584
-0.03460704
-0.03445252
-0.03341384
-0.03146087
-0.0287827
-0.02569368
-0.02249708
-0.01938609
-0.01642497
-0.01367829
-0.01132234
-0.009526986
-0.008327266
-0.007648162
-0.007504462
-0.008006921
-0.009207235
-0.01101537
-0.01322693
-0.01560961
-0.01797533
-0.02009597
-0.02163021
-0.02231519
-0.02212994
-0.02127584
-0.01996006
-0.01824897
-0.01613493
-0.01363159
-0.01081322
-0.007798706
-0.004709649
-0.001634589
0.001328298
0.003930704
0.00587568
0.007025114
0.007474689
0.007484121
0.007343517
0.007260993
0.007316749
0.007483465
0.007683303
0.00784523
0.00793771
0.007969962
0.007950205
0.007842159
0.007595069
0.007186907
0.006639311
0.006004336
0.005339099
0.004685401
0.004066522
0.003491306
0.002955399
0.002445754
0.001960906
0.001571082
0.001397024
0.001533073
0.002028625
0.002872746
0.003989714
0.005267672
0.006600668
0.007919253
0.009177073
0.0103025
0.01122321
0.01191556
0.0124174
0.01280497
0.01315677
0.01352579
0.01393016
0.01434067
0.01456082
0.0142413
0.0131216
0.01118891
0.008660788
0.005853985
0.003042735
0.0004169581
-0.001850256
-0.003641201
-0.004959646
-0.005914454
-0.006590849
-0.006978151
-0.007038523
-0.006779319
-0.006271212
-0.005621675
-0.004933318
-0.004287867
-0.00384229
-0.003840754
-0.004453348
-0.005670709
-0.007323056
-0.009176402
-0.01103422
-0.01279418
-0.01442519
-0.0158885
-0.01713955
-0.01816849
-0.01900422
-0.01961714
-0.01987035
-0.0196399
-0.01891877
-0.01782447
-0.01653638
-0.01521748
-0.01396294
-0.0127913
-0.01166899
-0.01054724
-0.009391716
-0.0081945
-0.006969462
-0.005744027
-0.004606474
-0.003730788
-0.003264968
-0.003235703
-0.003544003
-0.00402697
-0.00453428
-0.004978268
-0.005343101
-0.005661741
-0.005980857
-0.006332862
-0.006724843
-0.007132868
-0.007421009
-0.007330671
-0.006653945
-0.00536359
-0.003609878
-0.001627168
0.000374535
0.00227809
0.004068213
0.00579618
0.007529131
0.009305309
0.01101027
0.01229033
0.0127863
0.01237286
0.01120641
0.009613039
0.007923682
0.006351957
0.004957049
0.00368175
0.002425467
0.001108984
-0.0002942454
-0.00176236
-0.0032506
-0.004688084
-0.005838213
-0.006334839
-0.00593657
-0.004672208
-0.002801137
-0.0006666761
0.001445233
0.003359299
0.00501881
0.006468892
0.007807413
0.009129132
0.01048918
0.01189607
0.01332707
0.01475185
0.01615093
0.01752207
0.01887621
0.02022854
0.02159018
0.02296444
0.02431645
0.02542156
0.02590434
0.02550345
0.02422967
0.02233361
0.02016011
0.01799629
0.0159868
0.01413466
0.01240231
0.01088146
0.009753992
0.009138305
0.009008901
0.009218136
0.009574818
0.00991774
0.01010106
0.009978192
0.009471525
0.008612415
0.007519118
0.006372486
0.005379514
0.004679796
0.004290577
0.004125216
0.004050204
0.003887649
0.003418348
0.002493419
0.001111293
-0.0006001819
-0.002461622
-0.004322124
-0.006078893
-0.007620376
-0.008848888
-0.00974175
-0.01036278
-0.01082571
-0.01124243
-0.01168519
-0.01217616
-0.01270037
-0.01322577
-0.01362747
-0.01353451
-0.01252868
-0.01043388
-0.007402281
-0.003803598
-4.058546e-05
0.00351493
0.006502415
0.008709339
0.01014732
0.01087581
0.01087067
0.01012328
0.008729642
0.006884892
0.00481708
0.002758538
0.0009816416
-0.0002949968
-0.001016118
-0.001295347
-0.001336164
-0.001332838
-0.001413073
-0.001631823
-0.001979792
-0.002407992
-0.002860284
-0.003298238
-0.003717518
-0.004228708
-0.00508967
-0.006532247
-0.008612061
-0.01119448
-0.01403317
-0.01679869
-0.01913522
-0.02083076
-0.02190398
-0.02255418
-0.02302043
-0.02339311
-0.02358997
-0.02348774
-0.02303477
-0.02228373
-0.02135707
-0.02038558
-0.01945981
-0.01862801
-0.01792175
-0.01735109
-0.01689709
-0.01652038
-0.016178
-0.01583641
-0.01543876
-0.01485511
-0.01395324
-0.01268781
-0.01112022
-0.009377155
-0.007588002
-0.005837688
-0.004144491
-0.002402902
-0.0003939799
0.002063745
0.005004372
0.008290221
0.01156828
0.01438623
0.01645074
0.01774192
0.01832596
0.01817047
0.01723965
0.01560563
0.01345791
0.01103725
0.008629804
0.006688754
0.005667774
0.005751446
0.006782143
0.008381767
0.01015964
0.01191446
0.01366728
0.01554299
0.01764431
0.019987
0.02250262
0.02505606
0.02747301
0.02959833
0.03124881
0.0322516
0.03256699
0.03232277
0.03174074
0.03094991
0.02986473
0.02831986
0.02623647
0.02368338
0.02083621
0.01789137
0.01499082
0.01219004
0.009470454
0.006777816
0.004061908
0.001299046
-0.001505253
-0.004328071
-0.007145389
-0.009931015
-0.01251675
-0.01451367
-0.01557163
-0.01561253
-0.01485264
-0.01366571
-0.0124055
-0.0112851
-0.01035025
-0.009529295
-0.008713987
-0.007826094
-0.00684534
-0.005800702
-0.004741228
-0.00370707
-0.002713898
-0.001753642
-0.0008058773
0.0001488778
0.00112064
0.002108402
0.003101395
0.004059689
0.004912425
0.005604359
0.00612988
0.006531105
0.006871298
0.007168903
0.007296724
0.007056309
0.006330546
0.005152293
0.003692994
0.002261748
0.001191605
0.0006660592
0.0006553685
0.0009751161
0.00140094
0.00176741
0.002011667
0.002159078
0.002279056
0.002451597
0.002739465
0.00316111
0.00368914
0.004271699
0.004859596
0.005424208
0.005926723
0.006170861
0.00585166
0.004776162
0.002979292
0.0006849257
-0.001818458
-0.004292671
-0.00656193
-0.008506687
-0.01010175
-0.01141729
-0.0125746
-0.01368918
-0.0148324
-0.0160231
-0.01723792
-0.01834555
-0.01904913
-0.01907256
-0.01834108
-0.01700498
-0.01533998
-0.01361559
-0.01204085
-0.01077661
-0.009891944
-0.009342851
-0.009008391
-0.008753926
-0.00848314
-0.00817388
-0.008006012
-0.008369193
-0.009590301
-0.01170725
-0.01436378
-0.01696955
-0.01903722
-0.02039182
-0.02116549
-0.0216014
-0.02181811
-0.02179697
-0.02147978
-0.02082608
-0.01984054
-0.0185867
-0.01716767
-0.01568792
-0.01421688
-0.01275181
-0.01122561
-0.009567952
-0.007753665
-0.005810441
-0.003797243
-0.001773716
0.0002220513
0.002171042
0.004061327
0.005890436
0.007668091
0.009412343
0.0111421
0.01287082
0.01459552
0.01623841
0.01764998
0.01871494
0.0194245
0.01987123
0.02019026
0.02042205
0.02034782
0.01964188
0.01812504
0.0158755
0.01323737
0.01069741
0.0086354
0.007170466
0.006174933
0.005392283
0.004527536
0.003323312
0.001664148
-0.0003962808
-0.002691995
-0.004979201
-0.006958106
-0.00841487
-0.00932338
-0.009801558
-0.00988694
-0.009462185
-0.008411564
-0.006747451
-0.004621483
-0.002253413
0.0001589063
0.002482336
0.00457634
0.006282852
0.007521868
0.008339614
0.008877585
0.009283303
0.009555588
0.009535232
0.009065569
0.008113824
0.006786253
0.005290112
0.003880688
0.002751801
0.001959412
0.001429682
0.001057496
0.0009133321
0.001232378
0.002203175
0.003831202
0.005943384
0.008244793
0.01036053
0.01198906
0.01303604
0.01360664
0.01382157
0.01367542
0.01310999
0.01211742
0.01079859
0.009387307
0.008148296
0.007243016
0.006678179
0.006342243
0.006084968
0.005787865
0.005363286
0.00470543
0.003731717
0.002437698
0.0008986501
-0.0007712811
-0.002463275
-0.00405779
-0.00541787
-0.006459163
-0.007194256
-0.007715412
-0.008143306
-0.008580793
-0.009086344
-0.009667974
-0.01029834
-0.01093905
-0.01155994
-0.01214873
-0.01271065
-0.01326054
-0.01381303
-0.01437608
-0.01494866
-0.01549267
-0.01588491
-0.01598433
-0.01572916
-0.01516669
-0.01441731
-0.0136119
-0.01284125
-0.012137
-0.01148284
-0.01084136
-0.01018024
-0.009486296
-0.008760276
-0.007971776
-0.007048012
-0.005929593
-0.004611421
-0.003142457
-0.001597505
-4.350686e-05
0.00148012
0.002933261
0.004226095
0.005266179
0.006001087
0.00636613
0.006298726
0.005805662
0.004979626
0.003963653
0.002938603
0.002135093
0.00173587
0.00178392
0.002182201
0.002762263
0.003367442
0.00392218
0.004476226
0.005148465
0.006030729
0.007131293
0.008341889
0.00946947
0.01035057
0.01092576
0.01118758
0.01111489
0.01070537
0.01000755
0.009113252
0.00813894
0.007234557
0.006539213
0.006113945
0.005925203
0.005878638
0.005871679
0.005834575
0.005737008
0.005507532
0.004994193
0.004070054
0.002720805
0.001046888
-0.0007949031
-0.00266197
-0.004471585
-0.006198814
-0.007789613
-0.009127509
-0.01012029
-0.01076647
-0.01115345
-0.01140941
-0.01164787
-0.0119329
-0.01227499
-0.01264912
-0.01302089
-0.01334596
-0.01352949
-0.01346648
-0.01311366
-0.01251215
-0.011759
-0.01095833
-0.010184
-0.00947403
-0.008837555
-0.008260982
-0.007719047
-0.007187549
-0.006651635
-0.006107514
-0.005559118
-0.005012496
-0.004464274
-0.003870671
-0.003161072
-0.002288907
-0.001258634
-0.0001184391
0.001049824
0.002118687
0.002966451
0.003544766
0.003894028
0.004109758
0.004291404
0.004483246
0.004627151
0.004616288
0.004380149
0.003924683
0.003325147
0.002750566
0.00245736
0.002645308
0.003349433
0.004445478
0.00573336
0.007032745
0.008226505
0.009240517
0.01004709
0.01067215
0.01117828
0.01163458
0.01208919
0.01249501
0.01260563
0.0121218
0.01090904
0.009138839
0.007255019
0.005711318
0.00474464
0.004319502
0.004227254
0.004317695
0.004636912
0.005317629
0.006433382
0.007892248
0.009421707
0.01072492
0.0116358
0.01214332
0.01224496
0.01189429
0.01107851
0.009865676
0.008402367
0.006921291
0.005667666
0.004780295
0.004247233
0.003960804
0.003871799
0.004042187
0.00455029
0.005405222
0.006498337
0.007611731
0.008533108
0.009158397
0.009513982
0.009706575
0.009802633
0.009747371
0.009438643
0.008823186
0.007934202
0.006869941
0.005763342
0.004779994
0.004058612
0.003643713
0.003478611
0.00344996
0.003446326
0.003399138
0.003292978
0.003150323
0.003005796
0.002884766
0.00279394
0.002726816
0.002686794
0.002693512
0.002764751
0.002902168
0.003090365
0.003305411
0.003525294
0.003736941
0.00393737
0.004101586
0.004059941
0.003545567
0.002387194
0.0006140102
-0.001522953
-0.003611494
-0.005290611
-0.006412797
-0.007014541
-0.007179869
-0.006998154
-0.00654791
-0.005861879
-0.004946386
-0.003821145
-0.002536115
-0.001193232
3.62087e-05
0.0009940368
0.001620628
0.001959497
0.002045739
0.001841195
0.001301411
0.0004394567
-0.0006657387
-0.001895825
-0.003077464
-0.003997174
-0.004512411
-0.004619908
-0.004435783
-0.004122659
-0.003805823
-0.003510257
-0.003181429
-0.002751699
-0.002189698
-0.001513006
-0.0007714114
-2.127295e-05
0.0006801632
0.001282773
0.001766405
0.002147829
0.002466919
0.002744324
0.002929029
0.002936815
0.002720036
0.002297619
0.001740096
0.001132119
0.0005380109
-1.459005e-05
-0.0005310283
-0.001034798
-0.001575655
-0.002249124
-0.003144025
-0.004285252
-0.005625019
-0.007074479
-0.008546812
-0.009987922
-0.01138445
-0.01275246
-0.01411789
-0.01550027
-0.01690092
-0.01828786
-0.01960959
-0.020829
-0.02187715
-0.02253743
-0.02256289
-0.0218587
-0.02053635
-0.01884967
-0.01711307
-0.01559704
-0.01442763
-0.01357063
-0.01290283
-0.0123156
-0.01175813
-0.01122686
-0.01073789
-0.01030328
-0.009919511
-0.00956014
-0.009140975
-0.008539431
-0.007674455
-0.006559443
-0.005333178
-0.004204255
-0.003330684
-0.002750751
-0.002395217
-0.002188438
-0.002149276
-0.002347065
-0.002820129
-0.003539414
-0.004421751
-0.005346585
-0.006101184
-0.00643907
-0.006228706
-0.005515512
-0.004485722
-0.003398097
-0.002477872
-0.001828638
-0.001421464
-0.001147089
-0.0008874424
-0.0005677409
-0.0001724665
0.0002699666
0.0007167527
0.001136108
0.001518787
0.001874477
0.002194099
0.002393541
0.002362239
0.002045139
0.001473209
0.0007393
-5.051723e-05
-0.0008189236
-0.001535314
-0.002209126
-0.002869059
-0.003542034
-0.004239342
-0.004941967
-0.005600224
-0.006157292
-0.006510162
-0.006513046
-0.006079142
-0.00523974
-0.00412308
-0.002888186
-0.001660693
-0.0005000538
0.0005914293
0.001607609
0.002506418
0.003246796
0.003823596
0.004271999
0.004649032
0.005008809
0.005385165
0.005787428
0.006207028
0.006628955
0.007041681
0.00744158
0.007832087
0.008219902
0.008610982
0.009020914
0.009511812
0.01016888
0.01103995
0.01210789
0.01330562
0.01453638
0.01566015
0.01654034
0.01711849
0.017435
0.01759429
0.01768069
0.01760111
0.01711912
0.01605295
0.01440259
0.01239083
0.0103829
0.008689799
0.007434201
0.006544888
0.005842245
0.005145999
0.004349101
0.0034375
0.002517944
0.001865524
0.001771122
0.002355101
0.00351889
0.005023307
0.006602687
0.008035807
0.009204721
0.0101154
0.0108606
0.01155303
0.01226362
0.01300398
0.01374765
0.01446132
0.01512723
0.01574951
0.01634737
0.01694291
0.01754947
0.01814866
0.01868264
0.01909463
0.01936622
0.01952315
0.01959409
0.01947203
0.01892084
0.01776093
0.01598977
0.01377108
0.01134084
0.008902434
0.006564416
0.00433616
0.002164875
-1.47929e-05
-0.00223638
-0.004416966
-0.006348143
-0.007844447
-0.008859752
-0.009484658
-0.009818214
-0.009892228
-0.009710806
-0.009296818
-0.008706645
-0.008031916
-0.007389012
-0.006869964
-0.006505565
-0.006266403
-0.006096063
-0.005999169
-0.006092113
-0.006506776
-0.007290476
-0.008381886
-0.009651902
-0.01096737
-0.01224023
-0.01344335
-0.01459697
-0.01574036
-0.01690574
-0.01810186
-0.0192482
-0.02010351
-0.02041168
-0.02007321
-0.01918857
-0.01798453
-0.01669762
-0.01548554
-0.01439691
-0.0133958
-0.01241317
-0.01141444
-0.0104487
-0.009604911
-0.008942581
-0.008459208
-0.008099797
-0.007793363
-0.00751513
-0.007311581
-0.007247861
-0.007353913
-0.007607641
-0.007951229
-0.008320994
-0.008672274
-0.008983287
-0.009210163
-0.009273759
-0.009115739
-0.008738332
-0.008199759
-0.007571064
-0.006891202
-0.006166724
-0.005391827
-0.004565264
-0.003696238
-0.002803417
-0.00192012
-0.001088128
-0.000334564
0.0003410236
0.0009619771
0.001560028
0.002161062
0.002777425
0.00340406
0.004003278
0.004516245
0.004903118
0.005165321
0.005339751
0.005476851
0.00561793
0.0057828
0.005958611
0.006082531
0.006076667
0.005900404
0.005569769
0.005141644
0.004682039
0.004241582
0.003862327
0.003582225
0.003416715
0.003350655
0.003347877
0.003369018
0.003385838
0.003389137
0.003409654
0.003522994
0.003797871
0.004252201
0.004848691
0.005523155
0.006229263
0.006955925
0.007712782
0.008509607
0.009322824
0.01007515
0.01068436
0.01111518
0.01139189
0.01157736
0.01173291
0.01181965
0.01165158
0.01103642
0.009922518
0.00848508
0.007049921
0.005901186
0.00515333
0.004743056
0.004506329
0.004276545
0.003945476
0.003473798
0.002881796
0.002223247
0.001553514
0.0009161167
0.0003521631
-0.0001105924
-0.0004723361
-0.0007590515
-0.001007837
-0.001251039
-0.001514076
-0.00182352
-0.002198336
-0.002639394
-0.003130343
-0.003647356
-0.004178033
-0.004742051
-0.005374549
-0.006096527
-0.006901784
-0.007762104
-0.008628711
-0.00941526
-0.01003372
-0.01044707
-0.0106838
-0.01081137
-0.01085868
-0.0107655
-0.0104473
-0.009869533
-0.009070283
-0.008136934
-0.007163184
-0.006214157
-0.00531322
-0.004465688
-0.003713746
-0.003121731
-0.002724397
-0.00250351
-0.002399861
-0.002343242
-0.00227996
-0.002185946
-0.002063972
-0.001931014
-0.001804443
-0.001693324
-0.001596694
-0.00150723
-0.001416648
-0.001319832
-0.001216177
-0.00110838
-0.00100016
-0.0008942213
-0.0007913667
-0.0006907324
-0.0005907314
-0.000489986
-0.0003879561
-0.0002848277
-0.0001804397
-5.955335e-05
0.0001207601
0.0004032243
0.0008013609
0.001294147
0.001840179
0.002394636
0.002900409
0.003292287
0.003532975
0.003631535
0.003611552
0.003436614
0.003031709
0.002355912
0.001436869
0.0003564566
-0.0007888838
-0.00192532
-0.003019583
-0.00407514
-0.005115121
-0.006158773
-0.007177457
-0.00809201
-0.008832801
-0.009384568
-0.009789221
-0.01011095
-0.01033825
-0.01034503
-0.01000031
-0.009267515
-0.008221699
-0.00700242
-0.005746834
-0.004541426
-0.003409393
-0.002349088
-0.001400797
-0.000628249
-6.400258e-05
0.0003140805
0.000569655
0.0007763715
0.0009766947
0.001139817
0.001191705
0.001078465
0.000800037
0.0004094592
1.832474e-05
-0.0002333396
-0.0002534477
-3.836443e-05
0.000341864
0.0007896001
0.001225207
0.001608302
0.00192195
0.002157921
0.002319981
0.002424611
0.002494619
0.002550958
0.002609589
0.002692413
0.002826973
0.003029734
0.003296977
0.003612312
0.003982022
0.004445708
0.005039526
0.00576683
0.006595364
0.007457726
0.008252907
0.008894499
0.00935447
0.009667005
0.00990063
0.0101036
0.01018504
0.009929973
0.009167692
0.007882614
0.006208684
0.004348273
0.002479552
0.0006996914
-0.0009685855
-0.002459198
-0.003618845
-0.004323463
-0.00456838
-0.004466132
-0.004156959
-0.003711908
-0.003138006
-0.00242533
-0.001580829
-0.0006363563
0.0003622771
0.001372441
0.002367498
0.003337706
0.004257081
0.00505977
0.005684609
0.006118323
0.006400728
0.006600613
0.006780484
0.006945237
0.007029731
0.006959347
0.006704958
0.006295877
0.005798081
0.005280279
0.004787756
0.004333681
0.003903651
0.00345217
0.002916438
0.002255346
0.001473279
0.000669757
8.477332e-05
-3.762708e-05
0.0003990066
0.00130914
0.002493744
0.003739594
0.004863261
0.005736907
0.006327686
0.006694287
0.006942293
0.007170597
0.007420615
0.007588382
0.007458458
0.006865244
0.005793844
0.004370838
0.002785304
0.001201307
-0.0002943
-0.001681841
-0.002919509
-0.003927726
-0.00465561
-0.005121066
-0.005389985
-0.0055039
-0.005463596
-0.005264767
-0.004924344
-0.004482849
-0.003990298
-0.003488961
-0.003002655
-0.002535921
-0.002080704
-0.001625461
-0.001162169
-0.0006884743
-0.000185921
0.000418018
0.001210257
0.002229986
0.003448113
0.004788853
0.006158858
0.007430118
0.008463778
0.009187035
0.009626229
0.00988049
0.01006701
0.01027009
0.0104563
0.01040475
0.009856983
0.008696983
0.00700468
0.004991225
0.002887293
0.000852199
-0.001060279
-0.00288144
-0.004661576
-0.006350847
-0.007805977
-0.008909713
-0.009649427
-0.01011178
-0.01038369
-0.01046573
-0.01031509
-0.009914432
-0.00930032
-0.008550331
-0.007760823
-0.007030094
-0.006423364
-0.005950892
-0.005576438
-0.005244521
-0.004908107
-0.004543954
-0.004153396
-0.00376641
-0.003453129
-0.003285697
-0.003292229
-0.003445593
-0.003684218
-0.003943773
-0.00418199
-0.004384276
-0.004532559
-0.004578856
-0.00447758
-0.004219689
-0.003837486
-0.003386126
-0.00291856
-0.002467891
-0.002042896
-0.001634873
-0.001235231
-0.0008634938
-0.0005594779
-0.0003516162
-0.0002390764
-0.0001947905
-0.0001811354
-0.0001665115
-0.0001347314
-8.530336e-05
-2.717368e-05
2.915652e-05
8.105227e-05
0.0001506787
0.0002767633
0.0004863854
0.0007793683
0.001131601
0.001509598
0.001883546
0.002213505
0.002438002
0.002509467
0.002424116
0.002220829
0.001958318
0.001688735
0.001441294
0.001220271
0.001014143
0.0008287887
0.0007442027
0.0008742122
0.001282841
0.001948322
0.002783029
0.003681196
0.004562482
0.005392378
0.006171705
0.00689313
0.007529899
0.00806142
0.008491233
0.00884612
0.009142789
0.009290821
0.009119373
0.008511641
0.007480348
0.006150962
0.004691121
0.0032388
0.001883309
0.0007509306
-3.446413e-06
-0.0003014648
-0.0001897405
0.0001915108
0.0006793569
0.001150782
0.001530169
0.001745371
0.001742014
0.001516815
0.001092011
0.0004091011
-0.0006504199
-0.002152023
-0.004051452
-0.006216505
-0.008487298
-0.01068065
-0.01257115
-0.01399561
-0.0149387
-0.01549571
-0.01568643
-0.01541858
-0.01461868
-0.01332236
-0.01169702
-0.01003749
-0.00864099
-0.007664386
-0.007082916
-0.006746532
-0.006476913
-0.00614705
-0.005713617
-0.005202906
-0.004671945
-0.004172394
-0.003770574
-0.003582549
-0.003706886
-0.004157775
-0.004860992
-0.005695883
-0.006531122
-0.00725094
-0.007795878
-0.008176999
-0.008454245
-0.008698783
-0.008961439
-0.009241513
-0.009450497
-0.009465751
-0.009217111
-0.008722686
-0.008067919
-0.007356826
-0.006667823
-0.006033249
-0.005444226
-0.004871661
-0.004303566
-0.003805078
-0.003489289
-0.003432038
-0.003627313
-0.003999186
-0.004445728
-0.004877271
-0.005229837
-0.005477182
-0.005632533
-0.005724755
-0.005719181
-0.005501026
-0.004969833
-0.004112015
-0.003004199
-0.001768137
-0.0005153122
0.0006895742
0.001834956
0.002945399
0.004055584
0.005189672
0.006353197
0.007536382
0.008715458
0.009789622
0.01056786
0.01089766
0.01076133
0.01027375
0.009612485
0.008935811
0.008331971
0.007812608
0.007344591
0.006933472
0.00666361
0.006627435
0.00685608
0.007304003
0.007878611
0.008484845
0.009050304
0.009528426
0.009906242
0.01020292
0.01045438
0.01066802
0.01073225
0.01046631
0.009757304
0.008627978
0.007212126
0.005680188
0.004166943
0.002734612
0.001379544
8.907817e-05
-0.00110939
-0.002174358
-0.0030889
-0.00387409
-0.004577759
-0.005252097
-0.005934755
-0.006640994
-0.007367098
-0.008100066
-0.008827409
-0.009528325
-0.01010037
-0.01037299
-0.01022886
-0.00967609
-0.008832915
-0.007860074
-0.006890823
-0.005997927
-0.005222157
-0.004592801
-0.004113415
-0.003756491
-0.003475705
-0.003230228
-0.003035086
-0.002966049
-0.003093212
-0.003430203
-0.00392993
-0.004513362
-0.00509248
-0.005563252
-0.005839939
-0.005899282
-0.00578433
-0.005574303
-0.005345554
-0.005144658
-0.004982196
-0.004842364
-0.004679884
-0.004409623
-0.00395384
-0.003290821
-0.002461511
-0.001541785
-0.0006051764
0.0003032281
0.001173091
0.00201652
0.002831337
0.003581941
0.004229245
0.004760572
0.005196146
0.005576384
0.005942309
0.006315998
0.006671281
0.006943499
0.007079792
0.007072031
0.006955872
0.006788289
0.006628869
0.006530366
0.006520576
0.006593876
0.006720918
0.006866416
0.007004466
0.007121982
0.00720386
0.007231252
0.007194962
0.007101859
0.006970974
0.00682433
0.006680069
0.006565224
0.00652524
0.006597041
0.006785576
0.007063388
0.007387166
0.007717547
0.008031852
0.008326113
0.008608823
0.008889678
0.009146536
0.00930909
0.009308397
0.009123451
0.00878883
0.008371257
0.007936638
0.007526577
0.007151412
0.006796422
0.00643711
0.006054973
0.005645324
0.005215765
0.004779282
0.004347012
0.00392407
0.003509321
0.003098185
0.002694629
0.002357445
0.002190916
0.002269809
0.002593543
0.003093697
0.003674116
0.004253643
0.004790487
0.005283009
0.005753855
0.006229638
0.006721004
0.007181184
0.007509813
0.007624906
0.007513242
0.007229616
0.006861631
0.006488134
0.00615328
0.005862663
0.005596489
0.005335308
0.005100693
0.00494942
0.004927441
0.005040399
0.005254604
0.005517898
0.005783731
0.006026327
0.006242673
0.006444084
0.006629552
0.006751017
0.006742332
0.006568496
0.006245016
0.005824947
0.005370466
0.004927806
0.004515877
0.004129749
0.003752639
0.003368413
0.002967179
0.002541931
0.002088903
0.001610236
0.001113173
0.0006067893
9.867478e-05
-0.0004072157
-0.0009103949
-0.001412349
-0.001914958
-0.002419231
-0.002920116
-0.003392291
-0.003800486
-0.004124449
-0.004370139
-0.004563833
-0.004737687
-0.004916285
-0.005102929
-0.005250847
-0.005282362
-0.005145148
-0.00484199
-0.004422745
-0.003954759
-0.003492972
-0.003063804
-0.002665852
-0.002281798
-0.001892751
-0.001487981
-0.00106741
-0.0006394574
-0.0002202307
0.0001731916
0.0005324742
0.0008613416
0.001171662
0.001476783
0.001786024
0.002102516
0.002420483
0.002701964
0.002879422
0.002902466
0.002768603
0.00251976
0.002217084
0.001910574
0.001609313
0.001283317
0.0008961322
0.0004314782
-9.998512e-05
-0.0006699791
-0.001247988
-0.00181343
-0.002350225
-0.002815005
-0.003149511
-0.003322845
-0.003350258
-0.003281844
-0.003176523
-0.003078691
-0.003007444
-0.002959495
-0.00292
-0.002874246
-0.002815012
-0.002743553
-0.002666343
-0.002590436
-0.00252077
-0.002483126
-0.002565695
-0.00287128
-0.003444976
-0.004251206
-0.005199863
-0.006192697
-0.007161107
-0.008080664
-0.008962848
-0.009833004
-0.01069211
-0.01150126
-0.01221529
-0.01281524
-0.01329115
-0.01357148
-0.01355635
-0.01320196
-0.01255349
-0.01171923
-0.01081867
-0.009937882
-0.009111136
-0.008328927
-0.007560652
-0.006777891
-0.005967764
-0.005133992
-0.004290053
-0.003449774
-0.00262359
-0.001841055
-0.001159317
-0.0006240285
-0.0002390266
3.299064e-05
0.0002485508
0.0004579629
0.0006868272
0.0009041541
0.001015161
0.0009288477
0.0006169779
0.0001225873
-0.0004707183
-0.001080817
-0.001656958
-0.002187545
-0.002689241
-0.003188104
-0.003703612
-0.004241425
-0.004795128
-0.005353072
-0.005905418
-0.006448083
-0.006982663
-0.007513924
-0.008046658
-0.008583244
-0.009115444
-0.009607659
-0.01001463
-0.01031302
-0.01051339
-0.01065114
-0.01076736
-0.01089213
-0.01103735
-0.01119933
-0.01136674
-0.01152907
-0.01168069
-0.01180241
-0.01182592
-0.01167059
-0.01130105
-0.0107457
-0.01007614
-0.009370845
-0.008685911
-0.008043127
-0.007434798
-0.006838847
-0.006234693
-0.005612537
-0.004974357
-0.004329086
-0.00368603
-0.003050781
-0.002423501
-0.001800607
-0.001177779
-0.0005520164
7.732497e-05
0.0007091151
0.001341455
0.001972768
0.002602478
0.003230967
0.003858979
0.004481892
0.005053328
0.005484974
0.005708927
0.005720368
0.005574524
0.005353346
0.00512837
0.004942633
0.004825913
0.004800029
0.004867389
0.005009102
0.005194556
0.005394392
0.00558969
0.005773567
0.005933326
0.006032304
0.00603287
0.005923181
0.005722898
0.005470429
0.00520451
0.004950395
0.004715645
0.004494233
0.004270672
0.004020405
0.003722063
0.003369791
0.002974581
0.002556552
0.002134962
0.001721362
0.001319331
0.0009553189
0.0007170607
0.0007008971
0.000944113
0.001406914
0.002000138
0.002630063
0.003233385
0.003789397
0.004310968
0.00482489
0.005346511
0.005834803
0.006200638
0.006373315
0.006343918
0.006163383
0.005910457
0.005654803
0.005434558
0.005253582
0.005093759
0.004932767
0.004759197
0.004575742
0.00439264
0.004219487
0.004060273
0.00391275
0.003768084
0.003588203
0.003301875
0.002852299
0.002232477
0.001484243
0.0006725701
-0.0001444944
-0.0009346009
-0.001693552
-0.0024289
-0.003102048
-0.003617442
-0.003894695
-0.003922601
-0.003760243
-0.003501249
-0.003230759
-0.002997646
-0.002809982
-0.002651173
-0.002512766
-0.002407311
-0.002352516
-0.002355343
-0.002407215
-0.002489047
-0.002580347
-0.002666708
-0.002742759
-0.002810594
-0.002872284
-0.002911623
-0.002898102
-0.002810195
-0.002648924
-0.002435282
-0.002198153
-0.001961679
-0.00173814
-0.001527847
-0.001324838
-0.001141991
-0.001038469
-0.001082547
-0.001303214
-0.001675877
-0.002140438
-0.002632084
-0.003106146
-0.003546815
-0.00395558
-0.00433246
-0.004675127
-0.004984381
-0.005266298
-0.005529991
-0.00576587
-0.005911786
-0.005889987
-0.005664395
-0.005260105
-0.004744835
-0.004193832
-0.003660546
-0.003164796
-0.002698446
-0.002240601
-0.001772475
-0.001286283
-0.0007930252
-0.0003237843
9.063415e-05
0.0004385838
0.0007310349
0.000992566
0.001248363
0.001514532
0.001795112
0.002085196
0.002376631
0.002663173
0.002942781
0.003216878
0.003482792
0.003726471
0.003932329
0.004094675
0.004220535
0.004324955
0.004423513
0.004526621
0.004637633
0.004754352
0.004872294
0.004987746
0.005099325
0.005210645
0.00534016
0.00551513
0.005752653
0.00604996
0.006388105
0.00674278
0.007094745
0.007435163
0.007764898
0.008090203
0.008413593
0.00869369
0.008835442
0.008757122
0.008443285
0.007947363
0.00735767
0.006755913
0.006189812
0.005667704
0.005171376
0.004675099
0.004160953
0.003624938
0.003083539
0.002603598
0.002279415
0.002168288
0.002259343
0.002487054
0.002768594
0.003039207
0.003269786
0.003464314
0.003644571
0.003832811
0.004040742
0.004267283
0.004503172
0.004737818
0.004964593
0.00518238
0.005383146
0.005523974
0.005547553
0.00542394
0.005167435
0.004825067
0.00445161
0.004087767
0.003750314
0.003435021
0.003127334
0.002813308
0.002486279
0.002147673
0.00180379
0.001461357
0.00112577
0.0008076223
0.0005221777
0.0002787219
7.468757e-05
-0.0001022978
-0.0002677297
-0.0004289551
-0.0005621644
-0.0006214028
-0.0005739913
-0.000420699
-0.0001919507
7.005641e-05
0.0003300913
0.0005704565
0.0007910539
0.001002236
0.001215862
0.001439005
0.001672088
0.00191086
0.002149766
0.00238451
0.00260407
0.002782264
0.002894255
0.002933509
0.002914397
0.002863028
0.00280478
0.002755495
0.002719178
0.002691234
0.002664141
0.002632213
0.002594351
0.002563604
0.002573858
0.002658119
0.002826966
0.003064873
0.003341151
0.003625265
0.003897955
0.004150419
0.004335649
0.004338354
0.004052489
0.00345335
0.00260603
0.001624503
0.0006176543
-0.0003480902
-0.001257437
-0.002131277
-0.003001313
-0.003869069
-0.004679267
-0.005362367
-0.005884539
-0.006263992
-0.006555158
-0.006819424
-0.007098263
-0.007376713
-0.007574113
-0.007605883
-0.007440105
-0.007109317
-0.006685339
-0.006242003
-0.005827132
-0.005454005
-0.005121116
-0.004847681
-0.004665038
-0.00458914
-0.004608457
-0.004690592
-0.004797988
-0.00490216
-0.004990352
-0.005063949
-0.005131784
-0.005202964
-0.005282047
-0.005362361
-0.005410157
-0.005379189
-0.005242788
-0.005008044
-0.004708193
-0.004383969
-0.004066471
-0.003769083
-0.003489154
-0.003215701
-0.002937957
-0.002656398
-0.002400607
-0.002215531
-0.002129395
-0.002138247
-0.002211846
-0.002311185
-0.00240283
-0.002450405
-0.002413491
-0.002270194
-0.002029137
-0.001722523
-0.001389091
-0.001058543
-0.0007441942
-0.0004445602
-0.0001532898
0.0001135826
0.0003126996
0.000406465
0.0003883159
0.0002838265
0.0001348917
-1.982392e-05
-0.00015776
-0.0002748385
-0.0003795882
-0.000483697
-0.0005851475
-0.00065359
-0.000650944
-0.000558516
-0.0003862412
-0.0001641763
7.361917e-05
0.0003027307
0.0005140552
0.0007113823
0.0009044754
0.001101622
0.001293654
0.001439184
0.001490898
0.001428133
0.001266311
0.001044814
0.0008063452
0.0005803207
0.0003766925
0.0001897177
6.88234e-06
-0.0001825153
-0.0003816088
-0.0005724466
-0.0007119215
-0.0007606064
-0.0007076872
-0.0005737463
-0.0003966019
-0.0002126533
-4.396546e-05
0.0001047858
0.0002412207
0.0003768529
0.0005200819
0.0006731594
0.0008330873
0.0009936059
0.001129103
0.001179672
0.001088714
0.0008405221
0.0004658415
2.160387e-05
-0.0004366876
-0.0008745092
-0.001283391
-0.001673698
-0.002062188
-0.002461466
-0.002875202
-0.003299268
-0.003726078
-0.004149703
-0.004571863
-0.005001863
-0.005449108
-0.005917091
-0.006402306
-0.006897065
-0.007393484
-0.007885127
-0.008336893
-0.008646405
-0.00870468
-0.008471255
-0.007992782
-0.007370572
-0.006709794
-0.006080577
-0.005504896
-0.004967302
-0.004437334
-0.003889961
-0.003316019
-0.002723181
-0.002143684
-0.001629538
-0.001219697
-0.0009181521
-0.0006964016
-0.0005116083
-0.000327335
-0.0001318495
5.939065e-05
0.0002221275
0.0003417764
0.0004202876
0.0004723383
0.0005163147
0.000566073
0.0006270577
0.0006971737
0.0007716897
0.0008682196
0.001047068
0.001370837
0.001861221
0.002489772
0.003197585
0.003924485
0.004622815
0.005240204
0.005728994
0.006074102
0.006299918
0.006454944
0.006588588
0.006733604
0.006900617
0.007083346
0.007268659
0.007437566
0.007536502
0.007491475
0.00725978
0.006854665
0.006333846
0.00577724
0.005268491
0.004863417
0.00457077
0.004359651
0.004182975
0.004001139
0.003795044
0.003566068
0.003327267
0.003092748
0.002870384
0.00266002
0.002456053
0.002251738
0.002042687
0.001828075
0.001609867
0.00139103
0.001173867
0.0009615285
0.0007698334
0.0006253781
0.0005465271
0.0005319908
0.000563215
0.0006149449
0.0006662119
0.0007064379
0.0007354226
0.0007590688
0.0007842103
0.0008149237
0.0008513907
0.0008911064
0.0009308675
0.0009684963
0.00100347
0.001036655
0.001069449
0.00110299
0.001137684
0.001173303
0.001209261
0.001245021
0.001280303
0.001315135
0.001349744
0.001384403
0.001419248
0.001454309
0.001489493
0.001524453
0.00155069
0.001538204
0.001451959
0.001276368
0.001023034
0.0007220443
0.0004063298
9.894196e-05
-0.0001919068
-0.0004701122
-0.0007449339
-0.001024521
-0.001312285
-0.001606761
-0.001902906
-0.002177295
-0.002374903
-0.002443608
-0.002368763
-0.002178312
-0.001924277
-0.001657426
-0.001409357
-0.001187831
-0.0009833606
-0.0007805712
-0.0005679035
-0.0003419771
-0.0001065861
0.0001313435
0.0003659375
0.000592809
0.0007867615
0.0008886497
0.0008449991
0.000643973
0.0003189655
-7.237046e-05
-0.0004754063
-0.0008571539
-0.001209809
-0.001540467
-0.001859856
-0.002176345
-0.002493688
-0.002811637
-0.003128053
-0.00344105
-0.003743436
-0.003988698
-0.004097903
-0.004016157
-0.003746372
-0.003342521
-0.002878594
-0.002416198
-0.00198649
-0.001590076
-0.001209485
-0.000824549
-0.0004232893
-5.033415e-06
0.0004193901
0.0008105913
0.001105431
0.001259036
0.001271095
0.001181265
0.001045438
0.0009106984
0.0008010722
0.0007172026
0.0006456933
0.0005704972
0.0004758055
0.0003457125
0.0001719228
-4.158337e-05
-0.0002814884
-0.0005320417
-0.0007798541
-0.0009995807
-0.001144193
-0.001174085
-0.001082671
-0.0008975187
-0.0006634736
-0.0004218929
-0.0001969911
6.614352e-06
0.0001932021
0.0003484541
0.0004396948
0.0004425729
0.000357702
0.0002088828
2.973512e-05
-0.0001508792
-0.0003175264
-0.0004687622
-0.0006093728
-0.0007306203
-0.0008080118
-0.0008211031
-0.0007676995
-0.000663915
-0.0005347275
-0.0004026574
-0.0002805594
-0.0001704901
-6.741265e-05
3.176331e-05
0.0001154578
0.0001637437
0.0001638861
0.0001179937
4.044977e-05
-5.013306e-05
-0.0001388652
-0.0002187249
-0.0002902103
-0.0003580348
-0.0004272697
-0.0005007505
-0.0005784522
-0.0006584081
-0.0007382576
-0.0008168815
-0.00090463
-0.00103483
-0.001243551
-0.001544942
-0.001924856
-0.002351093
-0.002788372
-0.003194441
-0.00351583
-0.003715415
-0.003793108
-0.003782109
-0.003729316
-0.003674585
-0.003637502
-0.003602092
-0.003516727
-0.003331447
-0.003029786
-0.002633448
-0.00218602
-0.001730605
-0.001293838
-0.0008816447
-0.0004849649
-8.977678e-05
0.0003143028
0.0007303153
0.001153986
0.001567561
0.001938477
0.002239751
0.002466383
0.00263566
0.00277596
0.002913268
0.00306216
0.003215917
0.00333642
0.003377927
0.003318109
0.003168185
0.002962724
0.002740746
0.002529784
0.002339662
0.002166938
0.002012917
0.001891666
0.001817403
0.00179302
0.001808334
0.00184579
0.001888438
0.001925568
0.00195425
0.001977242
0.001999376
0.002024419
0.002053618
0.002085873
0.002119043
0.002151238
0.002181635
0.002210486
0.002238664
0.002267064
0.002295024
0.002309528
0.002282817
0.002191586
0.002032011
0.001820047
0.001581456
0.001339818
0.001108658
0.0008901354
0.00067886
0.0004673873
0.0002506427
2.659733e-05
-0.0002130137
-0.0004869046
-0.0008108652
-0.001186871
-0.001602653
-0.002038964
-0.002478269
-0.002910433
-0.003333601
-0.003750584
-0.004154229
-0.004518632
-0.004817695
-0.005043487
-0.005209553
-0.005342042
-0.005466942
-0.005600248
-0.005731897
-0.005812589
-0.005786411
-0.005628991
-0.005358187
-0.00501973
-0.00466287
-0.004321356
-0.004006286
-0.003710487
-0.00341923
-0.003120053
-0.002808093
-0.00248589
-0.002159879
-0.001836196
-0.001517942
-0.001204716
-0.00089398
-0.0005828865
-0.0002696791
4.588471e-05
0.000362901
0.000680048
0.0009966757
0.001317861
0.001658398
0.002033152
0.002447036
0.002893117
0.003357373
0.003825696
0.004289068
0.004745033
0.005193568
0.005605981
0.005907542
0.006028503
0.005951062
0.005715416
0.005393932
0.005056216
0.004745063
0.004470485
0.004219073
0.003969653
0.00370665
0.003434968
0.003198828
0.003057346
0.003043799
0.003148942
0.003331372
0.003541018
0.003740206
0.003913452
0.004064951
0.004206567
0.004338544
0.004447009
0.004517755
0.004546889
0.004542524
0.004519684
0.004489661
0.00444074
0.004342899
0.004172883
0.003929491
0.003632332
0.003310053
0.002987531
0.002678007
0.002382406
0.002094035
0.001804647
0.001509049
0.001206528
0.0008997932
0.0005926355
0.0002878171
-1.388513e-05
-0.0003133425
-0.0006121774
-0.0009117634
-0.001212712
-0.001514805
-0.001817355
-0.002119624
-0.00241454
-0.002669468
-0.002839032
-0.002897392
-0.002852816
-0.002739955
-0.00260094
-0.002468004
-0.002355157
-0.002259944
-0.00217137
-0.002078441
-0.001975601
-0.0018636
-0.001747173
-0.001631582
-0.001520009
-0.00141278
-0.001308142
-0.001203729
-0.001097849
-0.0009900221
-0.000880812
-0.0007712339
-0.0006621452
-0.0005538921
-0.000446351
-0.000340677
-0.0002459878
-0.0001767274
-0.0001422128
-0.0001411005
-0.0001631239
-0.0001948913
-0.0002256355
-0.0002502173
-0.000268908
-0.0002850354
-0.0003021975
-0.0003224059
-0.0003465201
-0.0003807969
-0.0004380433
-0.0005282391
-0.0006519151
-0.0008004775
-0.0009612012
-0.001122947
-0.001279592
-0.00143037
-0.001577994
-0.001725948
-0.001876532
-0.002030083
-0.002185474
-0.002341099
-0.002495763
-0.002649091
-0.002801436
-0.002953494
-0.003105879
-0.003258831
-0.003412237
-0.003565452
-0.003717263
-0.003866661
-0.004013451
-0.004158238
-0.004302036
-0.004445744
-0.004589885
-0.004732859
-0.004851494
-0.004891088
-0.004802076
-0.004572689
-0.00423237
-0.003832732
-0.003422964
-0.00303281
-0.002668643
-0.002320644
-0.001977936
-0.00164472
-0.00133583
-0.001063188
-0.0008277802
-0.0006200262
-0.0004254537
-0.0002312932
-3.052868e-05
0.0001775996
0.0003898092
0.0006018608
0.0008108877
0.001016374
0.001219596
0.001422449
0.001626388
0.001831902
0.00203861
0.002245704
0.002452449
0.002658524
0.002864013
0.003069227
0.00327391
0.003464032
0.003595971
0.003622736
0.003526314
0.00332597
0.003064433
0.002786413
0.002521822
0.002280135
0.002054842
0.001832944
0.001603701
0.001363136
0.001113731
0.0008612475
0.0006110145
0.000368816
0.000156469
9.490079e-06
-4.818731e-05
-1.906719e-05
7.135828e-05
0.0001889923
0.0003057578
0.0004076752
0.0004946428
0.0005746936
0.0006569293
0.0007466651
0.0008440767
0.0009457502
0.001047403
0.001146137
0.001241318
0.001334116
0.001426429
0.001519748
0.001612243
0.001682908
0.001691895
0.001608603
0.001430717
0.00118278
0.0009013534
0.0006183747
0.0003510915
0.000101146
-0.0001396977
-0.0003817611
-0.0006316682
-0.0008903276
-0.001154315
-0.001418404
-0.001672711
-0.001901053
-0.002090783
-0.002240692
-0.002360711
-0.002465935
-0.002569755
-0.002679598
-0.00279644
-0.002917044
-0.003037235
-0.003154255
-0.003267731
-0.003378936
-0.00348985
-0.003601972
-0.003715694
-0.003825642
-0.003901176
-0.003895648
-0.003779572
-0.003557738
-0.003263233
-0.002938733
-0.002618219
-0.002317867
-0.00203872
-0.00177431
-0.001516461
-0.001259084
-0.0009997651
-0.0007390925
-0.0004789912
-0.0002210806
3.422256e-05
0.0002876548
0.0005405183
0.0007936647
0.001044109
0.001283513
0.001503921
0.001703036
0.001884991
0.002057554
0.002228342
0.002402009
0.00257517
0.002724688
0.002817848
0.002835487
0.00278245
0.002682366
0.002564394
0.002450948
0.002351779
0.002265155
0.002183302
0.002098434
0.002006578
0.001908249
0.001806951
0.001710778
0.001635502
0.001595871
0.001596173
0.001628765
0.001679207
0.001733343
0.001782336
0.00182398
0.001860898
0.001897372
0.001936995
0.001983982
0.002043491
0.002118338
0.002207209
0.002305499
0.002407711
0.002509643
0.002609352
0.002707008
0.002803067
0.002889857
0.002949064
0.002964748
0.002933867
0.002866881
0.00278115
0.002692802
0.002610251
0.002523703
0.002405221
0.002229387
0.001989511
0.001699034
0.001382196
0.001062086
0.0007524276
0.0004558025
0.0001670118
-0.000121462
-0.0004149539
-0.0007148142
-0.001019049
-0.001324271
-0.001627743
-0.001928285
-0.002222525
-0.002497721
-0.002738642
-0.00293862
-0.003103035
-0.003245502
-0.003380939
-0.003519833
-0.003666035
-0.003817905
-0.003971318
-0.004122662
-0.004270385
-0.004413892
-0.004538716
-0.004608056
-0.004587856
-0.00446971
-0.004273741
-0.004035702
-0.003789835
-0.003557087
-0.003342289
-0.003138782
-0.002936249
-0.002728229
-0.00251557
-0.002303628
-0.002097739
-0.001900216
-0.001709843
-0.001523238
-0.00133685
-0.001148397
-0.0009574636
-0.0007649442
-0.0005721632
-0.0003801549
-0.0001892625
7.988594e-07
0.0001906003
0.0003806535
0.0005711659
0.0007620933
0.0009531519
0.001139981
0.001302472
0.00141271
0.001454792
0.001433756
0.001370858
0.001291957
0.001216821
0.001153874
0.001099919
0.001044639
0.0009783249
0.0008970901
0.0008034917
0.0007037657
0.0006041616
0.0005083648
0.000416849
0.0003278505
0.0002389579
0.0001484772
5.59831e-05
-3.788588e-05
-0.0001318272
-0.0002199751
-0.0002883914
-0.0003238273
-0.0003225492
-0.0002916733
-0.0002444858
-0.0001939617
-0.0001481914
-0.0001091812
-7.453198e-05
-4.033115e-05
-3.623115e-06
3.647326e-05
7.898153e-05
0.0001221422
0.0001644665
0.0002053095
0.0002449179
0.0002840238
0.0003233467
0.0003632775
0.0004037961
0.0004446308
0.0004854462
0.0005248944
0.0005503972
0.0005356008
0.0004585918
0.0003160574
0.0001234558
-9.448213e-05
-0.0003152899
-0.0005261272
-0.0007246707
-0.0009060387
-0.001041463
-0.001093812
-0.001045329
-0.0009077524
-0.0007137851
-0.0005003274
-0.0002940963
-0.0001056128
6.840544e-05
0.0002378296
0.0004118047
0.0005945325
0.0007848492
0.0009784522
0.001170921
0.001359759
0.001544954
0.001728144
0.001911342
0.00209592
0.002282504
0.002471621
0.002663702
0.002858614
0.003055705
0.00325399
0.003452598
0.003651041
0.003849188
0.004047137
0.004245093
0.004443199
0.004641504
0.00483992
0.005038353
0.00523674
0.005435053
0.005631999
0.005809984
0.005927288
0.005946023
0.005857136
0.005683171
0.005463732
0.005236441
0.005024088
0.004831617
0.004651445
0.004472
0.004283189
0.004071354
0.00382013
0.003521119
0.003179151
0.002808962
0.002427697
0.002048186
0.0016759
0.00130999
0.0009483461
0.0006011827
0.0002908684
3.485652e-05
-0.0001656119
-0.0003248643
-0.0004642356
-0.0006024243
-0.0007496687
-0.0009071008
-0.001070004
-0.001232355
-0.001390237
-0.001543057
-0.00169273
-0.00184198
-0.001992874
-0.002145511
-0.002295377
-0.002434699
-0.002557836
-0.002664536
-0.002759346
-0.002848818
-0.002938545
-0.003031491
-0.00313008
-0.003239985
-0.003367147
-0.00351343
-0.003675494
-0.003846808
-0.004020831
-0.004193178
-0.004362425
-0.004529431
-0.004695993
-0.004863615
-0.005032806
-0.005203205
-0.005373597
-0.005537458
-0.005680709
-0.005790973
-0.005865626
-0.005912434
-0.00594455
-0.005974345
-0.006005806
-0.006019788
-0.005981921
-0.005868221
-0.005679222
-0.005436894
-0.005171519
-0.004908215
-0.00465941
-0.004424853
-0.004196906
-0.003966753
-0.003723377
-0.003448153
-0.003124388
-0.002748602
-0.002331687
-0.001892287
-0.001448185
-0.001010241
-0.0005830475
-0.0001808047
0.0001685927
0.00044361
0.0006435857
0.0007878728
0.0009047742
0.001019087
0.001144477
0.00128272
0.001427934
0.001572413
0.001711174
0.001843422
0.001971624
0.002099314
0.002229131
0.002361905
0.002496847
0.002632416
0.00276732
0.002899932
0.003019038
0.003101191
0.003126969
0.003093608
0.003015145
0.002913825
0.002809884
0.002714836
0.002630507
0.002552267
0.002473797
0.002390792
0.002302389
0.002210495
0.002118008
0.002027166
0.001939136
0.00185872
0.001797422
0.00176573
0.001765861
0.001791041
0.001829697
0.001870855
0.001907853
0.001939016
0.001961911
0.001965812
0.001938064
0.001873576
0.001777688
0.001662643
0.001541565
0.001423563
0.001311902
0.001205107
0.001099585
0.000992222
0.0008817267
0.0007686441
0.0006545576
0.0005409899
0.0004286683
0.0003147208
0.0001885304
3.769728e-05
-0.0001434578
-0.0003511429
-0.0005751181
-0.0008040749
-0.001030074
-0.001250304
-0.001466116
-0.001680716
-0.001893801
-0.002084529
-0.002215028
-0.002257737
-0.002212279
-0.002102988
-0.001964449
-0.001826071
-0.001703125
-0.001596329
-0.001497547
-0.001397098
-0.001289051
-0.001172859
-0.001051908
-0.0009341163
-0.0008434026
-0.0008125511
-0.0008607187
-0.0009826714
-0.001154023
-0.001344695
-0.001531474
-0.001704026
-0.001859597
-0.001985096
-0.002059195
-0.002069224
-0.002019838
-0.001929843
-0.001822476
-0.001716126
-0.001619562
-0.001532475
-0.001449492
-0.001364782
-0.001275107
-0.001180546
-0.0010834
-0.0009864361
-0.0008914486
-0.000798751
-0.0007075049
-0.0006164978
-0.0005247925
-0.000432072
-0.0003385717
-0.0002448398
-0.0001513252
-5.823721e-05
3.446319e-05
0.0001261634
0.0002131339
0.0002899837
0.000353561
0.0004047548
0.0004476569
0.0004873182
0.0005276302
0.0005703236
0.0006151458
0.000660808
0.0007059844
0.0007499744
0.0007928615
0.000835202
0.0008776261
0.0009207676
0.0009663935
0.001017225
0.001075016
0.001139473
0.001208587
0.001279729
0.001350759
0.001420644
0.001489402
0.001557667
0.001626118
0.001695136
0.00176161
0.001803486
0.001783456
0.001675453
0.001480434
0.001223272
0.0009382825
0.0006541234
0.0003852961
0.0001320722
-0.0001137213
-0.000361495
-0.0006128565
-0.0008439446
-0.001014041
-0.001095063
-0.001087811
-0.001018136
-0.000921556
-0.0008274268
-0.0007502206
-0.0006896374
-0.0006367363
-0.0005815213
-0.000518162
-0.0004464313
-0.000370028
-0.0002936118
-0.0002203475
-0.0001509435
-8.410853e-05
-1.782673e-05
5.025169e-05
0.0001269778
0.0002237904
0.0003488648
0.0005019989
0.0006754118
0.0008582105
0.001041171
0.001219514
0.001392983
0.001564053
0.001735671
0.001909641
0.002086124
0.002264061
0.002442048
0.00261914
0.002794362
0.002960129
0.003100286
0.003201366
0.003261395
0.003290047
0.003302745
0.003313531
0.003330441
0.003354784
0.003383376
0.003411841
0.003437189
0.003458768
0.003474551
0.003466482
0.003405103
0.003271289
0.003067817
0.002815932
0.002543402
0.002272652
0.002014501
0.001768558
0.00152801
0.001285889
0.0010473
0.0008376067
0.0006846861
0.0005998022
0.0005727895
0.0005797618
0.0005954659
0.0006029728
0.0005969766
0.0005813146
0.0005635336
0.0005499052
0.0005428061
0.0005408481
0.0005407117
0.0005393198
0.0005351558
0.0005284263
0.0005181506
0.0004946656
0.0004433594
0.000355437
0.0002331394
8.760238e-05
-6.728092e-05
-0.0002206422
-0.0003675413
-0.0005085109
-0.0006464459
-0.0007781254
-0.0008910035
-0.0009728367
-0.001020242
-0.001039956
-0.001044468
-0.001045955
-0.001052026
-0.001064592
-0.001081393
-0.00109871
-0.001113725
-0.001125562
-0.001135109
-0.001144014
-0.001153686
-0.001164742
-0.00117838
-0.001202331
-0.001248922
-0.001326016
-0.001432309
-0.001558777
-0.001693753
-0.001827905
-0.00195677
-0.00208056
-0.002202148
-0.002324633
-0.00244976
-0.002577488
-0.002706597
-0.002835631
-0.002963636
-0.003090424
-0.003216435
-0.003342315
-0.003468138
-0.003583481
-0.003655823
-0.003650145
-0.003552936
-0.003378417
-0.00315837
-0.002926066
-0.002703782
-0.002498551
-0.002305548
-0.002115108
-0.00191921
-0.001714876
-0.001503965
-0.001290763
-0.001079234
-0.0008712791
-0.0006665981
-0.000463484
-0.0002600559
-5.520096e-05
0.0001511864
0.0003584701
0.000565829
0.0007723636
0.000976433
0.001176206
0.001370878
0.001561106
0.001748562
0.00193508
0.002121978
0.002309733
0.002498146
0.002686737
0.00287508
0.003062979
0.00325051
0.003436342
0.003603627
0.003716423
0.00374466
0.003683587
0.003554139
0.003389753
0.003216072
0.003035237
0.002833494
0.002597471
0.002324369
0.002022773
0.001707135
0.001390902
0.001081817
0.0007810049
0.0004850504
0.000189294
-0.0001095253
-0.0004121995
-0.0007145438
-0.0009886828
-0.001184152
-0.001262956
-0.001223013
-0.001095769
-0.0009273165
-0.0007575553
-0.0006077574
-0.0004796096
-0.0003625907
-0.0002437494
-0.0001149383
2.48267e-05
0.000171171
0.0003181036
0.0004612843
0.0005994779
0.0007341263
0.0008677369
0.0009982513
0.001108925
0.001176905
0.001189659
0.001151815
0.001080973
0.0009981024
0.0009189593
0.0008501181
0.0007900446
0.0007331006
0.0006738058
0.0006084208
0.0005323725
0.0004410104
0.000332905
0.0002108433
8.030998e-05
-5.303322e-05
-0.0001853616
-0.0003153296
-0.0004435209
-0.0005713514
-0.0007000202
-0.0008299852
-0.0009609616
-0.001092276
-0.001223326
-0.00135383
-0.001483827
-0.001613588
-0.001743393
-0.001873438
-0.002003722
-0.002134127
-0.002264542
-0.002394877
-0.002525106
-0.002655255
-0.002785384
-0.002915548
-0.003045764
-0.003176007
-0.003306266
-0.003436526
-0.003566764
-0.003696979
-0.003827184
-0.003957406
-0.004087627
-0.00421784
-0.004348062
-0.004478295
-0.004608513
-0.004738728
-0.004868935
-0.00499916
-0.005129376
-0.005259586
-0.005389802
-0.005520035
-0.005650254
-0.005780422
-0.005906481
-0.006008842
-0.006059939
-0.00604406
-0.005966147
-0.005846976
-0.005711979
-0.005580596
-0.005461347
-0.005352783
-0.005248236
-0.005141086
-0.005027913
-0.004905637
-0.004762567
-0.004583317
-0.00436037
-0.004098609
-0.003811916
-0.003516164
-0.003222987
-0.002937092
-0.002657306
-0.002379543
-0.002099946
-0.001816665
-0.001530139
-0.001242181
-0.0009546802
-0.0006686797
-0.0003842359
-0.0001006627
0.0001828846
0.0004670295
0.0007519311
0.001037268
0.001322695
0.001607932
0.00189286
0.002177543
0.00246214
0.002746819
0.003031552
0.003313367
0.003581794
0.003824582
0.004036232
0.004220766
0.004388666
0.00455145
0.004717147
0.004888598
0.005064492
0.005241581
0.005417008
0.005589571
0.005759521
0.005919271
0.006038035
0.006078928
0.006025138
0.005888538
0.005700711
0.005496588
0.005300837
0.005122532
0.004957748
0.004796732
0.004630887
0.004456453
0.004274856
0.004090336
0.003905152
0.003709559
0.003484941
0.003217908
0.002908419
0.002568374
0.002214597
0.001861291
0.001515738
0.001178136
0.000844417
0.0005098528
0.0001715652
-0.0001707032
-0.000515018
-0.0008505343
-0.001144823
-0.001361381
-0.001484631
-0.001527448
-0.001521583
-0.001501298
-0.001490195
-0.001496387
-0.001515498
-0.001537779
-0.001554837
-0.001563306
-0.001564861
-0.0015638
-0.001564242
-0.001567511
-0.001564702
-0.001535787
-0.001463547
-0.001344404
-0.0011889
-0.001014792
-0.0008385442
-0.0006697383
-0.0005099855
-0.0003555052
-0.0002010051
-4.283263e-05
0.0001198266
0.0002854752
0.0004517114
0.0006166445
0.000779584
0.0009398554
0.001088568
0.001207951
0.001284157
0.001316181
0.001315331
0.001298528
0.001280629
0.00126978
0.00126689
0.00126825
0.001269154
0.00126652
0.001259881
0.00125076
0.001241345
0.00123325
0.001226978
0.001222033
0.001217485
0.001212525
0.001206798
0.001200413
0.001193747
0.001187191
0.001180953
0.00117503
0.001169292
0.001163554
0.001157708
0.001151717
0.001145641
0.001139582
0.001135769
0.001144734
0.001181164
0.001253451
0.00135897
0.001486542
0.001622566
0.001756643
0.00188423
0.002006102
0.002125839
0.002246991
0.002371352
0.002498677
0.002627434
0.00275594
0.002883156
0.003008971
0.003133959
0.003258886
0.003384291
0.003510326
0.003636815
0.003763449
0.003889927
0.004016131
0.004142124
0.004268031
0.004393987
0.004520054
0.00464624
0.004772377
0.004891626
0.004975875
0.004989304
0.004913644
0.004757972
0.004551214
0.004326731
0.004108941
0.003907496
0.003719469
0.003535819
0.003348023
0.003152159
0.002949256
0.002743281
0.002538306
0.002336647
0.002138377
0.001942018
0.00174571
0.001550902
0.001370493
0.001223428
0.001121071
0.001060808
0.001028924
0.001008219
0.0009852715
0.0009540694
0.0009154195
0.0008738161
0.0008338299
0.0007978815
0.0007657754
0.0007356095
0.0007051896
0.0006731636
0.0006386543
0.0005887865
0.0004875132
0.0002990232
1.227079e-05
-0.0003547401
-0.0007669193
-0.001189258
-0.001599466
-0.001991503
-0.002371447
-0.002749717
-0.003134376
-0.003528035
-0.003926824
-0.004313062
-0.00465811
-0.004941354
-0.00516217
-0.005337843
-0.005493078
-0.005648892
-0.005816027
-0.005994761
-0.00617869
-0.006350815
-0.006476272
-0.006521796
-0.006477348
-0.006359765
-0.006201411
-0.006034214
-0.005878337
-0.005738957
-0.005610397
-0.005482957
-0.005349348
-0.005207465
-0.005059578
-0.004910021
-0.004762486
-0.004618574
-0.00447822
-0.004345327
-0.00423012
-0.004141656
-0.004081499
-0.004043309
-0.00401667
-0.003991905
-0.00396328
-0.003929598
-0.003892865
-0.003856046
-0.003821223
-0.003788908
-0.003758288
-0.003728035
-0.003697076
-0.003664984
-0.003631997
-0.003598691
-0.00356558
-0.00353293
-0.003500842
-0.003474036
-0.003469846
-0.003508642
-0.003599608
-0.003736064
-0.003900473
-0.004073599
-0.004241942
-0.004400646
-0.00455194
-0.004700048
-0.004834062
-0.004918885
-0.004919964
-0.004826923
-0.004657486
-0.004445618
-0.004224876
-0.0040164
-0.003825694
-0.0036467
-0.003469216
-0.003285438
-0.003092915
-0.002894017
-0.002693265
-0.002494572
-0.002300488
-0.002116192
-0.001949529
-0.001805416
-0.001682563
-0.001574456
-0.001472805
-0.001370903
-0.001265628
-0.001156995
-0.001046871
-0.0009373532
-0.000829613
-0.0007236368
-0.0006185843
-0.0005134548
-0.0004070208
-0.0002924533
-0.0001558615
1.411167e-05
0.0002189503
0.0004502711
0.0006949402
0.0009410984
0.001181962
0.001416537
0.001647582
0.00187881
0.00211273
0.002349817
0.00258897
0.002828472
0.003066987
0.003304077
0.003540109
0.003775758
0.004009508
0.004231135
0.004425891
0.004585034
0.004710797
0.004814231
0.004908936
0.005005453
0.005108463
0.00521729
0.005328413
0.005438225
0.005544833
0.005648457
0.005750607
0.00585298
0.005956248
0.006055339
0.006137393
0.006190409
0.006211143
0.00620614
0.006187241
0.006165902
0.006149119
0.006138487
0.006131735
0.006125284
0.006116514
0.00610472
0.006090798
0.006076332
0.006062656
0.006050315
0.006039111
0.006028309
0.006017253
0.006005707
0.005993623
0.005981274
0.005968932
0.005956815
0.005944948
0.005933229
0.005921524
0.005909775
0.005897919
0.005885982
0.005874018
0.00586209
0.005850214
0.005838355
0.00582651
0.005814351
0.005793727
0.005739756
0.005625725
0.005441484
0.005198038
0.00491976
0.004632146
0.004352244
0.004085375
0.003827817
0.003572159
0.003312326
0.003046041
0.00277469
0.00250163
0.002229888
0.001960885
0.001694376
0.001429049
0.001163554
0.0008971846
0.0006300404
0.0003626998
9.573032e-05
-0.0001706051
-0.0004363444
-0.0007017566
-0.0009671498
-0.001232765
-0.001498646
-0.001764657
-0.002030681
-0.002296641
-0.002562489
-0.002828259
-0.003093996
-0.003359444
-0.003616558
-0.003840629
-0.004005186
-0.004100143
-0.004136387
-0.004138112
-0.004130561
-0.004130654
-0.004143683
-0.004165903
-0.004190044
-0.004210031
-0.004223611
-0.004232201
-0.004239057
-0.004247178
-0.004257971
-0.004271144
-0.004285422
-0.004299408
-0.004312284
-0.004323996
-0.004335033
-0.004346056
-0.004357479
-0.004369402
-0.0043817
-0.00439409
-0.004406341
-0.004418364
-0.004430208
-0.004441995
-0.00445381
-0.004465708
-0.004477706
-0.004489759
-0.0045018
-0.004513809
-0.004525776
-0.004537745
-0.004549679
-0.004561617
-0.0045736
-0.004585602
-0.0045976
-0.004609592
-0.004621582
-0.004633576
-0.004645555
-0.004657535
-0.004669401
-0.004673922
-0.004641054
-0.004532472
-0.004328645
-0.004039271
-0.003695211
-0.003332174
-0.002976284
-0.002637888
-0.002313843
-0.001994445
-0.001670638
-0.001340091
-0.00101703
-0.0007279791
-0.0004929084
-0.0003136863
-0.0001754424
-5.597501e-05
6.391941e-05
0.000194334
0.0003357843
0.0004827755
0.000628795
0.0007697947
0.0009053037
0.001037529
0.001169477
0.00130332
0.001439658
0.001577746
0.001716295
0.001854222
0.001991074
0.002126295
0.00225052
0.002340813
0.002376145
0.002351432
0.002279156
0.002181305
0.002078877
0.001984648
0.001901468
0.001825172
0.001749338
0.001669252
0.001583651
0.001494209
0.001403823
0.001314897
0.001228392
0.001143849
0.001060069
0.0009758821
0.0008923427
0.0008209952
0.0007818216
0.0007890002
0.0008423476
0.0009288364
0.001030264
0.001131321
0.001224206
0.0013087
0.001389143
0.001470578
0.001556045
0.001645756
0.001737908
0.001830132
0.00192304
0.002011866
0.00209925
0.002186197
0.002273546
0.002361604
0.002450211
0.002538925
0.002627345
0.002715253
0.002802662
0.00288972
0.002976616
0.003063473
0.003150269
0.003236941
0.003323429
0.003409642
0.00349556
0.003580982
0.003659021
0.003704986
0.003689995
0.003601191
0.003448203
0.003255834
0.003051278
0.00285356
0.002669504
0.00249592
0.002325149
0.002150517
0.001969246
0.001782523
0.001593727
0.001406146
0.001221536
0.001039768
0.000859543
0.0006793734
0.0004983144
0.0003162093
0.0001335497
-4.898906e-05
-0.0002308773
-0.0004119601
-0.0005923735
-0.0007723298
-0.0009520862
-0.001131752
-0.001311281
-0.001490547
-0.001669414
-0.001847813
-0.002025721
-0.002203148
-0.002380146
-0.002556746
-0.002732936
-0.002908673
-0.003083883
-0.003257477
-0.00342613
-0.003586303
-0.003736704
-0.003878796
-0.004015797
-0.004151054
-0.004282764
-0.004383446
-0.00440484
-0.004312757
-0.004108042
-0.003822734
-0.003501393
-0.003181396
-0.002881814
-0.002603228
-0.002335062
-0.002065101
-0.001786032
-0.001497331
-0.001203418
-0.0009100166
-0.0006211274
-0.0003377426
-5.838846e-05
0.0002193867
0.0004974112
0.0007732693
0.00103786
0.00128161
0.00150096
0.001699767
0.001886452
0.002069679
0.002255157
0.002444531
0.002636356
0.002827991
0.00301634
0.003187338
0.00331003
0.003357133
0.003323248
0.00322618
0.003095877
0.002960347
0.002836251
0.00272699
0.002626751
0.00252703
0.002421767
0.002309461
0.002192483
0.002074686
0.001957255
0.001831932
0.001684899
0.001507124
0.001299607
0.001071733
0.0008358958
0.0006020972
0.0003751084
0.0001546355
-6.245555e-05
-0.0002795079
-0.0004984319
-0.0007192122
-0.0009405256
-0.00116078
-0.001378912
-0.001594721
-0.001808629
-0.002021299
-0.002233264
-0.002444709
-0.002655476
-0.002865259
-0.003073775
-0.003280913
-0.003486642
-0.003691038
-0.003894271
-0.004096371
-0.00429733
-0.004497069
-0.004695538
-0.004891991
-0.005072503
-0.005199374
-0.005235759
-0.0051707
-0.005023408
-0.004830518
-0.004628204
-0.004439308
-0.004269779
-0.004113245
-0.003958982
-0.00379871
-0.003629861
-0.003454963
-0.003278844
-0.003105663
-0.002937217
-0.00277292
-0.002610841
-0.002449001
-0.002286318
-0.002122821
-0.001959267
-0.001796562
-0.001635279
-0.001475574
-0.00131722
-0.001159821
-0.001003087
-0.0008469206
-0.000691415
-0.0005367274
-0.0003830093
-0.0002306819
-8.623134e-05
3.283228e-05
0.0001093957
0.000138434
0.0001289773
9.814533e-05
6.280163e-05
3.355307e-05
1.317521e-05
-1.312681e-06
-1.491248e-05
-3.147298e-05
-5.217662e-05
-7.584611e-05
-0.0001002373
-0.0001234371
-0.0001446088
-0.0001640383
-0.0001826288
-0.0002012966
-0.0002205402
-0.000240362
-0.0002603771
-0.0002802188
-0.0002996118
-0.0003184787
-0.0003369418
-0.0003551689
-0.0003733126
-0.0003914089
-0.0004094257
-0.000427289
-0.0004449387
-0.0004623318
-0.0004793498
-0.0004917469
-0.0004843943
-0.0004397518
-0.0003502692
-0.0002222407
-7.118649e-05
8.612941e-05
0.0002380592
0.0003805053
0.0005154649
0.0006476239
0.000781044
0.0009173743
0.001055856
0.001194445
0.001331148
0.001464193
0.001585594
0.001679242
0.001732174
0.001743167
0.001722635
0.001686417
0.001648608
0.001617111
0.001593067
0.001573216
0.001553207
0.001530139
0.001503501
0.00147465
0.001445563
0.001417748
0.001391697
0.001367006
0.001342826
0.001318418
0.001293451
0.001268013
0.001242434
0.001217065
0.001192106
0.001167569
0.001143331
0.001119233
0.001095172
0.001071131
0.001047146
0.001023327
0.001002752
0.001000018
0.001035259
0.001119589
0.00124878
0.001406894
0.001574877
0.001738334
0.001891103
0.002034362
0.002173024
0.00231192
0.002453467
0.002597283
0.002741246
0.002883055
0.003021326
0.003155939
0.003286696
0.003401745
0.003471592
0.00346945
0.003389514
0.003248709
0.003076042
0.002898914
0.002733789
0.002584255
0.002444883
0.002307419
0.002165878
0.002018709
0.001868085
0.00171772
0.001570623
0.001428008
0.001289298
0.001152967
0.001018493
0.0008906869
0.0007780802
0.0006864505
0.0006152898
0.0005586961
0.0005087452
0.0004589481
0.0004061158
0.0003502928
0.000293394
0.0002375606
0.0001840293
0.0001328613
8.326254e-05
3.424981e-05
-1.484271e-05
-6.415769e-05
-0.0001134238
-0.0001622172
-0.0002101986
-0.0002572335
-0.0003033971
-0.0003488683
-0.0003938039
-0.0004382845
-0.0004822964
-0.0005257773
-0.0005686494
-0.000610849
-0.0006523855
-0.0006932788
-0.0007335632
-0.0007732579
-0.0008123695
-0.0008508927
-0.0008888128
-0.0009261096
-0.0009627856
-0.00099884
-0.001034277
-0.0010691
-0.001103121
-0.001132617
-0.001147522
-0.00113812
-0.001101767
-0.001043879
-0.0009744356
-0.0009031544
-0.0008361095
-0.0007748351
-0.0007175953
-0.0006615182
-0.0006044431
-0.0005457143
-0.0004860132
-0.0004266122
-0.0003685978
-0.0003124302
-0.0002579371
-0.0002046094
-0.0001519365
-9.963876e-05
-4.772186e-05
3.61985e-06
5.415157e-05
0.0001037241
0.0001523082
0.0001999726
0.000246814
0.0002929117
0.0003382886
0.0003829269
0.0004265758
0.0004650625
0.0004872063
0.0004822758
0.0004474023
0.0003886807
0.000317232
0.0002438635
0.0001753049
0.0001132474
5.57528e-05
-3.469478e-07
-5.744684e-05
-0.0001162501
-0.0001759863
-0.0002352362
-0.0002927909
-0.0003481455
-0.0004014825
-0.0004533495
-0.0005043152
-0.0005546724
-0.0006044049
-0.0006532901
-0.0007010674
-0.0007475699
-0.0007927789
-0.0008368945
-0.0008802786
-0.0009231958
-0.0009656649
-0.001007485
-0.001048362
-0.001088051
-0.001126414
-0.001163437
-0.001199202
-0.001233787
-0.001267243
-0.001299574
-0.001330752
-0.001360743
-0.001389393
-0.001413839
-0.001425462
-0.001415326
-0.001380556
-0.001325694
-0.001259712
-0.001191635
-0.001127296
-0.001068413
-0.001013627
-0.0009603808
-0.0009066554
-0.0008517569
-0.0007962247
-0.00074117
-0.0006875754
-0.0006358994
-0.0005860342
-0.0005375389
-0.0004899603
-0.0004430336
-0.0003967499
-0.0003512668
-0.0003067783
-0.0002634252
-0.000221243
-0.0001801537
-0.000139828
-9.963168e-05
-5.905573e-05
-1.803492e-05
2.304054e-05
6.357419e-05
0.0001030332
0.0001411265
0.0001778131
0.0002132242
0.0002475237
0.0002808313
0.000313177
0.0003445091
0.000374764
0.0004038988
0.0004318991
0.0004587915
0.0004846123
0.000509392
0.000532672
0.0005525074
0.0005665096
0.0005736343
0.0005747682
0.0005721204
0.0005680866
0.0005643574
0.0005615558
0.0005594421
0.0005573943
0.0005548583
0.0005515959
0.0005477006
0.0005434411
0.0005390853
0.0005347746
0.0005305075
0.0005261883
0.0005217046
0.0005169832
0.0005120157
0.0005068396
0.0005015096
0.0004960632
0.0004905179
0.0004848642
0.0004786942
0.0004701409
0.00045673
0.0004372533
0.0004124986
0.0003846768
0.0003562836
0.000329123
0.0003039113
0.000280448
0.0002580949
0.000236254
0.0002146435
0.0001933186
0.0001725339
0.0001525474
0.0001335021
0.0001153893
9.810347e-05
8.151436e-05
6.5531e-05
5.012324e-05
3.531315e-05
2.113502e-05
7.618206e-06
-5.235174e-06
-1.73188e-05
-2.780716e-05
-3.534413e-05
-3.910221e-05
-3.933814e-05
-3.719581e-05
-3.408682e-05
-3.111923e-05
-2.881172e-05
-2.714048e-05
-2.578459e-05
-2.440218e-05
-2.280588e-05
-2.100042e-05
-1.911507e-05
-1.730187e-05
-1.565716e-05
-1.419728e-05
-1.287569e-05
-1.162779e-05
-1.040283e-05
-9.185273e-06
-7.985648e-06
-6.829529e-06
-5.737489e-06
-4.718879e-06
-3.770611e-06
-2.881207e-06
-2.039065e-06
-1.238908e-06
-4.77672e-07
2.404631e-07
9.142275e-07
1.540765e-06
2.120521e-06
2.655826e-06
3.150274e-06
3.605155e-06
4.022751e-06
4.402873e-06
4.747683e-06
5.055687e-06
5.328948e-06
5.567466e-06
5.773384e-06
5.947631e-06
6.091589e-06
6.205839e-06
6.29176e-06
6.349814e-06
6.381194e-06
6.386411e-06
6.367165e-06
6.323611e-06
6.257025e-06
6.168171e-06
6.058478e-06
5.92811e-06
5.778528e-06
5.609538e-06
5.423354e-06
5.219632e-06
4.999972e-06
4.764567e-06
4.514912e-06
4.251122e-06
3.974685e-06
3.685181e-06
3.384996e-06
3.073183e-06
2.751229e-06
2.41949e-06
2.079026e-06
1.730424e-06
1.374009e-06
1.010658e-06
6.411702e-07
2.654381e-07
-1.147667e-07
-4.999189e-07
-8.890029e-07
-1.281324e-06
-1.678982e-06
-2.139083e-06
-2.826328e-06
-3.896826e-06
-5.373239e-06
-7.135841e-06
-8.991253e-06
-1.076286e-05
-1.234738e-05
-1.372422e-05
-1.492917e-05
-1.601553e-05
-1.702233e-05
-1.796449e-05
-1.883452e-05
-1.959819e-05
-2.013343e-05
-2.028497e-05
-1.999034e-05
-1.932465e-05
-1.845184e-05
-1.754676e-05
-1.672729e-05
-1.603757e-05
-1.545958e-05
-1.495059e-05
-1.447091e-05
-1.400354e-05
-1.355132e-05
-1.312911e-05
-1.275567e-05
-1.248405e-05
-1.239028e-05
-1.251284e-05
-1.282039e-05
-1.323298e-05
-1.366031e-05
-1.403759e-05
-1.433786e-05
-1.456741e-05
-1.474757e-05
-1.489992e-05
-1.503523e-05
-1.515454e-05
-1.525191e-05
-1.532143e-05
-1.535989e-05
-1.536885e-05
-1.535255e-05
-1.531609e-05
-1.526004e-05
-1.516435e-05
-1.499154e-05
-1.472163e-05
-1.436756e-05
-1.396844e-05
-1.356805e-05
-1.319933e-05
-1.287519e-05
-1.259331e-05
-1.234273e-05
-1.211244e-05
-1.189613e-05
-1.169293e-05
-1.150465e-05
-1.133432e-05
-1.118226e-05
-1.104821e-05
-1.092935e-05
-1.08233e-05
-1.072788e-05
-1.064179e-05
-1.056433e-05
-1.049529e-05
-1.043403e-05
-1.037996e-05
-1.033233e-05
-1.029015e-05
-1.025252e-05
-1.02187e-05
-1.018809e-05
-1.016022e-05
-1.013449e-05
-1.011042e-05
-1.00877e-05
-1.00658e-05
-1.00442e-05
-1.002257e-05
-1.00005e-05
-9.977773e-06
-9.954001e-06
-9.928938e-06
-9.902366e-06
-9.874046e-06
-9.84378e-06
-9.811329e-06
-9.776519e-06
-9.739355e-06
-9.699561e-06
-9.657055e-06
-9.611739e-06
-9.563763e-06
-9.513841e-06
-9.463068e-06
-9.411727e-06
-9.358879e-06
-9.302899e-06
-9.242489e-06
-9.176838e-06
-9.105951e-06
-9.030165e-06
-8.950168e-06
-8.866377e-06
-8.779245e-06
-8.688751e-06
-8.595096e-06
-8.498328e-06
-8.398646e-06
-8.29617e-06
-8.191163e-06
-8.083739e-06
-7.974054e-06
-7.86206e-06
-7.747886e-06
-7.631604e-06
-7.513598e-06
-7.39406e-06
-7.273257e-06
-7.151236e-06
-7.028072e-06
-6.903719e-06
-6.778226e-06
-6.651576e-06
-6.523844e-06
-6.395061e-06
-6.265306e-06
-6.134601e-06
-6.003017e-06
-5.870574e-06
-5.737333e-06
-5.603322e-06
-5.468616e-06
-5.333242e-06
-5.197264e-06
-5.060717e-06
-4.923662e-06
-4.786127e-06
-4.648162e-06
-4.509822e-06
-4.37115e-06
-4.232196e-06
-4.093003e-06
-3.953617e-06
-3.814084e-06
-3.674444e-06
-3.534739e-06
-3.395013e-06
-3.255305e-06
-3.115654e-06
-2.976101e-06
-2.836684e-06
-2.69744e-06
-2.558407e-06
-2.419623e-06
-2.281122e-06
-2.142941e-06
-2.005115e-06
-1.867679e-06
