-0.0003825408
-0.0003014737
0.0008546702
0.002073031
0.001397248
-0.0009033983
7.627252e-05
0.00151596
-0.0009876757
-0.001177955
-0.001270316
0.0005365582
0.00157333
0.0002120783
-0.0008084963
-0.001374154
0.000263385
0.001671421
0.000647774
-0.0004962361
-0.001365869
-0.001576585
0.0002598353
-0.0001038868
0.001757008
0.0009934396
-0.002438451
-0.002152445
-0.0008586827
0.001328597
0.000992394
-3.027157e-05
0.001328759
-0.000454832
-0.0006992465
0.0002650361
-0.001362505
-0.001066327
-3.06531e-05
0.0002583782
-0.001662934
-0.001642167
0.0008418954
0.001468535
-0.0008577271
-0.0007410924
0.0001721595
0.001004829
0.001527415
0.001787859
0.0007131203
-0.001484641
-0.002201365
-0.003784072
-0.002076262
0.001802106
0.001864651
0.002938015
0.001839794
-0.001989988
-0.001138993
0.0008146197
0.00165133
-0.000408763
-0.001219358
-7.767567e-05
-0.001008636
-0.0008920584
0.001462396
0.002991669
-0.0003862809
-0.002788093
-0.0009946481
0.0001735347
0.001477375
0.002709813
0.002999769
0.0008417218
-0.001890587
8.950122e-05
0.002456167
0.004196551
0.001511153
-0.002439048
-0.001117891
-0.001283896
0.0009695362
0.003412686
0.004287074
0.00388136
-5.355685e-05
-0.001575156
-9.216652e-06
0.0003949401
0.001807875
0.0008952072
0.0002579375
-0.001395254
-0.001974388
0.0002647354
-0.0003348028
-4.184325e-05
0.002480834
0.00305837
0.001499002
-0.0001185058
0.002184864
0.005412351
0.003584716
0.001210359
-0.0005448601
-0.001904321
-0.003337224
-0.000340269
0.002614864
0.0006688952
-0.002743836
-0.002046988
-0.0001985633
0.00026368
0.002386481
0.00441952
0.001909479
-0.003992066
-0.003704252
-0.0036796
-0.00389975
-0.0001623018
0.0008731646
0.001149749
0.0001401118
-0.002102707
-0.0002369682
0.001010649
0.0005773046
0.001094598
-0.0006657697
-0.002329239
-0.002262791
-0.001125345
0.0005588205
0.0004335038
-0.0001559146
-0.004694775
-0.008132036
-0.00728326
-0.004410805
-0.0002531524
0.000650699
-0.0003630511
-0.001764403
-0.001986636
0.0003758084
0.0005085316
0.001077813
0.003273993
0.002191892
0.0006834288
-0.0005496359
0.0003470579
-0.00212735
-0.002401619
0.0003025099
0.0007738575
-0.0005663164
-0.002808171
-0.001792148
0.0001775728
0.000766213
0.0005867915
0.0007113287
-0.001784515
-0.002177121
-0.001145808
-0.001304837
-0.001908587
-0.0009231788
0.0006874884
-4.274593e-05
-0.0002354416
0.0002379213
0.001536463
0.003207303
0.0008695418
-0.001464141
0.001465376
0.00376657
-0.001236456
-0.002842884
0.001447307
-2.346392e-05
-0.002262296
-0.002441748
0.0007009368
-0.0001404988
-0.001738775
0.002968586
0.003372567
-0.0007481739
-0.001944576
-0.002094459
-0.0008275634
0.001317551
0.001025884
-0.0001684836
-0.004164793
-0.003351803
-0.0007119946
-0.002558147
-0.0004548611
0.0001888039
-0.001999053
-0.002040829
-0.000443468
0.004170033
0.006915911
0.00535637
0.002307627
-0.001588736
0.0001524381
0.002515812
0.001082745
-0.001499863
-0.003536773
-0.001227464
0.0007279053
-0.0005531872
-0.00201992
-0.001675135
-0.001991311
-0.002335027
-0.001978005
-1.142344e-05
0.001174857
0.0006291764
0.001440095
0.001697152
0.0009117691
0.001185145
0.0008036792
0.002758013
0.0009087658
-0.001054722
0.001326989
0.0006262584
0.002487768
0.003490435
-0.002242977
-0.003633231
-0.0005732251
0.0009924794
0.001126103
0.001547366
-0.0003712519
-0.00448287
-0.005115271
-0.003096691
0.001093468
0.0006569055
0.002571442
0.003327259
0.001536134
0.004317668
0.003267062
0.0008537355
0.0009312477
0.001345359
0.00130455
0.00124742
-0.0004621113
-0.003497643
-0.004106595
0.0001090515
0.001137198
0.003407703
0.003375048
-0.001736189
-0.003303945
-0.004238283
-0.0024431
-0.0005785595
0.0005424009
0.002563001
0.0006229398
-0.003518282
-0.002574804
-0.001408967
-6.973053e-05
0.001130786
0.0008502605
0.001335755
-0.001028631
-0.000853218
0.002838134
0.004947466
0.003279738
0.001400869
0.002143399
0.004424088
0.003884477
0.001921966
0.001717934
0.0001001809
-0.001499213
-0.001390106
0.0006773992
0.004522764
0.007315489
0.005296873
0.003869855
0.0007730987
-0.002771438
-0.002621537
-0.003581396
-0.002785835
-0.001351755
-0.001505815
-0.001317156
-0.001651757
0.000574861
0.001420398
0.001281636
0.001218353
0.001567149
0.004917805
0.004746401
0.002104555
0.00160471
-0.0002415358
-0.002217322
-0.003325089
-0.004473656
-0.003334364
-0.001735052
0.0001743397
-0.0002245293
3.144146e-05
0.001094232
-0.0004184784
-0.001737389
-0.001668079
-0.001863971
-0.001788543
-0.001986475
-0.001753967
0.0002298802
0.002774727
0.004033354
0.0028195
-0.002857874
-0.004363448
-0.002067483
-0.000629339
0.002815146
0.00245095
-0.0006529666
-0.002797063
-0.00240136
-0.000439957
0.001102226
-0.0008439921
-0.00138771
-0.001659088
-0.003371727
-0.000142466
0.003676355
0.0007805153
-0.005474184
-0.006434064
-0.001005685
0.003655655
0.003158854
0.004395033
0.003205652
0.00241203
0.001582708
0.0004830864
0.004325365
0.002488282
0.000688939
0.001243756
-0.0008462871
-0.00346673
-0.005601654
-0.004451157
-0.001784941
-0.002068566
-0.0009731503
0.0007087651
-0.0008957596
0.0007188355
0.001358311
-0.0001105549
5.97196e-05
0.0007971139
0.002019008
-0.001365418
-0.001083964
0.00342539
0.002246203
-0.001375883
-0.00300795
-0.000861937
-0.0006172039
-0.001593411
-0.0002511584
-0.0003481259
-0.001796593
-0.003903981
-0.002054789
-0.001107277
-0.001138965
0.002755328
0.002364599
-0.00186235
-0.003692298
-0.001814546
0.0007425249
0.0007567362
0.0009351674
0.002082599
0.00218759
0.0006983204
-0.002131228
-0.001006238
-0.003337007
-0.005614736
-0.001098246
0.002254425
-0.0002630047
-0.002437714
-0.002062424
-0.0006018536
-7.25433e-05
0.002214227
0.006903097
0.008781867
0.007914798
0.003882668
5.24977e-05
-0.006449052
-0.009185783
-0.004727432
-4.672217e-05
-0.004350172
-0.004584842
0.001246427
0.002977297
-0.0003102323
-0.002812363
-0.003196972
-0.0008714424
0.006060408
0.008974478
0.005760387
-0.003928662
-0.005191492
0.003381537
0.008826229
0.008687437
0.002951908
-0.002435802
-0.003176392
-0.003222362
-0.002478851
-0.0007806207
-0.0005063103
-0.00450274
-0.01110425
-0.01121958
-0.008328969
-0.003008718
0.002782773
0.0006764036
0.0004774344
0.002119565
0.003272096
0.008431187
0.006967418
0.0002037294
-0.001134579
0.002457792
0.006044043
0.005652295
0.008111447
0.006656858
-0.0009972898
-0.004412319
-0.002730406
-0.002679475
-0.005564103
-0.00819067
-0.004304538
0.003428015
0.007314147
0.00941222
0.006142032
-0.002204695
-0.005799242
-0.006938648
-0.004768156
7.269771e-05
0.003042871
0.003135624
0.0007059184
-0.0003284277
0.0005905261
0.0025662
0.005973955
0.005314969
-0.0009744168
-0.002401462
-0.002879907
-0.005589092
-0.001908997
0.0002686378
0.002763493
-0.001087071
-0.007448876
-0.005730239
-0.003112984
0.002608132
0.003271068
0.0004292848
-0.003735438
-0.005656162
-0.003109285
0.001169552
0.00461403
0.003387927
0.002777905
0.004398622
0.00630494
0.002821578
0.0005142766
-9.166493e-05
-0.004346146
-0.01054984
-0.007238988
0.00100561
0.00324751
-8.489023e-05
-0.002322831
-0.003455091
-0.00796457
-0.00752603
-0.004316149
0.002277071
0.003224592
0.001708813
0.002556374
0.005018597
0.004170917
-0.00062212
-0.004477778
-0.008248775
-0.008118273
-0.00655059
-0.001077328
0.006530796
0.0091654
0.005311783
-0.002062873
-0.006187809
-0.004737425
-0.0003678002
0.005170744
0.004891209
-0.001448146
-0.00483256
-0.006669634
-0.004578689
0.002210377
0.003189524
0.00386981
0.0007985372
-0.004869656
-0.005063509
-0.005501142
-0.003956913
0.001831534
0.006619362
0.009052012
0.009368161
0.005712428
0.003102198
-0.0001822527
-0.004207223
-0.005270113
-0.004924383
-0.002302013
0.0006875579
-0.0003355513
0.00111892
0.003823912
0.003755523
0.006070875
0.007938447
0.005709699
0.004071532
0.004059244
0.003970458
-0.0005073887
-0.003539895
-0.003923461
-0.004900667
-0.004619192
-0.003917478
-0.002084583
-0.004619328
-0.005453732
-0.003878896
0.0001000793
0.003174316
0.005159192
0.008725068
0.008275206
0.002030723
-0.002076859
-0.0004194012
-9.814313e-05
0.005690315
0.005579094
-0.001360007
-0.005547147
-0.01047583
-0.004970928
-0.0009052486
-0.002262908
-0.002703587
-0.008136148
-0.01084734
-0.007617044
-0.004548923
-0.0009606006
0.002111602
0.003873104
0.003111127
0.006571949
0.01175351
0.01249603
0.00814672
9.276518e-05
-0.00258681
-0.005410205
-0.008374361
-0.004667715
0.0001007504
-0.001075344
0.001647003
0.005204729
0.005106775
0.007332383
0.00565343
0.003819438
0.005411625
0.007520954
0.009055003
0.00769531
0.00308488
-0.007984191
-0.009396921
-3.845098e-05
0.005544999
0.00883855
0.006473141
-0.002485549
-0.008254697
-0.006676785
0.004591126
0.0161987
0.01691267
0.01105376
0.004963317
-0.00154839
-0.005655956
-0.003583341
-0.003235548
-0.008549774
-0.01119976
-0.009291363
-0.004315827
0.004929428
0.008236245
-0.0007428395
-0.008182743
-0.003340826
0.005968691
0.008936868
0.004459046
0.003355385
0.003327823
0.003942862
0.008131981
0.004054
-0.004932221
-0.008135042
-0.008779701
-0.01316368
-0.01304946
-0.008869519
-0.004518217
0.001330444
0.002534027
0.004989148
0.005450171
0.003806934
-0.0002792033
-0.004718259
-0.002793536
-0.002337613
-0.003801328
-0.006597164
-0.007468259
-0.008164934
-0.008210848
-0.009462402
-0.009075836
-0.00293545
0.003702696
0.007216582
0.00531019
0.002293018
0.006457665
0.01154439
0.01164945
0.00794887
0.002605079
0.0004018684
0.005009198
0.008800529
0.007396997
0.003261908
0.0005038188
0.00504383
0.006960401
0.003636213
-0.002350176
0.002917097
0.01262545
0.01586496
0.01260197
0.0001895875
-0.00950042
-0.01383543
-0.01082949
-0.005639736
-0.005187882
-0.004364747
9.774818e-05
-0.001087496
-0.009386221
-0.0151788
-0.01185667
-0.009188351
-0.003012254
0.005719962
0.00512224
0.003993098
0.002194836
0.0006342344
-0.002467587
-0.001751548
0.001610371
-0.003185669
-0.01129773
-0.02045733
-0.02525031
-0.01888347
-0.007417648
-0.0001787066
-0.0002205251
-0.002377823
-0.004359682
-0.002611399
0.0007015633
0.007660006
0.01324859
0.01087301
0.01019471
0.00900438
0.005512924
0.003290349
-0.001290467
-0.009284202
-0.007274797
0.007294888
0.01486533
0.01588024
0.01925237
0.02281013
0.0230631
0.01534681
0.01011115
0.009668483
0.00774885
0.0005741789
-0.0007344727
0.004573616
0.01155246
0.01307738
0.01318448
0.01375365
0.007045124
0.009038215
0.0102612
0.004408456
-0.003278254
-0.01068242
-0.01350373
-0.007629539
0.004750213
0.01164951
0.01096917
0.002661291
-0.005271236
-0.006766542
-0.009577648
-0.01225616
-0.01183182
-0.008289346
-0.008177131
-0.008287277
-0.002892482
0.0008274736
0.002154509
0.003057225
0.003131701
0.002894057
-0.001686746
-0.008181069
-0.01307705
-0.01539652
-0.01790773
-0.02057094
-0.02032204
-0.022616
-0.02349217
-0.01840234
-0.01111953
-0.005540107
-0.004831188
-0.01111029
-0.01872252
-0.02425703
-0.02676519
-0.02643264
-0.02108579
-0.008106265
-0.000842824
-0.0003032224
-0.0004460007
-0.005956019
-0.01415068
-0.01011757
0.0009994287
0.009338971
0.01432476
0.01428296
0.01338232
0.01024177
0.00838335
0.01138625
0.0163445
0.0236467
0.02827752
0.02839179
0.02866314
0.02789919
0.02563481
0.02383045
0.01858564
0.01321333
0.01028697
0.008476502
0.01027275
0.0115845
0.006164242
0.000167691
-0.0006105411
-0.002008933
0.002891175
0.001763084
-0.006819167
-0.007268959
-0.00404777
-0.0026687
-0.005580771
-0.008830462
-0.01221683
-0.01606118
-0.01353461
-0.003539601
0.001631829
-0.001598479
-0.007693968
-0.01346
-0.01266233
-0.000978194
0.012392
0.01635677
0.01738089
0.0183744
0.009470848
-5.592029e-05
-0.001398207
0.008685545
0.02018098
0.01079293
0.0001747661
-0.0055117
-0.01029955
-0.008152412
0.0001137024
0.003479737
-0.006118428
-0.01926109
-0.02527906
-0.0233553
-0.02254131
-0.02139275
-0.01690369
-0.01055824
-0.007096324
-0.003269248
0.0001284079
0.002437724
0.003919821
0.005609998
0.009652295
0.01249711
0.006466909
-0.002684493
-0.006641034
-0.01023037
-0.00851878
-0.007949581
-0.006044183
-0.002064105
-0.004296845
0.001187733
0.01051363
0.01099817
0.007677091
0.004401909
0.003600229
0.003214708
0.003649268
0.01300169
0.02161256
0.02112607
0.009783708
-0.007119691
-0.01708301
-0.01104661
-0.005818048
-0.005203967
-0.002399946
-0.001296265
0.005016556
0.01203522
0.01646716
0.01816958
0.01472305
0.01085933
0.01225983
0.00971293
0.001277573
-0.008684725
-0.01407437
-0.01546356
-0.01066136
-0.006864873
-0.01700363
-0.02648958
-0.03304304
-0.03399772
-0.03168227
-0.03316123
-0.03143535
-0.02390771
-0.01075782
-0.003395416
-0.007672232
-0.006730728
-0.003068884
-0.002580259
-0.002377233
-0.006332749
-0.005885944
-0.002278159
0.001092985
0.01200397
0.02023338
0.0219664
0.01984995
0.01469695
0.01624638
0.01781213
0.01622097
0.01340887
0.01044175
0.009491149
0.003761855
-0.003009879
-0.006648172
-0.008254626
-0.004471399
-0.001812213
-0.0001832256
0.003968221
0.006736548
0.004826135
-0.0006920177
0.003162609
0.01498344
0.02413595
0.02773251
0.02965934
0.0311394
0.02857926
0.01873936
0.01035807
0.009976637
0.01231554
0.01104468
0.00877114
0.01690977
0.02282174
0.0197985
0.01494233
0.01087973
0.00460167
-0.002911601
-0.008346113
-0.008390944
-0.004844356
-0.003152127
-0.0002001981
0.002272331
-0.0023574
-0.01521037
-0.02556026
-0.03296031
-0.03401596
-0.029634
-0.02050699
-0.0130232
-0.01189095
-0.006716439
-0.002492569
0.00146916
0.003360289
0.001750779
0.0009072878
-0.002538223
-0.009619013
-0.01602864
-0.02338993
-0.02649068
-0.02647431
-0.02640593
-0.02770434
-0.03200767
-0.03141194
-0.02794082
-0.02391585
-0.02020198
-0.01672271
-0.01104229
-0.007827196
-0.01134411
-0.01633594
-0.01805867
-0.01512408
-0.008626627
-0.002433138
0.001674452
0.004805903
0.01125847
0.0163983
0.01545485
0.008381202
0.001692092
-6.123731e-05
0.003572053
0.01009296
0.01291535
0.0151339
0.009913594
-0.001010557
-0.0004852068
0.005049363
0.008357273
0.009662923
0.006983433
0.0003840836
-0.0002737662
0.002599623
0.003398334
-0.002812396
-0.01098764
-0.01174851
-0.008781287
-0.003445616
-0.0009639061
0.000443744
-0.000542546
-0.001125936
0.005761154
0.0153441
0.02271773
0.0221986
0.009039634
-0.007066117
-0.01439783
-0.0112062
-0.006354007
-0.002918597
0.000853412
0.002475262
0.005115071
0.01012842
0.01156361
0.01429828
0.01305801
0.005531478
0.005396888
0.01169543
0.02430064
0.03639891
0.0412307
0.03826051
0.0311226
0.02183249
0.01032694
-0.005213728
-0.01724254
-0.02062481
-0.01512084
0.001555188
0.0125539
0.01602093
0.01653913
0.01416462
0.008613831
-0.0009414796
-0.008178332
-0.01035394
-0.009289014
-0.009327725
-0.007598777
-0.002250868
0.003727399
0.005320687
0.004452716
0.006456044
0.001841612
-0.00777388
-0.009938272
-0.006950644
-0.0008754768
-0.0002695491
-0.01088566
-0.01987896
-0.01805821
-0.007491978
0.005786429
0.01696261
0.01727376
0.01071521
0.007263577
0.009417865
0.01450975
0.01881011
0.01319608
0.0006960312
-0.009417222
-0.01325033
-0.009823089
-0.01362458
-0.01778716
-0.02217413
-0.02757804
-0.02722508
-0.02437719
-0.01765841
-0.01195758
-0.007319595
-0.006261809
-0.008952524
-0.02079672
-0.03489307
-0.03551319
-0.02322724
-0.009754018
0.001262028
0.006537512
0.004275197
0.002465762
0.003828526
0.005711491
-0.0005247448
-0.01444464
-0.02548202
-0.02924475
-0.0238744
-0.005732645
0.01369228
0.02492355
0.02307942
0.01817531
0.01388421
0.008609837
0.01522356
0.03387226
0.05351649
0.06683364
0.06473249
0.04463139
0.01835522
-0.006139021
-0.02222438
-0.03141963
-0.03880338
-0.03998347
-0.02833299
-0.004909669
0.02000285
0.03671356
0.04078339
0.0431733
0.0449512
0.04518889
0.04722078
0.03986458
0.0217994
6.732052e-05
-0.01701968
-0.02568046
-0.01966854
-0.000996379
0.01590302
0.02050122
0.02079808
0.02935694
0.03979769
0.04311886
0.0382739
0.02671427
0.01233027
0.008286014
0.01821269
0.02720403
0.03086076
0.02854949
0.02135241
0.01100658
-0.004060819
-0.01144355
-0.01322238
-0.01294082
-0.01553669
-0.01740427
-0.0175909
-0.02159742
-0.02732877
-0.03073859
-0.02996131
-0.02330475
-0.0139707
-0.009797843
-0.008434068
-0.01400833
-0.02377887
-0.04187976
-0.04995608
-0.05153501
-0.05358721
-0.04853206
-0.04164396
-0.03195495
-0.02645202
-0.02542485
-0.02329709
-0.01257278
-0.001374163
0.006175909
0.01424007
0.01850165
0.01593027
0.007264382
-0.004010665
-0.008005973
-0.001910421
0.005897711
0.007016683
0.001235355
-0.003883993
-0.00583828
-0.01007839
-0.006628719
0.006644571
0.0204452
0.02926415
0.0283013
0.02147448
0.0160583
0.01893678
0.0188552
0.01488947
0.01549436
0.01786589
0.01374512
0.0005810305
-0.01313284
-0.02005963
-0.02207411
-0.02544211
-0.02509835
-0.01592954
-0.001104832
0.01327515
0.02049169
0.02193807
0.01427687
0.004509385
0.0008761716
-0.007981482
-0.01821511
-0.01824773
-0.003112944
0.009246423
0.009861508
0.01444337
0.02319194
0.02560018
0.02353878
0.02429668
0.02643564
0.0308747
0.03094001
0.02625721
0.02488635
0.0268662
0.0268397
0.01865524
0.005477888
-0.003692909
0.003411414
0.01343599
0.01448152
0.009385622
0.01138994
0.0177772
0.01189999
0.005145568
-0.00650485
-0.02130706
-0.02543397
-0.01674457
-0.004767707
-0.003972087
-0.009090428
-0.006958606
-0.007328847
-0.01207182
-0.01327541
-0.01290921
-0.01146079
-0.008006032
-0.005180613
-0.005997615
-0.008399696
-0.007471478
-0.00376274
0.003878097
0.007069694
-0.004700068
-0.01923913
-0.03232673
-0.03839775
-0.03943406
-0.03871188
-0.03590381
-0.03613126
-0.03560797
-0.030867
-0.02193076
-0.01775079
-0.02785388
-0.04363122
-0.0513373
-0.05250111
-0.0497114
-0.0444033
-0.03967559
-0.03160432
-0.01830861
-0.004870091
0.002757482
0.004720994
0.003388887
0.003672459
0.008089071
0.009421203
0.009423255
0.01175294
0.01626135
0.02354212
0.02698871
0.02840653
0.0247274
0.01570959
0.003658302
-0.007960508
-0.01435284
-0.01526165
-0.01148356
-0.00727809
0.0009594378
0.01559542
0.03227957
0.04263461
0.04792027
0.04870567
0.04527236
0.04185129
0.03454913
0.02651153
0.02329446
0.02604132
0.03060889
0.02570576
0.01437356
0.006833727
0.006878612
0.01032112
0.004733563
-0.005445013
-0.01558279
-0.01716888
-0.007282018
-0.001288494
0.0005383304
-0.001461885
-0.006675102
-0.00959128
-0.006460895
0.002915967
0.01109535
0.01664416
0.01647585
0.009681638
0.004617339
0.005161001
0.01129324
0.009491924
-0.0005469149
-0.008453955
-0.01408843
-0.01487995
-0.01405681
-0.01453927
-0.01408639
-0.01337953
-0.008399894
0.002338666
0.01393096
0.0189922
0.01560172
0.01119532
0.00290578
-0.01076528
-0.023399
-0.03529628
-0.04260765
-0.04401525
-0.04799223
-0.04910812
-0.04961302
-0.04449467
-0.03788405
-0.03547073
-0.03153455
-0.02649474
-0.02149369
-0.02054815
-0.02326034
-0.0285215
-0.03279122
-0.03006783
-0.02115304
-0.01186289
-0.006352849
-0.007025036
-0.0128982
-0.01696086
-0.01417118
-0.008854943
-0.007971631
-0.01188028
-0.008574466
0.003501306
0.02197248
0.04076801
0.05033254
0.04684515
0.03600152
0.02462035
0.01371858
0.006925374
0.005450445
0.009700775
0.01858496
0.02794754
0.03190308
0.03067499
0.029554
0.03103707
0.0346091
0.03958668
0.04026395
0.03533326
0.02888278
0.0220049
0.01920499
0.01498422
0.008136941
0.001570168
-0.009643725
-0.0146601
-0.01284859
-0.004619247
0.005758219
0.01357345
0.01587557
0.008539715
0.00246866
0.0003592857
5.327039e-05
0.0001583149
-0.003041441
-0.01134018
-0.01803649
-0.01847
-0.01378415
-0.007024622
-0.003102739
-0.001398336
-0.003141533
-0.00659629
-0.01175445
-0.01884347
-0.02155464
-0.02199428
-0.02215546
-0.02383235
-0.02791136
-0.02670064
-0.02047355
-0.01446068
-0.01458717
-0.02061437
-0.02190163
-0.01583367
-0.009562733
-0.01131409
-0.01474233
-0.0122811
-0.006083595
0.001897882
0.008622721
0.01146238
0.009865039
0.006231777
0.006166475
0.005177053
0.006634611
0.01523625
0.02152453
0.02733442
0.03123896
0.03209064
0.03484869
0.03686419
0.03842272
0.0391316
0.03095831
0.01662627
0.008211249
0.009022124
0.01366106
0.01793891
0.01898949
0.02103048
0.02649562
0.02956885
0.02978711
0.02761958
0.02174129
0.01858641
0.02462682
0.03294082
0.03773376
0.0350695
0.02508775
0.009752028
-0.005849921
-0.01218721
-0.01309402
-0.01480764
-0.01572567
-0.01312572
-0.009980069
-0.006721198
-0.0005838869
0.003208444
0.001661075
-0.005188254
-0.01158776
-0.01190603
-0.004759943
0.003632586
0.007761516
0.005463426
-0.004921224
-0.01900235
-0.03196659
-0.03782141
-0.02998989
-0.01619136
-0.01521525
-0.02640774
-0.03199023
-0.0284478
-0.02136802
-0.01643328
-0.0169882
-0.02127223
-0.02593264
-0.02502896
-0.02398349
-0.02446599
-0.02473019
-0.02401725
-0.02161416
-0.017422
-0.01161925
-0.003751004
0.000261642
-0.001875292
-0.004019366
-0.01012206
-0.01737735
-0.02342905
-0.0216298
-0.01469282
-0.01339847
-0.01364127
-0.01832821
-0.0218605
-0.01611182
-0.006950212
-0.002067508
-0.001685044
-0.0009180396
0.0006190641
0.002871188
0.005168191
0.005450694
0.001195217
-0.004426039
-0.009025256
-0.009798454
-0.00720565
-0.001086708
0.004773155
0.007424097
0.00825638
0.004263041
0.004022284
0.008873365
0.01429973
0.02044723
0.02495865
0.02669465
0.02578682
0.02247075
0.01922201
0.02232584
0.02884156
0.03342029
0.03251246
0.02883226
0.031779
0.03737366
0.04367314
0.0444534
0.03776726
0.02755396
0.02309754
0.02682356
0.02867482
0.02881349
0.02704988
0.01949266
0.006276477
-0.003246284
-0.002868926
-0.001186987
-0.002899608
-0.005248709
-0.00780589
-0.004761232
0.004329987
0.01051318
0.01038462
0.008255841
0.005961819
0.001314657
-0.005846805
-0.01143645
-0.01438633
-0.01479335
-0.01371831
-0.01119794
-0.01060434
-0.0149863
-0.02064531
-0.02641447
-0.02843921
-0.03141561
-0.03611276
-0.04106184
-0.04504294
-0.04488387
-0.03720637
-0.02675141
-0.02668414
-0.03166994
-0.03041743
-0.02704331
-0.02685771
-0.0315161
-0.03990054
-0.04319926
-0.04176927
-0.03223232
-0.02013821
-0.01549318
-0.01623069
-0.01857979
-0.01826159
-0.0141031
-0.01325859
-0.01599529
-0.01927769
-0.02055376
-0.01423185
-0.008265909
-0.004082935
0.00101804
0.005669195
0.01035401
0.01539072
0.02181158
0.02945949
0.03256943
0.02820174
0.02207864
0.02080665
0.02417873
0.02737026
0.03186025
0.03600345
0.03803218
0.03587585
0.03107977
0.02890305
0.03284734
0.04068191
0.04544016
0.04754846
0.04617448
0.04276355
0.0397545
0.03697699
0.03575193
0.03208805
0.02486946
0.02044261
0.02053539
0.02123098
0.02281091
0.02347489
0.0240491
0.02460904
0.02243537
0.0217662
0.02068393
0.01744946
0.01350611
0.0109632
0.01273081
0.01615592
0.02209228
0.02684645
0.02545818
0.02027144
0.01122093
0.001462544
-0.005277663
-0.007495189
-0.004150656
0.001608217
0.002666931
-0.0003217157
-0.005547222
-0.01096551
-0.01405514
-0.01609314
-0.01813115
-0.02015896
-0.0194909
-0.02088019
-0.02120255
-0.0222175
-0.02635569
-0.0284447
-0.03185665
-0.03402112
-0.03590307
-0.03554714
-0.03612961
-0.03818292
-0.0372262
-0.03074822
-0.02268517
-0.02020662
-0.02362877
-0.02877675
-0.02939798
-0.02455098
-0.01757219
-0.01445614
-0.01606676
-0.02002441
-0.02127497
-0.01821196
-0.01462671
-0.01196456
-0.005629381
0.0009781333
0.006590126
0.008340402
0.008519876
0.007667109
0.003930803
0.002240618
0.004206112
0.009355026
0.01372568
0.01687234
0.01744247
0.01884492
0.0177392
0.01845519
0.02056961
0.02092758
0.01848566
0.01127829
0.008266187
0.01179433
0.01978088
0.02335491
0.02077528
0.01641474
0.01408298
0.01554561
0.02034671
0.0251886
0.02853823
0.02547615
0.01943363
0.01469671
0.0119906
0.01403463
0.01498625
0.01205677
0.007464684
0.0041272
0.002247296
-0.0004873675
-0.002529452
-0.002441775
-0.002631539
-0.002555082
-0.005108185
-0.005472368
-0.005843691
-0.004139315
-0.003131598
-0.008119441
-0.01374172
-0.02162841
-0.02653873
-0.02650002
-0.02263527
-0.0176312
-0.01490682
-0.01428262
-0.01685919
-0.02390232
-0.02836283
-0.02900853
-0.02741431
-0.02572319
-0.02573751
-0.02597318
-0.02405664
-0.02019292
-0.01963094
-0.02173218
-0.02592238
-0.02907831
-0.02684046
-0.02320828
-0.02158448
-0.01959349
-0.01767797
-0.01325324
-0.009206946
-0.006640666
-0.005864486
-0.008047326
-0.008818485
-0.008042304
-0.005934004
-0.001778563
5.841764e-05
0.0002460586
-0.0003333401
-0.002681419
-0.002875257
0.000125544
0.005364225
0.008467028
0.00887193
0.007559152
0.001230013
-0.002758224
-0.0008814616
0.004177701
0.01082296
0.01594536
0.01776093
0.01457645
0.01174489
0.0120121
0.01260469
0.01246389
0.01028513
0.008832615
0.008981498
0.008846823
0.01134476
0.0118068
0.0120179
0.01038688
0.008436607
0.008319274
0.0109794
0.0103949
0.007439929
0.002592855
0.001216841
0.003147667
-9.29064e-05
-0.00160764
-0.006894333
-0.009460686
-0.008801799
-0.008511132
-0.009121125
-0.0112346
-0.01346231
-0.01470267
-0.01269533
-0.01001787
-0.008506256
-0.009032609
-0.01123584
-0.01302087
-0.01551072
-0.01714683
-0.01763545
-0.01972137
-0.02020488
-0.01986934
-0.02087712
-0.02266725
-0.02130763
-0.01963995
-0.01478172
-0.00907179
-0.004718459
-0.0008322873
0.002371504
0.006105696
0.004930628
0.001794101
0.002456052
0.003430125
0.0002711584
-0.001082409
0.002759905
0.009066539
0.01228563
0.01283538
0.01240492
0.01209379
0.009903828
0.009545782
0.01211718
0.01230586
0.01519141
0.01539742
0.01260158
0.01137959
0.009835292
0.01104907
0.01202722
0.0117977
0.01273811
0.01509022
0.01353163
0.01198834
0.01191693
0.0120597
0.01134263
0.01130282
0.0119964
0.01204126
0.01472486
0.0147534
0.01754919
0.01760936
0.01836413
0.020398
0.02133332
0.02353548
0.02325292
0.02121188
0.02102418
0.01935239
0.01798251
0.01680439
0.01216541
0.009609274
0.006711436
0.003170999
0.0007209425
-0.0006407739
-0.00142109
0.000687234
0.003350438
0.005770882
0.006205387
0.005894272
0.003023978
-0.001626217
-0.005116671
-0.006002045
-0.005509399
-0.005018792
-0.002826826
0.000437161
-0.0004451517
-0.002519844
-0.002687137
-0.005526828
-0.006534601
-0.009430392
-0.009098903
-0.009015274
-0.01161832
-0.01121441
-0.01136335
-0.006973275
-0.003638905
-0.001231715
0.0004063957
-0.001291914
-0.003986761
-0.00719263
-0.01044236
-0.01082996
-0.009387695
-0.006496001
-0.005584128
-0.004931334
-0.003816482
-0.005499488
-0.005206754
-0.005390359
-0.005112926
-0.00530877
-0.005410775
-0.00507622
-0.005080304
-0.007169268
-0.007874093
-0.007242716
-0.00346566
0.0004756171
0.003159234
0.004452591
0.004536229
0.004447487
0.002592106
0.0009335847
-0.0004495364
0.001576183
0.004092522
0.004872822
0.005015622
0.004099662
0.001860763
0.002538043
0.001883205
0.003118426
0.005112528
0.00536957
0.004834072
0.002726755
0.002597218
0.002505421
0.002711465
0.002392209
0.004008913
0.007778837
0.01064402
0.009643407
0.006867991
0.005747016
0.005727642
0.003954889
0.002224975
0.0002441416
-0.003935812
-0.006065564
-0.005795257
-0.005637149
-0.005414779
-0.006327672
-0.006843783
-0.007527174
-0.008901106
-0.008553275
-0.009919045
-0.009814995
-0.008514484
-0.009937374
-0.01187536
-0.01076356
-0.008609301
-0.005947087
-0.007372016
-0.009011143
-0.00932019
-0.006827297
-0.001091823
0.00228439
0.001306224
-0.001620141
-0.002915526
-0.003674392
-0.003168456
-0.003092961
-0.001636385
0.0006382317
0.0008402084
-0.0001848749
-8.183775e-05
-0.0002001403
-0.0001787026
-0.002328844
-0.002649106
-0.002641947
-0.002546048
-0.0002591891
0.00184917
0.00290285
0.002597891
0.002804972
0.002679532
0.002692813
0.004195294
0.003152877
0.002538859
0.004809401
0.005872263
0.004468766
0.00267359
0.002919433
0.002684858
0.002891942
0.001519046
-0.0005882487
-0.002879144
-0.001833618
0.001284548
0.002864554
0.00499638
0.003889707
0.002613714
0.002609661
0.002489329
0.003423676
0.006492884
0.008579835
0.008508463
0.008729833
0.007379382
0.002362031
-0.0001675385
-0.001617948
-0.002896997
-0.003299866
-0.005806995
-0.005284723
-0.006977891
-0.008496639
-0.005998626
-0.005274393
-0.00590778
-0.009893907
-0.01270499
-0.01555994
-0.01623718
-0.01370245
-0.01345966
-0.01228254
-0.01285676
-0.01333715
-0.01298215
-0.01071364
-0.007105857
-0.00459356
-0.005052521
-0.007964584
-0.007146505
-0.005234987
-0.003231668
-0.00121101
0.00209995
0.00533645
0.00547011
0.006744129
0.006789051
0.006855392
0.004792993
0.002035974
0.0007885565
0.0009721987
0.0007294812
0.001630184
0.005530706
0.00817867
0.008466355
0.006461078
0.003549023
0.000228967
-0.0001035081
0.0002984171
0.002208922
0.004293849
0.005011975
0.00569848
0.004126708
0.003942135
0.003387302
0.001588069
0.001753358
0.002973326
0.005811014
0.009407584
0.01218101
0.01197094
0.009470971
0.007206621
0.007560611
0.008513343
0.008342032
0.006423463
0.004435535
0.004443747
0.006105378
0.008367792
0.008465765
0.01012535
0.01041305
0.007974282
0.006644256
0.004940911
0.006664765
0.008155039
0.005756055
0.00306331
0.000403205
-0.0007391393
0.0004369767
0.002530073
0.001224529
-0.0009123138
-0.002897177
-0.002802259
-0.001715902
-0.003189744
-0.005390845
-0.007971387
-0.01032446
-0.0113138
-0.009595051
-0.008377112
-0.007395811
-0.008437171
-0.01079535
-0.01009251
-0.008838868
-0.005639068
-0.003732626
-0.004753585
-0.005262503
-0.004201641
-0.003842538
-0.003670095
-0.003588432
-0.00468385
-0.005406966
-0.004585802
-0.002348878
0.002073906
0.006169271
0.008113455
0.008522541
0.007526065
0.008213611
0.008980717
0.007828182
0.007985329
0.009355256
0.006745141
0.004878608
0.002578576
-0.0006894365
-0.001001489
-0.001592001
0.0008795271
0.002323916
0.000481864
-0.001804907
-0.005214698
-0.006185668
-0.00454034
-0.0008468497
0.0010188
0.0001345305
-0.001266879
-0.002135849
-0.002125578
-0.001813386
0.0007499444
0.003182716
0.004494508
0.0045823
0.006067492
0.006007384
0.002685316
0.001595009
0.002893542
0.002284675
-0.0001214313
-0.001753357
-0.003567864
-0.00272935
-0.001297196
-2.314171e-05
0.0004094128
0.0006359274
0.0004993224
0.0009849175
0.001517433
0.001668468
0.001809303
0.0006608596
-2.144439e-05
-0.001513628
-0.003041512
-0.004972295
-0.003709458
-0.002278322
-0.002312925
-0.002419947
-0.00465571
-0.005416553
-0.005499095
-0.005519417
-0.004517699
-0.004123901
-0.003144623
-0.002098024
-0.001731766
-0.003726807
-0.006260408
-0.007209948
-0.005729849
-0.00398455
-0.004461831
-0.005384851
-0.006031452
-0.005952832
-0.005347892
-0.003661752
-0.004774491
-0.004121611
-0.00284041
-0.002497609
-0.001307188
-0.0008674878
0.002258893
0.004545814
0.004184815
0.003937037
0.005040758
0.00574464
0.005652922
0.005689722
0.005653085
0.005702127
0.004863769
0.004164131
0.004099953
0.002975996
0.0006463982
-0.00158528
-0.001674957
-0.0005508342
0.001074108
0.001937111
0.002430874
0.003373437
0.00142226
-7.195697e-05
2.910612e-05
0.00110631
0.002732273
0.002911876
0.002191839
0.001910402
0.004229966
0.006473029
0.005854992
0.003306096
0.00101016
-0.001315357
-0.002102712
-0.002120989
-0.002614585
-0.003701822
-0.004168898
-0.003115154
-0.00220115
-0.001359567
-0.003314193
-0.005114686
-0.004531032
-0.003790973
-0.002767601
-0.00349459
-0.005475095
-0.006077293
-0.006022553
-0.005334783
-0.00467659
-0.004119218
-0.004014073
-0.002357321
-0.0004056231
0.0009337909
0.001917967
0.002328227
0.003600472
0.004732525
0.004846027
0.004770224
0.005232749
0.00626711
0.00781813
0.007322541
0.007096829
0.005729107
0.002709021
0.001230188
-4.630762e-05
0.000937208
0.002657834
0.001408857
0.002222861
0.002479051
0.003394883
0.003770864
0.003828866
0.004510836
0.003168612
0.0005533243
-0.003148858
-0.004199496
-0.003809658
-0.002376419
-0.001058144
0.0005815483
0.001332303
0.00206007
0.0006894195
-0.001518383
-0.002875427
-0.004191389
-0.003427479
-0.002722477
-0.001542897
-6.982821e-05
-0.0004348386
0.0002158034
0.001490806
0.002995164
0.004291675
0.004284553
0.003979481
0.003175228
0.001629606
-0.0003251369
-0.001510173
-0.001587978
-0.0006093762
-0.0008146471
-0.001981053
-0.003208656
-0.003514709
-0.004005861
-0.00364578
-0.002188422
-0.001787813
-0.001133866
-0.0005576039
-8.381704e-05
0.00038092
-0.0006521735
-0.001017496
-0.0004018906
-0.0009329181
-0.0007319062
-0.0009971044
-0.0009708904
-0.001028958
-0.001245773
-0.00149417
-0.001455169
-0.001732893
-0.002126535
-0.002086077
-0.001888141
-0.001359611
-0.0008031237
-0.0005077747
-3.74116e-05
0.0008311671
0.0002457949
4.801827e-06
-0.0008324181
-0.0008856227
-0.0004920434
-0.0006076388
-0.0003277533
-0.0006760948
-0.0008263982
-0.0004027702
0.0005382514
0.001469645
0.002002745
0.0021091
0.001925575
0.002166645
0.002700313
0.003061656
0.002712702
0.001665588
0.0006749003
-0.0001365295
-0.00119164
-0.001414729
-0.0009038413
-0.0009611777
-0.0008005065
-0.0008895289
-0.0004016398
0.0003554274
0.0003684053
0.0005717013
0.0003679161
-0.000202162
-0.0004050731
-8.034863e-05
-0.0001070058
-0.000527515
-0.0008931943
-0.0008348523
-0.0005265612
-0.0002514395
-4.671336e-05
0.0001616075
0.0003319853
0.0005245937
0.0004323107
-0.0003785056
-0.001166759
-0.001466949
-0.001456328
-0.001294828
-0.0008916398
-0.0003478732
0.0001763584
0.0005176107
0.0009044269
0.0009545947
0.0007435286
0.0005250631
0.0004735119
0.0004828242
0.0005421386
0.000555085
0.0003548845
0.000206198
0.000179997
0.0001154925
-0.0001847717
-0.0003154524
-0.0003010789
-0.000175746
-0.0002391112
-0.0002471929
-0.0001158663
-7.937322e-05
4.774505e-05
9.122625e-05
0.0002095577
0.000252759
0.0001051076
1.489172e-05
0.0001391321
0.0002547151
0.0003434947
0.0004199095
0.0004404178
0.0004302502
0.0003354469
0.000310817
0.0003300426
0.0003455063
0.000328342
0.0002636252
0.0002043152
0.0001710858
0.0001724781
0.0001299863
0.0001257446
0.0001079714
7.10074e-05
7.235785e-05
5.981621e-05
5.590546e-05
5.418642e-05
2.242757e-05
-1.437195e-05
-2.905695e-05
-1.586061e-05
1.799003e-05
2.035995e-05
1.485687e-05
1.722179e-05
2.098232e-05
2.065031e-05
2.108054e-05
3.650144e-05
3.278249e-05
1.784773e-05
1.183385e-05
5.532469e-06
1.5668e-06
2.84336e-07
9.983716e-06
1.771394e-05
1.634576e-05
1.247649e-05
4.634167e-06
6.768473e-06
9.264608e-06
6.850121e-06
6.168165e-06
7.313845e-06
5.790617e-06
4.932838e-06
5.589997e-06
5.330131e-06
2.785305e-06
-2.695876e-06
-6.730006e-06
-1.1653e-05
-1.47441e-05
-1.627493e-05
-1.752962e-05
-1.84461e-05
-1.942398e-05
-2.076174e-05
-2.262004e-05
-2.292338e-05
-2.290027e-05
-2.273108e-05
-2.257661e-05
-2.272031e-05
-2.267106e-05
-2.290978e-05
-2.309924e-05
-2.299404e-05
-2.267971e-05
-2.222237e-05
-2.17448e-05
-2.125111e-05
-2.076388e-05
-2.028557e-05
-1.983016e-05
-1.93993e-05
-1.900444e-05
-1.864784e-05
-1.832957e-05
-1.805298e-05
-1.78177e-05
-1.762122e-05
-1.745959e-05
