-0.002261251
-0.001310019
-0.001111563
-0.001304792
0.0006919053
0.003281236
0.002958458
0.001048554
-0.0007705816
0.0004600701
0.001741728
0.0007018556
0.0004565563
0.0003367186
0.0004535087
0.0009262811
-0.001019371
-0.002080701
-0.0009826914
-0.0009760849
-0.0009980461
-1.123058e-05
0.0008909234
0.000638437
-0.0005667472
0.0003904574
0.003573304
0.005118061
0.002919409
-0.001383531
-0.00536316
-0.003053491
0.00158182
0.0005795962
-0.002438166
-0.004221748
-0.004545717
-0.002021846
0.00249204
0.004405984
0.004122832
0.001983254
-0.0005520838
-0.0004854265
0.001577384
0.002129578
0.001200739
-0.001202027
-0.004211696
-0.004938615
-0.004690431
-0.00236348
-0.000643425
0.000137209
0.001817467
0.00325499
0.004805718
0.003203623
0.002282867
0.003659154
0.004619306
0.003052899
-1.688967e-06
-0.001005101
-0.000431567
-0.001222792
-0.004465075
-0.006833251
-0.007825447
-0.006270703
-0.004356931
-0.001832172
0.001047544
0.002585977
0.002266984
0.0007504962
0.001439235
0.002540065
0.003071728
0.002799643
0.003059985
0.002378856
0.001046982
-0.001504841
-0.002893862
-0.002353053
-0.0010452
-0.0006410582
-0.001632288
-0.001884026
-0.002356098
-0.001287968
0.0005359778
0.003177984
0.003289387
0.0007242917
-0.00138489
-0.00242716
-0.001443716
0.0002721105
-0.001147548
-0.001354447
0.0001440966
0.001299932
0.001198111
0.000172152
0.0004905495
0.0003846324
-0.0008647203
-0.0003025676
0.002478099
0.003045406
-3.219534e-06
-0.0007395377
0.0001581941
0.001117129
0.002439195
0.00106642
0.0006860949
-0.0001379417
-0.0009415812
-0.002321531
-0.001352435
-8.852746e-05
-0.001238968
-0.002397582
-0.002043558
0.0003239723
0.00249771
0.004138997
0.00351794
0.002288947
-0.0002782742
-0.003743126
-0.004683488
-0.001199092
0.002399576
0.001432721
-0.001892385
-0.003302989
-0.002765391
5.701283e-05
0.003465949
0.002195135
-0.001465559
-0.004600977
-0.006527699
-0.004417279
0.0005348847
0.002676981
0.001257229
-0.001582393
-0.002716593
-0.0005980041
0.0007545766
4.778166e-05
-0.0002540897
4.789088e-05
-0.0003600621
-0.0001264429
-0.000279389
-0.00223163
-0.001380921
-0.0006760627
0.0002307447
0.002745084
0.005180903
0.003052238
0.0004798271
0.001744651
0.003033972
0.00368682
0.001297014
-0.002396387
-0.005597129
-0.00615102
-0.002969647
0.001330717
0.004031695
0.005480153
0.003743129
0.002733335
0.004521409
0.005103865
0.005155908
0.004623471
0.004825463
0.00256415
-0.001067032
-0.003890412
-0.005003254
-0.003859874
-0.003467174
-0.000743749
0.001857261
0.002700827
0.003244505
0.001657395
6.41558e-05
0.0002406099
-0.001273067
-0.003378374
-0.002090133
-0.001597482
-9.60678e-05
0.001104467
0.002614049
0.00421955
0.004043109
0.001219747
-0.003202974
-0.004984965
-0.003248954
-0.002655311
-0.004782044
-0.002862439
-0.001230465
0.002049843
0.002150833
-0.0004726241
-0.001435532
-0.001663021
-0.001926217
-2.191754e-05
0.004627229
0.004963828
0.002657621
-0.003431805
-0.005763596
-0.002607772
0.001048892
0.002964458
0.001976062
0.001643502
0.003435615
0.004462747
0.002549229
0.0006050699
0.0002653974
-0.001483924
-0.006096388
-0.009438991
-0.009714468
-0.007524612
-0.002593993
0.0003844052
0.0009158033
0.0007627772
0.0003353598
-0.001161024
-0.001530355
0.0035808
0.008869508
0.009214309
0.003079054
-0.002836034
-0.001552957
0.0001228841
-0.0006870342
-0.002742368
-0.005867706
-0.005383264
-0.002066295
0.002195236
0.004120965
0.002159468
0.001874841
0.002073703
0.0005314217
0.0008720474
0.001480953
-0.0003612039
-0.003954707
-0.004719767
-0.002167782
-0.002238196
-0.005358439
-0.006016404
-0.001494852
0.007424009
0.01126431
0.01093787
0.008626556
0.006369241
0.007782953
0.002747189
-0.0037625
-0.005188569
-0.007573366
-0.01291108
-0.0153153
-0.012847
-0.007728714
-0.005037969
-0.00949236
-0.01113262
-0.009435461
-0.001920154
0.008670414
0.01305134
0.01618165
0.02199971
0.02822376
0.02838607
0.02519962
0.02060444
0.008412431
-0.00451416
-0.008521831
-0.007330596
-0.003033395
0.0002162744
0.0002417802
-0.001563672
-0.003434334
-0.01176778
-0.02331425
-0.02779733
-0.02591864
-0.01959076
-0.01305976
-0.01080548
-0.01211116
-0.01322301
-0.009393045
-0.001199415
0.009802195
0.01735027
0.0180836
0.02039385
0.02520923
0.02911486
0.02815814
0.02383943
0.01832129
0.009482977
-0.001948154
-0.01304382
-0.0244189
-0.03211194
-0.03095135
-0.02059745
-0.01082081
-0.00713456
-0.004899809
-0.002929187
-0.0005302221
-1.921032e-05
-0.0009220005
0.00141172
0.004089119
0.01144741
0.02225739
0.02463092
0.01456767
0.0001957982
-0.004102591
-0.0003746141
0.01112173
0.02001315
0.01646369
0.001430896
-0.01469534
-0.01992613
-0.01665411
-0.009335711
-0.001448108
0.005035032
0.007812531
0.004897371
-0.00165813
-0.009820247
-0.01718165
-0.02097413
-0.02076824
-0.01638445
-0.004451619
0.01053325
0.01293544
0.008521945
0.002083728
-0.003657933
-0.007276921
-0.01160087
-0.01256079
-0.01176213
-0.003180994
0.007142436
0.01386012
0.01477101
0.01289827
0.0120272
0.01277177
0.01607856
0.01996988
0.01892545
0.005126981
-0.01273334
-0.02338734
-0.02265829
-0.01858961
-0.01225238
-0.003004151
0.006026934
0.01511305
0.02028551
0.02339244
0.02267751
0.01926258
0.01718274
0.01390351
0.005613967
-0.005768208
-0.01083571
-0.01083066
-0.01122247
-0.01140511
-0.0115367
-0.01200188
-0.01220186
-0.009173571
-0.002668048
0.00388952
0.004104787
-0.0007330673
-0.004462243
-0.001134074
0.00943209
0.01367134
0.003316379
-0.01636957
-0.02905154
-0.0264487
-0.01366814
-0.003299908
0.003855413
0.01201233
0.01800592
0.01725736
0.008060072
-0.001446374
-0.003634406
0.002292746
0.008923781
0.01030502
-0.003012001
-0.02854666
-0.04273436
-0.04075991
-0.02627273
-0.0116726
-0.002057995
0.004956464
0.01054204
0.0202799
0.02785867
0.02980589
0.02627876
0.01875322
0.01560955
0.01912444
0.02263531
0.02036284
0.01362172
0.007844475
0.002347661
-0.008831446
-0.02571458
-0.04003445
-0.04581804
-0.0451308
-0.03489538
-0.0120425
0.01490703
0.02765817
0.02853763
0.02653751
0.02293392
0.0168926
0.004321132
-0.008419745
-0.01424302
-0.0184669
-0.02222367
-0.01980845
-0.01469014
-0.00775527
-0.0003143728
0.008262741
0.0201672
0.02981647
0.03183933
0.02672216
0.012227
2.572145e-05
-0.002229631
0.004674696
0.008757837
0.002713409
-0.007637544
-0.01906774
-0.02048569
-0.01396698
-0.007553234
-0.005483625
-0.01000421
-0.01328767
-0.01641299
-0.01770858
-0.01026983
0.01000351
0.02666976
0.02794597
0.02006322
0.006408592
-0.007238069
-0.01191785
-0.006705704
0.002596682
0.007740571
0.008239388
0.006154487
0.002527403
0.0002456196
0.002852747
0.005919879
0.004694937
-0.003832282
-0.01351209
-0.01684241
-0.01834695
-0.01541553
-0.007207661
0.00357683
0.01054038
0.01194501
0.009296107
0.006819523
0.004774445
0.005845432
0.008034401
0.003765727
-0.004491128
-0.01030115
-0.01110292
-0.007718541
-0.003425391
0.0007760058
0.005537368
0.009658205
0.00941756
0.003013037
-0.01009901
-0.02026539
-0.02134662
-0.02353557
-0.03372536
-0.04490871
-0.04921025
-0.0403773
-0.02193389
0.003684527
0.03771153
0.07194608
0.09503804
0.09970585
0.08729078
0.06019577
0.03170423
0.01732816
0.008001406
-0.0106208
-0.03175625
-0.03820295
-0.0198666
-0.003615914
-0.006658415
-0.02291716
-0.04286119
-0.04954032
-0.0404553
-0.02310713
-0.01040912
-0.01045698
-0.02813658
-0.04798377
-0.04808907
-0.02773918
0.0008614932
0.01994996
0.02670751
0.02836321
0.0289518
0.02772474
0.02330822
0.01566748
0.0010795
-0.007593643
-0.007473342
-0.00116772
-0.001187065
-0.00832299
-0.009092205
0.002663235
0.0192484
0.02778799
0.03124276
0.03743849
0.04490502
0.04782727
0.03991235
0.01750913
-0.006335263
-0.02835922
-0.04573594
-0.05642484
-0.05888627
-0.05282446
-0.03942289
-0.02157904
-0.006067956
0.006562827
0.01391194
0.02102458
0.02905614
0.03523946
0.02966132
0.006557417
-0.01777573
-0.02821565
-0.02101983
0.001936208
0.02425183
0.03340957
0.03074857
0.02409418
0.01758055
0.01579349
0.01678197
0.01286937
0.00237065
-0.02067529
-0.04700546
-0.07196508
-0.08641658
-0.08495815
-0.06838749
-0.04448904
-0.01516835
0.02508505
0.06994458
0.09850608
0.1008422
0.08457141
0.05861172
0.02932864
-0.0001268279
-0.02392258
-0.04484275
-0.05927602
-0.06644675
-0.06456809
-0.04636343
-0.01897547
0.003049398
0.01066182
0.01268651
0.01510804
0.03006925
0.05786236
0.07308105
0.06628739
0.04109975
0.02086671
0.01594328
0.01382467
0.003363802
-0.02055014
-0.04811354
-0.06354554
-0.05819688
-0.04021633
-0.02422478
-0.01790378
-0.02092087
-0.026486
-0.03010705
-0.02978897
-0.02595998
-0.02132197
-0.01326715
-0.004054476
0.004145185
0.01721344
0.03911376
0.06113285
0.0719645
0.06764599
0.04858041
0.03440542
0.03330188
0.03734007
0.02806873
-0.006160453
-0.05004293
-0.08256479
-0.08819346
-0.06937576
-0.0459639
-0.02761709
-0.01774565
-0.003370791
0.02163442
0.04347176
0.0567135
0.0609162
0.05788911
0.04034731
0.01627446
-0.004554079
-0.01428803
-0.01490319
-0.01091097
-0.003852586
-0.00246737
-0.003606701
-0.003230296
-0.002389795
-0.004188999
-0.009954003
-0.01779163
-0.02860166
-0.03816223
-0.04309307
-0.03648174
-0.01501701
0.008648008
0.02436332
0.03403094
0.03974313
0.04435672
0.04394987
0.03735987
0.02433667
0.006741779
-0.006828411
-0.01448351
-0.01954485
-0.02623094
-0.03269682
-0.03578652
-0.03129467
-0.02611619
-0.02223095
-0.01730035
-0.01120179
-0.00101208
0.01048237
0.018213
0.0215343
0.02237178
0.02373452
0.02331952
0.01914168
0.01613686
0.008845952
-0.003425556
-0.01599833
-0.02527636
-0.02662271
-0.02121481
-0.006064751
0.01162608
0.02128864
0.02325729
0.02101544
0.01674269
0.01216695
0.01235771
0.0133859
0.01116033
0.005512612
-0.005310543
-0.0135186
-0.01746399
-0.01612474
-0.01428365
-0.01276694
-0.01322083
-0.01439077
-0.01523941
-0.01918992
-0.02078323
-0.01907577
-0.01059663
-0.0005618382
0.007960228
0.01457298
0.0174841
0.01753423
0.01698753
0.01680082
0.01846346
0.01838497
0.01454884
0.006138952
-0.004965748
-0.01083696
-0.01390922
-0.01432848
-0.01327688
-0.01255577
-0.0127639
-0.01262317
-0.01024664
-0.003221949
0.009702458
0.01747494
0.0205646
0.01877767
0.01030364
-0.002401474
-0.01407948
-0.01870125
-0.01840352
-0.01368403
-0.005190569
0.002941943
0.004273106
0.0002757766
-0.004086807
-0.002121324
0.00422509
0.008642734
0.01221578
0.01460875
0.01744334
0.02004131
0.02058297
0.02068401
0.0183126
0.01237313
0.004126513
-0.004746522
-0.01317478
-0.01698969
-0.01743545
-0.01900637
-0.02190014
-0.02399931
-0.02241128
-0.01634336
-0.006837039
0.0009976196
0.008789359
0.01599474
0.02177716
0.02397941
0.0203973
0.011097
0.002049598
-0.00200497
-0.004592741
-0.003935933
-0.00228048
-0.003054662
-0.005211969
-0.007536595
-0.007264295
-0.004434843
-0.001022952
-0.0001528824
5.824807e-05
0.002389956
0.004402461
0.001223162
-0.004029821
-0.008240419
-0.01230004
-0.01551725
-0.01526542
-0.01083659
-0.004037362
0.003236266
0.01040381
0.01504896
0.01585583
0.01443299
0.01388734
0.01282041
0.008499758
0.004052548
-0.001492136
-0.007578547
-0.01176874
-0.01379157
-0.01539711
-0.01761046
-0.01549812
-0.009904453
-0.004996235
-0.004247501
-0.009780999
-0.01532068
-0.01596237
-0.01133567
-0.003142124
0.003852043
0.0084736
0.01234352
0.01704156
0.02545772
0.03162264
0.03594846
0.03396058
0.02934617
0.0239627
0.01752547
0.01000918
0.0002569179
-0.01070908
-0.02156402
-0.02599601
-0.0282769
-0.02707037
-0.02314244
-0.0136107
-0.0009116845
0.0079093
0.01442205
0.01605412
0.01433242
0.008970377
-0.0003952733
-0.008030993
-0.01323514
-0.01537311
-0.01583317
-0.01467858
-0.01384733
-0.01368927
-0.01218072
-0.01322624
-0.01454823
-0.01477474
-0.01399748
-0.01088861
-0.008262128
-0.006471097
-0.002743015
0.0024038
0.009906951
0.01603204
0.02081381
0.02593322
0.02835687
0.02603648
0.01886695
0.01001745
0.004464518
0.003091555
0.00305784
0.004180859
0.002174522
-0.003174342
-0.01004615
-0.01292365
-0.01155084
-0.007480109
-0.004197761
-0.002790237
0.001772182
0.009446594
0.01816763
0.02245579
0.01880739
0.01284757
0.006822356
0.002475101
-0.0008573076
-0.002046688
0.0002666123
0.003425523
0.006663009
0.009402745
0.0113336
0.01112556
0.008195114
0.005802204
0.004301757
0.002090433
-0.001287833
-0.009157117
-0.01742633
-0.02281303
-0.02185949
-0.01695541
-0.01152903
-0.007608171
-0.006340312
-0.006419863
-0.008968826
-0.01226344
-0.01623844
-0.01913331
-0.01752282
-0.01323078
-0.007636117
-0.005331966
-0.003401106
0.001019497
0.005776788
0.01150611
0.01388686
0.01529242
0.01535474
0.01331578
0.01075454
0.007442598
0.005025163
0.004768068
0.006156256
0.01000469
0.01144303
0.01008747
0.006109339
0.002988149
0.0001892084
-0.002363849
-0.003693981
-0.005719704
-0.005658561
-0.006940702
-0.00963965
-0.01354728
-0.01622995
-0.01668798
-0.0146266
-0.0102325
-0.005980164
-0.001909377
0.002409307
0.006545373
0.00957581
0.01039282
0.01004396
0.01133119
0.01314782
0.01266232
0.01155864
0.009514593
0.006805445
0.004815458
-0.0003284324
-0.007659144
-0.0156663
-0.0188294
-0.01450765
-0.008263269
-0.003142869
-0.001718967
-0.00180465
-0.001631271
-0.002295301
-0.002745141
-0.005662342
-0.007398417
-0.007937017
-0.006579449
-0.005624723
-0.007660684
-0.006719277
-0.004022448
3.205923e-05
0.00358571
0.004294636
0.002542249
0.002409631
0.003012395
0.006281491
0.009924902
0.01327967
0.01650286
0.01702515
0.01663041
0.0152218
0.01308289
0.01140706
0.00845419
0.004025263
-0.000657523
-0.006814301
-0.01272113
-0.01620857
-0.01525697
-0.01123824
-0.006121961
-0.001642116
0.001127175
0.002343026
0.0008997431
-0.003311852
-0.006683986
-0.009748139
-0.01156378
-0.01142711
-0.008850656
-0.004984868
-0.002015695
0.001781765
0.005258912
0.009028867
0.01232244
0.01453483
0.01520805
0.01339351
0.009206443
0.005109071
0.001912404
-0.001681099
-0.005236848
-0.005816245
-0.004705493
-0.004862599
-0.00489934
-0.005370599
-0.003243946
-0.001424271
-0.0004338814
0.002054914
0.003574697
0.006153265
0.007181437
0.006473566
0.004613099
0.002487412
0.002470048
0.004854782
0.006832572
0.00559329
0.003055535
0.002413932
0.0027383
0.001201154
-0.0008296652
-0.002861544
-0.002867691
-0.001234697
-0.001411144
-0.002233273
-0.004899541
-0.006831508
-0.007219124
-0.008217683
-0.007378242
-0.00692537
-0.006972312
-0.005761569
-0.003791986
-5.266243e-05
0.003377584
0.006441678
0.00806449
0.009277291
0.009393578
0.009688361
0.00810536
0.004413999
0.000353395
-0.003870453
-0.007070185
-0.009293825
-0.009222436
-0.01072083
-0.01249869
-0.01505486
-0.01433482
-0.01028132
-0.007120401
-0.003215833
-0.0004057611
0.003260136
0.008239761
0.01098264
0.01333376
0.01342963
0.01066036
0.00647736
0.001259046
-0.001403188
-0.002045808
0.0001073896
0.001976034
0.003908929
0.006539514
0.009747432
0.01170894
0.01122853
0.008410365
0.002118007
-0.004927117
-0.009364156
-0.01052289
-0.01045868
-0.0109646
-0.01160822
-0.01105441
-0.009681521
-0.009121559
-0.007847579
-0.006576679
-0.005594428
-0.003216842
-0.0009473267
0.001550642
0.003836516
0.006637469
0.007518771
0.006652837
0.003811154
-0.0005595215
-0.003728671
-0.005819673
-0.004405984
-0.003768463
-0.006440849
-0.008225861
-0.0093438
-0.009678391
-0.008423796
-0.008601304
-0.008067886
-0.004918172
3.191589e-05
0.007079063
0.01254941
0.01453335
0.01308093
0.01163561
0.01270667
0.01286377
0.0126455
0.01048621
0.005906435
0.003182009
0.002760731
0.003204437
0.0036196
0.003363597
0.002705687
0.0005810344
0.001143034
0.002747516
0.002357874
0.004637582
0.005857537
0.00606055
0.005812703
0.003974702
0.003202561
0.003139352
0.001554288
-0.0005988979
-0.002234987
-0.004033224
-0.005563232
-0.005323534
-0.005341909
-0.004311716
-0.001522002
-0.0002847147
0.000407888
-0.0001673501
-0.002624517
-0.00514594
-0.007257369
-0.007736787
-0.007212523
-0.005584615
-0.003662949
-0.00305296
-0.002591871
-0.003411929
-0.003570016
-0.002516349
-0.001292329
-0.0005130375
-0.0006466345
-0.0009944487
-0.0006874117
0.0001551236
0.0003764916
-0.001342182
-0.003784055
-0.004810171
-0.005210023
-0.006772655
-0.007850774
-0.005667991
-0.002968039
-0.0003139942
0.0008223273
0.0002970457
-0.001826576
-0.002457982
-0.0002394736
0.004344376
0.008764094
0.01165071
0.01426706
0.01383056
0.01131432
0.007364902
0.005657378
0.005088253
0.003031942
-0.0003676898
-0.002482169
-0.002518879
-0.00272187
-0.0009644044
0.001041959
0.001493857
-0.0005746798
-0.003181779
-0.005440059
-0.007520862
-0.007399529
-0.005847098
-0.003165494
-0.001225453
0.0004993867
0.002191587
0.001729559
0.001365432
0.0009645983
0.0008554749
0.0003230517
-0.001230392
-0.00241155
-0.005159426
-0.005576632
-0.004763702
-0.003477493
-0.001950554
-0.0006051423
0.001414449
0.004028742
0.005393516
0.005984121
0.006119794
0.005737326
0.005047819
0.003014958
0.001763411
0.002350923
0.004990675
0.007602916
0.007539709
0.006693143
0.006433071
0.004601145
0.003239477
0.001734974
0.0006895043
-0.001213819
-0.002172602
-0.003443545
-0.003176298
-0.004499233
-0.006486194
-0.007910143
-0.009366707
-0.01067438
-0.01075599
-0.01074177
-0.01052352
-0.009651394
-0.009787093
-0.008778321
-0.00723103
-0.003154079
0.0001965913
0.002894523
0.004444915
0.005646486
0.006746044
0.007014336
0.006603269
0.00660021
0.007826241
0.008544373
0.007073552
0.005386438
0.004493934
0.00311283
0.004610165
0.005761736
0.006490009
0.006325806
0.005876996
0.006904102
0.006458375
0.005203756
0.004856959
0.003165783
0.002720031
0.002255928
-0.0009019872
-0.003035871
-0.006120349
-0.009041693
-0.01013924
-0.0108696
-0.01000265
-0.008588985
-0.006529637
-0.005410703
-0.004348931
-0.002744501
-0.003145406
-0.002366155
-0.002301934
-0.001201384
-0.001132045
-0.002508048
-0.004467511
-0.005131593
-0.00315286
-0.0005906524
0.002329562
0.003359763
0.002153075
0.0005546912
0.0007168205
3.644396e-05
-0.0002553416
0.0008421353
0.002912669
0.005570786
0.007460015
0.007258391
0.003623599
0.0002782728
-0.00364085
-0.00566623
-0.00511555
-0.005426433
-0.004332672
-0.003064027
-0.001060072
0.001203408
0.002162668
0.002213167
0.0016324
0.002232432
0.003285777
0.004158966
0.003795758
0.002989354
0.001917418
0.001565084
0.001408021
0.002068784
0.002598589
0.002918324
0.00333211
0.00331924
0.002875226
0.001075474
0.0007003633
-0.0009123776
-0.001319591
-0.002288528
-0.003636139
-0.004214017
-0.004590852
-0.003778393
-0.003614142
-0.002839028
-0.002503559
-0.002201521
-0.002352765
-0.00262401
-0.001832134
-0.001636188
-0.001056401
9.224201e-05
0.001026841
0.001849426
0.001376995
0.0008214129
0.000260478
-6.260847e-06
-0.0004352629
-0.0005805209
5.26509e-05
0.0006192097
0.001312899
0.002529716
0.003511674
0.003939677
0.003801522
0.003235602
0.002198141
0.0008643624
-0.0001772668
-0.0003927737
-0.001161363
-0.001664139
-0.001271584
-0.0009717469
-0.0007740507
-0.0005482543
-0.0002979253
-7.025217e-05
0.0002261814
-0.0003848633
-0.0004507446
-0.0003868458
-0.0004011938
-0.0001669447
-0.0003872795
-0.0002577307
-0.0004744502
-0.0008254273
-0.0008599139
-0.0007439842
-0.0006057085
-0.0006492129
-0.0004682922
-0.0002938945
0.0001857775
0.0003825061
0.0005830127
0.0008631406
0.0006900895
0.0005813481
0.0003976772
0.0001729211
0.0001524917
0.0002547754
0.0004769723
0.0005755267
0.0005608313
0.0005041155
0.0004528284
0.0003958757
0.0003648758
0.000327988
0.0001991049
3.274728e-05
-9.076186e-05
-0.0002046636
-0.0002566036
-0.0002583314
-0.0002380759
-0.0001598262
-0.0001132414
-7.9169e-05
-5.780604e-05
-5.435535e-05
-6.880562e-05
-4.405146e-05
-2.251853e-05
-2.8158e-05
-4.866446e-05
-6.728497e-05
-9.493776e-05
-0.0001034756
-0.0001008522
-9.414852e-05
-8.431083e-05
-7.644851e-05
-6.647654e-05
-6.305169e-05
-5.323451e-05
-4.459363e-05
-4.001195e-05
-3.729298e-05
-3.453132e-05
-3.020782e-05
-2.654608e-05
-2.246045e-05
-1.889249e-05
-1.570381e-05
-1.354606e-05
-1.219061e-05
-1.123316e-05
-1.074542e-05
-1.013992e-05
-9.55793e-06
-9.084555e-06
-8.729734e-06
-8.535108e-06
-8.435272e-06
-8.377921e-06
-8.330964e-06
-8.26961e-06
-8.188975e-06
