0.002332714
0.004158589
0.004727815
0.003917996
0.003659982
0.002132052
0.0001655218
-0.0004607562
-0.0001506692
-0.0009177178
-0.002136625
-0.004057325
-0.005504746
-0.005166168
-0.002607059
-0.0005803789
-0.000309131
1.820629e-05
0.001894902
0.004414219
0.004199914
0.003972333
0.003432632
0.002181979
0.001972735
0.002094978
-0.000440893
-0.001309099
-0.002590392
-0.004237901
-0.003878042
-0.004086359
-0.003261402
-0.002243648
-0.0003201709
0.0005955576
0.0006259089
0.000389012
0.0007090265
-0.0001296804
0.0003280127
0.001707788
0.001778891
0.0017276
8.713211e-05
-0.0002752953
-0.0009937101
-8.319429e-05
0.002009511
0.001808228
0.001059202
-0.0004650462
5.375841e-05
-5.269883e-05
-0.0007548406
-0.0008602981
-0.0009218873
-0.002210545
-0.004392745
-0.004820568
-0.004101914
-0.002694756
-0.001719063
-0.001041214
0.0001680461
0.001213092
0.002327483
0.002075078
0.002223514
0.003432748
0.004838838
0.004080504
0.0007670479
-0.0007165609
-0.002708112
-0.002839211
-0.00282749
-0.005282155
-0.005614228
-0.003372839
-0.001237522
0.001772974
0.001850962
0.0002438969
-0.0001748825
-0.0007527887
-0.0006136471
-0.000824363
-0.0005291809
0.001288866
0.003472076
0.003994739
0.004657129
0.003407015
0.00209977
0.001338217
-0.000381127
-0.0005215252
-0.001010761
-0.0006054726
-0.0007856552
-0.002473411
-0.002654635
-0.001329323
6.332052e-05
-0.0002963944
-0.001389501
-0.001917548
-0.002496595
-0.00224844
-0.001767714
-0.002535481
-0.001218377
-0.0001011686
-0.0005456007
-0.000811539
0.0005055429
0.002065404
0.00365789
0.005228985
0.005354735
0.004679756
0.003578435
0.00187732
0.001555252
0.0002947748
-0.001687859
-0.003197265
-0.002416754
-0.0005478719
-0.0009576921
-0.002511952
-0.002481149
-0.002522757
-0.001465848
0.0007661264
-0.0001598285
0.0003064955
0.002970927
0.002947667
0.003742434
0.003741611
0.0005298161
0.0001077026
-0.0005500232
-0.001990098
-0.0006517004
0.001613884
0.002583045
0.004934307
0.003038321
-0.002346127
-0.003597537
-0.004226743
-0.0050671
-0.004230577
-0.004237594
-0.004340502
-0.001780215
0.002477411
0.005921072
0.006157837
0.004837074
0.002227015
-0.0009195659
-0.003168576
-0.003434707
-0.001666957
0.0001732247
-3.88266e-05
-0.001034262
1.233888e-05
0.001718882
0.002880752
0.001835361
-0.0003810209
-0.002977869
-0.002593268
-0.001580347
0.0005545753
0.002726224
0.004702045
0.003532194
0.002235839
0.001886058
-0.0001722571
-0.001462489
-0.003293358
-0.002678256
-0.002267148
-0.003696109
-0.005493353
-0.004317286
-0.002352707
0.0003839684
0.003416487
0.004706832
0.003995939
0.00139295
-0.002185192
-0.004009965
-0.003947721
-0.006390613
-0.006144808
-0.001350816
0.002472194
0.002057089
0.0002588417
0.0008749188
-0.000129768
-0.0001777306
0.003094435
0.005724005
0.006917423
0.007017414
0.004678571
0.004539844
0.004478651
0.00304965
-3.207277e-06
-0.003634426
-0.004024112
-0.0034305
-0.001934177
-0.002851157
-0.003357096
-0.003289814
-0.0009724154
0.001789734
0.001246057
0.002287451
0.002963716
0.002126294
0.0007288656
0.0023027
0.001914087
-0.002837087
-0.006824341
-0.006701009
-0.003700229
-0.002166181
-0.0022937
-0.001775595
0.0001052511
0.001694365
0.00396283
0.002806137
0.00149438
0.001478014
0.002500009
0.002348007
0.001572761
0.0008709574
0.0002333832
0.002397758
0.003936938
0.003721692
0.001086961
-0.0007052075
-0.003645926
-0.00665191
-0.009388642
-0.009852823
-0.007945506
-0.006190158
-0.005897469
-0.003498517
5.001481e-05
0.002073632
0.003303705
0.006666578
0.008499518
0.005199785
0.003191315
0.002099865
0.001721375
0.001868196
0.002956475
-0.000213731
-0.001192008
0.0009336116
0.00133747
-0.001003465
-0.003974809
-0.005515069
-0.008702655
-0.01102732
-0.01266968
-0.008014539
0.0002586633
0.007916716
0.01365116
0.0160032
0.01958743
0.02197116
0.01822576
0.008911103
0.0002858558
-0.002781358
-0.002070522
-0.003430208
-0.009552327
-0.01721158
-0.02101845
-0.01933357
-0.01410407
-0.008114767
-0.002568054
0.0003235477
0.003717036
0.008178429
0.009642144
0.006890125
0.004737843
0.003344429
0.004413295
0.01002829
0.01261498
0.01503841
0.01861665
0.02001201
0.01751388
0.01003935
-0.0006513792
-0.01188263
-0.01849037
-0.01992766
-0.01845801
-0.01603866
-0.01665683
-0.01822057
-0.0215571
-0.0227731
-0.0179884
-0.009842827
-0.004126806
0.00127092
0.007219532
0.01039164
0.01274885
0.01419612
0.01926136
0.02922258
0.03723377
0.03850987
0.03069663
0.01381467
-0.0009214275
-0.006447918
-0.004065362
-0.002189641
-0.001235014
-0.002189756
-0.005513997
-0.01431048
-0.02652002
-0.040078
-0.04581877
-0.04225008
-0.02498994
0.009533864
0.02575508
0.02989633
0.02772792
0.01756775
0.005809119
-0.004619439
-0.009573789
-0.007226932
0.001371592
0.007813869
0.00818822
0.002851564
-0.002747303
-0.006486728
-0.005483193
-0.0005668896
0.004435149
0.008078587
0.003881323
-0.006466608
-0.01661066
-0.01815622
-0.007568814
0.00920705
0.02561887
0.03079335
0.02691027
0.008847179
-0.01199768
-0.02307699
-0.02791712
-0.02655963
-0.02503377
-0.01957385
-0.01359367
-0.008806892
-0.008488691
-0.007243373
-0.006005162
-0.004784336
-0.00141838
0.005493004
0.01567361
0.02600615
0.03296361
0.02829107
0.01627243
0.00531245
0.000871198
0.006777864
0.01672588
0.02499501
0.02880882
0.02562041
0.0144015
-0.002315289
-0.01492267
-0.02385998
-0.02783818
-0.02749354
-0.0252415
-0.02190214
-0.01699199
-0.01057322
-0.002945686
0.004030039
0.008868935
0.009882828
0.007012547
0.0008976746
-0.008629223
-0.01782054
-0.02170992
-0.01869295
-0.01116242
0.001550706
0.01542985
0.02740769
0.03388898
0.03113717
0.01980396
0.00333714
-0.009052963
-0.01461207
-0.01542007
-0.01416248
-0.01496028
-0.01723194
-0.01424642
-0.003695703
0.01045169
0.02250606
0.02471036
0.01676565
0.00691243
-0.001210887
-0.007880757
-0.0130247
-0.01403159
-0.007214064
0.006361072
0.01630508
0.01459058
0.008910198
0.008359297
0.01200477
0.01166615
0.008166578
0.003943767
-0.006943627
-0.02189902
-0.03393008
-0.03335907
-0.02243506
-0.009384217
-0.002299273
-0.002578698
-0.007640959
-0.01187919
-0.01006881
-0.002080188
0.008368621
0.01558724
0.01781499
0.01059346
-0.001517979
-0.01466896
-0.01986807
-0.01731512
-0.01136464
0.001542347
0.019226
0.03301349
0.03703141
0.03323014
0.0239105
0.0121182
0.001502056
-0.006017499
-0.01142665
-0.01173483
-0.00627385
-0.001524761
0.001617843
0.004296352
0.005820236
0.007843932
0.005815217
0.001446529
-0.002787495
-0.005118319
-0.007994747
-0.01335178
-0.01731247
-0.01927092
-0.01838868
-0.0179205
-0.01562764
-0.008931372
-0.0003359129
0.01248245
0.02253554
0.02635654
0.02583027
0.02030798
0.01467661
0.006075966
-0.001252765
-0.002524771
0.002932187
0.006898967
0.008202537
0.008321867
0.007329432
0.006956112
0.005513882
0.0007902555
-0.008339691
-0.01919868
-0.03198744
-0.04226302
-0.0490237
-0.0481234
-0.03384973
-0.0009718861
0.02219838
0.02749849
0.02697523
0.02139589
0.02078281
0.02524743
0.03128991
0.03576976
0.03433469
0.02790264
0.02310562
0.02064943
0.01993751
0.01820563
0.01352495
0.003309611
-0.0127257
-0.02746176
-0.03921931
-0.046337
-0.05007537
-0.05409031
-0.05722189
-0.05548387
-0.03558203
0.0013695
0.04043547
0.05797577
0.06163879
0.05634958
0.0473778
0.0284525
-0.001287533
-0.01475989
-0.01367877
-0.0007217945
0.01467003
0.02361861
0.02709088
0.004543891
-0.03896712
-0.0613534
-0.06333443
-0.04772246
-0.03009279
-0.02649323
-0.0356273
-0.04664936
-0.05121298
-0.04618346
-0.03706384
-0.02180565
-0.007594179
0.017197
0.04349165
0.04735358
0.04276979
0.03522497
0.03565948
0.03737722
0.03881341
0.03835259
0.04159826
0.05001924
0.05818854
0.05966157
0.05185067
0.03166288
0.003930347
-0.0231947
-0.04711575
-0.06093998
-0.06595242
-0.06156773
-0.04780097
-0.02930736
-0.01754676
-0.01223151
-0.01020987
-0.007239565
-0.001017595
0.006879328
0.01072891
0.006139016
-0.003140862
-0.01275338
-0.01941303
-0.02246082
-0.02020778
-0.01329223
-0.005609669
0.002325972
0.01476585
0.02328214
0.02235508
0.01630232
0.009599937
0.00780572
0.009265342
0.01606465
0.02106475
0.02202261
0.02161469
0.01961342
0.01869042
0.01712883
0.01160066
-0.006012679
-0.0357618
-0.067779
-0.08494989
-0.09066901
-0.07908012
-0.05194112
-0.02132197
0.007493208
0.02027067
0.03431523
0.0623315
0.08831314
0.09496484
0.09302111
0.06793972
0.03239571
0.02027297
0.01633781
0.01374095
0.00527996
-0.005829787
-0.0180954
-0.02705711
-0.03418293
-0.03861798
-0.03325708
-0.01895783
0.001005669
0.01631285
0.02592957
0.02858479
0.02334213
0.00769247
-0.01059317
-0.01758536
-0.01451928
-0.00733134
-0.003265558
-0.006734444
-0.01955782
-0.03594614
-0.04770903
-0.05291835
-0.046829
-0.03437603
-0.02219925
-0.0133682
-0.002568368
0.01323745
0.02923549
0.03895016
0.0357586
0.01768131
0.00115625
-0.005601266
-0.009496704
-0.009515129
-0.005445379
0.0006052246
0.005364576
0.008998821
0.01259743
0.01845934
0.02750781
0.03501709
0.04271219
0.04733807
0.04372114
0.03099583
0.01702589
0.008695628
0.002914179
0.0001755208
0.0006273365
-0.001361525
-0.008438304
-0.01742642
-0.02901068
-0.03916679
-0.04852341
-0.05304623
-0.05215822
-0.03891473
-0.0149884
0.001154118
0.007725148
0.008257651
0.005785273
-0.001267974
-0.009381072
-0.01440469
-0.006036695
0.01075345
0.02319354
0.02570697
0.02112116
0.0152481
0.008533477
0.002751095
0.0002346801
0.002378696
0.005911973
0.0105265
0.01239724
0.009701507
0.001467073
-0.005181311
-0.004599998
0.0008702579
0.004216923
0.003070565
-0.002509837
-0.01138476
-0.02079046
-0.02910354
-0.03493678
-0.03594773
-0.0288608
-0.01304483
0.009105573
0.02438924
0.03498011
0.03888684
0.03116857
0.01364304
-0.002652514
-0.009936378
-0.01066777
-0.008489099
-0.004025593
-0.00329117
-0.005277089
-0.006652066
-0.005153717
0.001680239
0.01009119
0.01741688
0.01810959
0.01396338
0.007378273
-0.0003787557
-0.008513287
-0.01554415
-0.02125826
-0.02249256
-0.01695205
-0.007834305
0.001457989
0.006320352
0.006685583
0.005686005
0.004499771
0.001818225
-0.001770129
-0.004612872
-0.006911954
-0.008145169
-0.005937928
0.0009654077
0.00331146
0.003675608
0.004675258
0.003802152
0.002827032
0.003755218
0.005632044
0.006781615
0.003376898
-0.002816557
-0.003823374
0.000896098
0.009328446
0.01610229
0.02224482
0.02356689
0.01982561
0.008517062
-0.008765936
-0.0216007
-0.0253462
-0.01927837
-0.005695072
0.01151842
0.02365958
0.03014078
0.02375376
0.004186218
-0.01616592
-0.0287487
-0.03302981
-0.02827881
-0.0155676
-0.005300295
-0.001267141
-0.0008468718
-0.004617779
-0.004609669
-0.0009233796
0.002594578
0.007295793
0.01065469
0.0097776
0.00255911
-0.004645181
-0.008703807
-0.008739568
-0.007158612
-0.004202673
-0.0002624435
0.003035267
0.003850255
0.005017126
0.008987969
0.01161756
0.01383097
0.01582205
0.01766727
0.01651477
0.01411679
0.0142259
0.01522658
0.01368848
0.007621616
0.0006702809
-0.005128401
-0.008566914
-0.009782751
-0.01151879
-0.01403613
-0.01732669
-0.02083753
-0.0259447
-0.03032671
-0.03119184
-0.02771482
-0.01801465
-0.006539733
0.003272746
0.01105739
0.01627382
0.01746118
0.01547237
0.01378123
0.01307636
0.01083851
0.005703843
-0.001362698
-0.005954779
-0.008449721
-0.008204974
-0.006595445
-0.002557261
-0.001024194
-0.001005834
0.0008321933
0.002085774
0.00448379
0.005232502
0.008613809
0.01021013
0.01223484
0.01465943
0.01423619
0.01366501
0.009890081
0.001416959
-0.007018418
-0.01394529
-0.01941151
-0.02159749
-0.018711
-0.01291744
-0.00741154
-0.001482268
0.005202823
0.0096562
0.01138106
0.01008777
0.007043125
0.003384408
-0.001554398
-0.005979187
-0.009353371
-0.01112207
-0.01104971
-0.007707216
-0.004982821
-0.003412015
-0.001789236
0.001459476
0.00336891
0.007569268
0.01287633
0.0172114
0.0209518
0.02106917
0.0208612
0.0161632
0.008523514
-0.003624688
-0.01595749
-0.02530491
-0.03175143
-0.03212186
-0.02639576
-0.01683544
-0.005133042
0.007199893
0.01720301
0.02612
0.03103343
0.03214634
0.02676395
0.01644878
0.007914459
0.00244516
-0.00138797
-0.006748105
-0.01078427
-0.0124296
-0.01000412
-0.004574694
-0.0005548578
0.0008568586
0.0004407223
-0.0003171237
-0.001500317
-0.002667212
-0.001630917
0.0004386716
0.002063546
0.002885698
0.002200284
0.002075872
-0.000431258
-0.002614072
-0.003576964
-0.003746317
-0.002426439
0.0002826973
0.002823549
0.0005714254
-0.002261119
-0.00288333
-0.00311895
-0.002985319
-0.005082415
-0.006171784
-0.004738697
-0.002406972
-0.001511371
-0.003172921
-0.006744944
-0.009301114
-0.0113758
-0.0147836
-0.01704703
-0.01859645
-0.01889438
-0.01651679
-0.01122617
-0.004143283
0.003571972
0.00860679
0.01278267
0.01490135
0.01560824
0.01661507
0.01563794
0.01577789
0.01719163
0.01716599
0.01495264
0.01145606
0.006697809
0.00116937
0.0005267835
0.00217509
0.002772837
0.002904404
0.002310801
0.0004666412
-0.002949315
-0.003787774
-0.002882013
-0.0006818744
0.002316942
0.004821053
0.005478996
0.004570199
0.0001414205
-0.006079567
-0.01190374
-0.01546056
-0.01552788
-0.01355214
-0.008664326
-0.003734653
-0.0006766582
-0.0008867429
-0.002521767
-0.005317594
-0.008832507
-0.01133147
-0.01192308
-0.0118578
-0.01322358
-0.01479641
-0.01476074
-0.01329503
-0.009044735
-0.003165399
0.001958024
0.007010149
0.01088307
0.01483665
0.01758556
0.02145862
0.02516943
0.02600277
0.02377518
0.01961159
0.01182501
0.002937728
-0.004702031
-0.01055691
-0.0123144
-0.01091395
-0.006517787
-0.00325377
-0.0003345321
0.001857485
0.003611889
0.005735591
0.007245224
0.009323971
0.0110682
0.01141299
0.01150688
0.01105808
0.01095308
0.008400063
0.004893355
0.000547124
-0.002612788
-0.004371282
-0.005132145
-0.008757218
-0.01393878
-0.01835342
-0.02147362
-0.02041787
-0.02026389
-0.01549132
-0.01198354
-0.008630755
-0.007814735
-0.00873782
-0.01021988
-0.01246692
-0.01183763
-0.009879233
-0.002596505
0.004845475
0.01330533
0.01960915
0.02172877
0.02167573
0.01914517
0.01675842
0.01431966
0.0090626
0.003642377
-0.001187333
-0.004361568
-0.004752236
-0.004435017
-0.00278874
-0.0008578721
0.001001609
0.001739095
0.002014529
0.001301582
0.0003234139
-0.0006057817
-0.0006782064
0.000752862
0.002139045
0.006569929
0.01018592
0.01205972
0.01155385
0.007718741
0.002817658
-0.0007594492
-0.003681769
-0.005637106
-0.004889491
-0.005715661
-0.006149125
-0.007398598
-0.008997957
-0.01097777
-0.01085128
-0.009632373
-0.008422661
-0.005770659
-0.004243678
-0.000693062
0.001146045
0.002018156
0.003498209
0.004230593
0.004417307
0.004089925
0.003614624
0.001845987
-0.0001052598
-0.001186437
-0.002580771
-0.00255324
-0.000752933
0.001037187
0.001936846
0.003714727
0.00437675
0.002853929
0.001294366
-0.001072001
-0.002884558
-0.003611811
-0.003034479
-0.001338212
-0.0003406269
-0.0007190377
0.0008140412
0.0009731862
0.0006304921
0.001026272
0.001027305
0.001935123
0.002229924
0.002609384
0.001764842
0.0007326129
0.0008356382
0.003204096
0.004062972
0.003263331
0.001667062
-0.001962072
-0.003755236
-0.006496996
-0.005831996
-0.005240379
-0.005436207
-0.006035958
-0.006108395
-0.004184686
-0.002681201
0.0008347445
0.001794618
0.001633477
0.001343802
0.0005176266
-0.002662723
-0.004366137
-0.004174392
-0.001693774
0.0001453022
0.001707943
0.002776926
0.00262904
0.001421389
-0.0007461003
-0.001845665
-0.002318961
-0.001759002
-0.0007237245
0.001350956
0.002867677
0.006302028
0.009099901
0.01115625
0.01048513
0.007385392
0.003671575
0.002196617
0.002301671
0.003394078
0.00452019
0.002744384
-0.001081605
-0.00479548
-0.007330203
-0.009884301
-0.009732381
-0.006896827
-0.004305051
-0.001154283
0.001168245
0.002302498
0.00369072
0.003100149
0.002287205
0.001629294
0.0008989595
-0.0003138512
-0.001130903
-0.00108504
-0.0007678492
-0.0006628066
-0.0003843781
0.0002439241
0.0002020769
0.0003662685
0.000827275
0.0009098703
0.002123629
0.00338637
0.003997315
0.005176429
0.004558297
0.004262467
0.002882393
0.001688954
0.001366591
0.0007637183
0.0007769418
-6.052016e-05
-0.0001411447
0.001187863
0.001449964
0.001296912
0.00223322
0.00293798
0.003690698
0.004550512
0.00412311
0.001979015
0.0007437542
-0.000466032
-0.002958953
-0.005573283
-0.007540917
-0.00889252
-0.006920935
-0.006381422
-0.005514501
-0.004695516
-0.004543612
-0.003657291
-0.003800165
-0.003748223
-0.003917624
-0.002920136
-0.004444076
-0.005977247
-0.007075875
-0.00861716
-0.008512222
-0.006599818
-0.005391236
-0.002278279
-0.0006331231
0.0007815426
0.0003102162
-0.0007945384
-0.0006620437
-0.001110947
0.0002598077
0.001656086
0.00280041
0.003919267
0.005027898
0.005416405
0.00591916
0.00508674
0.005329376
0.005492459
0.005550482
0.004450821
0.003241985
0.00380591
0.003552813
0.004628778
0.005694548
0.006687897
0.005893204
0.0042774
0.004844383
0.002580832
0.001158813
-8.269559e-05
-0.0004990006
-0.00158037
-0.00254851
-0.003084196
-0.004625582
-0.005299983
-0.005593915
-0.005449263
-0.004103039
-0.003227026
-0.003515869
-0.003632354
-0.003023614
-0.00221187
-0.002446669
-0.001755308
-0.001244502
0.001020711
0.003928528
0.004167032
0.004083185
0.003735152
0.003619682
0.004007081
0.002877743
0.002164543
0.0001151541
-0.001292702
-0.001215417
-0.002183637
-0.002685734
-0.001832253
-0.0008747284
-0.0005210354
-0.0002438424
-0.0005704866
-0.001220486
-0.001566539
-0.0003295686
0.001211381
0.002273945
0.00300501
0.003687117
0.003333938
0.00259518
0.002769302
0.002225352
0.002939046
0.003011183
0.003061868
0.00292797
0.001133481
0.00049975
-0.0002890403
-0.0003536201
-0.001043477
-0.001519134
-0.001776522
-0.002083878
-0.002653406
-0.00312806
-0.003655742
-0.004576155
-0.005151814
-0.004472885
-0.003105428
-0.002054194
0.0004393389
0.002202551
0.002028789
-0.0004552835
-0.003219883
-0.006249696
-0.007295633
-0.006918679
-0.004916862
-0.003547434
-0.001022324
0.001359966
0.002301015
0.003249164
0.003837261
0.004845576
0.006386367
0.007308008
0.006860794
0.005360944
0.004229287
0.004286953
0.003560219
0.00357503
0.00355211
0.004117343
0.002672741
0.0005032149
-0.00296633
-0.005777849
-0.006080952
-0.006192049
-0.003892518
0.0004349493
0.002595646
0.004292971
0.003122135
0.0007477229
-0.0006725902
-0.002035204
-0.002120632
-0.001576507
-0.0008995682
-0.0009816131
-0.001578117
-0.003414564
-0.003298806
-0.002434902
-0.001999637
-0.0009105064
-0.001635915
-0.002337809
-0.004464944
-0.00530588
-0.00552501
-0.004808259
-0.004099154
-0.003188029
-0.001326259
-0.0004438889
0.001831926
0.00222164
0.002891564
0.00341666
0.003236419
0.002737032
0.002382384
0.002666368
0.002806857
0.002921262
0.002605529
0.002153842
0.001114719
0.0004037234
0.0004119379
-0.0002434236
-0.0001795304
6.399853e-05
0.0001932905
0.0003423007
0.001228689
0.002666808
0.002817377
0.002830115
0.002647877
0.002087162
0.001176952
0.0008936975
0.0006222926
0.0002990468
-0.0005115851
-0.0003986922
-0.0006794294
-0.001417236
-0.0008531166
-0.001322294
-0.001076722
-0.001003119
-0.0008095521
-0.0007463957
-0.0006722028
-0.0006612097
-0.0009238902
-0.001165693
-0.00141829
-0.001466679
-0.001271334
-0.0009297291
-0.0009353613
-0.00109178
-0.0009486877
-0.0009010387
-0.0007358738
-0.0005532345
-0.0003741301
-0.0001635568
-2.548395e-05
0.0002858192
0.0003468788
0.0004912465
0.0004952066
0.0005547493
0.0005482682
0.0006213029
0.0006454319
0.000624476
0.0007064378
0.0006833151
0.0007300315
0.0007452807
0.0007232168
0.0007258141
0.0007370073
0.0006499412
0.0005056062
0.0003287443
0.0001109217
-8.628287e-06
-8.698716e-05
-9.691428e-05
-9.536025e-05
-9.887545e-05
-9.083176e-05
-6.581995e-05
-5.626663e-05
-3.438332e-05
-1.998231e-05
-4.180153e-05
-6.633088e-05
-0.0001056251
-0.0001050711
-0.0001016625
-9.986934e-05
-8.616619e-05
-8.156321e-05
-7.721492e-05
-7.49737e-05
-7.026024e-05
-6.15405e-05
-4.992939e-05
-4.228855e-05
-3.581142e-05
-3.186703e-05
-3.456335e-05
-3.55989e-05
-3.65002e-05
-3.821678e-05
-3.890693e-05
-3.94286e-05
-4.04292e-05
-4.116381e-05
-4.178512e-05
-4.254788e-05
-4.336241e-05
-4.447307e-05
-4.608749e-05
-4.799581e-05
-5.021319e-05
-5.272567e-05
-5.547741e-05
-5.842766e-05
-6.152922e-05
-6.475891e-05
-6.811224e-05
-7.16036e-05
