-0.0004431645
-0.00017903
6.776479e-05
8.913967e-05
-0.0003933653
9.48991e-06
7.574525e-05
-0.0003526993
-5.490361e-05
0.0001755721
-0.0002039119
-0.0002600559
0.0001193404
4.177679e-05
7.131331e-05
6.004999e-05
0.0004802468
0.0001793038
-4.207911e-05
0.0003220181
0.0003974555
-4.4669e-06
0.0001005508
4.032863e-05
7.700661e-05
6.166474e-05
-0.000360657
-2.817858e-05
0.0001105
2.477866e-05
9.715751e-05
3.285648e-05
-0.0003129643
-0.0002059051
-0.0004640057
-0.0002600462
0.0001479135
-4.106669e-06
0.0001274333
-8.2666e-06
0.0001589736
-0.000187866
-0.0002858255
0.0001547752
-1.662401e-05
0.000171017
-0.0006276819
-0.0003564008
0.0001637605
1.786203e-05
-3.725635e-05
-0.0005829946
-0.0001546327
4.42293e-05
0.0001002915
1.151375e-05
0.0001267361
-3.548126e-05
0.0003174015
0.0004040643
-0.0004364528
8.230296e-06
8.571353e-05
3.467687e-05
9.278036e-05
2.236398e-05
0.0001090277
-2.188397e-06
0.0001579156
-0.0001970803
-0.000271576
0.0001261884
2.721294e-05
8.225761e-05
4.448239e-05
7.402731e-05
4.645235e-05
7.701752e-05
3.618281e-05
0.0005073882
0.0001340338
-0.0003892605
-2.719473e-05
0.0001349512
-0.0001649628
-0.0003149365
0.0001746297
-3.246383e-05
0.0001521227
-4.579059e-05
0.0002020362
-0.0002549569
-0.0001866498
-0.0001203826
-0.0003284953
0.000589472
8.453962e-05
6.104729e-05
5.693507e-05
5.894297e-05
5.6871e-05
6.397915e-05
4.456742e-05
9.145581e-05
-0.0004175557
5.977294e-05
-0.0001758783
-0.0001402095
0.0006053796
-0.0003463113
-0.0001800821
5.34672e-05
7.791667e-05
3.708624e-05
7.173593e-05
5.436574e-05
-0.0003699843
-2.729429e-05
9.099586e-05
3.996614e-05
5.421653e-05
9.804703e-05
-0.0005660023
-0.0004405716
0.0002713592
-0.0002774298
-0.0002203387
7.543245e-05
6.112375e-05
4.273518e-05
6.820671e-05
4.879834e-05
-0.0003612699
-4.611803e-05
0.0001170539
-1.251397e-05
0.0005657982
-8.600947e-05
-0.0003706171
0.0002352355
-0.0001523919
0.0008716609
0.0001800738
-0.0003421933
0.0001249398
6.881297e-05
-0.0001484737
-0.0003157804
0.0001431932
7.506793e-06
7.78605e-05
4.417435e-05
5.332829e-05
6.044234e-05
4.409649e-05
6.345075e-05
5.118511e-05
-0.0003711204
-3.556585e-05
9.088884e-05
3.782361e-05
-0.0003681615
-2.85265e-05
7.038858e-05
8.362379e-05
-0.0001520209
-0.0003162654
-0.0002775299
-9.395438e-05
0.0001355213
-7.302842e-06
9.875309e-05
1.712909e-05
7.932522e-05
3.340144e-05
6.601777e-05
4.457419e-05
5.475071e-05
5.472734e-05
4.654406e-05
6.182089e-05
3.935781e-05
6.789483e-05
3.523195e-05
6.988916e-05
3.518649e-05
6.67839e-05
4.534142e-05
-0.000365741
-4.548326e-05
0.0001044345
1.057245e-05
8.705045e-05
2.276854e-05
7.374674e-05
4.312502e-05
-0.0003679566
-3.749811e-05
8.998046e-05
3.691912e-05
-0.0003639621
-4.064326e-05
9.703569e-05
2.153474e-05
7.761388e-05
3.067311e-05
7.859244e-05
-0.0003947081
-1.936863e-05
8.261098e-05
3.057067e-05
7.237045e-05
3.767033e-05
6.41703e-05
5.293037e-05
-0.0003724295
-3.482923e-05
9.46911e-05
2.327153e-05
7.731203e-05
3.547264e-05
6.809333e-05
4.359413e-05
5.989499e-05
5.273595e-05
4.9657e-05
6.595815e-05
2.921937e-05
0.0001077406
-0.000152378
-0.0007501164
-0.0003421349
-9.123318e-05
0.0001841486
-0.0002238696
-0.0002626476
0.0001075943
3.311643e-05
6.471861e-05
5.144088e-05
6.162323e-05
-0.0003688343
-4.24518e-05
0.0001166508
-6.78651e-06
0.0001308963
-5.170087e-05
0.000327722
0.0003695251
2.882819e-05
-7.624861e-05
-0.0005495453
-0.000203782
8.996145e-05
-0.000374155
-0.0004598515
1.647226e-05
6.235602e-05
-0.0003507601
-0.0004854162
5.618781e-05
-9.108107e-06
0.000293816
0.0004111003
-2.343536e-05
0.000108129
2.447353e-05
8.56581e-05
3.770274e-05
7.950746e-05
4.073227e-05
8.559715e-05
-0.0003866779
-1.337285e-05
9.983224e-05
-0.0003948825
-1.177281e-06
7.938808e-05
5.591349e-05
5.589898e-05
0.0004955045
0.0001435902
2.729593e-05
8.950173e-05
3.848762e-05
9.253358e-05
-0.0003868804
-4.394296e-06
9.249188e-05
4.147813e-05
9.552446e-05
-0.0003889891
2.677336e-06
8.324388e-05
6.283051e-05
4.95572e-05
0.000223964
0.0005483108
-0.0007420023
-0.0002452753
5.765176e-05
0.0001626989
-0.0002351139
-4.438664e-05
0.0004972207
-4.951188e-05
0.0001371356
3.206316e-05
9.12108e-05
6.467849e-05
7.282625e-05
-0.0003392659
-4.8578e-05
0.00017173
-5.880198e-05
0.0003767262
-6.392568e-05
-0.0004454174
-3.130911e-05
0.0003215992
0.0004164477
6.396257e-06
0.0001114449
5.73735e-05
8.694224e-05
7.469103e-05
7.671989e-05
8.384881e-05
7.057781e-05
9.198687e-05
6.3416e-05
0.0001001252
5.625445e-05
0.0001123437
4.195316e-05
0.0001368026
-3.967866e-06
0.0003316017
0.0004254314
1.130108e-05
0.0001255309
5.820069e-05
0.0001051106
7.144056e-05
9.897057e-05
7.652069e-05
9.793084e-05
7.854106e-05
9.893134e-05
7.750169e-05
0.0001040121
7.238258e-05
0.0001131731
6.21637e-05
-0.0002652656
-0.0006487949
-0.0003234242
0.0002212467
-2.560242e-05
0.0003619885
0.0004272595
2.741064e-05
0.0001345017
7.431297e-05
0.0001100042
0.0001028555
-0.000335753
2.837837e-05
0.0001181298
-0.0002878386
-0.0006173069
-0.0003245753
0.0002221364
2.832822e-05
0.0001568401
7.421197e-05
-0.0002970761
2.795947e-06
0.0001578281
8.030015e-05
-0.0002971077
2.764586e-06
0.0001649369
7.210925e-05
-0.0002726583
-0.0004419859
0.0001026867
9.043924e-05
0.0001404119
8.736456e-05
0.0001414173
8.83701e-05
0.000148543
-0.0003339241
4.346883e-05
0.0001638219
-0.000350265
8.322805e-05
9.444123e-05
0.0005993345
0.0001291077
0.0002209011
-0.0006063255
-8.307209e-05
0.0006033814
-3.820503e-05
0.0002351486
4.746221e-05
0.0001902559
8.008968e-05
0.0001688235
9.741735e-05
0.0001637112
-0.0003156947
5.047922e-05
0.0006002533
0.0001891874
0.0001249216
0.0001381758
0.00014021
0.0001320444
0.0001452987
0.0001299931
0.0001524275
0.0001187621
0.0001891366
-5.566871e-05
-0.000265794
0.0003207007
-0.0001638046
-0.0001444298
0.000164625
0.0001829799
-5.16251e-05
-0.0002515501
0.000313525
-0.0001414
-0.0001577249
0.0001982503
0.0001421455
0.0001462209
0.0001870161
-0.0003199285
0.000152327
-4.657759e-05
-0.0002148821
0.0002594135
9.824907e-05
0.0002084047
0.0001257804
0.0001951362
0.0001349519
0.0001930878
0.0001380035
0.0001971595
0.0001339155
0.0002114315
0.0001135075
0.0002644636
-0.0004954403
-0.0002975641
0.000491912
7.472837e-05
-2.115532e-05
0.000461301
0.0005102573
-0.0003190061
0.0001328503
0.0002042469
4.818339e-05
-0.00086982
-0.0001282833
0.0001991333
0.00023279
-2.83332e-05
-0.0006025964
0.0001858605
0.0001858574
0.0001868742
-0.0002088887
3.998825e-05
0.0004622653
0.0005265223
0.0001205596
0.0002562167
0.0001103539
0.0008620911
0.0006540085
-0.0003680342
-0.0001823968
-0.0005240995
-0.000663842
0.0002765955
8.177298e-05
0.0004999707
0.0004887481
0.0002266058
1.138347e-05
-0.0006913988
-0.000980061
-0.001553303
-0.0006618254
0.0004540524
0.0008416503
-0.0007872918
-0.0005771738
0.0006488642
0.0002837023
0.0002031203
0.0002316785
0.0002133166
0.0002398348
0.000182713
0.0008191912
0.00130063
0.001123148
0.001280227
0.001029305
-0.0004211369
-0.002480518
-0.00259374
-0.002870161
-0.001668603
0.0002367559
0.0007681745
0.001895273
0.002276751
0.0009405507
-0.00220921
-0.001519692
-0.0005160129
-0.001425854
-0.001669635
0.0007243038
0.004041342
0.003205962
0.0004366608
-0.00073022
0.001161879
0.001393418
-0.002106203
-0.001831823
0.002912196
0.002149235
-0.002261246
-0.002336726
0.0002703931
0.0003785125
-0.002047048
-0.002710048
-0.002565209
-0.001317749
0.00020205
0.0009058495
0.003683309
0.004649248
0.001039469
-0.0008526319
-0.0001478121
-0.001369772
-0.003387332
-0.003458733
-0.002653953
-0.002487693
0.0009466468
0.005022566
0.003603747
-0.001931793
-0.002970153
-0.001577853
-0.003484233
-0.002586633
0.001198587
0.001444408
0.0008976875
0.005463208
0.006089487
-0.002448932
-0.005997512
0.0006192289
0.004048469
0.0008150696
-0.0008546699
0.0001020905
0.002448091
0.003386491
0.0005570119
-0.001771648
-0.003437307
-0.003408747
-0.0006282258
-0.002331625
-0.004486884
-0.0009995039
0.001275097
-0.0003895423
0.001906478
0.006560739
0.006504639
0.003517061
-0.001246338
-0.002408117
0.0001327036
0.001148624
-0.002257154
-0.005039713
-0.002188813
0.001867728
0.00253787
-0.002025609
-0.006469748
-0.004343047
0.001625994
0.001839175
-0.003586204
-0.003939122
0.001518899
0.00518172
0.005319422
0.001656603
-0.0008821759
0.0002275856
0.001424047
0.004920609
0.008271309
0.004245372
-0.001209587
0.001019114
0.002481796
-0.0006740827
-0.0008882813
0.00101912
0.001151722
0.0002041436
-0.001480894
-0.004417473
-0.003079231
0.0006713103
0.001507712
0.001748434
-0.0002058845
-0.003989063
-0.001308501
0.00488188
0.003424303
-0.002775256
-0.004749973
-0.006100451
-0.00333319
0.003073432
0.0001603143
-0.008456644
-0.006629821
0.0002245803
-0.002541657
-0.005764855
-0.002387634
-0.0005995714
9.097072e-05
0.003347833
0.005054296
0.003551837
0.003757879
0.004795222
0.003563063
0.000784586
-0.003728911
-0.008469869
-0.006852147
-0.0009840848
-0.002169322
-0.00277112
0.003019422
0.005378685
0.002718527
0.003537589
0.002963332
-0.0007617057
0.001093677
0.002402339
-0.002959798
-0.005464915
-0.001981613
0.001597569
0.004711632
0.003865034
0.002143277
0.00372122
0.001281382
-0.009008375
-0.01021401
0.00179955
0.009539314
0.007561535
0.003847718
0.000151241
-0.004568296
-0.006246193
-0.006433871
-0.004545848
0.003054175
0.01093367
0.007871641
0.002419744
0.004639266
0.004635189
-0.002030508
-0.005729025
-0.005322042
-0.006190059
-0.004670256
-0.004350994
-0.007948531
-0.006460347
0.003537696
0.01227808
0.009204822
0.002917545
0.001178447
0.00153341
0.0009316139
-0.004021503
-0.00623184
0.0004848631
0.005994906
0.00356425
-7.10274e-05
-0.005595344
-0.0101272
-0.003656318
0.003824365
0.0007541685
-0.004275448
0.002580995
0.007649378
0.001914942
0.0006644247
0.004587348
0.005492091
-0.0003300654
-0.001529582
0.001344781
0.001245845
0.004099808
0.007791191
0.008343014
0.006215297
0.002652441
-0.0004779352
-0.0001739718
-0.001051168
-0.004296805
-0.004592601
-0.006708078
-0.009096914
-5.511805e-07
0.008553171
0.002714695
-0.003309421
-0.001972197
-0.004871033
-0.01182233
-0.01248329
-0.009219282
-0.007649499
-0.005856336
-0.003130893
0.0009144312
0.003378755
0.001706978
-0.002325078
-0.005230034
-0.00319207
0.0006431328
-0.001265284
-0.00674268
-0.008040116
-0.004981132
-0.006143929
-0.008622525
-0.005304461
0.003673582
0.01351557
0.01576671
0.009301954
0.001929397
0.004551821
0.01052087
0.01008023
0.006666291
0.004258075
0.002468999
0.0004351233
0.001156267
0.006211391
0.008080035
0.006202218
0.004448842
0.001645886
-0.00231171
-0.005396186
-0.004926982
-0.002125039
0.003694065
0.009525409
0.011034
0.01322598
0.01437552
0.008827745
0.006020708
0.001965192
-0.0133858
-0.02442016
-0.01936707
-0.01106427
-0.01013403
-0.0102452
-0.00643754
-0.006225376
-0.01419769
-0.01736785
-0.007256585
0.004022579
0.002556843
0.003363668
0.01200103
0.007468155
-0.002236121
0.001529724
0.007883307
0.005097691
-5.024475e-05
0.00146752
0.003043423
-0.004672873
-0.009585188
-0.006008044
-0.004680001
-0.001232397
0.01145946
0.01948687
0.01212961
-0.0004306605
-0.004675897
-0.001831112
-0.003302968
-0.006381324
-0.00353348
0.002607944
0.007433567
0.009372592
0.01317108
0.01211742
0.001445164
-0.006828051
-0.003752748
0.005302816
0.00391868
-0.008889456
-0.01078767
-0.001498527
0.002675317
0.001549241
0.003548445
0.006061729
-0.001477087
-0.01405266
-0.01608041
-0.01209629
-0.01267157
-0.01081108
-0.003762882
-0.0007854979
-0.004801233
-0.004904249
0.0003385546
-0.0008915613
-0.006995237
-0.006008893
0.001143351
0.006594235
0.00794472
0.007335783
0.004214588
0.0004630318
0.002689695
0.01056002
0.01560495
0.01300293
0.008566952
0.007778497
0.005563061
0.001503465
-0.0004896108
-0.004100407
-0.01164738
-0.01322735
-0.002698914
0.01049683
0.01553768
0.0143861
0.009269782
0.002908046
-0.002232749
-0.01039173
-0.01951868
-0.01895258
-0.007950852
-0.002355129
0.001184276
0.01161072
0.01672501
0.01185247
0.005422392
-0.001814504
-0.006669699
-0.002620295
0.005765129
0.0005529332
-0.01347104
-0.01565689
-0.005134574
0.0008579299
-0.003097626
-0.005893441
-0.002550897
0.0009069064
0.0004081306
-0.002361166
-0.006248381
-0.007586616
-0.004230813
-0.002560049
-0.005991325
-0.00865556
-0.009350176
-0.006245292
-0.0002344279
0.005370476
0.008310121
0.01002577
0.006025328
0.003175452
0.01164146
0.009817701
-0.01089748
-0.02199813
-0.007779326
0.006075338
0.005395002
0.002073886
-0.00128395
-0.006002465
-0.009326642
-0.005270097
0.0006948664
0.001883171
-0.001337985
-0.002880221
-0.002804737
0.0009305069
0.009027271
0.009163954
0.0001185992
-0.004816157
0.001300787
0.004945251
0.0008652556
-0.00330552
-0.005664776
-0.008398372
-0.005285328
0.002442196
3.092004e-05
-0.008192316
-0.004966051
0.005954072
0.007536096
0.006562
0.012274
0.01149779
0.004031393
0.002042396
-0.0001108194
-0.01288529
-0.01977743
-0.005955407
0.007074076
0.005803161
0.002272944
0.006352948
0.007618773
0.003194017
0.0004379807
-0.001821315
-0.005244431
-0.01131139
-0.008549224
0.01027182
0.03297397
0.03725491
0.02056975
0.001861937
-0.007537359
-0.01224976
-0.009825211
0.002947232
0.01074514
0.00554416
0.001903784
0.008880587
0.006655972
-0.009042844
-0.01399902
-0.001484636
0.01214563
0.01142755
-0.002600504
-0.01846252
-0.02493237
-0.01771281
-0.002471968
0.006422435
0.002648439
-0.001475417
0.002489326
0.008998971
0.006181734
-0.002238361
-0.008253297
-0.01317683
-0.01296569
-0.007377106
-0.005754283
-0.006841598
-0.008207374
-0.008577632
-0.007659627
-0.01198341
-0.01871437
-0.02363587
-0.02018113
-0.006360128
0.005050615
0.004313159
-0.001009196
0.009436627
0.02864221
0.03091376
0.01501808
0.001873342
0.0004320857
0.0004045495
-0.001925127
0.001379677
0.01149196
0.02070664
0.02357591
0.02173073
0.02325768
0.03207864
0.03382386
0.02624323
0.02414203
0.02618713
0.02073523
0.007625181
0.0004413248
-0.005934691
-0.01732605
-0.01865001
-0.01539416
-0.02398663
-0.03510667
-0.04011793
-0.04811269
-0.06082698
-0.06368195
-0.05137667
-0.03509237
-0.02526161
-0.01906409
-0.007036241
0.004406122
0.008771727
0.01075665
0.01445823
0.01692459
0.01584952
0.01313225
0.01621469
0.02487755
0.03358325
0.04454622
0.05411484
0.06291438
0.07795428
0.09466495
0.09555031
0.07097444
0.03690746
0.02670951
0.03551007
0.03405351
0.01543545
-0.01074998
-0.03249739
-0.04794121
-0.05577481
-0.05581663
-0.05345941
-0.04349705
-0.02592041
-0.01617431
-0.01783487
-0.02898143
-0.04666925
-0.05587474
-0.04047987
-0.002015674
0.03163719
0.03192993
7.533586e-05
-0.04145294
-0.0683136
-0.07602583
-0.06891745
-0.04727917
-0.02084485
0.001590059
0.01522644
0.003749405
-0.02740139
-0.04136621
-0.02292664
0.01201958
0.0503216
0.08521274
0.09663471
0.07443339
0.03907611
0.01500922
-0.00338342
-0.02972696
-0.05764333
-0.06803611
-0.0610593
-0.05513105
-0.04880298
-0.03562662
-0.01485329
0.002587688
0.01131787
0.02018779
0.03359672
0.05010032
0.05685068
0.06004737
0.0615233
0.05315931
0.03794805
0.02394447
0.01548256
0.01265105
0.01390055
0.01133015
-0.002088966
-0.0235467
-0.03253494
-0.02859366
-0.02359668
-0.01270206
0.004183031
0.01639958
0.010403
-0.00640456
-0.02216458
-0.03600393
-0.04785939
-0.05537169
-0.06030237
-0.07102052
-0.08708144
-0.09964069
-0.09694892
-0.07044625
-0.02355991
0.02785115
0.07351349
0.1024071
0.1036525
0.08965194
0.08325247
0.08724474
0.08122778
0.05281976
0.02010326
-0.002183739
-0.01809471
-0.02461455
-0.01230417
0.02028177
0.06168867
0.09538845
0.106737
0.08845859
0.0574669
0.0344761
0.01193411
-0.02580384
-0.07429362
-0.09724465
-0.0770568
-0.05368655
-0.05143745
-0.04807043
-0.02906987
-0.009997907
-0.006858344
-0.005294681
0.009252562
0.02562356
0.03219032
0.0336173
0.03007485
0.0217537
0.01327342
0.003375338
-0.006041298
-0.01201543
-0.01475107
-0.01492141
-0.009954009
-0.007790586
-0.0107904
-0.006579842
0.01087032
0.03550434
0.05548512
0.06367164
0.06541993
0.07103605
0.07109827
0.05355835
0.02101016
-0.0218839
-0.06278182
-0.09372351
-0.1104995
-0.104202
-0.07357749
-0.03246944
-0.008421923
-0.0154742
-0.04154743
-0.06559393
-0.08234438
-0.09320636
-0.09838284
-0.1039062
-0.1034145
-0.07981271
-0.02796816
0.02417934
0.04845228
0.05093293
0.05383687
0.06652464
0.08755399
0.1117882
0.1349381
0.1496169
0.1383704
0.09684518
0.0366152
-0.01120749
-0.03599757
-0.04310901
-0.04296417
-0.06404654
-0.1039163
-0.1380322
-0.1433944
-0.1133758
-0.05921377
-0.003614593
0.03851957
0.06214991
0.05476205
0.02708231
0.006193736
0.001014178
0.00811134
0.0197169
0.03444162
0.05728861
0.08449304
0.1040342
0.1021268
0.07874941
0.05516702
0.04731098
0.05006906
0.05176634
0.05209172
0.04558005
0.02728023
0.004075227
-0.02623407
-0.0480692
-0.0454937
-0.03462663
-0.03236121
-0.04181763
-0.05904338
-0.07414346
-0.07447496
-0.05685956
-0.02742032
0.0006980278
0.01832159
0.01903457
-0.004068427
-0.04151263
-0.06492876
-0.0661344
-0.06362214
-0.06931578
-0.07603349
-0.06908627
-0.04330577
-0.007439513
0.02122045
0.03295963
0.03210793
0.0281075
0.02422844
0.01738628
0.006392718
0.0009397989
0.01235258
0.03443762
0.04180814
0.02542898
-0.0001281338
-0.02115747
-0.03064959
-0.02922771
-0.01751811
0.004611813
0.02216194
0.02381128
0.02144284
0.03015466
0.04406644
0.04711522
0.03613186
0.02649592
0.0333799
0.04381858
0.0428353
0.02401019
-0.01452949
-0.05571403
-0.07392
-0.05789886
-0.01758132
0.0266316
0.05173584
0.04769868
0.02278415
0.006315241
0.01609704
0.04147566
0.07166664
0.0997044
0.1204788
0.1212723
0.09403015
0.04558729
-0.006890688
-0.05322112
-0.08382929
-0.08656901
-0.07166272
-0.05708284
-0.05083636
-0.04926862
-0.0490738
-0.06020812
-0.08070297
-0.09511864
-0.1005409
-0.09838467
-0.0771289
-0.03658083
0.0002778884
0.00145599
-0.03915939
-0.08071318
-0.09748094
-0.08827239
-0.05838536
-0.0227639
0.02037189
0.08012961
0.1397792
0.1738972
0.1841074
0.1813228
0.1679016
0.1431707
0.1066363
0.07044779
0.04351264
0.01356442
-0.02957444
-0.09037663
-0.1575661
-0.2093923
-0.2139415
-0.1648856
-0.09316734
-0.02606971
0.01395917
0.02191823
0.008838773
-0.002049725
-0.004942445
-0.003893885
-0.003379804
0.000144297
0.009192719
0.009823077
-0.005310661
-0.02850954
-0.04640136
-0.04874838
-0.04201841
-0.03963263
-0.02448666
0.01213848
0.05933082
0.1013701
0.1258318
0.1237234
0.09817141
0.06927174
0.06004074
0.07096902
0.06616788
0.02967637
-0.01264139
-0.04042823
-0.06314566
-0.08203506
-0.09337134
-0.100392
-0.1005327
-0.08250629
-0.05517028
-0.04203268
-0.05298545
-0.07371797
-0.07960234
-0.06302326
-0.0341644
-0.002365904
0.02730284
0.04842703
0.06359647
0.08117413
0.1036366
0.1255758
0.1398599
0.1346252
0.108911
0.08405767
0.07148311
0.05475614
0.0228842
-0.0131677
-0.04241415
-0.06764793
-0.08652509
-0.09255226
-0.08849062
-0.0862507
-0.08471967
-0.07409536
-0.06204508
-0.05880454
-0.05336896
-0.033685
-0.008701118
0.01545249
0.04398596
0.07061816
0.08542244
0.08658014
0.07755722
0.06809367
0.05621984
0.03741002
0.0189266
0.006166403
0.004361003
0.01513935
0.0264746
0.03077798
0.03400832
0.0321662
0.02454783
0.01840743
0.007093584
-0.01448146
-0.04069138
-0.06044673
-0.07194723
-0.07919433
-0.08460646
-0.08376292
-0.07868739
-0.07030503
-0.05519883
-0.04254064
-0.04031704
-0.04332196
-0.04323526
-0.04192863
-0.03561687
-0.01685092
0.01227416
0.03800468
0.06061094
0.08507259
0.1068792
0.1172455
0.1096954
0.09679749
0.09035822
0.08473802
0.07618225
0.07197476
0.07035092
0.0624143
0.04909718
0.03833312
0.02212124
-0.01164688
-0.05699914
-0.1021321
-0.1412379
-0.1619714
-0.1550344
-0.1307452
-0.09503902
-0.04635238
0.005312655
0.04352083
0.05849341
0.04911961
0.025424
0.01182331
0.02648785
0.05996323
0.08588449
0.08588347
0.05868722
0.02337991
0.003338951
0.004300811
0.01174069
0.00649177
-0.00603281
-0.0005941707
0.02853805
0.06191143
0.08205848
0.09094267
0.1017068
0.1153737
0.1142772
0.09349574
0.06270396
0.02418774
-0.01730075
-0.06033557
-0.09565613
-0.1011896
-0.06901374
-0.02978556
-0.01289232
-0.01072481
-0.0073476
0.006426479
0.02029542
0.0251394
0.02071157
0.01938047
0.02840543
0.02727426
-0.002149686
-0.04739383
-0.08760122
-0.1144333
-0.1112081
-0.07665354
-0.03634417
-0.02263537
-0.04239685
-0.07851504
-0.1075422
-0.1219966
-0.1321477
-0.1249556
-0.103097
-0.08982278
-0.09634875
-0.1099902
-0.1178513
-0.1183481
-0.1060336
-0.07517456
-0.01678568
0.04305262
0.07221748
0.07474401
0.07284069
0.0883549
0.1207481
0.1471559
0.1471732
0.1112549
0.05277321
0.01514643
0.02653778
0.06803546
0.1105439
0.1134346
0.07680033
0.05032622
0.04104626
0.03106148
0.01069311
-0.02643898
-0.07752466
-0.1227372
-0.1542572
-0.1698377
-0.1702049
-0.1676039
-0.1521285
-0.1211327
-0.09120695
-0.06890262
-0.04792427
-0.03131255
-0.01316879
0.0200067
0.05556084
0.08355372
0.1097891
0.1393039
0.165881
0.1766981
0.1655311
0.1333787
0.08588238
0.04212336
0.01333692
-0.006512284
-0.01970395
-0.02169907
-0.002546528
0.03340949
0.0726958
0.1067322
0.1281828
0.1235041
0.07906571
-0.0007441956
-0.09151807
-0.1675244
-0.2207878
-0.2352167
-0.2049176
-0.1493348
-0.09127124
-0.04027635
0.02120313
0.1030102
0.1850651
0.241212
0.2631461
0.2573994
0.2369464
0.2141004
0.1884148
0.1522262
0.09430041
0.02097872
-0.0586843
-0.1380199
-0.1971646
-0.2116557
-0.1780478
-0.1269988
-0.08561129
-0.05368733
-0.01723253
0.02299422
0.05963568
0.08898618
0.1035171
0.09889038
0.0808935
0.05925012
0.04112676
0.02142342
-0.007777142
-0.04648002
-0.08839897
-0.1234074
-0.1411584
-0.1452262
-0.1439003
-0.1267949
-0.09505651
-0.06492876
-0.02936749
0.01368262
0.05848407
0.1076888
0.1397566
0.1346933
0.112234
0.09517551
0.08081086
0.05893389
0.02542689
-0.01478967
-0.03702159
-0.03026001
-0.0006106557
0.03480782
0.04457024
0.01499534
-0.047497
-0.1117998
-0.1440369
-0.1442287
-0.1209982
-0.07854682
-0.02884733
0.02046967
0.06408283
0.08963282
0.0832476
0.04280868
-0.01175214
-0.04965534
-0.05798976
-0.05553666
-0.060042
-0.07288686
-0.08440369
-0.0811193
-0.06958717
-0.06619056
-0.07897831
-0.09770246
-0.1091367
-0.0974393
-0.05230123
0.005683718
0.04775259
0.06629109
0.06798021
0.06245181
0.06817095
0.09008565
0.1154632
0.1312559
0.1299034
0.1007161
0.06062192
0.04167337
0.03744955
0.03734041
0.02702822
-0.008333147
-0.05615687
-0.09633162
-0.1153944
-0.1102638
-0.09298704
-0.08244942
-0.07306746
-0.04710438
-0.009316442
0.01441385
0.01497894
0.01295934
0.02278703
0.03851237
0.05053919
0.05989361
0.06003029
0.05305858
0.04397242
0.02581132
-0.001041201
-0.02846595
-0.0423002
-0.03053246
-0.007197928
-0.0003690296
-0.01489587
-0.03117099
-0.03801825
-0.03514695
-0.02352508
-0.006752199
0.01357946
0.03330116
0.05337577
0.07632679
0.098573
0.103368
0.07990596
0.0425556
0.007198325
-0.02452979
-0.05482277
-0.08225569
-0.09575028
-0.0855972
-0.05397516
-0.01944307
-0.008508669
-0.01165129
-0.01192465
-0.004472535
0.005150144
0.0135274
0.02408542
0.04062778
0.05662647
0.05152647
0.03040635
0.01496253
0.01305411
0.02154255
0.03703227
0.05484555
0.07006292
0.07779247
0.06927139
0.04013816
-0.0004690647
-0.02899643
-0.03221249
-0.01474907
0.01232785
0.04025952
0.06435906
0.07767618
0.07920108
0.06729157
0.04069913
-0.0003109845
-0.04429542
-0.07873368
-0.1062717
-0.1295562
-0.1450102
-0.1475051
-0.1367401
-0.1224458
-0.115213
-0.1173539
-0.1181271
-0.09735993
-0.05022675
0.002076809
0.03742593
0.05064921
0.05204762
0.05593994
0.06713342
0.07804946
0.08028325
0.07677955
0.06668155
0.03703321
-0.009343132
-0.05950469
-0.09694277
-0.1059831
-0.08260872
-0.04189337
-0.008959622
0.01470846
0.03322146
0.04680888
0.05376629
0.05030033
0.03789917
0.03023795
0.0355603
0.04819708
0.05393866
0.04082044
0.02021644
0.01091403
0.01398423
0.01733901
0.01325391
0.007823425
0.009337104
0.01786838
0.02885582
0.0408602
0.05326645
0.05342455
0.03442297
0.01303255
0.003983109
0.001167907
-0.006272995
-0.02231862
-0.0457215
-0.06988223
-0.09014251
-0.1038962
-0.1039941
-0.09234264
-0.07929786
-0.06833798
-0.05203837
-0.02335699
0.01559272
0.05322664
0.08079315
0.09346563
0.08678056
0.06399069
0.03573363
0.01601804
0.003981026
-0.005519255
-0.01163721
-0.01471047
-0.01680046
-0.02202694
-0.02782768
-0.03447808
-0.04142836
-0.03998201
-0.02952803
-0.01857221
-0.01421681
-0.01683413
-0.02280318
-0.03058578
-0.03521352
-0.0340803
-0.03330612
-0.03502687
-0.02956069
-0.01318765
0.008144625
0.02300297
0.0290689
0.03265216
0.02949118
0.01807636
-0.005079687
-0.02751357
-0.03154461
-0.02372937
-0.008548716
0.01239495
0.0340271
0.04700863
0.05182609
0.05143747
0.05090401
0.05039605
0.0402093
0.02404537
0.005948526
-0.01281233
-0.03142937
-0.04325934
-0.04347252
-0.03224334
-0.01204122
0.01145447
0.02853946
0.03395464
0.02983588
0.0194941
0.0104263
0.00605662
0.003743258
0.003237336
0.008882014
0.02169729
0.04130985
0.06513806
0.08051966
0.07676912
0.05507372
0.03117002
0.01795184
0.01617805
0.02222461
0.02358835
0.02073337
0.01195321
-0.003449812
-0.01958622
-0.03236988
-0.03397944
-0.02040528
0.003874798
0.02584866
0.04200851
0.05054897
0.04926071
0.03917291
0.02232047
0.001045304
-0.01467902
-0.0242201
-0.03149474
-0.03763208
-0.04060946
-0.03530342
-0.01920273
0.005119169
0.02085267
0.01735203
0.004740743
-0.0004592185
0.00596678
0.01836487
0.02136163
0.01356679
0.01051699
0.01830265
0.02895654
0.02688084
0.01409718
-0.004165917
-0.02522994
-0.05164794
-0.08184914
-0.107036
-0.1166771
-0.1038924
-0.08155538
-0.06298627
-0.05784037
-0.0630689
-0.06716318
-0.06508544
-0.06091466
-0.05561066
-0.048335
-0.03598994
-0.01397631
0.01141659
0.0293543
0.03866894
0.04649846
0.05348444
0.05363438
0.04542847
0.03927685
0.04386481
0.04717675
0.04132705
0.03247039
0.03160951
0.0376632
0.04378626
0.0449205
0.03017028
0.002173317
-0.02600622
-0.04206306
-0.04013731
-0.02394889
-0.005824512
0.006090106
0.01007015
0.007838382
0.00448462
0.003411579
-0.0008459031
-0.007662565
-0.01519833
-0.02161311
-0.02696709
-0.03223539
-0.03595431
-0.03922342
-0.03908266
-0.03862774
-0.03890926
-0.03870526
-0.03558406
-0.02690692
-0.01458328
-0.00149465
0.01397874
0.03439812
0.05565594
0.06777355
0.06545202
0.04727256
0.02330766
0.009276536
0.004634513
0.006991732
0.01428269
0.02370851
0.03331487
0.03903503
0.04036409
0.04045588
0.04133613
0.03490707
0.01626351
-0.005773585
-0.01995567
-0.01716495
-0.00137943
0.01718559
0.03224487
0.03947054
0.04259684
0.04373618
0.04015496
0.03125648
0.01751096
0.004144874
-0.004687308
-0.009024349
-0.004109991
0.01421838
0.04150236
0.06226242
0.06872513
0.07079982
0.07070292
0.06367002
0.05303448
0.05076498
0.05613425
0.05929319
0.05230006
0.03393904
0.01479058
0.0006452232
-0.009106999
-0.01866134
-0.03197438
-0.04754876
-0.06131366
-0.07342311
-0.0837853
-0.09145366
-0.09727581
-0.1001726
-0.09839782
-0.09389044
-0.0863863
-0.07035598
-0.03997222
-0.002810563
0.02341976
0.02918581
0.02042503
0.01469773
0.01724365
0.0246315
0.02936532
0.02554848
0.01736094
0.00643062
-0.007014
-0.01428558
-0.005314684
0.0154413
0.03020783
0.02902055
0.02036585
0.01361447
0.006217427
-0.006178635
-0.01825748
-0.02541278
-0.03191426
-0.04031396
-0.0411779
-0.02842892
-0.008972426
0.006004233
0.01281886
0.01305548
0.01114196
0.01468034
0.028025
0.04739378
0.06239288
0.06668504
0.06129332
0.0505772
0.03759464
0.0258677
0.01210483
-0.004972007
-0.02136647
-0.03599123
-0.05068841
-0.06632603
-0.07878125
-0.08746861
-0.09354576
-0.09444132
-0.08383231
-0.06603738
-0.0499683
-0.04472653
-0.04795789
-0.04845769
-0.04183483
-0.02870131
-0.01748539
-0.01092271
-0.007927995
-0.006556097
-0.005855358
-0.00830234
-0.0138542
-0.01782914
-0.0185411
-0.01838198
-0.01900622
-0.01695806
-0.005820689
0.007649429
0.01389488
0.01285244
0.006212245
-0.002734176
-0.008187097
-0.002595459
0.01272902
0.02762204
0.03909703
0.04940005
0.05933383
0.06503563
0.06127999
0.05008957
0.03410209
0.01559113
-0.007992292
-0.03425933
-0.05387291
-0.06047537
-0.05036616
-0.03070056
-0.008969461
0.01253112
0.0303291
0.04081572
0.04211826
0.03746603
0.03236093
0.02617055
0.01558193
0.001141788
-0.01413373
-0.02202649
-0.01923781
-0.01094317
-0.001134857
0.005442101
0.00595006
0.001513058
-0.006714263
-0.01357988
-0.01302908
-0.005906426
-0.001076728
-0.003320729
-0.01236201
-0.02730093
-0.04552833
-0.06328959
-0.07409955
-0.07587333
-0.06955239
-0.05842521
-0.03886773
-0.01101766
0.01412432
0.0266234
0.02492408
0.02092976
0.01951094
0.01748828
0.01388666
0.01068181
0.00889375
0.006832329
0.008164449
0.01694971
0.02858995
0.03363691
0.02961913
0.02517396
0.02416008
0.02480064
0.02700486
0.02793714
0.0258288
0.0230952
0.02361336
0.02845835
0.03587885
0.04131646
0.04508231
0.04844831
0.04880225
0.04842587
0.04764352
0.03824626
0.01880506
0.002244345
-0.007040715
-0.01384922
-0.02513552
-0.04138922
-0.05582222
-0.06131288
-0.056372
-0.04268564
-0.02684708
-0.01680008
-0.01545164
-0.02245088
-0.0316013
-0.0351815
-0.02800377
-0.01518543
-0.00256599
0.004255769
0.0007449281
-0.008963432
-0.01153485
0.0003430457
0.02005658
0.03830948
0.0536768
0.06476522
0.06797414
0.06224684
0.04674589
0.02464555
-0.0004382816
-0.02350762
-0.0339871
-0.03231634
-0.02885446
-0.02681344
-0.02582404
-0.02288135
-0.01806797
-0.01569749
-0.02194907
-0.03240713
-0.03914219
-0.03945329
-0.03247751
-0.02257026
-0.01430418
-0.009445915
-0.005428134
-0.002229416
0.001256944
0.004643343
0.005047262
0.003238802
-0.004012378
-0.01302816
-0.01696536
-0.01023132
0.003022559
0.01253099
0.01354079
0.007609497
-0.003807363
-0.0192981
-0.03112092
-0.03402894
-0.02724186
-0.01796905
-0.009665227
-0.002804708
0.003623332
0.01012583
0.01657019
0.0206155
0.02115815
0.01694555
0.009476089
0.001553748
-0.002147833
0.002093326
0.007694146
0.007901205
0.003425445
-0.001926495
-0.0008116358
0.009398565
0.02387237
0.03424781
0.03511174
0.03070942
0.02660188
0.02178646
0.01809712
0.02234032
0.03142954
0.03530859
0.02901724
0.01577254
0.0008499381
-0.01416242
-0.028625
-0.03841088
-0.04198292
-0.03684722
-0.02390241
-0.01213365
-0.0110606
-0.01904822
-0.02430632
-0.01574342
0.002815474
0.01776357
0.01900491
0.009999333
0.003155132
0.004391372
0.01235656
0.02225157
0.03129387
0.04041165
0.04634499
0.04692945
0.04665303
0.04772198
0.04630623
0.04557897
0.04805043
0.05223447
0.05676633
0.05847585
0.0537308
0.04031372
0.02214753
0.006988287
-0.0003006325
-0.007150952
-0.01581381
-0.02218983
-0.02249278
-0.01976632
-0.01767327
-0.01682871
-0.01939503
-0.02218881
-0.01856577
-0.007563034
0.004690225
0.01173842
0.01113765
0.003989485
-0.004511194
-0.006017734
-0.003019955
-0.005272114
-0.01397884
-0.01677567
-0.01049553
-0.001772495
0.002657365
0.003547825
0.005968285
0.01020332
0.01404057
0.01400691
0.01120701
0.009477085
0.008882425
0.007490125
0.001665925
-0.009945754
-0.02457969
-0.03684009
-0.04167897
-0.04080994
-0.0357589
-0.02910136
-0.02354133
-0.02069247
-0.01721937
-0.008132194
0.004410745
0.01745246
0.02797785
0.03371637
0.03064617
0.01998615
0.01073474
0.008951788
0.009782066
0.007335087
0.001615947
-0.003216812
-0.003172952
-0.0008534722
0.001846468
0.003205109
0.004582108
0.005154329
0.006608849
0.006309989
0.003751829
-0.00704691
-0.02164617
-0.03170439
-0.03370053
-0.02361375
-0.007729289
0.009448532
0.02319099
0.03371637
0.03884799
0.04072683
0.03840328
0.03114495
0.01913547
0.007113753
0.001775074
0.003072514
0.005160454
0.006959735
0.009010956
0.009396517
0.008358156
0.006764916
0.009023196
0.01492084
0.0195445
0.01642227
0.008339799
0.002547218
0.002917479
0.00238504
-0.00190406
-0.007996519
-0.01024765
-0.007813939
-0.007703777
-0.01102694
-0.01640948
-0.01893091
-0.01922671
-0.01867285
-0.01984382
-0.021281
-0.02086483
-0.02006005
-0.01952557
-0.01875751
-0.01474279
-0.007473251
0.0005062094
0.00508907
0.006255951
0.008418351
0.01414463
0.02360513
0.03268823
0.03940085
0.04192637
0.0415704
0.0354096
0.02220774
0.008849816
-0.003846123
-0.0134892
-0.01853616
-0.02143908
-0.0239646
-0.02615046
-0.02611985
-0.02402477
-0.02062614
-0.01823118
-0.01693476
-0.01564751
-0.01482029
-0.01499165
-0.01743557
-0.02312106
-0.02956541
-0.03144527
-0.02631059
-0.01742639
-0.008448347
-0.0005545672
0.005678653
0.008863093
0.009333314
0.007705396
0.001222277
-0.008139283
-0.01553938
-0.01808734
-0.01537618
-0.007690479
0.0008999621
0.008622383
0.01410693
0.01766775
0.02079506
0.0247904
0.02810847
0.02928249
0.02727717
0.02121837
0.01316037
0.007630952
0.006356972
0.005696014
0.002836955
-0.000798324
-0.001476623
0.0004317979
0.0007163789
-0.00360638
-0.0107423
-0.01809038
-0.02412164
-0.03052723
-0.03742855
-0.04107709
-0.03869947
-0.0313259
-0.02286397
-0.01837597
-0.01422661
-0.007586407
-0.003718567
-0.002384405
-0.004875244
-0.01109317
-0.01724376
-0.01872786
-0.01303014
-0.002651639
0.008127723
0.01126729
0.006562025
-0.0005239139
-0.003433972
-0.003900112
-0.00638789
-0.01080755
-0.01728556
-0.02063728
-0.02217545
-0.02383193
-0.02491924
-0.02556082
-0.0239329
-0.0197305
-0.01472943
-0.01041483
-0.004534536
0.0008755458
0.002532027
0.0007205084
-0.0002413503
0.003687691
0.01027486
0.01480059
0.01829307
0.02169579
0.02390104
0.0236032
0.01852564
0.008884603
-0.003185057
-0.01322389
-0.02027311
-0.02761712
-0.03311797
-0.03370651
-0.02918791
-0.02365237
-0.01984776
-0.01820658
-0.0190287
-0.01980187
-0.01962642
-0.0164124
-0.0123477
-0.007240556
-0.002188494
0.001522268
0.004270149
0.00630505
0.007484172
0.006827293
0.002758515
-0.004538563
-0.01070038
-0.01124098
-0.007639358
-0.006029797
-0.007024295
-0.007556734
-0.004666053
-0.003104431
-0.002004869
0.0002136323
0.001374394
0.003475595
0.006438697
0.008563359
0.00696706
0.002882982
0.0003646037
0.0002850453
0.000847067
0.001682449
0.003376671
0.007140472
0.01245671
0.01675805
0.01557077
0.008125798
-0.002975879
-0.01328502
-0.02056169
-0.02524859
-0.02476001
-0.02196317
-0.02258332
-0.02554949
-0.02634101
-0.02126548
-0.0127393
-0.00351646
0.004620082
0.01063095
0.01406937
0.01416116
0.01439066
0.01343289
0.01174275
0.01051977
0.008692957
0.006446917
0.00392446
0.003574602
0.007813723
0.01225277
0.0126118
0.007193568
-0.001441748
-0.009248827
-0.01337269
-0.01356342
-0.008902021
-0.003458279
0.001314303
0.005261705
0.005422867
0.005553429
0.004871052
0.004372273
0.005249475
0.007735217
0.01087478
0.01287704
0.01394294
0.01421529
0.01479465
0.01545561
0.01558209
0.01542501
0.01623795
0.01890424
0.0224059
0.02273434
0.01983754
0.01578713
0.01009655
0.00638375
0.006337853
0.009807896
0.01392359
0.01624613
0.01593198
0.01527612
0.01741914
0.02053423
0.02275783
0.02466523
0.02732336
0.03435218
0.0425591
0.04768562
0.0448184
0.03144008
0.01438364
0.00270975
-0.001303948
-0.002401465
-0.001775183
-0.0007582412
0.000230141
0.0001108034
-0.001829234
-0.004748471
-0.006930249
-0.005281928
-0.0008490051
0.002376237
0.003481919
0.003409501
0.003534964
0.002796486
0.002545569
0.004224491
0.008508493
0.01217948
0.01298528
0.009005241
0.001259363
-0.005603194
-0.008957972
-0.00673845
-0.003487707
-0.001922005
-0.003063382
-0.0046556
-0.005737817
-0.007749255
-0.01058078
-0.01300429
-0.01205671
-0.005370605
0.002700658
0.00898692
0.01116462
0.009279666
0.006590948
0.007078511
0.01072501
0.01273136
0.01385744
0.01292822
0.008705424
-0.001069234
-0.01272273
-0.02097044
-0.02403146
-0.02128563
-0.01759527
-0.01332452
-0.009038476
-0.007610473
-0.006704711
-0.003809948
-0.0007652454
-0.0008835629
-0.00487278
-0.006308936
-0.002251375
0.003736028
0.00629623
0.004442893
0.002701756
2.323879e-05
-0.0004245384
0.0002894642
-0.000795813
-0.00385275
-0.006026367
-0.005385804
-0.005600002
-0.007051459
-0.009753437
-0.01221061
-0.01521145
-0.01952196
-0.02098362
-0.01672104
-0.009786059
-0.002764377
0.002652846
0.006670629
0.008853431
0.009176774
0.008477058
0.00566084
0.001816463
0.0003191061
0.002842588
0.006155551
0.006985835
0.006115778
0.004433801
0.003232244
0.002729387
0.00262433
0.004906072
0.007895695
0.006807357
0.002030701
0.0002446842
0.0007995671
0.0004048302
0.0001865531
-0.000843644
-0.001051721
-0.0003173178
0.002121505
0.004939768
0.004968331
0.001607434
-0.005162303
-0.01030106
-0.008188638
-0.0002744535
0.007405129
0.01078847
0.01024073
0.006355558
0.001767601
-0.002768335
-0.004752232
-0.004359529
-0.003079425
-0.002071662
-0.003166119
-0.004416636
-0.006198572
-0.006633089
-0.005813006
-0.003804623
-0.00149942
0.0001907228
0.001857406
0.004736869
0.008500673
0.01325693
0.01840997
0.02201874
0.02499714
0.02791434
0.03070201
0.03199435
0.03066019
0.02860797
0.02432499
0.01789899
0.01257969
0.008958696
0.006762638
0.003892361
0.0006283647
-0.001402452
-0.004146249
-0.006350466
-0.007926362
-0.007624439
-0.006673795
-0.006291292
-0.006501409
-0.006809445
-0.003097662
0.0007273416
0.004773685
0.009639088
0.01197489
0.01118643
0.008504859
0.006941202
0.009484065
0.01393025
0.01852026
0.02000742
0.0165639
0.009163802
0.001086426
-0.00487343
-0.007237787
-0.008414863
-0.009658239
-0.01089856
-0.01181146
-0.01196955
-0.01285083
-0.01469499
-0.01637593
-0.01615765
-0.01284673
-0.007332608
-0.001368664
0.001032419
-0.002274417
-0.006300353
-0.00884423
-0.009408287
-0.007758943
-0.004703019
-0.002079576
-0.002499812
-0.006825628
-0.01170122
-0.01650032
-0.01961335
-0.02046607
-0.01937569
-0.01907887
-0.02283756
-0.02598426
-0.02651262
-0.02298851
-0.01874327
-0.0171796
-0.01583728
-0.01458267
-0.01029561
-0.004288829
0.0006224746
0.0002144784
-0.004855937
-0.009232754
-0.01035985
-0.01019359
-0.01007322
-0.008904299
-0.007342675
-0.004693731
-0.003824687
-0.003657403
-0.003849159
-0.003468696
-0.003503372
-0.005527048
-0.006855084
-0.008006662
-0.008386098
-0.01050157
-0.01339735
-0.01613707
-0.01604424
-0.01141956
-0.004464174
0.00173437
0.002471835
-0.0009890217
-0.005301578
-0.007292613
-0.01013127
-0.01139709
-0.01110536
-0.01164085
-0.01149907
-0.01077895
-0.007441505
-0.003450242
-0.001363318
-0.001810074
-0.00451001
-0.005877826
-0.006779501
-0.007744418
-0.009348874
-0.01056981
-0.008648127
-0.005266821
-0.001085838
0.001320346
0.002173071
0.003808134
0.005268779
0.005516642
0.005463607
0.006681491
0.01066766
0.01512302
0.01758632
0.0190439
0.01923567
0.01741804
0.0147436
0.0133564
0.01142963
0.01036271
0.008307417
0.005103601
0.001650905
0.0001647693
0.001895714
0.003882677
0.005085262
0.004582406
0.004387591
0.004043854
0.005891079
0.006935563
0.007682208
0.009699772
0.01218042
0.01461924
0.01403886
0.01141746
0.006642853
0.0007839774
-0.004379258
-0.007849294
-0.008711189
-0.005943925
-0.000573621
0.005469883
0.007844447
0.004002112
-0.001084624
-0.002065859
0.001941725
0.006016629
0.008136194
0.009051138
0.01005278
0.01195101
0.01436637
0.01586985
0.0150406
0.01196531
0.007620109
0.004614173
0.003181078
0.003018903
0.001301227
-0.002238168
-0.006291643
-0.008731479
-0.007201475
-0.00472797
-0.003687565
-0.003878301
-0.006626177
-0.008458092
-0.006854647
-0.004785063
-0.003772198
-0.004779954
-0.00336419
0.0003618751
0.00498554
0.008620825
0.009516389
0.007694672
0.003295418
0.001320703
0.002446788
0.004831552
0.006764456
0.006340141
0.001750146
-0.005610169
-0.01171894
-0.01584178
-0.0173779
-0.01710555
-0.01564082
-0.0134162
-0.01061426
-0.009491232
-0.008920027
-0.008302922
-0.006892257
-0.004230053
-0.001302648
-0.001312843
-0.004160679
-0.008288614
-0.01227375
-0.01333047
-0.01083554
-0.005329574
-0.001191431
0.0004293544
-0.0004835407
9.582406e-05
0.003290469
0.007585693
0.01080788
0.01008062
0.004162588
-0.003745466
-0.009042322
-0.01043972
-0.01055803
-0.01150153
-0.01302541
-0.01269389
-0.01045601
-0.007591848
-0.007645903
-0.009727719
-0.01236033
-0.01521735
-0.01445438
-0.0126398
-0.01040498
-0.00815485
-0.005755803
-0.001484038
0.002408286
0.004231031
0.005959936
0.007294102
0.008146826
0.007432831
0.007234957
0.008118282
0.008096867
0.007567492
0.006336356
0.004406522
0.003032586
0.002265552
0.002927537
0.005610141
0.008495727
0.01140987
0.01195354
0.01073566
0.008366207
0.006922912
0.006097737
0.004574883
0.004254608
0.006015133
0.007207518
0.006584302
0.005472508
0.005325633
0.006245679
0.005557183
0.005157349
0.004713654
0.00399252
0.005258344
0.007391169
0.0105134
0.0145424
0.01586535
0.01422519
0.01168743
0.008585621
0.004048667
0.0003848318
-0.0006117029
0.0004746023
0.002305507
0.003277572
0.002243299
-0.0003056765
-0.003899131
-0.006338966
-0.00758132
-0.007882215
-0.00636547
-0.001367465
0.004615861
0.008025727
0.009188532
0.009047778
0.009759743
0.01027995
0.01133565
0.01382548
0.01759846
0.02187839
0.02372663
0.02313096
0.02000365
0.01368067
0.007976836
0.003101242
-0.001162353
-0.002080347
-5.666146e-05
0.004453784
0.008758189
0.01016682
0.009502801
0.006481566
0.001718171
-0.003802063
-0.006497917
-0.004379372
0.0004544137
0.005121939
0.009628305
0.01365221
0.01675404
0.01598088
0.01098697
0.005959392
0.002300659
-0.000291156
-0.002462731
-0.005346265
-0.009236539
-0.01299422
-0.01630207
-0.01795651
-0.01723434
-0.01319717
-0.007331145
-0.00126928
0.002915786
0.006729572
0.008202457
0.006315463
0.002759748
-0.002804345
-0.00629682
-0.007523874
-0.008408208
-0.007703382
-0.007360656
-0.007303529
-0.008181746
-0.008755999
-0.005737814
0.0003087524
0.006111538
0.008609524
0.007671129
0.004594816
0.001699041
0.001316548
0.001882653
0.001165599
-0.0008254351
-0.0007030292
0.002955717
0.005975942
0.006178929
0.003979814
0.0013472
-0.001822953
-0.004632028
-0.008711003
-0.01100192
-0.01184545
-0.01237074
-0.01211573
-0.01291847
-0.0127318
-0.01137622
-0.01016955
-0.008616088
-0.006688282
-0.006390436
-0.00640369
-0.006421023
-0.006294539
-0.004716592
-0.002793886
-0.00251134
-0.002500114
-0.002444008
-0.001267942
-0.001258756
-0.00154537
-0.001611664
-0.001302598
-0.001195492
-0.002136946
-0.002908059
-0.004941933
-0.006706527
-0.008073321
-0.008425215
-0.008199788
-0.006735062
-0.004487996
-0.00115157
0.003156917
0.007568424
0.009952168
0.009393215
0.007387902
0.006006827
0.005302014
0.00523878
0.005250006
0.005392812
0.006252679
0.006691284
0.008113171
0.008713958
0.008962845
0.00747161
0.005533617
0.005052183
0.001899369
-0.0003150442
-0.003556597
-0.006223892
-0.006974605
-0.007633519
-0.008605572
-0.01053643
-0.0111729
-0.008973772
-0.004552067
0.00157406
0.008012307
0.01283691
0.01486162
0.01400177
0.01549608
0.0185979
0.02235864
0.02298289
0.01912015
0.013859
0.00889773
0.004565798
0.001564964
-0.0005494895
-0.003232083
-0.003946076
-0.00368495
-0.002827123
-0.003202476
-0.00545871
-0.008723723
-0.01176434
-0.01422559
-0.01692349
-0.01891248
-0.02069543
-0.02159404
-0.02040064
-0.01818111
-0.0148661
-0.01179895
-0.007594511
-0.004273383
-0.003104456
-0.00168665
-0.0004820235
0.0002993032
-0.00148569
-0.002518943
-0.003319636
-0.00522703
-0.008006523
-0.01076358
-0.01296677
-0.01443148
-0.0134737
-0.01152651
-0.01018622
-0.008927536
-0.009946508
-0.01043712
-0.0103953
-0.01006073
-0.008323661
-0.006702874
-0.005531907
-0.00674672
-0.007762633
-0.008208367
-0.008317499
-0.006797693
-0.004107945
-0.001807838
0.0006432283
0.003306455
0.005866662
0.007972969
0.009028676
0.007283463
0.006113531
0.006267557
0.007872025
0.009210272
0.007798598
0.004422405
-0.0002532673
-0.00306642
-0.004436273
-0.004671886
-0.003786519
-0.002277932
-0.0005000646
0.0001976224
-0.002015771
-0.006381363
-0.01071942
-0.01328879
-0.0143098
-0.01614069
-0.01654868
-0.01431079
-0.0114854
-0.008070426
-0.005674437
-0.003855771
-0.001839224
0.0005873634
0.00334749
0.005130457
0.005155965
0.005156992
0.00523146
0.006932827
0.008004855
0.006798202
0.00441243
0.003207817
0.005499763
0.008554671
0.01075584
0.01332727
0.01569775
0.01758476
0.01945545
0.02225128
0.02544083
0.02719319
0.02693106
0.02406079
0.01959626
0.01512254
0.01281021
0.0132121
0.01323761
0.01279188
0.01120374
0.009398347
0.008272274
0.006317961
0.004360589
0.002562336
0.002026844
0.001142511
-0.0004242006
-0.002487652
-0.004406265
-0.008164957
-0.01065273
-0.01092302
-0.008841194
-0.005762827
-0.003788099
-0.002637532
-0.002525323
-0.001079976
0.002400271
0.0066088
0.008779367
0.008307116
0.006832203
0.005628611
0.003914044
0.0008323029
-0.001108391
-0.00113311
-4.883215e-05
0.002177877
0.003697037
0.00493951
0.004343237
0.002437757
-0.000381977
-0.003118878
-0.005347746
-0.006745002
-0.006608887
-0.007988298
-0.00993898
-0.01131089
-0.01238938
-0.01161778
-0.009434742
-0.006041203
-0.002015475
0.001150742
0.003317796
0.003933346
0.003580648
0.001468777
-0.001710417
-0.004368168
-0.00599458
-0.004837842
-0.002625429
0.0005049132
0.003497017
0.005562314
0.007964917
0.009766164
0.009436094
0.008180542
0.006762977
0.006280567
0.006203841
0.004694929
0.004270143
0.004785282
0.00586394
0.007455528
0.007617348
0.005984009
0.003625204
0.0006511947
-0.0007804324
-0.002212731
-0.003992506
-0.005953019
-0.007741462
-0.007449239
-0.006109489
-0.003754081
-0.002583539
-0.001711155
-0.001350054
-0.001944764
-0.002841895
-0.003624963
-0.004157018
-0.004980811
-0.005909162
-0.007406039
-0.007317854
-0.006434226
-0.005889177
-0.004732823
-0.004051947
-0.003633526
-0.004146877
-0.005055777
-0.006126058
-0.007009792
-0.007725616
-0.00863851
-0.00929788
-0.009327566
-0.008300223
-0.007818911
-0.006481517
-0.004653666
-0.002388609
-0.001414371
-0.001766329
-0.001409088
-0.001225611
7.849053e-06
0.001132866
0.00160911
0.001701211
0.001299713
0.001245291
0.0002919147
-0.0004445341
-0.0004674999
-0.0001612339
0.001083336
0.002180082
0.003212043
0.003598106
0.003279545
0.002270013
0.001136952
-0.00087211
-0.002811912
-0.004470935
-0.005441394
-0.0050381
-0.004374985
-0.003263994
-0.002841315
-0.001770872
-0.0007531694
-0.0003277113
0.0001607207
0.0007767861
0.001736635
0.002745316
0.003257554
0.002535165
0.00111483
0.0002841067
-0.0001641449
-0.0006898208
-8.881157e-05
0.001948689
0.003987023
0.004541357
0.00414697
0.003217618
0.003046792
0.003496848
0.003064005
0.002472289
0.001035923
0.0002366333
0.0003567842
4.442101e-05
-0.0004554547
-0.0005532442
-0.0005322429
-8.978797e-05
0.0008046227
0.001300055
0.001137405
0.0001338216
-0.0005756883
-0.0008227694
-0.0008325115
2.565715e-05
0.001098614
0.002047766
0.002777608
0.003108571
0.003314425
0.00345959
0.003974919
0.004473805
0.004793653
0.00521384
0.005486881
0.005725247
0.005778764
0.005695106
0.005737977
0.005778602
0.005711758
0.005446803
0.005263222
0.004829265
0.004227889
0.003373494
0.002778256
0.002336854
0.001899157
0.001303196
0.0003972766
-0.0006170682
-0.001786296
-0.002386705
-0.002599606
-0.002664967
-0.002490335
-0.002192204
-0.001623959
-0.0007840667
0.0001668904
0.001015417
0.001355391
0.001888212
0.001606647
0.0005248805
-0.00066293
-0.001709721
-0.002598317
-0.003380964
-0.00386192
-0.004257654
-0.004347472
-0.004152671
-0.003553859
-0.002859208
-0.002123765
-0.001772679
-0.001491503
-0.001250592
-0.0008643667
-0.000591327
-0.0005991293
-0.0008884771
-0.001289941
-0.001515372
-0.001589887
-0.0015875
-0.00161069
-0.001333854
-0.001065135
-0.0006483457
-4.098065e-05
0.0005346833
0.0008634411
0.001038101
0.001035628
0.001094266
0.001152269
0.001062576
0.001006642
0.001031926
0.0009967957
0.0009475007
0.0009655157
0.0008670899
0.0007664834
0.000530983
0.000130932
-0.0001770535
-0.0002617719
-0.0001196402
-4.967998e-06
6.71494e-06
5.044096e-05
0.0001414216
0.000368111
0.0006429988
0.0007560753
0.000772108
0.0007638016
0.0006824836
0.0006143655
0.0004775217
0.0002974696
0.0001980248
0.0001167939
-5.627165e-05
-0.0001416223
-0.0001767145
-0.0001859069
-0.0001660442
-0.0001556974
-0.0001214633
-0.0001369866
-0.0003077815
-0.0005807576
-0.0008169343
-0.0009424594
-0.0009226026
-0.0007992563
-0.0006898075
-0.000617475
-0.0005950886
-0.0006435695
-0.0006493197
-0.000677922
-0.0007041267
-0.0007381804
-0.0007406288
-0.0007165686
-0.0006490809
-0.0005259358
-0.0004176116
-0.0003908509
-0.000443388
-0.0005035469
-0.0005200481
-0.0004880612
-0.0004395792
-0.0003867458
-0.0003498962
-0.0002931441
-0.0002351762
-0.0001558535
-8.32437e-05
-4.420409e-05
-2.41699e-05
-3.97281e-05
-8.98387e-05
-0.0001643605
-0.0002298253
-0.0002331824
-0.0002149656
-0.0001915552
-0.0001664417
-0.0001607877
-0.0001469029
-0.0001484997
-0.0001447429
-0.0001299237
-0.0001127592
-8.93262e-05
-7.016982e-05
-5.827462e-05
-4.846888e-05
-3.965522e-05
-2.562283e-05
-5.809113e-06
4.717008e-06
1.214995e-05
1.972199e-05
3.645413e-05
5.167737e-05
5.651704e-05
6.280421e-05
6.79056e-05
7.406903e-05
7.673169e-05
7.66832e-05
7.558063e-05
7.167083e-05
7.102582e-05
7.019375e-05
6.497874e-05
5.981541e-05
5.091661e-05
4.668652e-05
4.68754e-05
5.008932e-05
5.148624e-05
4.936091e-05
4.461049e-05
3.895268e-05
3.695483e-05
3.685026e-05
3.750431e-05
3.793642e-05
3.711534e-05
3.624284e-05
3.675143e-05
3.677713e-05
3.671727e-05
3.604873e-05
3.511537e-05
3.378092e-05
3.251392e-05
3.128173e-05
3.048171e-05
3.04408e-05
3.098513e-05
3.144881e-05
3.151402e-05
3.141499e-05
3.068884e-05
2.928558e-05
2.768914e-05
2.630127e-05
2.507692e-05
2.385825e-05
2.231419e-05
2.054369e-05
1.882084e-05
1.73247e-05
1.605935e-05
1.49175e-05
1.387896e-05
1.289757e-05
1.197784e-05
1.115009e-05
1.04157e-05
9.766281e-06
9.20953e-06
8.731742e-06
8.323546e-06
7.979949e-06
7.70182e-06
7.491458e-06
7.341258e-06
7.245519e-06
7.193812e-06
7.177649e-06
7.189434e-06
7.221718e-06
7.267482e-06
7.319905e-06
7.372676e-06
