0.0113919
0.01075587
-0.001571389
-0.01362631
-0.007388559
0.004221531
0.00345596
-0.001528335
0.0009660085
-0.00891633
-0.009883872
0.01522488
0.01285586
0.002327848
-0.003173602
-0.01654129
0.01002197
0.01514177
0.00374879
0.005945266
-0.007940598
-0.001213286
0.004637844
0.0004776717
-0.004540322
-0.00872498
0.002478081
0.005055
0.0008468765
0.001099211
-0.001117877
0.002245452
-0.00306632
0.0005581248
0.003045268
-0.003717971
0.005299207
0.005302644
0.003027398
0.0009071898
-0.002784841
-0.005712893
-0.01020665
-0.004827824
-0.0007658222
-0.004466023
-0.002167606
-0.001849011
0.002580182
0.001671712
0.003495822
0.007526188
0.0008863328
0.002986855
-0.0005409842
-0.002563306
0.005632731
0.01175306
-0.006604562
-0.008380052
0.003440036
-0.003812857
-0.006235033
0.00609097
-0.00203607
-0.007066392
0.002111885
-0.002572661
-0.004791867
-0.006271576
-0.0003165081
-0.001640161
-0.001852017
0.001231747
-0.001872832
0.005638748
0.003049265
-0.00297456
-0.0002437256
0.004051786
0.008447257
0.001449325
0.001151771
-3.01244e-05
-0.009004821
-0.0027652
0.001641478
-0.001980264
-0.007372728
-0.005332454
0.001242737
0.0006177476
0.0002579561
0.001638283
-0.007256872
-0.004938149
0.008430233
-0.003000647
-0.005352509
0.001838748
0.002129702
0.002871495
0.004062087
0.001297117
-0.005568256
-0.006482949
0.004536355
0.005722859
-5.112011e-05
-0.001242241
-0.006791822
-0.005374805
0.002746669
0.002770362
-0.002263106
0.001610065
0.001316533
0.00128922
0.0005958456
-0.00482115
-0.003743808
-0.001948387
0.0007538117
-0.00269255
-0.002478134
0.00313922
0.008300633
0.002410345
-0.007653784
0.005832864
0.00330551
-0.001645363
0.01302448
0.002481963
-0.01108995
0.002091704
0.002025602
0.0001132992
0.006033575
-0.002996292
-0.008199119
-0.0005795277
0.008337503
0.00473811
0.004695457
0.002632183
-0.003284653
0.0008220497
0.002770431
-0.004488729
-0.009001031
-0.007872733
-0.002627717
0.008648558
0.008688512
-0.01025578
-0.002916707
0.006668403
0.001953111
0.007371517
0.004146442
0.004444447
0.0007664893
-0.0003145491
0.000280271
0.00144425
0.0009293077
-0.008980856
-0.009704902
0.002234353
0.004042966
-0.006674023
-0.003326233
0.005598916
0.006779204
0.0003900707
-0.001980264
0.003636
0.006604343
0.006091425
0.005633585
0.008432604
-0.003376817
-0.0037551
0.008218817
0.003285211
-0.002990716
-0.004547103
0.000931448
-0.002216142
0.0008001271
0.003297215
-0.002936898
-0.005134872
0.002127652
0.006741236
-0.0001569022
-0.001234921
-0.002419021
-0.003568441
0.0005412565
-0.005099226
-0.00159745
0.005104064
-0.001515622
-0.001048349
-0.005682097
-0.003729707
-0.008743917
0.008255512
0.0165268
-0.0001551946
-0.004906249
-0.002442844
0.002683779
0.001240582
-0.003059637
-0.01423771
-0.003840756
0.01069536
0.0104782
0.001102456
-0.01487473
-0.01070793
-0.00251622
-0.001112606
0.005462405
-0.005543304
-0.01059018
-0.007155745
-0.005707256
0.003017911
0.007537617
0.002055202
-0.0001336327
0.01075903
0.009001654
0.004940096
0.003994636
-0.005952323
-0.003174784
-0.001397866
-0.001513048
0.003822649
0.004231745
-0.00576316
-0.01428008
-0.01139239
0.0006752991
0.004783931
0.004820721
0.0001604114
-0.004743679
0.002373948
-0.001674363
-0.01692228
-0.005625712
0.01117171
0.01214383
0.003634041
-0.012946
-0.007108473
-0.006201632
-0.005853752
-0.004323692
-0.01937883
-0.008700396
0.01110092
0.008594838
4.01546e-05
-0.01530671
-0.004299836
0.004839418
0.005838051
0.01300258
0.006226774
0.005064025
0.007051035
0.002665085
0.0008240335
0.01028458
0.0165617
0.01583654
0.001629001
0.005456086
0.00994413
-0.009620445
-0.004912081
-0.00918482
0.002553382
0.008176684
-0.01869314
-0.01030257
0.001348923
0.005729862
0.01496498
-0.001431483
-0.009210986
-0.001398769
-0.01631725
-0.01986784
-0.01665582
-0.005525552
0.01243362
0.02099145
0.009723545
-0.008265143
-0.0004315126
0.001011817
-0.01171368
0.001230156
0.006647404
-0.001923628
-0.006420781
6.33855e-05
0.008141812
-0.007772202
-0.01104536
0.009416887
0.01193019
0.002254494
0.01778197
0.0200413
0.0007031398
-0.004043918
-0.003399259
-0.005607538
0.006524361
0.01411318
0.01555038
0.04015585
0.03347079
-0.003390969
-0.005632912
-0.006559056
-0.01891022
-0.007374006
0.003336009
-0.007036357
-0.01790546
-0.02052685
-0.001472218
-0.002946106
-0.01271158
-0.01111119
-0.01894987
-0.0194976
-0.0003022118
4.25575e-05
-0.008505034
-0.007743084
0.003141343
0.006126891
-0.008668203
0.0009708047
0.001915331
-0.0006866831
-0.004737097
0.004245028
0.001515512
-0.009090445
0.01734592
0.02154118
0.006891946
0.01053743
0.006053511
0.004714253
0.0131721
0.01636979
0.005062076
-0.008139783
-0.006517983
0.001570616
-0.001876984
-0.002959205
-0.005946788
-0.005682609
0.01342811
0.006485985
-0.01438219
-0.0186662
-0.01521656
-0.01447605
-0.005675493
0.001552222
0.008536158
0.01467553
0.01400844
0.00755592
-0.005095147
-0.003788533
0.005497539
-0.008969129
-0.01684354
0.01156447
0.008025067
-0.006836341
-0.003990549
-0.01007281
-0.01950477
-0.01288396
0.004846691
-0.005465519
-0.01907029
-0.005526741
0.008233049
0.01633183
0.01693158
0.004160152
-0.01506176
-0.01761993
-0.007861606
0.00428658
0.008177867
0.01111239
0.006980359
-0.01137762
-0.01193251
-0.009071425
-0.00647758
0.009792424
0.01941713
0.003033873
-0.01147666
0.01074096
0.02807176
0.01629279
0.01445677
-0.006673567
-0.03454916
-0.01845562
0.0101676
0.01597648
-0.002273376
-0.009443996
-0.006055573
0.008296826
0.02693833
0.02444237
-0.01074663
-0.02469311
0.008655769
0.01458807
0.0004488077
-0.0008415129
0.005627306
-0.0009721148
0.006287204
0.001716562
-0.02103354
-0.0265334
-0.004230102
0.01743467
0.01353723
0.00580969
0.004283747
0.01071279
0.004088881
-0.011102
-0.01136212
-0.006470228
-0.006386612
-0.001712996
0.002394519
-0.001718144
-0.009235568
0.001086807
0.004368122
-0.009385583
-0.01623899
-0.01614415
0.002767642
0.01314
0.009725012
0.005256366
0.00530632
0.01225352
0.002455369
0.004204642
-0.005797504
-0.01521621
-0.001685936
0.006951397
0.01783579
0.01905773
0.01428818
0.005333569
-0.009626799
-0.008302866
-0.0008885127
-0.00100176
-0.0001541679
0.002540644
0.006127956
0.003840069
0.003226
0.008616673
-0.001383436
-0.009281324
0.005046587
0.007675099
0.00488027
0.003313521
0.005429993
0.01072478
-0.000690065
-0.006788674
-0.01487118
-0.01820559
-0.001352162
0.001722089
0.00475146
0.00754317
-0.0007259993
-0.002151989
-0.003737099
-0.003433168
0.001212902
-0.01956657
-0.01961963
0.01290303
0.01209414
0.002376572
-0.001954379
-0.001121069
0.005465042
0.00624735
0.01208988
0.01864131
0.01004574
-0.007818571
-0.017937
-0.001712913
0.003783837
-0.01668862
-0.02365014
-0.01905304
-0.008513406
0.001832423
0.01749347
0.02588192
0.00362345
-0.008444202
-0.003541092
-0.0009003429
0.004242466
0.003146954
-0.006633856
0.002854153
0.02017985
0.02390077
0.00806422
-0.004260472
-0.01038764
-0.01424225
0.002498974
-0.004094337
-0.01349061
-0.00145668
0.01049973
0.004857058
-0.004695273
-0.004591265
-0.001033537
0.001654132
0.01202444
0.02249369
0.0123926
0.007625087
0.001989556
0.002749424
-0.005599307
-0.02069125
-0.01679693
-0.01200704
-0.007975013
-0.002537424
-0.0001312754
0.001151853
0.01099482
0.02153649
0.00264504
-0.008192492
0.001949337
-0.007250074
0.002671434
-0.0002335566
-0.007849927
-0.006493359
-0.01076413
0.001996038
-0.006715811
-0.01321528
0.005694465
0.006076935
-0.009446477
-0.01343573
-0.0204962
-0.01719347
-0.0060143
0.01359108
0.01454986
0.004538528
0.03093406
0.03788532
0.01721805
0.008946844
0.0001125943
-0.02303327
-0.03873315
-0.01447452
0.009067053
-0.004389838
-0.005027368
-0.005607778
-0.01304361
-0.007772278
-0.01052631
-0.01049778
0.00517959
0.00390456
0.01072323
0.00723786
0.00107193
0.009098281
-0.003465089
0.005705701
0.01538241
-0.005830558
0.002297792
0.01833216
-0.001076426
-0.02385713
-0.03080745
-0.03515675
-0.01521375
0.005139307
0.0208024
0.03110844
0.009289599
0.009409931
-0.007289538
-0.02365853
-0.02619427
-0.01479682
0.01032778
0.008941579
0.01244831
0.01181894
0.003399833
-0.005772036
-0.003718804
0.005445868
0.00186666
-0.008474128
0.002045104
0.005459016
0.003858608
0.01031824
0.001201453
0.001894005
0.001890917
0.01659827
0.01888304
0.008741155
0.007517127
0.002641501
0.01190715
0.01719889
0.00612982
-0.003832547
-0.01238221
-0.01295446
-0.0007206072
0.009864927
-0.0003228602
-0.008483907
-0.002475113
-0.003479839
-0.006344025
0.001834308
0.01151714
0.008982416
-0.007366169
-0.01483769
-0.002139741
-0.01152478
-0.01983067
-0.01662789
-0.01107606
-3.987705e-06
-0.0007098529
0.008958702
0.01195952
0.005676292
0.005038767
0.001057682
0.001938937
0.001748174
0.002566189
0.001311564
0.0020949
0.0126121
0.01330465
-0.004473972
0.003016884
0.01504164
0.006121716
0.004608012
0.003226909
0.0005952856
-0.009496619
-0.01483634
-0.01305239
-0.01685293
-0.00885207
-0.0004105733
-0.004559956
-0.006306217
-0.002143622
0.007688136
-0.007632286
-0.02897478
-0.02702151
-0.01337903
0.005341005
0.01200056
0.01338774
0.003473319
-0.003718723
-0.006593105
-0.009660265
-0.0001008474
0.01298573
0.01413933
0.008326329
0.01861708
0.02005629
0.005017386
-0.0120401
-0.01518172
-0.01861607
-0.0002346763
0.01331396
0.003063963
0.006994002
-0.004542217
-0.005957997
-0.0005112169
0.002559983
0.01051086
-0.004323016
-0.02299209
-0.0103176
0.003608446
0.004853847
0.005178187
0.004836469
0.005075129
-0.0006001689
0.0007645724
0.003950013
-0.0134104
-0.01851042
0.001072538
0.002066
-0.004348797
-0.005299455
0.003224666
0.01138261
0.001442691
-0.006440907
0.004816816
0.002647258
-0.003227959
0.008463263
0.002313667
-0.00619825
-0.0001680267
0.005816297
0.008305081
0.01339486
-0.001260513
-0.01439201
-0.0001558859
0.000700898
-0.007699838
-0.003759594
0.00384653
0.005156194
0.009841038
0.007691882
0.002258327
-0.001668688
-0.007874383
-0.0148767
-0.02040715
0.005037751
0.005650757
-0.01035714
0.01034578
0.007789652
-0.001369961
0.01548246
0.02543153
0.01455933
0.005495601
0.01361785
0.002821133
0.003048579
0.009044125
0.005728093
0.01013754
0.002641546
-0.0007479279
-0.01043692
-0.006425274
-0.002783887
-0.01636214
-0.01649884
-0.01170688
-0.004399618
-0.001719071
0.001161397
-0.005215655
-0.01208129
-0.002496359
-0.003942732
-0.007034363
-0.002092476
-0.009749627
-0.0006196189
0.01311773
0.0150496
0.0110981
0.007927934
0.01226701
0.01287389
-0.005018957
-0.01666737
-0.01437849
0.00153757
0.01686102
0.004582249
0.006616118
0.01753316
0.01385912
0.01009837
0.0007072177
-0.008686992
-0.006060502
-0.005734112
0.002190259
0.001198808
-0.005971801
-0.01450819
-0.01113608
-0.004256189
-0.0111616
0.001718953
-0.0007994354
-0.001600144
0.01757992
0.01074898
0.00564387
0.008982321
0.005366413
-0.01050684
-0.02046103
-0.003939072
0.01818676
0.01712392
0.001246585
-0.01047934
-0.02708903
-0.03162294
-0.01424011
0.005320427
0.008644599
-2.968062e-06
-0.006205595
-0.0001478222
0.01598245
0.02956782
0.01729824
-0.007810089
-0.01560392
-0.005158102
0.00210531
0.004784844
8.365795e-05
-0.007949868
-0.01633937
-0.02390778
-0.02310607
-0.01399339
0.005992481
0.003327216
0.00307833
0.01006124
-2.758051e-05
0.01013366
0.01233481
0.006356583
0.002718239
0.001860413
0.01426157
0.01678402
0.01427482
0.01436457
0.004681709
-0.01517668
-0.02789913
-0.02747176
-0.01320502
0.01417279
0.01996639
0.002028658
-0.007919405
0.00333629
0.008063987
-0.004364718
-0.02141096
-0.02653443
-0.0006182684
0.007849768
0.003012925
0.004402161
-0.009879882
-0.009284206
0.003289332
0.009213488
0.01699098
0.007161242
-0.001037521
0.006617577
0.007817094
0.00545171
0.002074488
-0.01646299
-0.01855297
0.003753401
0.02080066
0.001375776
-0.01346931
-0.0001287279
0.01231731
0.01820373
0.009512305
-0.005155296
-0.01985962
-0.0162937
-0.003117341
-0.005219562
-0.008206124
0.009893775
0.009073692
0.01542217
0.02159521
0.0171429
-0.001931092
-0.01852445
-0.008780394
-0.01383245
-0.0005551164
0.01082605
0.002710922
-0.01018392
-0.0141252
-0.01316946
-0.0112947
-0.01062354
-0.003653882
-0.006459902
-0.007874642
-0.005328724
-0.01609584
-0.01477188
-0.003369303
0.0006076765
0.007054076
0.02202461
0.03128213
0.03249185
0.01815575
0.01993871
0.02841695
0.006702178
-0.008447882
0.001179899
-0.00499824
-0.01546038
-0.00573264
0.0001670411
-0.003375418
-0.0009049776
-0.006119217
-0.02795231
-0.03257291
-0.01887023
-0.02273195
-0.01854383
-0.01361111
-0.009963589
0.004917192
0.007709952
0.01613005
0.01187665
-0.0007111634
0.002340678
0.0006801195
0.01186749
0.02016621
0.01851789
0.01206027
-0.01855503
-0.02728929
-0.006591449
-0.0002164475
0.01563945
0.028672
0.02076394
0.0046816
-0.004515738
-0.004569796
0.0009167861
0.005716908
0.00230195
0.007661033
0.009012534
-0.009780964
-0.0127665
0.01059048
0.01419006
0.001328886
-0.008893551
-0.01212899
0.009095173
0.01250707
-0.013711
-0.02881312
-0.03619893
-0.01261551
0.004936649
0.008788172
0.01949715
0.01114743
0.00895036
0.001134103
-0.01704841
-0.008033652
-0.01240129
-0.02009617
-0.005657042
-0.0042321
0.001109643
-0.009573835
-0.01445657
-0.0001214877
0.01174622
0.02511434
0.01134128
-0.01004608
-0.000612092
-0.001160849
-0.007153345
0.005374298
-0.003287539
-0.007419555
0.01562123
0.03335087
0.01717979
-0.0006977422
-0.01204932
-0.01390367
0.004398188
0.02020717
0.01965943
0.01339765
-0.001385198
-0.01876191
-0.01366497
-0.001970667
0.004986756
0.01138521
0.01525205
-0.003619993
-0.02275927
-0.02233087
-0.008459882
0.002618341
0.01218901
0.01714111
0.004959252
-0.006465764
-0.02103034
-0.01497255
0.01117311
0.02158527
0.02084679
0.01224004
0.008041724
0.01751855
0.01338653
-0.01038966
-0.0210303
0.002656142
0.02743194
0.0325248
0.01890476
0.01258484
0.01604264
0.01081922
-0.007304131
-0.01803963
0.001307736
0.00352012
0.005008304
0.01778075
0.003843472
-0.001833844
-0.00342912
-0.01566606
-0.0225276
-0.00992753
0.007656255
0.006223158
-0.004065577
0.0003234869
-0.0004007093
-0.01743573
-0.0162617
-0.01465826
-0.02154632
-0.02273359
0.01308372
0.03186702
0.007602242
-0.003995154
-0.004881531
-0.008353607
-0.01356274
-0.001414539
0.006451704
-0.0007260314
0.008383593
0.01506357
0.01112944
-0.004654036
-0.009156313
0.007780791
0.003721195
-0.006172801
-0.003699297
0.004742226
0.01757791
0.005234894
-0.0145888
-0.007366178
-0.003089315
-0.004767211
-0.0008514279
0.003461135
-0.003525861
-0.009219497
0.001577206
0.00376001
-0.007241706
-0.005287382
-0.01108404
-0.01973669
-0.01507937
-0.005878968
-0.002587425
-0.005866721
0.006070342
0.008483666
0.002929769
-0.001617388
-0.0134504
-0.01533332
-0.006139038
-0.006354254
-0.009817152
0.006120352
0.02023409
0.01295436
-0.002125318
-0.009318355
0.002903288
0.002608511
0.002760494
0.008055317
-0.01515783
-0.01234162
0.007690167
0.00343269
0.003173612
0.008530655
0.009500679
0.01129792
0.01260353
0.008681627
-0.00174175
-0.0006840069
-0.004175464
-0.007849501
-0.01092174
-0.001923296
0.01401523
0.0004839095
-0.0007727278
0.01199768
0.01209457
0.00665798
0.009348743
0.004850545
-0.01377261
-0.02266803
-0.01744359
-0.007677085
0.01510359
0.0277822
0.005429921
0.0005227039
0.009136606
0.009971989
-0.001887549
0.0002320126
0.02333807
0.01081044
-0.007254781
-0.0122589
-0.01258836
-0.003195175
0.002502546
0.002174108
0.00610417
0.006124572
0.01498735
0.006590716
-0.01822997
-0.01481398
-0.01304734
-0.01870017
-0.005333076
0.007683145
-0.007363893
-0.0176149
-0.01526379
-0.005543188
0.0115102
0.01711305
0.01752105
0.009737437
-0.001033762
0.003609278
0.00129898
-0.007834099
-0.001874238
-0.0009021773
-0.006530536
0.004151925
0.02510579
0.02569739
0.007117067
-0.005655372
-0.009715991
-0.005862431
-0.00047479
-0.003471549
-0.008396109
-0.006416288
-0.009546669
-0.001893608
0.01184988
0.004552793
-0.005015826
-0.003728586
-0.0001055459
-0.002565785
0.001191894
0.01403472
0.006565255
-0.004370165
0.001101115
0.009802734
0.01133477
0.000490134
0.004164173
0.01104917
0.005223953
0.01401432
0.008540993
-0.004824068
0.003869391
0.00306563
-0.0004492896
0.004653769
0.006418368
0.001716169
-0.002951353
0.003526667
-0.003974414
-0.01437842
-0.01467626
-0.0187583
-0.02342072
-0.01930094
-0.00829922
-0.004180462
-0.02003024
-0.03422559
-0.02047089
-0.01254141
-0.006020548
0.01202733
0.01474971
0.01576868
0.01441616
-0.01183456
-0.01861551
-0.002958519
0.002684118
0.006039917
0.02531894
0.02953255
0.01030351
-0.001714132
-0.004669074
-0.01317996
-0.02413476
-0.01922243
-0.008393102
0.001476415
0.009118254
0.00651929
-0.004407972
-0.004934295
0.0008939825
-0.0004085601
-0.003504263
-0.006369446
-0.005668707
-0.001570351
0.0109277
0.01643774
-0.00952534
-0.02215702
-0.01332485
-0.01413269
-0.01751603
-0.009423356
0.0041406
0.004995357
0.006355013
-0.00685807
-0.02461321
-0.0335933
-0.02590046
0.0007602953
0.01241583
0.01810029
0.01748726
-0.00131032
-0.01176634
-0.01125941
-0.008746132
-0.005318936
-0.0070764
-0.004668185
-0.0151905
-0.01673275
-0.006679639
-0.001045162
0.01294107
0.02014737
0.01765244
0.005750059
1.357471e-05
0.00330001
-0.006611335
-0.0112707
0.007397335
-0.003565629
-0.0118001
0.00394972
0.005010515
0.00442911
-0.003937955
-0.00940414
-0.01267528
-0.004003251
0.01004622
0.004399497
0.001469032
0.003415187
-0.004027759
-0.006410484
0.002181989
0.01621004
0.01063268
0.002842931
0.002675645
0.005749919
0.01086521
-0.0002089329
-0.009753079
-0.01158909
-0.01167681
-0.01070986
0.0006478355
0.01043371
0.01208406
0.01157201
0.01143635
0.01123642
0.009123996
0.01130168
0.008061142
0.002878515
0.002802009
0.004175941
0.009801235
0.0003590872
-0.01460636
-0.01199823
-0.005247874
0.001736058
0.002227691
-0.007437836
-0.005383564
0.005845609
0.01029382
0.001618713
-0.01086202
-0.01448914
-0.01439429
-0.008325297
0.005176434
0.007998766
0.004780658
0.004739851
0.002431582
-0.004272886
-0.003525234
0.008266978
0.01187573
0.007066421
0.004936652
0.002314224
0.001954155
0.007309147
0.01016003
0.00596273
0.002416181
0.004868252
0.004304184
5.995498e-05
-0.007234074
-0.009010923
-0.007447272
-0.0009407009
0.00446223
0.01728158
0.02562517
0.01588824
0.01459997
0.009203145
0.005015015
0.0121295
0.02344741
0.02395333
0.01217436
0.01265885
0.01349727
0.005348487
0.0003423177
0.001540808
0.005740138
0.006443928
6.993823e-05
-0.01018414
-0.02117872
-0.02108693
-0.01497408
-0.01498735
-0.003808162
0.01380111
0.01793516
0.01119294
0.006213295
0.007195547
0.006835474
0.003890724
0.007522934
0.01224858
0.01133567
0.0126076
0.01566963
0.0049178
-0.00572285
-0.003675721
0.000230868
0.003344917
0.003010346
-0.004293885
-0.01029047
-0.01417872
-0.01882891
-0.01092699
-0.0008942809
-0.003143392
-0.003288243
0.008645745
0.017839
0.01599075
0.01498501
0.01155372
0.002154408
0.002504256
0.004879824
0.0001776125
-0.007844699
-0.004739831
0.007718437
0.007565425
0.002959093
-0.001180079
-0.004647071
-0.002069543
-0.003837215
-0.005046947
-0.0004987788
0.004140169
0.008947416
-0.004745075
-0.02378848
-0.02462388
-0.02048473
-0.0178205
-0.01030006
-0.006549529
-0.004924681
-0.0001551745
-0.007650147
-0.01831222
-0.01336829
-0.007969445
-0.006171198
0.00337191
0.01267736
0.01792524
0.01527527
0.01086069
0.005028325
-0.0002797671
0.01174296
0.01479784
0.01051792
0.01093508
0.006914227
0.006030895
0.005907462
-0.0001931713
-0.01228325
-0.01225878
-0.0008572308
0.002314956
-0.009024399
-0.02007101
-0.02814432
-0.03014762
-0.02488341
-0.01355938
-0.005726818
0.001194889
0.004028436
-0.01069222
-0.01555457
-0.003612425
0.006586541
0.01421918
0.0242876
0.02120616
0.006340667
0.005509353
0.0115814
0.007303505
0.005643952
0.006887318
0.01278393
0.008169431
-0.006575703
-0.005560817
-0.002501851
-0.001697085
0.001609741
0.007760327
0.0003153332
-0.01370662
-0.01596185
-0.01569973
-0.01088636
-0.008363918
-0.005743549
0.003240595
0.0039709
-0.007073673
-0.01461251
-0.0164169
-0.01647914
-0.01487877
-0.01341815
-0.01232778
-0.009076033
-0.002875466
0.0010913
-0.000195955
-0.004129089
-0.001265963
0.006852202
0.01528555
0.01923293
0.009323619
-0.005135915
-0.003674269
0.006635876
0.0149305
0.01857393
0.009663194
-0.004556641
-0.009187455
-0.01111527
-0.01886932
-0.01611942
0.000725867
0.003511473
-0.001456962
-0.002076116
-0.00758311
-0.01130306
-0.007342419
-0.004144734
-0.006460148
0.001626397
0.01431111
0.01528621
0.008869375
0.003008439
0.0007878851
0.0007786907
0.003426597
0.007759543
0.01481079
0.01973839
0.01517388
0.003427544
-0.00682653
-0.009706006
-0.01014258
-0.01061689
-0.01963779
-0.02499484
-0.01402781
-0.008368871
-0.004412305
0.005533699
0.009735065
0.005175652
0.0005672769
-0.004592918
-0.009722511
-0.02150251
-0.01583846
-0.0001824948
0.0004529509
-0.003100744
-0.006857417
-0.006034292
-0.01052027
-0.01452786
-0.01161679
0.001053631
0.008280317
0.001691102
-0.002185931
-0.002755105
-0.00543466
-0.007041174
-0.004780868
-0.001979963
0.0001416235
0.008436249
0.01506521
0.01739998
0.01342401
0.009189973
0.01579038
0.01716226
0.01210917
0.009905958
0.01105447
0.005875909
0.002673096
0.006527661
0.004375448
-0.001854725
-0.0038825
-0.005081012
-0.008059427
-0.01340526
-0.0170528
-0.01587573
-0.01335328
-0.01570949
-0.01419991
-0.002821822
0.006266364
0.00783001
0.002975817
0.002335243
0.00641013
0.008200216
0.004084503
0.00650903
0.005626716
-0.003861336
-0.0004127299
0.01029011
0.015436
0.01235763
0.004811657
-0.004815115
-0.006206408
0.0006734784
0.006648625
0.01166599
0.00969534
0.002505347
0.003996574
0.007149381
-0.0001691317
0.0005570955
0.004252543
-0.00105861
-0.003978882
-0.002817114
-0.001776728
-0.00101378
3.374764e-05
-0.001045425
-0.0005701171
0.004358511
0.004951119
-0.004727674
-0.009021887
-0.008851559
-0.00740419
0.001607498
0.005621185
0.006401473
0.006773761
0.00605669
0.006233138
0.002499926
0.003798374
0.004674543
0.003411771
0.002351979
0.004551088
0.008616797
0.01149217
0.01061801
0.004710163
0.002084671
0.00356978
0.003676868
-0.005619422
-0.008374454
-0.004860565
-0.002202455
-0.002111686
-0.008466298
-0.01115401
-0.006403879
0.003598231
0.00536588
0.002176329
0.005357699
0.003614508
-0.0006531819
-0.001194812
-0.003255222
0.0003912673
0.007206896
0.008534927
0.007577136
0.005569767
0.005377997
0.005586067
0.003908158
0.003183948
0.004078478
0.005301448
0.002065999
-0.0006574103
0.0005115003
0.000823611
0.001990482
0.002821773
0.004430303
0.004596554
0.002975766
0.001245836
0.002225028
0.007099599
0.00920997
0.009520042
0.008810113
0.009193625
0.01180788
0.009469008
0.005582799
0.002168851
-0.002547637
-0.007797585
-0.006337972
-0.006417541
-0.01160323
-0.005956516
-0.000532164
-0.002281471
-0.001340019
0.003089833
0.004703466
0.003160198
-0.0008871685
2.368439e-05
-0.0006219826
-0.002231549
-0.0005312164
0.002003477
0.00581827
0.006432303
0.005085896
0.0007600702
-0.002077576
2.463757e-05
-0.001081049
-0.006173915
-0.007304081
-0.003353627
0.004171928
0.009477961
0.006062995
0.0006824902
0.002512364
0.006037479
0.004451373
0.001981949
0.001651464
0.0009405182
0.003521114
0.009108669
0.01022148
0.00920454
0.007336914
0.004885849
0.001526985
-0.005265201
-0.009239124
-0.01145151
-0.009766472
-0.007638756
-0.009051461
-0.008444564
-0.003074267
0.002533689
0.004488005
-0.0005752779
-0.007946821
-0.009414605
-0.003122228
-0.0004396306
-0.002409253
0.001133204
0.0007027608
-0.003079402
-0.0005161444
-0.0002968468
-0.005703869
-0.007075771
-0.004919494
-0.004644095
-0.009278977
-0.01277452
-0.01243078
-0.01095382
-0.009412604
-0.007767346
-0.007434827
-0.007342008
-0.01100075
-0.01382615
-0.00756539
-0.004317712
-0.002347072
-0.0009527333
-0.0009914937
-0.001103694
0.004730706
0.01213488
0.006269885
-0.001719774
-0.003629214
-0.006056814
-0.004771614
0.0002059869
0.001580948
0.001844108
0.003923889
-0.00179627
-0.01031225
-0.01195955
-0.01102421
-0.01077737
-0.003884203
0.007699938
0.00965018
0.004060581
-0.004523736
-0.006692254
-0.004736912
-0.0009629099
0.0008618726
-0.0004059849
0.0009261377
-0.0007741994
-0.003131417
-0.007087994
-0.001954331
0.002506132
-0.001997163
-0.00295698
-0.0009781768
4.998692e-05
-0.006977809
-0.008889286
-0.007591841
-0.002128717
0.004849107
0.003126331
-0.003209904
-0.006993078
-0.007326614
-0.008197689
-0.005422264
-0.003880019
-0.006332093
-0.006293328
-0.006864522
-0.007833517
-0.003656612
0.0003611743
0.00329266
0.003033587
0.0005039928
-0.0001896008
0.001723925
0.001810632
-0.001529861
-0.002214274
0.000323493
0.002015681
0.001048727
-0.0002833852
-0.0002803176
-0.00226115
-0.003875802
-0.003577954
-0.004077746
-0.003605478
-0.00198163
-0.0009422413
-0.001537913
-0.004726424
-0.004508136
-0.003241286
-0.006361457
-0.008379009
-0.003928738
-0.002222269
-0.00164392
0.0008795698
-2.720033e-05
-0.00176119
-0.0023436
-0.00540665
-0.009454
-0.006182849
-0.001594879
-0.001809067
-0.001673397
0.001778294
0.001699765
0.001927236
0.005788967
0.006995639
0.004023371
4.946293e-05
-0.003561325
-0.004345693
-0.004671061
-0.003772428
-0.002633076
-0.004661843
-0.00639175
-0.006237717
-0.005560424
-0.004866812
-0.006739518
-0.006905765
-0.004186431
0.0002995422
0.002656776
0.00261701
0.003038284
0.002479338
0.003386132
0.004370447
0.006549181
0.006158536
0.00553431
0.008280167
0.008072102
0.005298737
0.005727152
0.009496068
0.01155852
0.01184312
0.01127601
0.009231952
0.009786847
0.01153208
0.01219408
0.01039277
0.009292213
0.00591705
0.001880927
0.001325045
0.001215922
0.00124246
0.001238397
0.002898975
0.0009752729
0.001106871
0.002047329
0.0009467672
0.003574306
0.005142064
0.004246523
0.004791221
0.002400361
-0.002079461
0.000241059
0.005059558
0.006443717
0.007898257
0.009459896
0.008487857
0.007218997
0.004959717
0.003721457
0.005508518
0.007443478
0.008216659
0.007981061
0.00813714
0.006227721
0.002779123
0.002467025
0.005943205
0.006697007
0.00405727
0.002163151
0.003030174
0.006343155
0.009731617
0.00817002
0.002662043
-0.0006427345
-0.003146811
-0.0002408087
0.001772694
0.003221118
0.004059581
0.003789304
0.004024948
0.003206932
0.001476015
0.0008252795
0.003369184
0.000613168
0.0005581124
0.001512857
0.0004898216
-0.0007912736
0.002524771
0.005775536
0.002276962
0.0009091668
0.002065872
0.002753377
0.001613044
0.00268815
0.002507636
0.002021121
0.003500147
0.003527714
0.00165094
0.002196667
0.004800753
0.00391134
0.002221227
0.002420154
0.0008228617
-0.002245271
-0.003243824
-0.003664036
-0.006242569
-0.008289681
-0.007733752
-0.004979724
-0.001106756
-0.001686088
-0.002488799
-0.0007670111
-0.001125002
-0.002475453
-0.003169025
-0.002417255
-0.001302367
-0.0004812372
-0.0001221678
-0.001603179
-0.001246148
0.000750021
-0.0004137691
-0.004009239
-0.005114888
-0.003446139
-0.003007508
-0.004383458
-0.004174328
-0.004808737
-0.006813006
-0.004732175
-0.001841464
-0.0004113932
0.0004495181
0.002913869
0.003406561
0.001535912
0.000713824
-0.001431204
-0.0004703323
0.0006057997
-0.0007415881
-0.000577336
0.0005722363
0.0002550487
-0.0002783788
0.0002663339
0.001778007
0.0004469394
-0.002602828
-0.003408595
-0.004798822
-0.004065408
-0.002451735
-0.002252801
-0.003504307
-0.003151354
-0.00142242
0.0003411933
0.002098688
0.002744381
0.0004902154
-0.0005787104
-0.0002206561
-0.003367321
-0.005882607
-0.006058012
-0.006074298
-0.006283363
-0.006680108
-0.006706593
-0.006832018
-0.007350143
-0.007580627
-0.007266432
-0.005103997
-0.003112921
-0.001083086
-0.0005026704
-0.0004240948
-0.0005709389
-0.000238383
-0.001787727
-0.003807291
-0.004856835
-0.004942478
-0.004586462
-0.002333246
-0.0001810095
4.036702e-05
0.002418024
0.00253434
0.002349757
0.001244114
0.00275273
0.005356828
0.005140625
0.005652701
0.004089078
0.0004742363
-0.002202206
-0.002425549
5.206836e-05
3.476585e-05
0.0009528033
0.002983661
0.003155058
0.002741997
-0.0008167458
-0.004942608
-0.007745528
-0.006514352
-0.001791714
0.0002544441
0.0009185023
-0.0008491195
-0.0007766613
-0.001265203
0.001409275
0.004135773
0.003847152
0.00627683
0.006441089
0.007713068
0.006491147
0.004201285
0.001635004
0.002583642
0.002620401
0.0010068
0.003270219
0.004228038
0.002553237
0.001381295
0.001690394
0.002877714
0.002201493
0.001967951
0.003079791
0.00263001
0.001076589
-0.0002136717
-8.511255e-05
-0.0004940933
0.0001006059
0.0009186852
-3.293552e-05
-0.001101856
-0.0008386569
-0.0002949575
0.0006190017
0.0005211212
-0.0007915795
-0.00163814
-0.002670341
-0.001263721
-0.0001457619
-0.0005312825
-0.0008484631
-0.001689924
-0.002515064
-0.002139665
-0.001586786
-0.002838286
-0.003610387
-0.004662987
-0.004948548
-0.004674128
-0.002697329
-0.00163853
-0.002464691
-0.003013411
-0.003675352
-0.004331172
-0.005836653
-0.003967974
-0.004289235
-0.004557455
-0.0007497564
-0.0006099772
-0.001165838
-6.113905e-05
-0.00035894
-0.001294241
-0.001705262
-0.002276423
-0.004492844
-0.005096645
-0.003572726
-0.002329307
-0.0005820087
-0.00130311
-0.003597051
-0.004774093
-0.004810774
-0.002644256
-0.001337597
6.800138e-05
0.001059479
-0.001047801
-0.001854583
-0.001194606
-0.0004764874
0.0001814507
-0.0002509913
0.001747227
0.002285825
0.001150602
0.00034076
0.0007763377
0.001411835
0.0007631527
0.00166283
0.001631248
0.001999505
0.001238622
0.001301899
0.002485136
0.003015573
0.003534789
0.002202707
0.002693363
0.00390006
0.004667136
0.005327113
0.005589288
0.004935505
0.004878421
0.004399056
0.002451912
0.001744068
0.001069883
0.001647239
0.0009516343
-5.711043e-05
0.0005324846
0.0005804596
0.001656594
0.001947329
0.001473063
0.0003827181
0.0002929924
0.0008672866
-0.0002210194
0.0005511545
0.002866588
0.002646302
0.002063915
0.002991129
0.002628042
0.001187835
0.0006074876
0.0001301603
-0.0007949472
-0.002075015
-0.001731242
-0.0007122305
-0.0003296987
0.000176253
-0.001507736
-0.002061564
-0.002689853
-0.002815282
-0.002603091
-0.002187921
-0.00113831
-0.00161972
-0.00126983
-0.0007455199
0.0001725097
0.0002928992
0.001056909
0.001146697
0.0005388063
-0.001149265
-0.002349777
-0.002665949
-0.00224568
-0.0006911725
0.000488995
0.001734443
0.00172937
0.001938497
0.001297963
0.0004728095
0.001242936
0.001945742
0.001218507
-0.0002676071
-0.0005174818
-0.001331417
-0.002833852
-0.002919507
-0.0005235033
0.0002088807
0.001097325
0.001347247
0.000609811
0.001363614
0.001457476
0.002453019
0.002703961
0.002415323
0.003143624
0.001899245
0.001176087
0.001732007
0.001864628
0.002323648
0.002040107
0.001156808
0.0003795864
0.0002633254
0.0007366239
0.001112002
0.0008498802
0.0008529578
0.001530255
0.0003470721
0.0002450888
-0.0005443748
-0.0002240788
-0.0004107231
-0.0007921878
-0.001304213
-0.001143038
0.0006195362
-0.0005248899
-0.001126676
-0.001644823
-0.00162339
-0.0007033375
0.0003289146
0.0005655664
-0.001190862
-0.002219011
-0.0007675404
-0.00104293
0.0001035598
-7.595067e-05
-0.0008348216
-0.001341753
-0.002427025
-0.002339296
-0.001749728
-0.001820102
-0.001735435
0.0003453713
0.0004508643
-0.0004089936
0.0002922862
-0.001260519
-0.003332288
-0.002290931
-0.001635117
-0.0004285583
-0.0002989848
0.0003441973
-0.0001440681
-0.001708994
-0.001342428
-0.001477946
-0.002039723
-0.003237168
-0.002496676
-0.001694039
-0.001396446
-0.00272302
-0.004412032
-0.004420572
-0.0038978
-0.004014399
-0.003606888
-0.003063406
-0.003625243
-0.003766524
-0.003798365
-0.003932407
-0.00434856
-0.004254168
-0.0028495
-0.001218506
-0.001174625
-0.0006283662
-0.001666337
-0.001511725
-0.00141592
-0.001503534
-0.00211105
-0.002549955
-0.001509681
-0.001505225
-0.001196751
-0.0008245578
-0.0004244093
-0.001707912
-0.0004434773
0.001168593
0.0004329537
2.965589e-05
0.0005492828
0.001286238
0.001267308
0.001704304
0.001978489
0.002676386
0.002365282
0.002412869
0.002381659
0.001497582
0.00206878
0.00209728
0.002522295
0.00228178
0.001867179
0.002015199
0.0006681041
0.00039512
0.0007413142
0.001717103
0.001557406
0.001929304
0.002598068
0.001963439
0.002457581
0.002582196
0.002413875
0.002761396
0.003220001
0.002808712
0.003656424
0.003096045
0.002130318
0.002118144
0.001506149
0.001672454
0.001403665
0.001967028
0.00285767
0.003137612
0.002904631
0.002018467
0.001838184
0.001752105
0.002451952
0.003164744
0.003659836
0.00387311
0.002812984
0.001235731
0.0002606512
0.001064806
0.001962354
0.002032006
0.001824772
0.001376648
0.001047934
0.0005636822
0.0006066698
0.0003646881
0.0004570419
0.001063568
0.001474097
0.001843288
0.001487846
0.00106253
0.0009874312
0.001586795
0.001002796
0.001402247
0.0008967928
2.577635e-05
0.0006336466
0.0005099701
0.0003178088
0.0002122289
0.0002685094
5.47421e-05
-0.0001419641
-0.0002153832
-0.0001638671
-0.0002920545
-0.0007130695
-0.001051431
-0.0009188998
-0.0006888818
-0.0007850951
-0.0008226822
-0.0009663701
-0.001012324
-0.001096788
-0.0009998602
-0.0011193
-0.001257863
-0.001332475
-0.00141532
-0.001433848
-0.001431184
-0.001179483
-0.001210022
-0.0009137636
-0.000924768
-0.001032774
-0.000881052
-0.0009779527
-0.0008441947
-0.0007691718
-0.000691874
-0.000733133
-0.0008788689
-0.0008787354
-0.0009014973
-0.0008796942
-0.0006861557
-0.0006440333
-0.0007000922
-0.0007349025
-0.0005123437
-0.000541104
-0.0005131182
-0.0004804347
-0.0005172789
-0.0003535416
-0.0002535434
-0.0002641709
-0.0003918197
-0.0003800963
-0.0004398459
-0.0004568707
-0.0004635964
-0.0004781666
-0.0004205737
-0.0004105295
-0.0003396425
-0.0003289837
-0.0003162144
-0.000246486
-0.0002474387
-0.0002347252
-0.0002722273
-0.0001935507
-0.0001450344
-0.0001649897
-0.000144833
-0.0002018103
-0.0001761704
-0.0001425799
-0.0001269388
-0.0001040642
-0.0001204823
-8.175603e-05
-9.414467e-05
-0.0001487598
-0.0001535373
-0.000135132
-9.845689e-05
-8.440714e-05
-6.411612e-05
-5.766846e-05
-6.264395e-05
-4.806635e-05
-4.60178e-05
-3.785104e-05
-3.315832e-05
-2.246028e-05
-1.456234e-05
-2.198497e-05
-1.224156e-05
-1.081736e-05
5.792629e-07
7.530002e-06
-1.450298e-06
3.519071e-06
7.717141e-06
1.007238e-05
1.217748e-05
1.420015e-05
1.388515e-05
1.187293e-05
7.684346e-06
8.518857e-06
9.605959e-06
1.113085e-05
1.521201e-05
1.313156e-05
1.361069e-05
1.163468e-05
1.169589e-05
1.131751e-05
1.04106e-05
1.131726e-05
1.086306e-05
1.186832e-05
1.123443e-05
1.068125e-05
1.025137e-05
9.255899e-06
8.734356e-06
8.733444e-06
8.504617e-06
8.622e-06
8.69819e-06
8.563733e-06
8.501512e-06
8.464324e-06
8.586628e-06
8.7272e-06
8.811208e-06
8.971861e-06
9.189849e-06
9.448658e-06
9.732442e-06
1.006267e-05
1.043229e-05
1.082945e-05
1.126293e-05
1.173265e-05
1.22343e-05
1.276531e-05
1.332136e-05
1.389879e-05
1.449392e-05
1.510287e-05
