-0.001485837
-0.0008264085
-0.0001356982
-0.001342524
-0.002735324
0.0005462064
0.002319847
0.001108642
-0.0002569061
0.001031264
0.003046376
0.000987291
0.001350393
0.002693404
0.001883904
4.287966e-05
-0.0002133698
0.001867919
0.003501128
0.00122438
-0.002772382
-0.002337538
0.001475257
0.001575984
0.001759046
0.001028923
-0.0006786401
-0.0009788822
-0.0001094608
0.001772546
-0.0001411389
-0.001951054
-0.0004921368
0.001291894
0.002455503
0.00272635
-0.001332963
-0.002065292
-0.001160775
-0.0003656521
0.00167158
-0.001139495
-0.003659098
-3.75246e-05
0.003296166
0.002143656
-0.001770231
-0.003206775
0.002166987
0.004367296
0.001028776
0.0008214267
0.002294811
-0.0005313283
-0.002341771
-0.001889052
0.0005657062
0.004064728
0.001934157
-0.001038129
0.001044495
0.00120319
0.0005558775
-0.00022016
0.003330438
0.003766776
-0.002098647
-0.001498488
-0.001207584
0.002468505
0.00280084
-0.001287694
0.0005467214
0.00343563
0.003459173
-0.001534847
-0.002748931
-0.001924214
-0.001558677
-0.002132736
0.00346505
0.003181341
0.001368481
0.0001725497
-0.00327367
0.001284904
0.0007055714
-0.0008786242
-0.002231443
0.002349938
0.00334382
0.006884485
0.004978194
-0.0008654523
-0.0007391906
0.0007506595
-0.0002392601
-0.0004092478
0.0002529377
0.001086338
0.004780694
0.004631549
0.002540183
-0.001851423
-0.001529745
-0.0004860454
-0.0003125398
-0.001263208
-0.001351088
-0.004014599
-0.002197378
0.002225814
0.008833721
0.00464582
-0.004731962
0.003471872
0.007347726
0.004764821
0.0006517971
-0.006207184
-0.008565021
0.002645069
0.008765245
0.00612351
-2.203574e-05
-0.01717961
-0.01494811
0.006821377
0.01147414
0.004040824
-0.006958518
-0.005262021
-0.0002139039
0.004943253
0.009414874
8.78356e-05
-0.01125278
-0.0107115
0.007968335
0.009151003
0.0007159996
-0.003137253
-0.002380194
0.0009175964
0.008418721
0.00371954
-0.01949884
-0.02555377
-0.00746742
0.01302095
0.009840142
-0.004410805
-0.01569873
-0.01177241
0.007593568
0.01928092
0.01024995
-0.003933105
-0.01952893
-0.01213097
0.01752026
0.01588293
-0.007930298
-0.01703213
0.001060198
0.01332214
0.008852957
-4.614641e-05
-0.002950772
-0.003464578
0.0003035173
0.002018294
-0.001410848
-0.002075845
-0.0009426392
0.007514113
0.00235483
-0.004135605
-0.002388572
0.006521869
0.0079934
-0.001314478
-0.002217605
-0.0008767801
0.007493838
0.00791861
-0.002640022
0.004897121
0.00991278
0.002185536
-0.01217787
-0.006848176
0.003628397
0.00211075
0.006647785
-0.000494218
-0.001940578
-0.002326175
-0.0004810674
0.007664545
0.006338404
-0.00242255
-0.005572518
-0.002244498
0.001221192
-0.002860129
0.00291274
0.0121342
0.006856332
0.006318376
0.003440514
-0.007064935
-0.008492411
-0.001477369
-0.003260872
-0.01489556
-0.007678628
-0.001484782
-0.006219235
-0.00703997
0.001362115
0.003114799
-0.002533654
-0.01187351
-0.01750262
-5.730374e-05
0.001243432
-0.001255348
-0.002678043
-8.909297e-05
0.004912142
0.0008649445
-0.009573586
-0.01160835
-0.003389066
0.004196787
0.0003576095
-0.001101919
0.004546923
-0.002939803
-0.00888328
-0.001478024
0.007378685
0.001984967
-0.005215177
0.00463907
0.01039802
0.004066891
-0.01017535
-0.0003303064
0.01668942
0.01221469
0.01092744
0.003675239
-0.009176765
-0.01320577
0.006372103
0.008780318
-0.00268959
-0.000846456
0.004743139
0.004044435
0.003204973
0.006006913
-0.001459483
-0.006601297
-0.008742267
-0.007784473
0.001929003
0.007063706
0.004054734
-0.007417173
-0.006495054
-0.006821409
-0.009014357
0.001114301
0.0002677676
-0.001804798
0.003726743
0.004081793
0.001379912
-0.009826718
-0.007383702
0.003744626
-0.001284856
-0.001731468
0.003712431
0.008662661
0.005120382
0.006788276
0.009040641
0.0100272
0.01382183
0.006748373
-0.006767389
-0.005115739
0.002892565
-0.002752836
-0.004576284
0.0005974838
-0.007115413
-0.01811473
-0.01163838
-0.005612852
-0.006281568
0.002026753
0.006993571
0.005779206
0.003250078
0.003475988
-0.0004382654
-0.0058876
-0.0109075
-0.01459322
-0.009698679
-0.00577618
0.002516016
0.006371232
0.01276423
0.007921943
-0.005158862
-0.001920669
0.004475466
0.003888701
-0.006260544
-0.01895058
-0.02570013
-0.001962872
0.01730885
0.004635207
-0.01384221
-0.007643765
0.005513141
0.002899849
0.0049286
-0.0007772872
-0.003447631
-0.004444133
-0.008763773
-0.01439102
-0.0003139003
0.00140799
-0.01038204
-0.009365938
-0.005489735
0.00670459
0.002437158
-0.01156717
-0.01122619
0.0006469319
-0.005001481
-0.00960845
-0.002288535
0.008583045
0.01840609
0.004676342
-0.01688392
-0.009466983
0.02067865
0.0163279
-0.01150119
-0.01811833
-0.0002013772
0.01440468
4.173615e-05
-0.0103646
-0.01086161
-0.007978309
-0.008273306
0.006606264
0.02176126
-0.005963498
-0.02972247
-0.01342194
0.0151737
0.03002487
0.01661696
-0.0001161095
-0.001980622
0.001420132
0.009169173
0.001068462
0.008064798
0.00809354
-0.0003804128
-6.193729e-05
-0.003504175
-0.003268265
-0.01959509
0.001255075
0.01715215
0.002638963
-0.006221353
-0.0225052
-0.03607276
-0.02471353
-0.005098402
0.008680317
-0.004587255
-0.009888601
0.005904701
0.01463759
0.02307267
0.003515909
-0.01297572
-0.009583444
-0.006784778
-0.003849407
0.01015911
0.0102467
0.00610437
0.01082077
0.003371657
-0.01063807
-0.02432545
-0.01317682
-0.0009173861
-0.01186905
-0.0001572964
0.02260618
0.02348456
0.00130077
-0.009309054
0.005361847
0.01074261
0.00506559
-0.002329087
-0.006701479
-0.007819023
-0.01488417
0.002724525
0.006754999
-0.01429324
-0.02536177
-0.01527548
0.001417376
-0.011483
-0.01550119
-0.02086065
-0.00820281
0.01976934
0.03044231
0.01839788
0.0004853958
-0.009818873
-0.01134704
0.002081084
-0.001368709
-0.0160905
-0.003267161
0.0167166
0.006776648
-0.00301538
0.001781677
0.01216938
0.01280387
0.003229195
-0.00319467
-0.00729495
-0.007565106
-0.006825437
-0.006382565
-0.003895589
-0.01225731
-0.007128484
0.002211944
-0.0008997642
0.001206871
-0.00102147
-0.006664747
0.004434278
0.008741146
-0.005312981
-0.01257694
-0.00902787
-0.003026689
-0.01380142
-0.00879062
-0.01196631
-0.006479121
0.01211611
0.0002888473
-0.01437706
0.007335363
0.0329697
0.02354769
0.0003250908
-0.004417124
0.007766563
0.007493011
0.008662782
0.01131871
-0.001147857
-0.002958465
0.0004553877
-0.008736919
-0.01721827
-0.01476213
-0.01120132
-0.02221424
-0.01258337
0.001602845
-0.008691941
-0.009455829
0.002164125
0.008293437
0.01195029
0.01284704
0.004433248
-0.008635804
-0.01543592
-0.001945152
0.02027887
0.03362178
0.01870763
-0.01639331
-0.02460092
-0.003017358
0.006683212
-0.007867718
-0.007788771
0.005520611
0.004469432
0.006443589
0.0194562
0.03111326
0.02444806
-0.007739554
-0.03307887
-0.03152281
-0.01944239
-0.002284377
0.004475767
-0.006380494
0.01245138
0.03517457
0.03656855
0.005148136
0.0003272919
0.0002647617
-0.009822313
-0.009761395
-0.01990862
-0.02399907
-0.02751219
-0.02780413
-0.01285012
0.01714379
0.02062079
0.004767779
-0.01078024
0.005000038
0.01058849
0.01638503
0.0066939
0.01865942
0.03325554
0.03253025
0.008005319
-0.02353619
-0.01830056
-0.0152365
-0.003108714
-0.01107083
0.006344657
0.01160584
-0.01391045
-0.017817
-0.01425919
-0.005350444
0.004602791
-0.01198844
-0.01988825
-0.000950824
0.01372811
-0.007202165
0.0007488682
0.01432725
-0.01072686
-0.02253014
-0.03273302
-0.01011129
-0.005169203
-0.02698783
-0.02711308
-0.01056643
-0.01480533
-0.03177893
-0.0393879
-0.0201117
-0.005028703
-0.004445007
0.01562886
0.03560685
0.03585702
0.04761077
0.02086767
-0.01614374
0.007139075
0.01638059
0.02810376
0.02440352
0.02370514
0.03241321
0.04438223
0.02251581
0.005059877
0.02672299
0.02809116
-0.001662896
-0.02340893
-0.01857682
-0.02313279
-0.03501949
-0.06029675
-0.05116635
0.001979101
0.05006025
0.04269828
0.02937137
0.03277245
0.02102857
0.0008758162
-0.01602313
-0.009812963
-0.007474709
0.004952366
0.03655443
0.02948318
0.002802445
-0.01559488
-0.037298
-0.01700264
0.02530534
0.05739599
0.0610164
0.03402151
0.01506932
0.005479713
0.003420764
0.01124358
0.0177414
0.02527453
0.05024967
0.0490261
0.02956799
0.04245918
0.05721697
0.05736122
0.06448532
0.07819659
0.0819037
0.07407664
0.06400966
0.0557593
0.03322996
-0.008573301
-0.03583748
-0.03088905
-0.01254802
0.002623866
0.01144421
0.0271771
0.04642183
0.05403653
0.04525166
0.02841186
0.0116822
-0.01278415
-0.03708221
-0.04080585
-0.03862676
-0.02778787
-0.001429685
0.01086066
-0.008722986
-0.05270707
-0.07855046
-0.08225272
-0.07608954
-0.061595
-0.06369587
-0.07249917
-0.07994384
-0.08061059
-0.06911387
-0.04536389
-0.01316933
0.004357618
-0.01135112
-0.02880507
-0.009500284
0.0429341
0.1037978
0.1396867
0.1412119
0.08392789
0.0218958
-0.005596028
0.002702913
0.0437775
0.07537119
0.1112335
0.1384524
0.1461863
0.1488884
0.1215363
0.08941971
0.05003665
0.005444434
-0.0008824877
0.003727021
-0.01840685
-0.066972
-0.1065407
-0.1184941
-0.1102972
-0.0505272
0.01517311
0.01098402
-0.02726082
-0.04853185
-0.009813648
0.0553552
0.08580629
0.09209257
0.07953227
0.06178629
0.05482987
0.06735644
0.1044967
0.1198527
0.08256347
0.009073415
-0.05506324
-0.08993001
-0.1073945
-0.1152181
-0.122759
-0.1312548
-0.1247381
-0.113554
-0.121349
-0.124656
-0.09772313
-0.07712953
-0.1008203
-0.1403444
-0.1525419
-0.116017
-0.03374911
0.05165726
0.09570466
0.08033807
0.03384615
0.007089184
-0.002912249
-0.009415093
-0.002100011
0.02157994
0.06861482
0.08262515
0.04566606
0.008571299
-0.02639576
-0.02479786
0.01536113
0.05238665
0.07182635
0.08825805
0.104957
0.08330596
0.02337022
-0.01347987
-0.0103113
-0.01136349
-0.02350309
0.003779263
0.07474311
0.1054629
0.0842258
0.07148534
0.06993734
0.06596069
0.06892819
0.04220043
0.01495245
0.02516497
0.04488898
0.03945569
0.02983121
0.04384726
0.06902515
0.09656943
0.09998049
0.09460016
0.06762336
0.04467248
0.03897591
0.03752252
0.02221854
-0.0155071
-0.01479813
0.006326127
0.01976773
0.03737805
0.03726382
-0.0001620211
-0.06402526
-0.1202823
-0.1541209
-0.1804451
-0.2037216
-0.2221603
-0.2298206
-0.2409316
-0.2445221
-0.2255563
-0.1988294
-0.1807981
-0.1694161
-0.1487409
-0.1193458
-0.09408877
-0.07334427
-0.05069239
-0.04834464
-0.05250245
-0.05805464
-0.06657299
-0.07338593
-0.07421556
-0.05794081
-0.03582047
-0.01561774
0.00277345
0.02144207
0.04344709
0.0668801
0.09043548
0.1122711
0.1392731
0.1578274
0.1689713
0.1684403
0.1368779
0.08896895
0.04028679
0.02640193
0.02887886
0.0146135
0.008224565
0.0129424
0.03004811
0.05781892
0.07100372
0.07916195
0.08049331
0.06034854
0.02941726
0.005698385
-0.009654466
-0.02134757
-0.04615687
-0.07016651
-0.07799182
-0.08080488
-0.08943806
-0.1122961
-0.1252297
-0.1328817
-0.1209589
-0.09815065
-0.09269162
-0.09842606
-0.1112413
-0.1118921
-0.1062832
-0.1021401
-0.09808364
-0.08509608
-0.0670116
-0.03784994
-0.004428773
0.01912184
0.02676452
0.0169458
0.0002196281
-0.01192267
-0.01205246
-0.02094916
-0.03008353
-0.04514107
-0.06741919
-0.08523279
-0.07357247
-0.02420891
0.01162639
0.02128132
0.01508648
0.007986865
0.002085743
-0.01006595
-0.03295623
-0.06465626
-0.07023715
-0.06316701
-0.07008415
-0.0803418
-0.07949268
-0.06950845
-0.07431832
-0.08211273
-0.08866888
-0.08609603
-0.05332304
-0.004296363
0.03701808
0.05351285
0.06686702
0.0952315
0.1132225
0.1279791
0.1394994
0.1458512
0.1402486
0.1158728
0.09035264
0.07001812
0.05934707
0.04317515
0.01785586
-0.00809891
-0.02998593
-0.04378029
-0.05323864
-0.0563067
-0.04829043
-0.03461625
-0.02350533
-0.01071449
0.01485592
0.04663914
0.07439333
0.08027567
0.06362415
0.03671345
0.01227216
-0.0114225
-0.02044753
-0.006046243
0.001527157
-0.01007545
-0.02710856
-0.03529624
-0.04053613
-0.04295268
-0.04013765
-0.03595074
-0.02058974
-0.00308471
0.01519652
0.03815648
0.05194153
0.05953519
0.05619338
0.0495784
0.0514192
0.06098854
0.06449906
0.06260458
0.06013788
0.0460911
0.02293878
0.01952447
0.0391754
0.05129668
0.05107697
0.04597247
0.04171047
0.04097155
0.0457957
0.04789643
0.0430071
0.03180394
0.02787237
0.02945082
0.0355346
0.04784446
0.0658459
0.07949498
0.07615903
0.07308724
0.07770522
0.07335637
0.06455113
0.05751151
0.05147759
0.06227264
0.07895614
0.08012339
0.06180864
0.02686278
-0.02061175
-0.05930716
-0.07780861
-0.07951781
-0.06080356
-0.0315619
-0.01983875
-0.01945903
-0.01531858
-0.005769065
-0.001289987
0.007235423
0.02203179
0.03251966
0.02912328
0.01436308
0.005143511
-0.003905728
-0.01404944
-0.02147382
-0.01725492
-0.01537387
-0.01743615
-0.008522216
0.01544997
0.03674363
0.03024433
0.007486222
-0.02554737
-0.04672144
-0.03083993
-0.009158712
-0.0179398
-0.03582847
-0.04033781
-0.007664069
0.04910002
0.07067002
0.06878614
0.06889227
0.07791116
0.08092531
0.07335183
0.07729518
0.08527467
0.08696584
0.07148634
0.04231333
0.0187901
0.01137775
0.01712647
0.02213874
0.0149161
-0.004643437
-0.02615628
-0.04924298
-0.0654498
-0.07568043
-0.07493588
-0.05428909
-0.02207141
0.01412731
0.04083085
0.04437019
0.03542065
0.02460144
0.01804786
0.02567943
0.04416278
0.06523693
0.06725541
0.03584238
0.005167834
-0.010731
-0.02163897
-0.01387686
0.0006855713
0.01253073
0.003174165
-0.00593658
0.01106161
0.03265286
0.04608309
0.03371649
0.0004858017
-0.02035087
-0.02766949
-0.01590391
0.003574908
-0.003567254
-0.02686621
-0.04863722
-0.06369255
-0.07226476
-0.06834909
-0.05886016
-0.06005573
-0.06705305
-0.0601284
-0.05177064
-0.05240522
-0.05260322
-0.04857435
-0.04984845
-0.05235472
-0.05164187
-0.05857697
-0.07400766
-0.07770221
-0.06322447
-0.03993799
-0.001709535
0.01903
0.01959089
0.01961525
0.01834829
0.01061045
0.01128864
0.03113569
0.0581564
0.07589409
0.0764305
0.06513187
0.05340585
0.05322827
0.05815273
0.05152773
0.03211704
0.008119412
-0.006502372
0.002675504
0.02159438
0.03437185
0.02954514
0.01860046
0.001266515
-0.02730273
-0.04544756
-0.0605018
-0.07260008
-0.07462482
-0.06445445
-0.03879843
-0.01591375
-0.004060361
0.00032867
-0.002688513
-0.002986373
-0.01159416
-0.02222768
-0.0130283
-0.002530462
0.008520224
0.01889363
0.009481088
-0.009475591
-0.01837405
-0.02614845
-0.03466847
-0.03349441
-0.02793741
-0.00617157
0.00114087
0.001885536
0.01174187
-0.001733273
-0.01770537
-0.01520933
0.002336801
0.01153323
-0.002012263
0.005846955
0.0359432
0.03329031
0.01115543
-0.007165663
-0.02262259
-0.04462688
-0.04463488
-0.03888701
-0.04501804
-0.02395486
-0.004918394
-0.001790867
0.007586206
0.001829548
-0.02073773
-0.04897618
-0.04910445
-0.03320036
-0.03703223
-0.04063868
-0.04465007
-0.03480983
-0.01350582
-0.01185311
-0.02861649
-0.04251979
-0.04502458
-0.0253678
-0.02247371
-0.03206747
-0.02190178
-0.006557539
0.007736112
0.02495004
0.03223019
0.01288223
-0.002986507
-0.002077246
0.02144849
0.03935505
0.0430622
0.04538011
0.03638726
0.01805633
-0.005717315
-0.02080259
-0.001331277
0.03377767
0.04938728
0.04297307
0.03489831
0.03853519
0.0331757
0.01669719
0.01085219
0.02836317
0.03828535
0.00961687
-0.01826824
-0.01254842
0.008298013
0.01563864
0.01171031
0.006798722
-0.0008994974
0.006888955
0.01625944
0.01725166
0.01267264
-0.002846872
-0.004664718
0.004366169
0.01675899
0.03316858
0.04118256
0.03824483
0.02244286
0.007065216
0.01492319
0.02913476
0.03394807
0.02779842
0.006946509
-0.002821049
0.001857667
0.007615555
0.01067454
0.005956034
-0.004560136
-0.002262033
0.01374896
0.01979457
0.01744458
0.03060675
0.05178819
0.06161499
0.05934665
0.05821665
0.06745598
0.06701246
0.04554982
0.02331403
0.01636499
0.02183958
0.02996005
0.02644438
0.008160145
0.008795903
0.02159925
0.01737475
0.006331545
-0.007164737
-0.02772349
-0.05418291
-0.06848801
-0.07142213
-0.07197353
-0.06353258
-0.04826068
-0.0400696
-0.03972027
-0.04160982
-0.04735292
-0.05148032
-0.04591567
-0.03134644
-0.01886309
-0.01510175
-0.01248994
-0.007294449
-0.007979244
-0.01054898
-0.003374644
0.005804008
0.008530159
0.006661222
0.005627682
0.002505198
-0.004940029
-0.006586541
0.0009173826
0.004700361
0.002149157
-0.0003285911
-0.002768584
-0.00529628
-0.01289642
-0.01773948
-0.02503768
-0.03824674
-0.03796324
-0.034481
-0.03739415
-0.04151087
-0.03884662
-0.02530508
-0.018775
-0.01891672
-0.01764777
-0.01680006
-0.01462429
-0.01364293
-0.01878563
-0.03098977
-0.04097642
-0.03744703
-0.01970393
-0.006135667
-0.00978091
-0.01690842
-0.01472025
-0.006736418
-0.002144075
-0.003944056
-0.007820739
-0.009392207
-0.01785784
-0.02769025
-0.03512258
-0.03908589
-0.03083977
-0.01711828
-0.006638336
-0.007246791
-0.01524105
-0.01964591
-0.02363562
-0.04100668
-0.06130922
-0.06947476
-0.05587143
-0.03788312
-0.01883705
0.01467468
0.03646663
0.02720469
0.004160532
0.0003362473
0.009326239
0.01564691
0.02609961
0.03658599
0.04510787
0.04468844
0.04616216
0.05798888
0.06189839
0.05619644
0.04841575
0.04300455
0.03648156
0.03004018
0.03179963
0.03495546
0.03808683
0.04693328
0.05572772
0.06151931
0.06474356
0.06869612
0.06420921
0.05225285
0.04817296
0.04412061
0.03795485
0.02539675
0.005605858
-0.005042761
5.845491e-05
0.01316669
0.02118514
0.0185701
0.01299299
0.01174785
0.01752134
0.01720749
0.01054721
0.006440007
-0.006284141
-0.01854009
-0.01455253
0.004251567
0.01338812
0.01037241
0.007161893
0.002142932
0.002982866
0.008829994
0.009676079
0.01281208
0.02467521
0.03393634
0.02625529
0.007648001
-0.004349665
-0.01229792
-0.02402627
-0.0284045
-0.02472063
-0.0251657
-0.0345786
-0.04479627
-0.046297
-0.04607902
-0.04754402
-0.04602347
-0.03789331
-0.02993142
-0.02493774
-0.02846919
-0.02904059
-0.0253953
-0.01904903
-0.009305129
-0.005775054
-0.007766226
-0.02309797
-0.03612653
-0.03687632
-0.02672536
-0.01891631
-0.01994962
-0.01937336
-0.01598087
-0.008385965
-0.0006319272
-0.004951617
-0.02111961
-0.02202228
-0.00739033
0.007951551
0.01396044
0.008335227
0.0008903436
-0.007828508
-0.01067316
0.002394186
0.01975065
0.01958761
-0.003870187
-0.04036765
-0.06717102
-0.05887922
-0.0306903
-0.01240352
0.004945895
0.03064912
0.05911248
0.0687548
0.03720037
-0.01090867
-0.03564846
-0.01480752
0.02176694
0.03660318
0.03719307
0.0108509
-0.02274549
-0.0497792
-0.06876001
-0.04409194
-0.01289484
0.003138948
0.01972966
0.02719853
-0.0008204312
-0.01871588
-0.002231213
-0.01308763
-0.03055465
-0.03294709
-0.02428885
0.01311402
0.04102887
0.02649948
-0.003007576
-0.01000527
0.01166108
0.03083967
0.03885131
0.04450777
0.04563339
0.03253207
0.01456841
-0.0008585046
-0.01221051
-0.007810647
0.004946081
0.02318736
0.03969668
0.04749418
0.04727756
0.02746979
0.002214224
-0.01041477
-0.003384267
0.01905231
0.03706312
0.04341126
0.0394319
0.02759038
0.006476047
-0.006469098
-0.00360832
0.01071318
0.01441853
0.00637042
0.004991075
0.005827175
0.009552938
0.01311755
0.002585756
-0.01981271
-0.03149199
-0.02191651
-0.007610267
-0.0009744204
0.001247889
-0.001828699
-0.002451164
-0.004391467
-0.01075653
-0.01469806
-0.02250235
-0.03101042
-0.04019067
-0.05512576
-0.06792803
-0.06677772
-0.05947884
-0.0501002
-0.03358562
-0.01843887
-0.009471271
-0.003588155
-0.0005753185
-0.004270002
-0.0127393
-0.01965005
-0.01994915
-0.01246464
-0.009379385
-0.01800781
-0.02475638
-0.02184351
-0.01391325
-0.01022315
-0.005348819
0.002515126
0.00609201
0.004948333
0.004158592
0.00689499
0.008261526
0.008148038
0.006639187
0.007621174
0.01081349
0.01175977
0.02032953
0.02844844
0.02424576
0.01353342
-0.002523712
-0.008971435
0.005374559
0.02485523
0.034498
0.02959045
0.01783156
0.01307804
0.01389676
0.01095269
0.008710391
0.01461788
0.02839771
0.03819955
0.04272799
0.0308191
0.004274243
-0.001888988
0.008558475
0.01977705
0.0284089
0.04121662
0.05661105
0.06544483
0.06962639
0.06574892
0.05026487
0.02516322
0.003118501
0.002874236
0.01482508
0.0252602
0.02383271
0.006367746
-0.01602281
-0.03280031
-0.04018259
-0.03573901
-0.02926055
-0.01726491
-0.002842701
0.001094917
0.001794023
0.001363978
-0.007138357
-0.02118747
-0.01954797
-0.007307615
-0.005122437
-0.01574745
-0.02564012
-0.03152828
-0.03363327
-0.02424695
-0.01653345
-0.01716561
-0.01291503
-0.005419848
-0.004119139
-0.007676706
-0.01002253
-0.008335278
-0.002358944
-0.007202787
-0.02072684
-0.02908359
-0.02646516
-0.01468306
-0.01011545
-0.006186354
-0.004304423
-0.01033669
-0.01861806
-0.01715846
-0.005858936
0.005304913
0.005497627
0.0004577242
0.001841764
-0.007557653
-0.02193979
-0.01998052
-0.00675537
-0.008720077
-0.01069807
-0.0004748276
5.328992e-05
-0.00986749
-0.01218521
-0.00254651
0.007082993
0.01342094
0.0139571
0.01088754
0.009279628
0.01206177
0.01211743
0.01044724
0.01192066
0.009023368
0.0009138503
-0.01124509
-0.02414559
-0.03382087
-0.03999043
-0.03651082
-0.02877986
-0.02100711
-0.01735415
-0.01397764
-0.01080618
-0.01545406
-0.01547524
-0.01821066
-0.02316868
-0.02471483
-0.02191478
-0.01466143
-0.003488254
0.001226264
0.000247118
8.802799e-05
-0.003480947
-0.006493025
-0.004655028
0.005415363
0.01517157
0.01725633
0.01096075
0.004548861
0.002994187
0.006360987
0.01075083
0.01250189
0.01606956
0.02053377
0.02298958
0.0265184
0.02619772
0.02667668
0.02746061
0.02521613
0.0271118
0.03182264
0.03710057
0.04190111
0.04582546
0.04660817
0.03968475
0.02576716
0.01638141
0.01755467
0.01809549
0.01756223
0.02110792
0.021054
0.01606019
0.0107471
0.008617395
0.007318958
0.006038853
0.01084302
0.01596845
0.01311644
0.01234519
0.01304884
0.003993088
-0.006763028
-0.006748996
-0.001181095
0.001782715
0.0004747339
-0.004293118
-0.01194862
-0.01837097
-0.01584898
-0.01575054
-0.01947101
-0.01996321
-0.01820328
-0.01734201
-0.01679187
-0.01284108
-0.0116331
-0.009624452
-0.003888764
0.001367495
-0.001468958
-0.007417464
-0.003349604
-0.001585956
-0.002524322
-0.002733421
-0.002395833
-0.005855739
-0.01292852
-0.01277361
-0.01310119
-0.02038114
-0.02408805
-0.02118336
-0.02078994
-0.02314138
-0.02617421
-0.02727622
-0.02339148
-0.01475663
-0.006950064
-0.005397148
-0.006352446
-0.005632939
-0.001596428
0.005713229
0.007625011
0.004115458
0.005635489
0.01024915
0.01512083
0.01923155
0.01908068
0.01814132
0.01644202
0.01224368
0.005008772
0.004457885
0.006616083
0.004617745
0.000103031
-0.004281159
-0.004948504
-0.009847868
-0.01705451
-0.02147351
-0.01664422
-0.005720469
0.003490669
0.01027825
0.01276446
0.01187239
0.01501744
0.02175898
0.02662879
0.02542853
0.01897728
0.01377754
0.01039948
0.01096266
0.008944183
0.004645973
0.002891607
0.002100084
0.002407065
0.004679549
0.009406119
0.01158877
0.005993888
0.003808828
0.004703112
0.00267098
0.004430153
0.005996509
0.01094311
0.01268993
0.006614342
0.004408594
0.006335851
0.004513552
0.0003921371
0.001613447
0.0051134
0.007412777
0.006633761
-0.001781013
-0.01026213
-0.01308023
-0.01447648
-0.01563511
-0.01433865
-0.009685395
-0.005964454
-0.00418767
0.001542601
0.007648195
0.005522355
-0.0001021188
-0.005424707
-0.006210371
-0.00832207
-0.01328164
-0.01228852
-0.008178328
-0.008251185
-0.01403097
-0.01791767
-0.01596083
-0.00904682
-0.0008935435
0.003807
0.00562601
0.005001067
0.001232451
-1.67972e-05
0.0009636416
-0.0005590324
-0.0005476588
-0.001386997
-0.001837748
-0.00250069
-0.003949065
0.0004869085
-0.001623509
-0.009829479
-0.01319864
-0.01157289
-0.006153791
-0.006788424
-0.009131587
-0.009045141
-0.006902404
-0.005409438
-0.006121742
-0.004633934
-0.006518276
-0.008054827
-0.007898208
-0.006610437
-0.004286374
-0.004498059
-0.003777493
-0.003549615
-0.003626744
0.001292059
0.007501136
0.01162327
0.01421128
0.01612098
0.0154368
0.01517996
0.01690801
0.01423985
0.01316388
0.01306606
0.01470018
0.01643016
0.01554993
0.01759809
0.01817539
0.02074881
0.02353437
0.0220206
0.01651453
0.01415412
0.016603
0.01475662
0.01311015
0.01223477
0.01189181
0.01200274
0.008647684
0.00416755
0.001505036
0.001739303
0.002255073
0.004269205
0.008005078
0.007477334
0.003189853
-0.002643963
-0.008183016
-0.009488067
-0.00411825
0.003792371
0.003805116
-0.002306232
-0.007570993
-0.009798209
-0.009991558
-0.00982588
-0.01143093
-0.01464658
-0.01396787
-0.01127366
-0.01231912
-0.01550137
-0.01603388
-0.01686794
-0.01816444
-0.01600897
-0.01106972
-0.006191683
-0.008191796
-0.01438892
-0.01546194
-0.0107443
-0.006544324
-0.003422452
0.002120456
0.006127925
0.005848348
-0.0002907085
-0.006257763
-0.006690939
-0.005751631
-0.004227953
-0.003021638
-0.003707707
-0.003648676
-0.003680036
-0.003497165
-0.001752301
0.0005897283
0.003610265
0.003642043
-0.002883565
-0.009255456
-0.01017998
-0.007996913
-0.0009975178
0.003674514
0.0003347072
-0.004915423
-0.008044162
-0.0081034
-0.009309967
-0.01327318
-0.01400164
-0.007514248
-0.0004626423
0.0004132012
0.0006164059
0.002042443
0.0007802159
-0.001211379
-0.001574342
-0.001537332
0.0001256253
0.003907699
0.006684888
0.007909933
0.009741979
0.009300967
0.005545677
0.003097356
0.002580366
0.003442391
0.004886382
0.006055592
0.006777117
0.005865041
0.005332532
0.005771002
0.007234221
0.00788474
0.006312607
0.004479025
0.004224774
0.004557833
0.004343
0.004320317
0.004770003
0.00521475
0.002887703
1.485009e-05
-0.002489549
-0.003143746
-0.002153539
-0.003356268
-0.00573359
-0.007657956
-0.00773357
-0.007003777
-0.007592622
-0.008727086
-0.00898969
-0.007851745
-0.007406281
-0.007929949
-0.006615613
-0.005635153
-0.005180118
-0.00644728
-0.007462301
-0.006880787
-0.00655845
-0.005893665
-0.005780027
-0.005394627
-0.005090213
-0.005706479
-0.005604033
-0.005134263
-0.004580014
-0.00343248
-0.002821037
-0.002125687
-0.00164685
-0.001511925
-0.001364157
-0.0008011613
-0.0004549583
-0.0009437492
-0.001760079
-0.00174449
-0.001172326
-0.001078105
-0.001090294
-0.0003148916
0.0007892779
0.001116389
0.001042166
0.0008141544
0.000865488
0.001290662
0.00147674
0.001658396
0.002172012
0.002531933
0.002449802
0.002001979
0.0016462
0.001934916
0.002188198
0.00205707
0.00215962
0.002410764
0.002660568
0.002829563
0.003023785
0.003013731
0.00291501
0.002692528
0.002505482
0.002558627
0.002404548
0.002279875
0.002229046
0.002164758
0.002180941
0.002134278
0.002000489
0.001845402
0.001739763
0.00168694
0.001694494
0.001634291
0.001525627
0.001483227
0.00145324
0.001418838
0.001332707
0.001210571
0.001105398
0.001030648
0.0009710575
0.0009088298
0.0008862965
0.000891614
0.0009031988
0.0009003075
0.0009083713
0.0009132651
0.0008976538
0.0008667559
0.0008305084
0.0008219393
0.0008157599
0.0008101981
0.0007947274
0.0007810143
0.000775137
0.0007766485
0.0007866012
0.000788453
0.0007904418
0.0007887537
0.0007808437
0.0007744913
0.0007668099
0.0007564381
0.000745439
0.0007335641
0.0007213601
0.000708152
0.0006908995
0.0006706558
0.0006493971
0.0006265296
0.0006024213
0.0005771777
0.0005505865
0.0005228238
0.0004941776
0.0004646326
0.0004341194
0.0004028223
0.0003708645
0.0003383231
0.0003052746
0.0002717859
0.000237923
0.0002037372
0.000169258
