-0.0004257157
-0.0004252141
-0.0004247238
-0.0004242196
-0.0004237167
-0.0004231983
-0.0004226712
-0.0004221317
-0.000421598
-0.000421057
-0.0004205063
-0.0004199301
-0.000419349
-0.0004187793
-0.0004182849
-0.0004178304
-0.000417293
-0.0004165302
-0.0004156331
-0.0004147633
-0.000414054
-0.0004134422
-0.0004128029
-0.0004120266
-0.000410722
-0.0004086509
-0.0004062952
-0.0004042993
-0.0004029131
-0.0004018059
-0.000400516
-0.0003986547
-0.0003953216
-0.0003899647
-0.0003839988
-0.0003794111
-0.0003781209
-0.0003802414
-0.00038272
-0.0003823681
-0.0003786795
-0.000373455
-0.0003688456
-0.0003664589
-0.0003702503
-0.0003836825
-0.0004016218
-0.0004138494
-0.0004151489
-0.0004088643
-0.0004024399
-0.0004011362
-0.0004043257
-0.0004081288
-0.0004100997
-0.000409696
-0.0004078355
-0.00040622
-0.000405912
-0.0004067869
-0.0004079681
-0.0004089811
-0.0004102285
-0.0004112737
-0.0004120799
-0.0004122023
-0.0004161663
-0.0004387726
-0.000477231
-0.0005156439
-0.0005549533
-0.0005937327
-0.0006212278
-0.0006319525
-0.0006304071
-0.0006273469
-0.0006320716
-0.0006449877
-0.0006596869
-0.0006702273
-0.0006682045
-0.0006283432
-0.0005398681
-0.0004310732
-0.0003331423
-0.0002735257
-0.0002601492
-0.0002754049
-0.0003058371
-0.0003580167
-0.0004160913
-0.000451495
-0.0004545851
-0.0004390414
-0.0004251093
-0.0004240715
-0.0004489137
-0.00053158
-0.0006733944
-0.0008101342
-0.0008783009
-0.000873353
-0.0008382613
-0.0008181112
-0.0008288127
-0.0008579087
-0.0008846114
-0.000897691
-0.0008996231
-0.0008995699
-0.0009030877
-0.0008827892
-0.0008078685
-0.0007163209
-0.0006619548
-0.0006607604
-0.0006615768
-0.0006009452
-0.0005026592
-0.0004310681
-0.0004180848
-0.0004464982
-0.0004787385
-0.0004885572
-0.0004412353
-0.0003155824
-0.0001761256
-0.0001000058
-0.000103581
-0.0001461996
-0.0001778313
-0.0001767391
-0.0001531126
-0.0001291981
-0.0001190025
-0.0001216784
-0.0001278927
-0.0001295818
-0.0001249546
-0.0001172691
-0.000110566
-0.0001066272
-9.692591e-05
-2.625975e-05
0.0001306407
0.0002941978
0.0003672707
0.000283825
7.67134e-05
-0.0001142175
-0.0001834569
-0.0001376362
-6.405898e-05
-8.983949e-05
-0.000258775
-0.000466303
-0.00058859
-0.0005906938
-0.0005268264
-0.0004723724
-0.0004487169
-0.0003539205
-8.131049e-05
0.000286462
0.0005538864
0.000620647
0.0005425859
0.0004402041
0.0004156732
0.0005622997
0.0008403832
0.001081866
0.001189557
0.001250274
0.001296168
0.001366522
0.001503438
0.001646751
0.001723284
0.001744537
0.001847235
0.002080502
0.002343947
0.002608198
0.002840646
0.00287874
0.002666172
0.002284691
0.001912893
0.001698311
0.001607746
0.00165291
0.001781586
0.001783789
0.00159877
0.00133795
0.001048461
0.0007587971
0.0004201879
-2.930269e-05
-0.0004659837
-0.0007409311
-0.0009200775
-0.001084394
-0.001215
-0.001276575
-0.001276727
-0.001295562
-0.001484918
-0.001814827
-0.002090784
-0.002181203
-0.002107578
-0.00199039
-0.001938624
-0.001983499
-0.002076793
-0.002149456
-0.002170041
-0.002154057
-0.002135697
-0.002136192
-0.002110015
-0.001914445
-0.001581029
-0.001267385
-0.0009812741
-0.0007288885
-0.0005317982
-0.000278832
3.564186e-05
0.0002749201
0.0003506466
0.0003474661
0.0005020186
0.0008318258
0.001130944
0.001244272
0.001188827
0.001132191
0.00131123
0.00170467
0.002020183
0.001928514
0.001486045
0.001054726
0.0008518043
0.000726186
0.0004866075
-1.531281e-05
-0.0008264322
-0.0017939
-0.002602302
-0.003187217
-0.003778194
-0.004525879
-0.005288981
-0.00594299
-0.006389331
-0.00656882
-0.006548908
-0.006418089
-0.006125825
-0.005746848
-0.005435925
-0.005145355
-0.004857768
-0.004668007
-0.004561183
-0.004321477
-0.003860187
-0.003237767
-0.002609238
-0.001975889
-0.001290874
-0.0006560265
-0.0001092497
0.0003004054
0.0005657586
0.0008692616
0.001252189
0.001619179
0.00202845
0.002390248
0.002373659
0.001919188
0.001147099
0.0002198288
-0.000525994
-0.0008209458
-0.0007138552
-0.0004702782
-0.000317395
-0.0003233017
-0.0004835402
-0.0009270417
-0.001709767
-0.002551691
-0.003245677
-0.003718034
-0.003958059
-0.004193425
-0.004551543
-0.004927872
-0.005342622
-0.005751099
-0.005809253
-0.005414255
-0.004903523
-0.004634816
-0.004673789
-0.004810682
-0.004626113
-0.003823644
-0.002539186
-0.001310738
-0.0004777428
-6.472764e-05
2.055196e-05
-1.861574e-05
0.0001619604
0.0006892606
0.001302136
0.001831005
0.002287468
0.002608248
0.002731635
0.002701622
0.002641871
0.002646486
0.002690559
0.002556293
0.002114806
0.001436048
0.000735103
0.0004667809
0.0006358492
0.0005754171
-0.0002028833
-0.001445124
-0.002603129
-0.003337284
-0.00354063
-0.003379881
-0.003001052
-0.002441496
-0.001789118
-0.00110785
-0.000608944
-0.0002853116
8.69766e-05
0.0004931392
0.001081521
0.002104022
0.003488855
0.00503058
0.006147918
0.006477501
0.006233037
0.006044956
0.006561407
0.007760689
0.008910444
0.009401424
0.009086225
0.008211489
0.007290175
0.006589013
0.006213279
0.006043719
0.005630776
0.004654483
0.003318553
0.002135972
0.001226744
0.0003423758
-0.0006386641
-0.001446133
-0.00179298
-0.001605241
-0.001084735
-0.0007988442
-0.0009788444
-0.00137657
-0.001651262
-0.001667974
-0.001520121
-0.001377108
-0.001337517
-0.001388957
-0.001462148
-0.001571736
-0.001912185
-0.002436466
-0.002803711
-0.002565347
-0.001529235
8.248085e-06
0.00134037
0.001853825
0.00141114
0.0007037459
0.0005240631
0.0009383932
0.001494672
0.001739707
0.001371273
0.000333084
-0.0011433
-0.002708351
-0.004104064
-0.005131073
-0.005785832
-0.006196652
-0.006220885
-0.005794804
-0.005251602
-0.004960324
-0.005006185
-0.005207843
-0.005187717
-0.004682258
-0.003819207
-0.002877551
-0.002255742
-0.002122368
-0.002151548
-0.001878729
-0.001357308
-0.0007783516
-4.330292e-05
0.0009766113
0.002173197
0.003101611
0.003439396
0.003407573
0.00366688
0.004533684
0.005691491
0.006735621
0.007337068
0.007422535
0.00721235
0.007005813
0.00688829
0.006617319
0.006090112
0.005338977
0.004621089
0.004246723
0.004342816
0.004927283
0.005683121
0.00615891
0.006190201
0.00590738
0.005330468
0.004363248
0.003085691
0.001943792
0.00143981
0.001804806
0.00270433
0.003412662
0.003304657
0.002428501
0.0012587
0.0003743456
0.0002983872
0.001004621
0.001856289
0.002269791
0.002180333
0.002077614
0.002382271
0.002938014
0.003353511
0.003420805
0.0032294
0.003025578
0.002965231
0.003028295
0.003130635
0.003206606
0.00325327
0.003459812
0.003958639
0.004684433
0.005469419
0.006003992
0.006124282
0.005800711
0.005286405
0.005309932
0.006130588
0.006998319
0.006908233
0.005609668
0.00365983
0.001817627
0.0006111539
0.0002345399
0.0004447962
0.0007735866
0.0007420597
0.0001591323
-0.0005942862
-0.001044595
-0.001212206
-0.001463816
-0.001843982
-0.002159466
-0.002421701
-0.002825712
-0.003406659
-0.004108683
-0.004682966
-0.00491685
-0.004837126
-0.004536989
-0.004018521
-0.003361653
-0.002632762
-0.002043591
-0.001680684
-0.001329877
-0.0008199914
-9.748034e-05
0.0005859679
0.0009318762
0.0009081522
0.0008319582
0.001226745
0.002226249
0.003298048
0.003858158
0.003916756
0.003874076
0.003765061
0.003564555
0.003379425
0.003308376
0.003349709
0.003505408
0.003927099
0.004590266
0.005376244
0.006032118
0.006243423
0.005732593
0.004586247
0.003358436
0.002438342
0.001907273
0.001582172
0.001458543
0.00134643
0.001081395
0.0006222565
-0.0002863841
-0.001445326
-0.002260674
-0.002430435
-0.002148701
-0.001821027
-0.001713116
-0.00182556
-0.002000398
-0.002095057
-0.002079898
-0.002118273
-0.002706448
-0.003944061
-0.005571235
-0.007055147
-0.007824065
-0.00781979
-0.007454378
-0.007180489
-0.007104864
-0.006840672
-0.006068979
-0.005096213
-0.00447596
-0.00456604
-0.005573439
-0.006994951
-0.00796106
-0.008092537
-0.007675308
-0.007242555
-0.007113476
-0.007255145
-0.007543671
-0.008018764
-0.008492043
-0.008495684
-0.007986942
-0.007250934
-0.006248396
-0.004997558
-0.00352756
-0.002235795
-0.001597269
-0.001643595
-0.00198793
-0.001990287
-0.001122141
0.0002105025
0.001159696
0.001333102
0.0009787471
0.0003578189
-0.0006017044
-0.001614082
-0.00231428
-0.002747426
-0.003130732
-0.003675776
-0.004380104
-0.005276378
-0.006308072
-0.007108459
-0.007381955
-0.007198528
-0.006875541
-0.006683047
-0.006697265
-0.006825799
-0.006918226
-0.006577311
-0.005321817
-0.003206942
-0.0005712363
0.002056853
0.003972978
0.004883717
0.005335473
0.005915992
0.00660101
0.007246571
0.008047617
0.009381117
0.01151571
0.01399422
0.01602887
0.01719145
0.01710213
0.01607583
0.01509138
0.01518982
0.01653108
0.01809443
0.01866127
0.01777132
0.0160925
0.01459469
0.01359986
0.01299469
0.01249394
0.01173023
0.0107002
0.009465432
0.007946025
0.006306049
0.00498927
0.004381633
0.004226987
0.003826751
0.002965884
0.002098841
0.00170489
0.001919747
0.002851266
0.004165274
0.005130507
0.005255915
0.004308158
0.002765497
0.001511769
0.0006949296
0.0003003545
0.0003391341
0.0003742193
1.90392e-05
-0.000833932
-0.002084797
-0.003233151
-0.003773962
-0.003526976
-0.00243376
-0.001033445
-0.0001412129
-6.582561e-05
-0.0004932609
-0.001053889
-0.001882232
-0.003020709
-0.004436971
-0.005738397
-0.00641108
-0.006204189
-0.005048711
-0.003365011
-0.001647476
-0.0004818387
-0.0001749774
-0.0004967367
-0.0009207164
-0.0008335189
0.0001823728
0.001612231
0.002567911
0.002682048
0.002256383
0.001827072
0.001715711
0.00199528
0.002497563
0.002892988
0.003346858
0.004032896
0.004693986
0.005024522
0.005145082
0.005279138
0.005254032
0.004868337
0.003974558
0.002811244
0.001968369
0.001791698
0.00226343
0.003134858
0.004053356
0.004809565
0.005211801
0.005255041
0.005130165
0.005102993
0.005680064
0.007327555
0.009579814
0.01147183
0.01264228
0.01322319
0.01340852
0.01340844
0.01335014
0.01288281
0.01141516
0.009344762
0.007786133
0.007061421
0.00629343
0.004315927
0.000975709
-0.002811649
-0.006019901
-0.007971256
-0.00893547
-0.009622991
-0.01076431
-0.01275832
-0.01495266
-0.01629245
-0.01641779
-0.01581837
-0.0152485
-0.0151232
-0.01528785
-0.0151193
-0.01410956
-0.01225234
-0.01022462
-0.008520278
-0.007288791
-0.006213389
-0.005142741
-0.004047796
-0.002923742
-0.001881025
-0.000610728
0.001205933
0.003029461
0.004041807
0.004054196
0.003546578
0.003131078
0.003093422
0.003330537
0.003580137
0.003659627
0.003342821
0.002361686
0.0008853338
-0.001001125
-0.003110751
-0.004728551
-0.005421439
-0.005678057
-0.00617536
-0.007044041
-0.008178616
-0.009363237
-0.01019596
-0.01044394
-0.01024103
-0.009624857
-0.008535042
-0.007457976
-0.006762137
-0.006192322
-0.005487901
-0.004827712
-0.004327676
-0.003696591
-0.00264532
-0.00121018
0.0002050197
0.00120213
0.001933732
0.002672672
0.003616755
0.004883118
0.006061791
0.007028698
0.008001489
0.009197707
0.01056787
0.01164834
0.0124533
0.01328645
0.0139664
0.0138135
0.01219871
0.009086827
0.005030956
0.001172385
-0.001392341
-0.002353968
-0.002172861
-0.001664615
-0.001436972
-0.001700626
-0.002642905
-0.00407727
-0.005677593
-0.007081245
-0.008062338
-0.008549335
-0.008400842
-0.007786948
-0.00711864
-0.006323403
-0.005367909
-0.004622045
-0.004350534
-0.004421174
-0.004258437
-0.003168652
-0.001102839
0.001393918
0.00340528
0.00423037
0.003986271
0.003370708
0.003018529
0.003108289
0.00342625
0.003671076
0.003552965
0.002626018
0.000888688
-0.001021962
-0.00221021
-0.00210809
-0.001040515
0.0002650562
0.001056295
0.0008361858
-0.0001548152
-0.001342142
-0.002393072
-0.003552435
-0.005014467
-0.006518533
-0.007503506
-0.007709573
-0.007284877
-0.006409091
-0.005344624
-0.004551727
-0.004304763
-0.004248287
-0.003543789
-0.001816339
0.0006326194
0.003033617
0.004788348
0.005794031
0.006496032
0.007773092
0.009770115
0.01155079
0.01229153
0.01203414
0.01142742
0.01107571
0.01114964
0.01144534
0.01167809
0.01171452
0.01160749
0.01147177
0.01107064
0.009786886
0.007563237
0.005121636
0.003367859
0.002763304
0.002834067
0.002575794
0.001281502
-0.0007245516
-0.002348647
-0.003061006
-0.003120637
-0.002776099
-0.0022068
-0.001741491
-0.001655478
-0.002278069
-0.003563626
-0.00477228
-0.005237473
-0.004793599
-0.004059191
-0.003836268
-0.004492871
-0.005847128
-0.007182649
-0.007786401
-0.007338914
-0.006014624
-0.004319931
-0.002762202
-0.00177486
-0.001522809
-0.001807117
-0.002424174
-0.003099904
-0.003497975
-0.00345986
-0.002929951
-0.002248042
-0.002166109
-0.003180969
-0.005312817
-0.008032032
-0.01035224
-0.0120277
-0.01352511
-0.01492636
-0.01605804
-0.01673188
-0.01683004
-0.01632438
-0.01556632
-0.01493158
-0.01419637
-0.01323986
-0.01213157
-0.01107348
-0.01059179
-0.01093869
-0.01187679
-0.01277364
-0.0131322
-0.0128403
-0.01195208
-0.01064599
-0.009185149
-0.007902951
-0.007149903
-0.00675927
-0.005865579
-0.003938617
-0.001427927
0.0009932652
0.002910164
0.00426187
0.005690631
0.007821874
0.01084237
0.01448434
0.01790916
0.02028211
0.02136936
0.02130882
0.02052798
0.01975977
0.0195064
0.01974351
0.02012996
0.02036256
0.02030001
0.01962801
0.01797935
0.01581356
0.01403472
0.01294991
0.01241155
0.01223611
0.01225929
0.01230824
0.01207926
0.01128846
0.01011048
0.008806448
0.00757594
0.006887783
0.007328266
0.008777369
0.01067321
0.01219867
0.01223433
0.01037371
0.007688765
0.005312341
0.003349945
0.001440679
-0.0003444076
-0.001910154
-0.003134277
-0.003847775
-0.004474388
-0.005390374
-0.006615674
-0.007957306
-0.008963299
-0.009319662
-0.009147061
-0.00882405
-0.008644243
-0.008668039
-0.008776719
-0.008840853
-0.008822671
-0.008758717
-0.008553449
-0.00771158
-0.006035915
-0.003873088
-0.00162207
0.0003255866
0.001694595
0.002558707
0.003425305
0.00459043
0.006114695
0.007715671
0.009194551
0.01023246
0.01062025
0.01050429
0.01024296
0.01011929
0.01019847
0.01051021
0.01092299
0.01099637
0.01035966
0.008696675
0.006420237
0.004680921
0.004182882
0.004656404
0.005323081
0.005602439
0.005427018
0.00508431
0.004885792
0.00493333
0.005111771
0.00525338
0.0053313
0.005742588
0.006669528
0.007195128
0.00616067
0.00343771
-3.852588e-05
-0.002873749
-0.004306692
-0.004757862
-0.004924094
-0.005126642
-0.005363269
-0.005533758
-0.005589354
-0.00560138
-0.005866184
-0.006590759
-0.007296927
-0.007476659
-0.007393976
-0.007430846
-0.007320399
-0.006513077
-0.004822909
-0.002834125
-0.001072439
0.0002289021
0.001328568
0.002297208
0.002903801
0.003054093
0.002914825
0.002747442
0.002708661
0.002791121
0.00289843
0.00296776
0.00322134
0.004036545
0.005019397
0.005237441
0.004350925
0.002825158
0.001184892
4.311425e-05
-0.0002687643
2.358177e-05
0.0004206781
0.0002561886
-0.0008477162
-0.002420596
-0.003933854
-0.005521302
-0.007624007
-0.01010713
-0.01238757
-0.0137089
-0.01386521
-0.01334683
-0.0128667
-0.01286507
-0.01362108
-0.01498233
-0.01616537
-0.01654902
-0.01598296
-0.01449905
-0.01238881
-0.01005762
-0.007571728
-0.004966343
-0.00274919
-0.001157436
-5.296886e-05
0.0009987315
0.002231049
0.003697994
0.005121317
0.005932111
0.005712833
0.004565292
0.003386177
0.003384657
0.004578222
0.005774636
0.005659339
0.004219567
0.002491522
0.001685008
0.00209016
0.003008517
0.003627301
0.003885675
0.004619609
0.006290174
0.008144079
0.009177553
0.009136646
0.008257887
0.006850254
0.005646586
0.005502381
0.006696784
0.008626696
0.01069588
0.01245211
0.01365538
0.01454349
0.01545669
0.01622917
0.01659602
0.01650967
0.01578581
0.01413195
0.0119146
0.009685794
0.007497557
0.0051806
0.002844385
0.0006245386
-0.001372773
-0.003091166
-0.004891347
-0.007503905
-0.01091433
-0.01412612
-0.01620366
-0.01687708
-0.01659209
-0.01611763
-0.01597125
-0.01618025
-0.01625464
-0.01556959
-0.01414451
-0.01237603
-0.01078403
-0.009477611
-0.008298547
-0.006684323
-0.004294909
-0.001350594
0.001372189
0.002918404
0.003380688
0.00371787
0.004330716
0.005153131
0.005963378
0.006459084
0.006566241
0.006690633
0.007581439
0.009651742
0.01243721
0.01501956
0.01698222
0.01821157
0.01857619
0.01787917
0.01642291
0.01466683
0.01289188
0.01127599
0.009867607
0.008511315
0.006797814
0.004596767
0.002614558
0.001575356
0.00131879
0.00143988
0.001701578
0.001728375
0.001533875
0.001559065
0.002160751
0.003684888
0.006209765
0.009224604
0.01178905
0.01324332
0.01336629
0.01250886
0.01155531
0.0113309
0.01203026
0.01303098
0.01359106
0.01331467
0.01241705
0.01161372
0.01155886
0.01228171
0.01312187
0.01323211
0.0121765
0.01005534
0.007326705
0.00473818
0.002918187
0.002066071
0.001767103
0.001465431
0.0007463675
-0.000611078
-0.002677373
-0.005240315
-0.00775045
-0.0098282
-0.01113121
-0.01151616
-0.01128892
-0.01107356
-0.01151503
-0.01291457
-0.01521464
-0.01793176
-0.02029987
-0.02178129
-0.02213749
-0.02149628
-0.02039598
-0.01938379
-0.01886833
-0.01889894
-0.01903698
-0.01859861
-0.0171666
-0.01473033
-0.01202399
-0.009889409
-0.008590029
-0.007930656
-0.007525529
-0.007198477
-0.006783466
-0.006161433
-0.00532122
-0.004495262
-0.004033444
-0.00406456
-0.004581478
-0.00531109
-0.005725333
-0.005197566
-0.003709255
-0.001593434
0.0007467043
0.002612396
0.003647746
0.003878193
0.003404029
0.002650181
0.002160397
0.002153943
0.002678282
0.003799114
0.00504078
0.005638996
0.005101726
0.003693526
0.002359604
0.001987516
0.002563184
0.003005537
0.002410494
0.0009477482
-0.0003971765
-0.0008984866
-0.0006113282
-8.290314e-05
0.0002301159
0.0004271148
0.0009509026
0.001828846
0.002598839
0.002960104
0.003358227
0.004475679
0.006247279
0.007902974
0.008890311
0.00900066
0.008387859
0.007418706
0.006556833
0.006178132
0.00624269
0.0062182
0.00573423
0.00467377
0.002959974
0.0008155064
-0.001446709
-0.003547549
-0.005629621
-0.00828432
-0.01181032
-0.01561662
-0.01864772
-0.02038667
-0.02121859
-0.02196818
-0.02332818
-0.02534279
-0.02715458
-0.02794404
-0.0277143
-0.0268763
-0.02565626
-0.02431847
-0.02272798
-0.02068962
-0.01827985
-0.01522513
-0.01093977
-0.005618917
-0.0008120578
0.002075949
0.003095919
0.003398364
0.004087363
0.005521829
0.00738651
0.009020605
0.009831693
0.009638695
0.008702399
0.007535913
0.006420773
0.00554794
0.00509428
0.004868259
0.004519422
0.003876763
0.003052336
0.002428529
0.0022418
0.002371261
0.002372686
0.001947195
0.001079868
-0.0001801914
-0.001622326
-0.002769296
-0.003249603
-0.003395297
-0.003826564
-0.004361072
-0.004270694
-0.003468492
-0.002583435
-0.002138187
-0.001920863
-0.001205775
0.0005661863
0.003336566
0.006609201
0.01008378
0.01368821
0.01708826
0.01963773
0.02083213
0.02082307
0.02025285
0.01951027
0.01851826
0.01706131
0.01531212
0.01334127
0.01104113
0.008525121
0.006141207
0.003810212
0.001096094
-0.002143598
-0.005723913
-0.009184865
-0.01217953
-0.01474004
-0.01704259
-0.01904851
-0.0206853
-0.02205048
-0.02315397
-0.02380351
-0.0239568
-0.02381596
-0.02334065
-0.02233821
-0.0209299
-0.0193665
-0.01824183
-0.01757383
-0.01650943
-0.01442703
-0.01177231
-0.009621651
-0.008589419
-0.008612544
-0.009305417
-0.01018788
-0.0107577
-0.0108197
-0.01055911
-0.01029791
-0.0102282
-0.01033314
-0.01049258
-0.01057438
-0.01034895
-0.009762719
-0.009203233
-0.009228281
-0.009877042
-0.01061509
-0.01095894
-0.01085009
-0.0105117
-0.009979252
-0.009132882
-0.008195721
-0.007605742
-0.007531254
-0.007772703
-0.007957665
-0.007685993
-0.006941344
-0.005966021
-0.00517285
-0.004705581
-0.004079652
-0.003165677
-0.002389856
-0.002019794
-0.001709722
-0.001025923
1.819974e-05
0.0013756
0.002905098
0.004476413
0.005672765
0.006137008
0.005861059
0.004967175
0.003661031
0.002211099
0.0008098024
-0.0006092237
-0.002519565
-0.005333518
-0.008754641
-0.01210129
-0.01484306
-0.01676672
-0.01793273
-0.01842194
-0.01843975
-0.0182691
-0.01781146
-0.01651628
-0.01417629
-0.0113154
-0.008830754
-0.007051231
-0.005591933
-0.004122744
-0.002443177
-0.0004321433
0.001654385
0.00344503
0.004864601
0.006300965
0.008280464
0.01088008
0.01341243
0.01535762
0.01744991
0.02050809
0.02422618
0.02772108
0.03007127
0.03061831
0.02968986
0.02824047
0.02718105
0.02693934
0.02729809
0.02767934
0.0274117
0.02594647
0.02300178
0.01865547
0.0135915
0.008736191
0.004607244
0.001247378
-0.001859352
-0.005524121
-0.009711091
-0.01335994
-0.01548272
-0.01555043
-0.01403166
-0.01175999
-0.009224838
-0.00664805
-0.003949796
-0.0006720604
0.003165601
0.007120269
0.01076788
0.01422265
0.01814225
0.02299838
0.02862835
0.03448268
0.03996916
0.04443729
0.04782369
0.05086258
0.05445224
0.05888386
0.06348656
0.06729099
0.06949856
0.07031546
0.07061344
0.07104959
0.07184087
0.07268345
0.07304976
0.07240036
0.07048154
0.06760437
0.06440394
0.06115672
0.05715851
0.05158148
0.04463256
0.03701977
0.02955898
0.02267059
0.01622884
0.009840968
0.003385642
-0.002805295
-0.008149411
-0.01209692
-0.01475908
-0.01653674
-0.01766037
-0.0183992
-0.01883106
-0.01867312
-0.01769074
-0.01630514
-0.01494397
-0.01374046
-0.01259163
-0.0112056
-0.009523262
-0.007992011
-0.006975965
-0.006638353
-0.007005195
-0.008046798
-0.009739254
-0.01204883
-0.0148284
-0.01814443
-0.02198389
-0.02617409
-0.03078875
-0.03569526
-0.04047235
-0.04497237
-0.04918597
-0.05325736
-0.05764186
-0.06223454
-0.06626547
-0.06910368
-0.07086713
-0.07201442
-0.07268955
-0.07293695
-0.07288552
-0.07251628
-0.07149339
-0.06963727
-0.06679187
-0.0625788
-0.05670967
-0.04922012
-0.04054337
-0.0316749
-0.02351027
-0.01598123
-0.008229003
0.0002743884
0.009219943
0.01823964
0.02727809
0.03618985
0.04472557
0.05275428
0.05996698
0.06600738
0.07056496
0.07340508
0.0745204
0.07416708
0.0728431
0.07093603
0.06855652
0.0654992
0.06122329
0.05561213
0.04907852
0.04182281
0.03352084
0.02434551
0.01495118
0.005523199
-0.003807391
-0.01227115
-0.01926648
-0.02505334
-0.03048977
-0.03643343
-0.04294919
-0.04937726
-0.05517352
-0.06037083
-0.06536456
-0.07028594
-0.07470648
-0.07812169
-0.08024619
-0.08138779
-0.08218912
-0.08278011
-0.08269504
-0.08169067
-0.08006662
-0.07835267
-0.07689076
-0.07568798
-0.07455425
-0.07336941
-0.0724509
-0.0720898
-0.0722696
-0.07301372
-0.07424749
-0.07577992
-0.07770884
-0.08013151
-0.08291285
-0.08575817
-0.08822956
-0.08977183
-0.09000097
-0.0891522
-0.0876909
-0.08567783
-0.0827733
-0.07897192
-0.07505132
-0.07171176
-0.06863775
-0.06482696
-0.05975917
-0.05354966
-0.04621827
-0.03746319
-0.02718256
-0.01550867
-0.002723795
0.01008271
0.02149049
0.03132126
0.04069204
0.0507457
0.06189862
0.0735541
0.0845162
0.0937964
0.1011152
0.106792
0.1113151
0.1152501
0.1189252
0.1224679
0.1258469
0.1284948
0.129768
0.1296891
0.1285449
0.1262461
0.1223642
0.1168678
0.1103694
0.1032226
0.09530405
0.08616712
0.07466848
0.05997022
0.04254888
0.02414036
0.006897335
-0.007708943
-0.01929282
-0.02835488
-0.03626916
-0.04412162
-0.05189034
-0.05886865
-0.06445138
-0.06813183
-0.06963956
-0.06925773
-0.06746233
-0.06482511
-0.06158954
-0.05722206
-0.05121188
-0.04375781
-0.03583406
-0.02849477
-0.02209445
-0.01584113
-0.008623021
8.086512e-05
0.01000002
0.02025673
0.02945641
0.03678834
0.04255066
0.04782743
0.05338993
0.05927336
0.06506353
0.07023042
0.07448533
0.07781659
0.0805734
0.08349158
0.08705098
0.09090563
0.09430159
0.09665773
0.09792938
0.09838561
0.09832493
0.09771984
0.09610375
0.09297943
0.08873379
0.08395727
0.07881453
0.07318224
0.06718979
0.06122482
0.05527973
0.04873156
0.04097065
0.03240415
0.02397802
0.01634869
0.009592289
0.00331273
-0.002726727
-0.00834245
-0.01347651
-0.01865858
-0.02457032
-0.03133936
-0.03849435
-0.04529964
-0.05119651
-0.05590637
-0.05971866
-0.06323104
-0.06658565
-0.06969498
-0.07270909
-0.0757765
-0.07838601
-0.07994072
-0.08065197
-0.08127016
-0.08251366
-0.08489135
-0.08864754
-0.09348531
-0.09867268
-0.1034886
-0.1076
-0.1114393
-0.1154235
-0.1196172
-0.1236899
-0.1270046
-0.128961
-0.1292801
-0.1280384
-0.125681
-0.1228998
-0.1199325
-0.1160416
-0.1101918
-0.1021871
-0.09282674
-0.08343752
-0.07502324
-0.06774266
-0.0608286
-0.05330202
-0.04461447
-0.03506868
-0.02574958
-0.01769664
-0.0112515
-0.006306362
-0.002586037
0.0001229127
0.002083953
0.003279556
0.003452136
0.002241039
-0.0004863731
-0.00447293
-0.00896099
-0.01358645
-0.018438
-0.02349935
-0.02823652
-0.03192619
-0.03448264
-0.03652691
-0.03861217
-0.04043764
-0.041401
-0.04127276
-0.03980222
-0.0366885
-0.0324916
-0.02814602
-0.02406747
-0.01997756
-0.01566238
-0.01118624
-0.006476887
-0.001389517
0.004110359
0.01002362
0.01608955
0.02201539
0.02802898
0.03498118
0.04395874
0.05499132
0.06683538
0.07788238
0.08701366
0.09380049
0.09840043
0.101176
0.1026312
0.1030233
0.1017906
0.09825562
0.09269728
0.08611741
0.07962376
0.07377216
0.0678844
0.06040442
0.05036127
0.03874497
0.02804365
0.02019681
0.01522003
0.01194699
0.009043033
0.005883478
0.003108717
0.001678061
0.001733966
0.002723215
0.003840176
0.004641955
0.005105196
0.005532968
0.00632759
0.007707265
0.00993684
0.01298821
0.01632697
0.01935334
0.02163703
0.02311396
0.02405537
0.02441072
0.0239057
0.02255897
0.02054742
0.01802916
0.01502297
0.01171959
0.008485487
0.005348499
0.002279269
-0.0004133535
-0.002599636
-0.004352748
-0.005530448
-0.005976582
-0.005784907
-0.004888165
-0.003314826
-0.001447015
0.0004794802
0.002387243
0.004419763
0.006999699
0.01027606
0.01430182
0.01914499
0.0246149
0.03025674
0.03541218
0.03951259
0.04268879
0.04552625
0.04865228
0.0524137
0.05664299
0.06069835
0.06396697
0.06619897
0.06757626
0.06859946
0.06972462
0.07110667
0.07264523
0.07411614
0.07517463
0.07554045
0.07502686
0.07347566
0.07099661
0.06808696
0.06545721
0.06334328
0.06149273
0.06023737
0.06030414
0.06192519
0.06445385
0.06702839
0.06910451
0.07051639
0.07117445
0.07057796
0.06795534
0.0630133
0.05557978
0.04558028
0.03374666
0.02084831
0.007353118
-0.006346895
-0.02021999
-0.03459871
-0.04996846
-0.0660974
-0.08198769
-0.09628314
-0.1072843
-0.1141742
-0.1174537
-0.1182001
-0.1171802
-0.1143528
-0.1092051
-0.1017768
-0.09314111
-0.08511588
-0.07939301
-0.07630863
-0.07466404
-0.072659
-0.06893302
-0.06331044
-0.056318
-0.04823401
-0.03921819
-0.02958357
-0.01956401
-0.009481558
0.0004793165
0.01088328
0.02250658
0.03500503
0.04681919
0.05662946
0.06439758
0.07106934
0.07758116
0.08361879
0.08800566
0.08977903
0.08894217
0.08648334
0.08376468
0.08141523
0.07926199
0.07668509
0.07306679
0.06829609
0.06233918
0.05540851
0.04769996
0.03975358
0.03207365
0.02514433
0.01922724
0.01439448
0.0109028
0.008850686
0.007938286
0.00789654
0.008617642
0.009880258
0.01120461
0.01198857
0.01155768
0.009250015
0.005386621
0.0009239367
-0.004096179
-0.010442
-0.01855247
-0.02825226
-0.0387801
-0.04930359
-0.05936594
-0.06862437
-0.07657146
-0.08287193
-0.08770206
-0.0912354
-0.09349515
-0.09460712
-0.09484265
-0.09444355
-0.09355145
-0.09251405
-0.0916341
-0.09077245
-0.0894106
-0.08673819
-0.08195841
-0.07451863
-0.06498711
-0.05465171
-0.04479323
-0.03613861
-0.02838551
-0.02036044
-0.01154802
-0.00303346
0.003599457
0.00768652
0.009829445
0.01088831
0.01120986
0.01049563
0.008494895
0.005560725
0.002241787
-0.001531092
-0.006112088
-0.01147248
-0.01718004
-0.02280932
-0.02819745
-0.03327992
-0.03779524
-0.04183981
-0.04549781
-0.04875948
-0.05189339
-0.05504217
-0.0580729
-0.06081386
-0.06295468
-0.06396006
-0.06327775
-0.06051775
-0.05559406
-0.04871159
-0.0405468
-0.03188216
-0.02291016
-0.01319359
-0.002335456
0.009616586
0.02215684
0.03379883
0.04334506
0.05102338
0.05806887
0.06543974
0.07309183
0.08035756
0.08663445
0.09196506
0.09703646
0.102501
0.1083494
0.114257
0.1203512
0.1270429
0.1344716
0.1426698
0.1513825
0.1598475
0.1674064
0.1742513
0.1809694
0.1875831
0.1936403
0.1984925
0.2017683
0.2035149
0.2044095
0.2048656
0.2045298
0.2024084
0.1973778
0.188865
0.1767634
0.1605287
0.1382085
0.1104872
0.08194028
0.05595374
0.03217858
0.007536907
-0.01967448
-0.04837318
-0.07688873
-0.1039722
-0.130187
-0.1571129
-0.1829825
-0.2034805
-0.2162031
-0.2223744
-0.2253425
-0.2279203
-0.2309382
-0.2337939
-0.2355736
-0.2358698
-0.234723
-0.2325767
-0.2297717
-0.2263193
-0.2219593
-0.2160983
-0.2086031
-0.2002376
-0.1916746
-0.1831738
-0.1745655
-0.1657041
-0.157202
-0.1500018
-0.144159
-0.1383537
-0.1310471
-0.1212677
-0.1089017
-0.0950005
-0.08149067
-0.07049012
-0.0634976
-0.06038312
-0.05966459
-0.0597199
-0.0594799
-0.05858107
-0.05733157
-0.05588215
-0.05391597
-0.05097186
-0.0466692
-0.0413859
-0.03599929
-0.03105141
-0.02669532
-0.02276259
-0.01893823
-0.01498584
-0.01087425
-0.00685863
-0.003372434
-0.0005664881
0.001498647
0.002429155
0.002117654
0.001258954
0.0009222245
0.001930184
0.004208761
0.007211983
0.01070102
0.01479973
0.01993053
0.02670071
0.03553211
0.0460805
0.05721514
0.06814943
0.07909906
0.09061002
0.1032207
0.1169291
0.1308326
0.1439434
0.156021
0.167467
0.1784125
0.1886483
0.1981558
0.2068915
0.2142419
0.2198382
0.2239409
0.22688
0.2284588
0.2281194
0.2257129
0.2212083
0.2142132
0.2051068
0.1951155
0.1860199
0.1786724
0.172747
0.167218
0.1610517
0.1537178
0.1453245
0.1361447
0.1260934
0.1145903
0.1009611
0.08471133
0.06615629
0.04649575
0.02705076
0.008653767
-0.008631264
-0.02529006
-0.04208167
-0.05881876
-0.07432475
-0.08735217
-0.09739294
-0.1050553
-0.1112117
-0.1164856
-0.1216086
-0.1268693
-0.1319676
-0.1359852
-0.1381207
-0.1380812
-0.1359862
-0.1317696
-0.1245463
-0.1133098
-0.09827726
-0.08082846
-0.06235763
-0.04461085
-0.02864601
-0.01396808
0.0006900567
0.01632617
0.03263784
0.04866237
0.06431733
0.08066414
0.09787659
0.1148039
0.130158
0.1433663
0.1550032
0.1660959
0.177214
0.1882425
0.1980925
0.2053759
0.209856
0.2123612
0.2137964
0.2143041
0.2133431
0.2104003
0.2050603
0.1969004
0.1859037
0.1724543
0.1569029
0.1398281
0.1222773
0.105241
0.08871638
0.07246362
0.05643771
0.04035617
0.02427135
0.008384231
-0.007470422
-0.02388962
-0.04110276
-0.05845848
-0.07523352
-0.09121597
-0.1061495
-0.1194056
-0.1307901
-0.1407733
-0.1498213
-0.1578106
-0.164334
-0.16915
-0.1721656
-0.1734953
-0.1734072
-0.172299
-0.1705458
-0.1685088
-0.1665451
-0.1646467
-0.1627177
-0.1606383
-0.1582062
-0.1550183
-0.1502068
-0.1432019
-0.1342315
-0.1237803
-0.1128639
-0.1029827
-0.0947018
-0.08789949
-0.08235132
-0.07804099
-0.07486441
-0.07242984
-0.07045503
-0.06889219
-0.06791362
-0.06760297
-0.06781443
-0.0684761
-0.06972713
-0.0720156
-0.0755425
-0.07997819
-0.08493699
-0.09026213
-0.0959542
-0.1017985
-0.1074888
-0.1126681
-0.1168181
-0.1196951
-0.1214761
-0.122658
-0.123649
-0.1244251
-0.124818
-0.1248321
-0.1246478
-0.1241742
-0.122864
-0.1204699
-0.1170464
-0.112389
-0.1058454
-0.09714065
-0.08720836
-0.07726565
-0.06831951
-0.0608527
-0.05454452
-0.04885872
-0.04365743
-0.0390354
-0.03491208
-0.03101459
-0.02697983
-0.02217502
-0.01615203
-0.009154002
-0.001799823
0.005639376
0.01326896
0.0213081
0.0301752
0.03993957
0.04953317
0.05741629
0.06276198
0.06542987
0.06595559
0.06529686
0.06420457
0.06305922
0.06211362
0.06163578
0.06180186
0.06274363
0.06456705
0.06751447
0.07146079
0.07584072
0.07987876
0.08286009
0.08452961
0.08490536
0.08388771
0.0811035
0.07675673
0.07179288
0.06698993
0.0628758
0.05962864
0.05659425
0.05292714
0.04830492
0.04305799
0.03752793
0.03213202
0.02704317
0.02196449
0.01654143
0.01128328
0.00712001
0.004532976
0.003662326
0.004321529
0.005874578
0.007563506
0.00897573
0.009979295
0.01029342
0.009490356
0.007244241
0.003490971
-0.001346747
-0.006325751
-0.01046432
-0.01325586
-0.01474725
-0.01514335
-0.01446811
-0.01246396
-0.009174358
-0.004572034
0.001478352
0.008488447
0.01545819
0.02187062
0.02815448
0.03475286
0.04211079
0.05028447
0.05844787
0.06544408
0.07068527
0.07429999
0.07627876
0.07654357
0.07511937
0.07221237
0.06757163
0.06038414
0.05050784
0.03902984
0.0279079
0.01895043
0.01267016
0.008331596
0.0043853
-0.0006144018
-0.007372666
-0.01564384
-0.02468406
-0.03378165
-0.04255288
-0.05043586
-0.05658683
-0.06064379
-0.06301264
-0.06392069
-0.0629975
-0.0599934
-0.05516437
-0.04905566
-0.04248672
-0.03667015
-0.03238004
-0.0296231
-0.0279757
-0.02693499
-0.02628917
-0.02630213
-0.02753626
-0.03005583
-0.03359045
-0.03789878
-0.04236958
-0.0463255
-0.05007682
-0.05454717
-0.05867257
-0.06092797
-0.06025966
-0.05539299
-0.04716518
-0.03657564
-0.02480492
-0.01280853
-0.002302414
0.005272396
0.01004286
0.01329015
0.01626551
0.01920671
0.02136837
0.02230638
0.02280328
0.02465189
0.02962194
0.03841
0.0501368
0.06272728
0.07390487
0.08228396
0.08830618
0.09345638
0.09919991
0.1059133
0.1127363
0.1185595
0.1229425
0.1261416
0.1282851
0.1287006
0.1257342
0.1174406
0.1032136
0.08463659
0.06446986
0.04604965
0.03162831
0.02097391
0.01217726
0.003812112
-0.004314916
-0.01189966
-0.01870341
-0.02480025
-0.03058952
-0.0362861
-0.04205235
-0.04822502
-0.05566684
-0.0651304
-0.07566688
-0.08550207
-0.09338012
-0.09918518
-0.104008
-0.1088826
-0.1136674
-0.1176645
-0.1206613
-0.1228258
-0.1243581
-0.1253049
-0.1256693
-0.1255718
-0.1250019
-0.1235343
-0.1200767
-0.1130942
-0.1011858
-0.08474071
-0.06585779
-0.04698934
-0.02979629
-0.01584339
-0.005478783
0.002747658
0.01075333
0.01956513
0.02912775
0.03842637
0.04628591
0.05229459
0.05708712
0.06156853
0.06643763
0.0724438
0.07970225
0.08739168
0.09423212
0.0993221
0.102732
0.1052133
0.1074095
0.1097275
0.112573
0.1159715
0.1197005
0.1235585
0.1272173
0.1303771
0.1327597
0.1343265
0.135362
0.1360138
0.1361427
0.1352611
0.1327979
0.1280488
0.1208414
0.1116978
0.1021177
0.09358729
0.08638256
0.07969769
0.07221209
0.06324189
0.05318977
0.0427641
0.03234852
0.02230811
0.01309929
0.005042959
-0.001971975
-0.007751973
-0.01190285
-0.01447337
-0.01593199
-0.01680559
-0.01729136
-0.01723664
-0.01624243
-0.01405097
-0.01051894
-0.005289769
0.001538186
0.008798582
0.01527273
0.02085834
0.02608383
0.03102766
0.0349559
0.0370132
0.03699554
0.03512043
0.03220692
0.0289371
0.02538007
0.02128069
0.0165808
0.0112282
0.005411754
-0.0004263279
-0.005977582
-0.01123856
-0.01624342
-0.02067897
-0.02440841
-0.02758023
-0.03048156
-0.0330731
-0.03466461
-0.03460121
-0.0327318
-0.02914573
-0.02450536
-0.01965635
-0.01501377
-0.01084581
-0.00765098
-0.006013023
-0.006114893
-0.00813875
-0.0123234
-0.01841359
-0.02588614
-0.03373646
-0.04086392
-0.04710934
-0.05307905
-0.05938769
-0.06633967
-0.07402741
-0.08225085
-0.09077983
-0.09930696
-0.1067245
-0.1117409
-0.1140557
-0.1141229
-0.1123428
-0.1090096
-0.1047966
-0.09999801
-0.09505396
-0.09087173
-0.08787652
-0.08561352
-0.08286889
-0.07824971
-0.07154933
-0.06378731
-0.05625034
-0.04994072
-0.04523797
-0.04161936
-0.03819808
-0.03498022
-0.03256684
-0.03134003
-0.03089803
-0.0303241
-0.0288329
-0.02626235
-0.02300654
-0.01920114
-0.01464167
-0.009347819
-0.003701142
0.001758429
0.006504079
0.01033245
0.01378769
0.01725355
0.02058551
0.02349924
0.02565528
0.02666851
0.02633072
0.02486948
0.02266736
0.02006684
0.01719555
0.01363363
0.008976919
0.00341607
-0.002523845
-0.008730331
-0.01534405
-0.02173304
-0.02695043
-0.03118023
-0.03543089
-0.04041665
-0.04608829
-0.05195476
-0.05759171
-0.06278065
-0.06725091
-0.07052267
-0.07210416
-0.07191107
-0.06992952
-0.06609088
-0.06043819
-0.05289565
-0.04364541
-0.03327612
-0.02285148
-0.01345157
-0.005459137
0.001713163
0.009233743
0.01790089
0.02767724
0.03746734
0.0458119
0.05150432
0.05423905
0.05464527
0.05387711
0.05293929
0.05219378
0.05141424
0.0507599
0.05086129
0.05192973
0.05325037
0.05420029
0.05487492
0.05550058
0.05599373
0.05622637
0.05623142
0.05611991
0.0557718
0.05472497
0.05256015
0.04872183
0.04296879
0.03588763
0.02860098
0.02255758
0.01826933
0.01509425
0.01226502
0.008965651
0.004525924
-0.001048651
-0.00756668
-0.01515099
-0.02321613
-0.03070212
-0.03718722
-0.04255888
-0.04661222
-0.04919233
-0.05034073
-0.05040246
-0.04971061
-0.04826967
-0.0458669
-0.04171265
-0.03516569
-0.02674142
-0.01772958
-0.009265667
-0.002054101
0.003949922
0.009048155
0.01317
0.01600057
0.01731443
0.01731978
0.01651796
0.01563637
0.01509657
0.01438339
0.01289351
0.01092843
0.009011492
0.007683065
0.007248986
0.007636521
0.008758427
0.01007994
0.01087179
0.010903
0.01051278
0.01016604
0.01017496
0.0107829
0.01208071
0.0141078
0.01659165
0.01881771
0.02066195
0.02259148
0.02499645
0.02786283
0.03088289
0.03374798
0.03613181
0.03766624
0.03852154
0.03916029
0.0397095
0.03983208
0.03911196
0.03793412
0.03708634
0.03694532
0.03729267
0.03765228
0.03755617
0.03654699
0.03425099
0.03066247
0.02629614
0.02170096
0.01760973
0.01520144
0.0148401
0.01600754
0.01814472
0.02075439
0.02312764
0.02443301
0.02449413
0.02373896
0.02261566
0.02185348
0.0222483
0.02419487
0.02779356
0.03240703
0.03703594
0.04069841
0.04280417
0.04332593
0.04290793
0.04235066
0.04178235
0.04098844
0.03999372
0.03886741
0.03785225
0.0372328
0.0366588
0.03525909
0.03227977
0.02757406
0.02201356
0.01703303
0.01354765
0.01180892
0.01153265
0.0118687
0.01153857
0.009639419
0.006097209
0.001272229
-0.004549789
-0.01125416
-0.01835375
-0.02539785
-0.03208211
-0.03827213
-0.04382863
-0.04873833
-0.05303635
-0.05702352
-0.06090297
-0.06464899
-0.06802809
-0.07046866
-0.07184303
-0.07207314
-0.07125948
-0.06971114
-0.06777905
-0.0656568
-0.06350729
-0.0613304
-0.05896856
-0.05650193
-0.05459573
-0.05374839
-0.05351384
-0.05309989
-0.0520523
-0.04975556
-0.04596539
-0.04058344
-0.03400872
-0.02688207
-0.01994953
-0.0136595
-0.008279537
-0.004170921
-0.001534857
-0.0003881531
-0.0003409012
-0.0006977916
-0.0008839715
-0.0005088677
0.0006377705
0.00225184
0.004163242
0.006200445
0.007965801
0.009484938
0.01094499
0.01251499
0.01438188
0.01642079
0.01843102
0.02022607
0.02150848
0.02240463
0.02316589
0.02373504
0.02398634
0.02397646
0.02418957
0.0251028
0.02646359
0.02788521
0.02902444
0.02956667
0.0295369
0.02940189
0.02946661
0.0293109
0.02825045
0.02569777
0.02150846
0.01586247
0.009031221
0.001544535
-0.005831209
-0.01244014
-0.01785082
-0.02187522
-0.02452688
-0.02607466
-0.02686245
-0.02689525
-0.02568753
-0.02276157
-0.01799355
-0.01149879
-0.003926877
0.003691064
0.01065324
0.0166913
0.02173423
0.02596365
0.02980088
0.03365467
0.03771669
0.04193225
0.04614719
0.05029884
0.05459965
0.05913614
0.06362504
0.06756434
0.07062162
0.0727532
0.07414106
0.07491609
0.07525606
0.07559291
0.07609192
0.0763956
0.07571184
0.07346076
0.06946743
0.06396772
0.05720489
0.0495424
0.04189886
0.03561526
0.03150246
0.02923561
0.02790381
0.02671152
0.02528404
0.02373321
0.02240938
0.02108533
0.01903526
0.0155015
0.01016545
0.002879895
-0.006123695
-0.01588628
-0.02497263
-0.03280379
-0.03988316
-0.04695194
-0.05473535
-0.06341747
-0.07263833
-0.081654
-0.08960673
-0.09603108
-0.1010827
-0.1049974
-0.1079548
-0.1098697
-0.1100852
-0.1082341
-0.1045271
-0.09920285
-0.09269796
-0.08581013
-0.07955404
-0.07471755
-0.07143132
-0.06911153
-0.06704834
-0.06504385
-0.06334398
-0.06212459
-0.06108853
-0.05996091
-0.05834861
-0.05600492
-0.05298685
-0.04917607
-0.04424244
-0.03842852
-0.03265912
-0.0279745
-0.02456837
-0.02194462
-0.01937802
-0.01632309
-0.01288997
-0.009335946
-0.005538297
-0.001662974
0.001808629
0.004639896
0.006719741
0.007794278
0.007920783
0.007418366
0.006496173
0.005447537
0.004745456
0.004638434
0.005277367
0.006945625
0.009877136
0.01391146
0.01837221
0.02267958
0.02627953
0.02906423
0.03140028
0.03361185
0.03562099
0.03726986
0.03859239
0.03961558
0.04018517
0.03995193
0.03847367
0.03583587
0.03266654
0.02962858
0.02698488
0.02458568
0.02249221
0.02152001
0.02236647
0.02453107
0.02700613
0.02932584
0.03157596
0.03399714
0.03673207
0.03965291
0.04247101
0.04515138
0.04779502
0.050389
0.05268769
0.05451983
0.05625423
0.05801618
0.05967601
0.0611327
0.06242842
0.06368504
0.0650476
0.06684303
0.06884724
0.07043138
0.07126023
0.07137003
0.07087412
0.0696079
0.06717921
0.06308189
0.05698885
0.0489734
0.03961553
0.03003274
0.02150743
0.01455749
0.008551091
0.002873602
-0.002732676
-0.008292414
-0.01346261
-0.01776227
-0.02136094
-0.02470646
-0.02806824
-0.03169387
-0.03566765
-0.03968662
-0.04321802
-0.04605585
-0.04845946
-0.05083395
-0.05311712
-0.05496865
-0.0563626
-0.05714112
-0.05697794
-0.05580302
-0.05410433
-0.05225983
-0.05057132
-0.04901248
-0.04747722
-0.04601979
-0.0444624
-0.04279742
-0.04103272
-0.03896936
-0.0367898
-0.03495445
-0.03357045
-0.03262177
-0.03179612
-0.03090049
-0.02983533
-0.02833521
-0.02634416
-0.02374847
-0.02051713
-0.01676938
-0.01235449
-0.0072389
-0.00201944
0.002268199
0.005053758
0.006348317
0.00637221
0.005260098
0.003142896
9.073223e-05
-0.003760629
-0.007672041
-0.01093179
-0.01326496
-0.01472704
-0.01560501
-0.0160857
-0.01627592
-0.01643512
-0.01686348
-0.01742659
-0.01768635
-0.01719533
-0.0157794
-0.01339003
-0.009925094
-0.005458156
-0.0004571495
0.004571533
0.009327211
0.01423163
0.02027264
0.02800351
0.03719804
0.04715401
0.05700937
0.06558168
0.07206249
0.07667446
0.07993303
0.08239063
0.08389105
0.08390409
0.0825057
0.07960992
0.07482959
0.06834244
0.06102382
0.05380822
0.04720457
0.04112404
0.03486364
0.02801756
0.02080021
0.01371825
0.007450237
0.002586333
-0.001270337
-0.004921339
-0.008703262
-0.01276874
-0.01671786
-0.0198038
-0.02182164
-0.0228529
-0.02317114
-0.02336751
-0.02376786
-0.02437418
-0.02533516
-0.02645053
-0.02697863
-0.02652736
-0.02511941
-0.02296558
-0.01970135
-0.01486725
-0.008771056
-0.002778649
0.001772945
0.004237832
0.00491726
0.004549065
0.003845403
0.003113074
0.002046987
0.0004759139
-0.00149724
-0.003803681
-0.006199419
-0.008450177
-0.01073104
-0.01372606
-0.01828097
-0.0245337
-0.03152234
-0.03782299
-0.04283964
-0.04741794
-0.05300305
-0.06014707
-0.068015
-0.07497935
-0.07958234
-0.08139369
-0.08133388
-0.0809302
-0.0805569
-0.07932896
-0.07664184
-0.07266371
-0.06795423
-0.06273715
-0.0570141
-0.05077755
-0.04407777
-0.0375111
-0.0317725
-0.02718297
-0.02324852
-0.01866601
-0.01221766
-0.003614948
0.006239356
0.01535125
0.02240861
0.02790766
0.03315162
0.03859385
0.0435944
0.04749232
0.04986357
0.05066948
0.05044097
0.0498454
0.04897584
0.04709122
0.04308789
0.0369023
0.02997355
0.0239537
0.01936763
0.01591016
0.01307609
0.01058533
0.008766778
0.008149394
0.009070099
0.01125261
0.01430779
0.01804784
0.02233938
0.02648441
0.02949491
0.03108132
0.03185181
0.03265804
0.03393558
0.03551826
0.03683197
0.03756999
0.03756069
0.03672033
0.03523299
0.03330625
0.03123516
0.02915777
0.02690743
0.0243039
0.021217
0.01787448
0.01487804
0.0122997
0.009810028
0.007200177
0.00471197
0.002800624
0.001727639
0.001489978
0.001931828
0.002737738
0.003549463
0.004030339
0.004294095
0.004813597
0.005709223
0.006738954
0.007623015
0.008261769
0.008580072
0.008442476
0.007516708
0.005537075
0.002547193
-0.001536732
-0.006827153
-0.01295808
-0.01932965
-0.02518261
-0.03014707
-0.03468467
-0.03963086
-0.04533728
-0.05126311
-0.05662062
-0.06071278
-0.06324829
-0.06426102
-0.06421542
-0.06382642
-0.06339835
-0.06243618
-0.06042533
-0.05727556
-0.05309267
-0.04827536
-0.04317178
-0.03792275
-0.03247756
-0.02677194
-0.02105244
-0.01528174
-0.009210825
-0.002851277
0.003964055
0.01133874
0.01861784
0.02497808
0.03015895
0.03405739
0.03657349
0.03807781
0.03951276
0.0416629
0.04458987
0.0478135
0.05084043
0.05350623
0.05581182
0.05741774
0.05794192
0.05715457
0.05475523
0.05060776
0.04523589
0.03978034
0.03521843
0.03188137
0.02942582
0.02718764
0.02460761
0.02140219
0.01778011
0.0140799
0.0106641
0.007760801
0.005409218
0.003873661
0.003416204
0.004190043
0.006377261
0.009757172
0.0140558
0.01907507
0.0244548
0.02965453
0.03445514
0.03894746
0.04352221
0.04839862
0.05300265
0.05647786
0.05829361
0.05888287
0.05922624
0.05980899
0.06047579
0.06090287
0.06097146
0.06074352
0.06015657
0.05912996
0.05776389
0.05620555
0.05443819
0.05251663
0.05040933
0.04800863
0.04526846
0.04211808
0.03863716
0.03479429
0.03090092
0.02749075
0.0247421
0.02254377
0.02106411
0.02049839
0.02071882
0.02151944
0.02279331
0.02454826
0.02653108
0.02824399
0.02921985
0.02930244
0.02857049
0.02728274
0.02578989
0.02429121
0.02257618
0.0202758
0.01711606
0.0130843
0.008453838
0.003970093
0.0001558569
-0.002848544
-0.004996134
-0.006520521
-0.008009829
-0.009837907
-0.01204332
-0.01427698
-0.01610166
-0.01733989
-0.01805371
-0.01877168
-0.02017922
-0.02253671
-0.02553369
-0.02855037
-0.03094654
-0.03255988
-0.03391117
-0.03544077
-0.03728539
-0.03972143
-0.04267727
-0.04556205
-0.0480873
-0.05039652
-0.05285351
-0.05561664
-0.05842601
-0.06086962
-0.06300594
-0.06511839
-0.06726375
-0.06953716
-0.07206327
-0.07470242
-0.07700295
-0.07876403
-0.08019467
-0.08148175
-0.08282189
-0.08397034
-0.08454893
-0.08453586
-0.08425092
-0.08402755
-0.08367897
-0.08247862
-0.08009388
-0.0769452
-0.07357384
-0.07005676
-0.06613129
-0.06146298
-0.05593169
-0.0497585
-0.04342596
-0.03741986
-0.03226319
-0.02780085
-0.02358851
-0.01981991
-0.01711094
-0.01552714
-0.01419115
-0.01242615
-0.01033711
-0.008173652
-0.005895969
-0.003390887
-0.0006756187
0.002121161
0.004892032
0.007682461
0.01054476
0.01340973
0.01619594
0.01890405
0.02147998
0.02353471
0.02500142
0.02610052
0.02724563
0.02849896
0.02941829
0.02970814
0.02951395
0.02921435
0.02908967
0.02912788
0.02892016
0.02809186
0.02696604
0.02619748
0.02592548
0.02550104
0.02452011
0.02291873
0.02097643
0.01909116
0.01737297
0.01608263
0.01550166
0.01554739
0.01598999
0.01689931
0.01801211
0.01867492
0.01829915
0.01701135
0.01568056
0.01507076
0.01525005
0.01574952
0.01607095
0.01592358
0.01525574
0.01423786
0.01283231
0.01101653
0.008670447
0.005669004
0.002210586
-0.001397043
-0.00487578
-0.008307271
-0.01196718
-0.01607153
-0.02067992
-0.02533623
-0.02940089
-0.03264758
-0.03509198
-0.03714708
-0.03914533
-0.04105099
-0.04305261
-0.04508258
-0.04650368
-0.04692331
-0.04659824
-0.04596727
-0.04512762
-0.0438644
-0.04205426
-0.04005349
-0.03815748
-0.03649812
-0.03529805
-0.03471883
-0.03488671
-0.03544928
-0.0358791
-0.03592595
-0.03570229
-0.03546809
-0.03539124
-0.03546544
-0.03558159
-0.03562492
-0.03523386
-0.03412005
-0.03244702
-0.03051822
-0.0286988
-0.02701977
-0.0254699
-0.02399659
-0.02224618
-0.02030788
-0.01848856
-0.01660934
-0.01429133
-0.01111499
-0.007092177
-0.002659759
0.001691925
0.005748991
0.009559228
0.01295878
0.01591425
0.01856519
0.02107129
0.02321944
0.02489549
0.02618098
0.02738813
0.02867205
0.03009888
0.03145712
0.03236777
0.0331391
0.03430744
0.03587518
0.03726423
0.03800129
0.03850133
0.03920965
0.03994241
0.0403086
0.03998044
0.03894454
0.03773528
0.03701349
0.03689531
0.0366749
0.03591301
0.03484674
0.03359837
0.0324698
0.03171235
0.03096031
0.03008365
0.02942597
0.02923696
0.02955899
0.03052711
0.03185734
0.03315371
0.03425397
0.0349784
0.03521516
0.03494919
0.03402452
0.03264604
0.03110018
0.02969881
0.02827994
0.02651587
0.02481593
0.02380036
0.02333928
0.02284389
0.02206887
0.02104796
0.01982895
0.01842778
0.01693886
0.01548224
0.01400252
0.01216611
0.009738603
0.006733905
0.003313285
-0.0003237478
-0.00428772
-0.008572176
-0.01304226
-0.01766813
-0.02225345
-0.02645905
-0.03007055
-0.03327331
-0.03625819
-0.03921624
-0.04239588
-0.04580781
-0.0493269
-0.05265701
-0.05546737
-0.05751383
-0.05876328
-0.05951926
-0.06037569
-0.0611201
-0.06072654
-0.05864253
-0.05502006
-0.04991128
-0.04321007
-0.03503797
-0.02619116
-0.01787226
-0.01109686
-0.005853448
-0.001275424
0.003232829
0.007528877
0.01135918
0.01439862
0.01658819
0.01846573
0.02034709
0.02211595
0.0237086
0.02494323
0.02592845
0.02679038
0.02738486
0.02756461
0.02722276
0.02626327
0.02460172
0.02205167
0.01856326
0.01462581
0.01084767
0.007502417
0.004666983
0.00235227
0.0003872805
-0.001499715
-0.00351971
-0.005855872
-0.008540349
-0.01159187
-0.01493189
-0.01839975
-0.02179617
-0.02466032
-0.02662499
-0.02780599
-0.02848939
-0.0287573
-0.0283433
-0.02721311
-0.02584415
-0.02453046
-0.02302861
-0.02117734
-0.01920833
-0.01718734
-0.01493404
-0.01225932
-0.008847039
-0.004887958
-0.001141482
0.001885643
0.004263437
0.006204787
0.007857272
0.009493086
0.01105003
0.01223791
0.01267413
0.01232426
0.01169932
0.01133436
0.01129488
0.01096227
0.01005801
0.009085758
0.008604695
0.008707335
0.009062876
0.009308854
0.009300739
0.009276379
0.009842539
0.01110421
0.01280105
0.01444019
0.01584995
0.01695724
0.01786506
0.01892496
0.02045002
0.02218832
0.02400387
0.02596308
0.0277977
0.0293732
0.03046099
0.03086855
0.03063104
0.02982363
0.02869436
0.02766156
0.02679593
0.02598204
0.02521795
0.02435552
0.02310256
0.02117452
0.01857182
0.01549473
0.01201162
0.00815978
0.00407986
8.442459e-05
-0.003292013
-0.005603319
-0.006829769
-0.007433447
-0.008192945
-0.009220138
-0.01005089
-0.01032979
-0.009830441
-0.008569772
-0.007281029
-0.006674972
-0.006821211
-0.007427875
-0.008210575
-0.008943342
-0.009589753
-0.01017767
-0.01095754
-0.01226905
-0.01404723
-0.01566937
-0.01683621
-0.01760259
-0.01799583
-0.01807329
-0.01800524
-0.01795431
-0.01798202
-0.01805529
-0.01810092
-0.01807703
-0.01801244
-0.01796113
-0.01797779
-0.01826785
-0.01911635
-0.02068763
-0.02280334
-0.02511553
-0.02751865
-0.03005624
-0.03290247
-0.03609813
-0.03933173
-0.04229042
-0.04490715
-0.04713299
-0.04864343
-0.04898388
-0.04804109
-0.04608693
-0.04348186
-0.04051853
-0.03735515
-0.03409025
-0.03091487
-0.02799699
-0.02522847
-0.02194982
-0.01745874
-0.01156064
-0.004696168
0.002165497
0.008224669
0.01343867
0.01821958
0.02257175
0.0261831
0.0290525
0.03147554
0.03339452
0.03491052
0.03606305
0.03682294
0.03763544
0.03861847
0.03938406
0.03964042
0.03932841
0.03825946
0.03647189
0.03409756
0.03104613
0.02729949
0.02311175
0.0187829
0.01440596
0.01026344
0.006480697
0.002901109
-0.0005404396
-0.003925701
-0.007199765
-0.01021037
-0.01293508
-0.01536221
-0.01722874
-0.01861432
-0.01970024
-0.02057801
-0.02104404
-0.02082119
-0.0200467
-0.01896375
-0.01771184
-0.01637183
-0.01489662
-0.01301593
-0.01056646
-0.007589514
-0.004206612
-0.0007906148
0.002266166
0.004780227
0.006807477
0.008534738
0.009877539
0.01066625
0.01056822
0.00947333
0.00761195
0.005078851
0.001944372
-0.001519726
-0.005025416
-0.008228773
-0.01099988
-0.01319004
-0.01472694
-0.01604074
-0.0174537
-0.01914363
-0.02098483
-0.0223249
-0.02274218
-0.0224428
-0.02181321
-0.02093876
-0.01964241
-0.01797098
-0.01660636
-0.01592437
-0.01548992
-0.01480975
-0.01365275
-0.01216397
-0.0107934
-0.009670483
-0.008613379
-0.007383589
-0.005725502
-0.003509582
-0.001176707
0.0008830663
0.002785216
0.004455956
0.006000694
0.007882118
0.01037302
0.01331777
0.01638047
0.01951968
0.02282334
0.02611285
0.02912145
0.03178762
0.03422076
0.03642008
0.03853986
0.04078986
0.04300523
0.04478401
0.04573308
0.04595293
0.04602907
0.04616338
0.04582881
0.04436206
0.0415053
0.03734822
0.03242178
0.02726035
0.02228937
0.01782305
0.01383255
0.01002839
0.006134224
0.002074082
-0.001910649
-0.005552886
-0.00885838
-0.0117029
-0.01399622
-0.01612878
-0.01838518
-0.02055243
-0.02248755
-0.0240984
-0.02548929
-0.027152
-0.02902568
-0.03043791
-0.03130689
-0.03202978
-0.03264167
-0.03298109
-0.03301826
-0.03289736
-0.03279429
-0.03279053
-0.03285849
-0.03292694
-0.03284047
-0.03215016
-0.03096062
-0.02997537
-0.02966692
-0.02992585
-0.03031751
-0.03049478
-0.03025388
-0.02932386
-0.02785204
-0.02614347
-0.02456189
-0.02308272
-0.02145987
-0.01938663
-0.01677813
-0.01375755
-0.01068657
-0.008247113
-0.006367597
-0.004347047
-0.002082389
-5.204822e-05
0.001493227
0.002316941
0.002435346
0.002185552
0.001944518
0.001592032
0.0007634117
-0.0001775495
-0.0003101346
0.0007081462
0.002135025
0.003393421
0.004384228
0.004958781
0.005076096
0.004920169
0.004708572
0.004340095
0.003465945
0.001689728
-0.0009840989
-0.004074268
-0.006910664
-0.008706716
-0.009221346
-0.009049272
-0.008680896
-0.008383976
-0.008066051
-0.007067439
-0.005055569
-0.002424361
0.0005550865
0.003807987
0.007023603
0.009613097
0.01122467
0.01219494
0.01276966
0.01302871
0.01306894
0.01300047
0.01273845
0.0122598
0.01201626
0.01230871
0.01295588
0.01394992
0.01512835
0.0160896
0.01699015
0.01806527
0.01944635
0.02092273
0.02237348
0.02368805
0.02497882
0.0263543
0.02786922
0.02936608
0.03078883
0.03185489
0.03229236
0.0321846
0.03172943
0.03092638
0.02992053
0.02917566
0.02899049
0.0292294
0.02948325
0.02914363
0.0279877
0.02626405
0.02407793
0.0214259
0.01846002
0.01554888
0.01311906
0.01118584
0.009480921
0.007603731
0.005154592
0.002175937
-0.0009286203
-0.003739558
-0.005900372
-0.007364764
-0.008479372
-0.009629882
-0.0109839
-0.01259187
-0.01437211
-0.01600814
-0.01741687
-0.0185549
-0.01955142
-0.02045648
-0.02105047
-0.02120137
-0.02087866
-0.0200105
-0.01881717
-0.01745549
-0.01565426
-0.01322871
-0.01033106
-0.007231262
-0.004180994
-0.001344226
0.001291568
0.0037696
0.005791073
0.00741097
0.0092493
0.01151147
0.01397028
0.01611946
0.01736462
0.01756538
0.01716432
0.01676624
0.01668884
0.01664538
0.01590573
0.01428786
0.01219538
0.01013642
0.008488729
0.007187955
0.006031241
0.004788886
0.003756125
0.003289138
0.003362619
0.00369961
0.00434792
0.005364155
0.006292417
0.006693568
0.006567862
0.006246953
0.006053966
0.00608428
0.006221934
0.006330065
0.00635762
0.006325119
0.006281468
0.006152356
0.005482096
0.004162647
0.002434173
0.0009374202
0.0002037589
-7.199831e-05
-0.0005299068
-0.001253574
-0.001866689
-0.002088627
-0.001969093
-0.001753682
-0.001646003
-0.001687209
-0.001794536
-0.001869519
-0.001873627
-0.001824545
-0.00161179
-0.0009442689
0.0002778649
0.001867025
0.003529819
0.005009685
0.006059542
0.006469896
0.006134621
0.005122238
0.003925226
0.003188517
0.003088526
0.003080012
0.00251507
0.001501799
0.0005847357
-0.0003195864
-0.001634193
-0.003415305
-0.005444439
-0.007161078
-0.008299939
-0.009072705
-0.009614446
-0.009899702
-0.009955048
-0.01001322
-0.01049689
-0.01150355
-0.01253607
-0.01317606
-0.01353795
-0.01391761
-0.014529
-0.01516582
-0.0155103
-0.01533235
-0.0146351
-0.01372807
-0.01289214
-0.01219138
-0.01113797
-0.009233066
-0.006682475
-0.004083608
-0.001845315
3.406198e-05
0.001768076
0.003388965
0.004834497
0.005969689
0.006833108
0.007693076
0.008537947
0.00908808
0.009121568
0.00836118
0.006963623
0.005191413
0.003114641
0.001096462
-0.0007629414
-0.002796457
-0.005241548
-0.007646326
-0.009316991
-0.01036547
-0.01134594
-0.01283068
-0.01484668
-0.01696535
-0.01896016
-0.02054307
-0.02164531
-0.02251158
-0.02311245
-0.02302919
-0.02205345
-0.0204754
-0.01864141
-0.01637604
-0.01351441
-0.01037847
-0.007597091
-0.005312084
-0.003161766
-0.0009946396
0.0009010264
0.002648989
0.004474236
0.006253098
0.008015403
0.009706499
0.01106816
0.0120941
0.01311482
0.01384791
0.01397505
0.01385258
0.01381657
0.01374511
0.01342804
0.01297907
0.01247997
0.01193706
0.01145605
0.01081231
0.009766074
0.008362904
0.006846318
0.005382044
0.003808314
0.002081858
0.0001713145
-0.001770297
-0.003243357
-0.004065206
-0.004418484
-0.004511276
-0.004509186
-0.004557673
-0.004939814
-0.005778928
-0.006426568
-0.006168069
-0.005053043
-0.003424484
-0.001819172
-0.0003596618
0.00109755
0.002582694
0.004032657
0.005428423
0.006826839
0.008146371
0.009275542
0.01039533
0.01149163
0.01256357
0.01383552
0.01544505
0.01699471
0.01797278
0.01802543
0.01742602
0.01680513
0.01627593
0.01549003
0.01445571
0.01327412
0.01217085
0.01150703
0.01139988
0.01159795
0.01144917
0.01047383
0.009199115
0.008419726
0.008082099
0.007501971
0.006278566
0.004366863
0.002235416
0.0002372669
-0.001570092
-0.00317924
-0.004775238
-0.006339578
-0.007462628
-0.008240142
-0.009047282
-0.009774571
-0.01018289
-0.01042443
-0.01073724
-0.01087163
-0.01059321
-0.01001375
-0.009056331
-0.007880747
-0.006955303
-0.00617071
-0.005245194
-0.00397216
-0.002517018
-0.001216871
-5.135975e-05
0.001419798
0.003556882
0.006076643
0.008242244
0.009466019
0.00996468
0.01026954
0.01018186
0.009595324
0.008927724
0.008515497
0.008214768
0.007813157
0.007184166
0.006352493
0.005200152
0.003824897
0.002341302
0.0009546319
-0.0003584636
-0.001455027
-0.002049525
-0.002355339
-0.003012602
-0.004125179
-0.005444733
-0.00665636
-0.007520101
-0.008228884
-0.009043555
-0.009814687
-0.01046613
-0.01130772
-0.01247283
-0.01393879
-0.0152378
-0.01599229
-0.0162043
-0.01590554
-0.01540103
-0.0150651
-0.01488576
-0.01442742
-0.01352602
-0.01232361
-0.01094311
-0.009548184
-0.008169164
-0.006856453
-0.005557648
-0.004399298
-0.003322022
-0.002368607
-0.001718423
-0.001102339
-0.0001470172
0.001225637
0.002751772
0.003858641
0.004588187
0.005386702
0.006555953
0.007997544
0.009154973
0.009984845
0.01079305
0.01148723
0.01183856
0.01183026
0.01163188
0.01128002
0.01075493
0.01008482
0.009389356
0.008941094
0.008856494
0.008988851
0.009113527
0.009075483
0.008699553
0.00807144
0.007598927
0.007727883
0.008402418
0.009090764
0.009416728
0.009590856
0.00993208
0.01057723
0.01134082
0.01184955
0.01198746
0.0121174
0.01249972
0.01291699
0.0128792
0.01230448
0.01159886
0.01103863
0.01077362
0.01049417
0.01017283
0.01014276
0.01063204
0.01138871
0.01192579
0.0120855
0.01214232
0.01210791
0.01191409
0.01167738
0.01139752
0.01068489
0.009617383
0.008776123
0.008531718
0.008762955
0.009090499
0.009229097
0.009147913
0.009135566
0.009761577
0.01092119
0.01189536
0.01220283
0.01194696
0.01156157
0.01156752
0.01244158
0.01380029
0.01479209
0.0151152
0.01530365
0.01588519
0.01670163
0.01728403
0.01752535
0.01776668
0.01825128
0.01899208
0.01956289
0.01945056
0.0186765
0.01751976
0.01632853
0.01541306
0.0146728
0.01387972
0.01305345
0.01227294
0.01161023
0.01084935
0.009857095
0.008756603
0.007520077
0.006167232
0.004515996
0.002582293
0.0008317995
-0.0006527241
-0.002203042
-0.0040266
-0.005966779
-0.007657235
-0.00901852
-0.009845946
-0.01005968
-0.009883228
-0.009660889
-0.009604216
-0.009706249
-0.009990207
-0.01053449
-0.01125118
-0.01201307
-0.01271556
-0.01352976
-0.01463167
-0.01599695
-0.01732483
-0.01844751
-0.01953772
-0.02056764
-0.02158315
-0.02255549
-0.02338627
-0.02425383
-0.02521506
-0.02616159
-0.02713627
-0.0280178
-0.02836345
-0.02811732
-0.02744037
-0.02641383
-0.0250756
-0.02322801
-0.0209364
-0.01831916
-0.01537589
-0.01231804
-0.009404867
-0.00669075
-0.003909081
-0.001005973
0.0017304
0.00425241
0.006729452
0.00883644
0.009962346
0.009985672
0.009227361
0.008216224
0.007071797
0.005585442
0.003376654
0.0003314836
-0.003327273
-0.007223614
-0.01068508
-0.01354007
-0.01616628
-0.01890586
-0.0220298
-0.02545093
-0.02875034
-0.0315558
-0.03350565
-0.03476222
-0.03565275
-0.03620157
-0.03634656
-0.03594445
-0.03497554
-0.03388878
-0.0331699
-0.03255756
-0.03163153
-0.02996463
-0.02753366
-0.02468852
-0.02177669
-0.0190211
-0.01641954
-0.01384541
-0.01120103
-0.008476801
-0.005795199
-0.003490958
-0.00180603
-0.0005444003
0.0008661349
0.00271856
0.005040367
0.007661298
0.01009818
0.01168832
0.01206353
0.01178555
0.01157491
0.01146424
0.01092903
0.01000209
0.008993496
0.007902532
0.006926529
0.006114179
0.005160567
0.004229317
0.003528247
0.002834899
0.001989228
0.0009296431
-0.0005345917
-0.002103499
-0.003307417
-0.004181785
-0.004892081
-0.005191148
-0.004895655
-0.004277732
-0.003428092
-0.002366863
-0.001479051
-0.0009012618
-0.0003020128
0.0005366685
0.00176019
0.00326665
0.004851683
0.006231126
0.007266914
0.008139534
0.008881405
0.009428331
0.0101385
0.01128891
0.01295672
0.01491051
0.01679022
0.01850785
0.01988064
0.02089828
0.02177426
0.02263733
0.02374303
0.02484616
0.02536287
0.0255924
0.02620523
0.02706599
0.02783345
0.02826837
0.02833078
0.02819367
0.02808439
0.0280896
0.02801573
0.02761667
0.02719355
0.02679321
0.02601478
0.02495441
0.02357927
0.02199355
0.02041263
0.01898822
0.01786937
0.01696472
0.01575849
0.01408345
0.01224782
0.01063921
0.009552056
0.008983086
0.008854854
0.009152471
0.009801652
0.01082153
0.01230414
0.01393026
0.01483983
0.01488566
0.01459463
0.01421468
0.0138055
0.01346638
0.01299982
0.01179832
0.009272769
0.005402528
0.0007563662
-0.003698312
-0.007324694
-0.00992248
-0.01188239
-0.01390665
-0.01650145
-0.01967316
-0.02277527
-0.02556965
-0.02821328
-0.0307407
-0.03301071
-0.03503111
-0.03681929
-0.03822225
-0.03895968
-0.0390468
-0.03878485
-0.03820375
-0.03697712
-0.03518647
-0.03327394
-0.031415
-0.02936757
-0.0268771
-0.02380855
-0.02026121
-0.0166605
-0.01324901
-0.01006397
-0.007129638
-0.004393123
-0.001672187
0.001449035
0.004892083
0.007812227
0.009486853
0.01035907
0.01124155
0.01223531
0.01305469
0.01342045
0.01294878
0.01181825
0.01045473
0.008940729
0.006954421
0.004517319
0.002043026
-0.0001525805
-0.001723196
-0.002709239
-0.003615831
-0.004692356
-0.006168415
-0.008070208
-0.009854825
-0.01102146
-0.01153565
-0.01161828
-0.01176467
-0.01229132
-0.01320982
-0.01440235
-0.01551445
-0.01633266
-0.01690543
-0.01753553
-0.01845164
-0.01938873
-0.01992142
-0.01994017
-0.01959044
-0.01895689
-0.01807482
-0.01676738
-0.01509886
-0.01339159
-0.01186873
-0.0106416
-0.00977583
-0.009156888
-0.00893754
-0.009294731
-0.01005965
-0.01090167
-0.01125559
-0.01105439
-0.0108414
-0.01110712
-0.01188235
-0.01285534
-0.01375017
-0.01469432
-0.01574579
-0.01652931
-0.01686711
-0.01729839
-0.01815116
-0.01907482
-0.01981178
-0.02020338
-0.02001455
-0.01940615
-0.0187834
-0.01823201
-0.01762071
-0.01654086
-0.01470056
-0.01204754
-0.008856368
-0.006056796
-0.0043799
-0.003414412
-0.002401079
-0.0009780204
0.0007656518
0.002496346
0.003833731
0.004611186
0.005041293
0.005290708
0.005578319
0.006109922
0.006683218
0.006990155
0.007004244
0.00705444
0.007226892
0.007234078
0.006961073
0.006376274
0.005709083
0.005489314
0.005669381
0.005802762
0.005741425
0.005808917
0.006201567
0.006686664
0.007039943
0.00747506
0.008186473
0.008728922
0.008644622
0.00787967
0.006908608
0.005992086
0.00474045
0.003340779
0.002204277
0.001221081
0.000424855
1.150617e-05
-7.249519e-06
0.0001652752
0.0003180337
0.0005218998
0.00111607
0.002111126
0.00300761
0.003547992
0.004091869
0.005060854
0.006363553
0.007766169
0.00910285
0.01019026
0.01097935
0.01158158
0.01216598
0.01284374
0.01352905
0.01403219
0.01446945
0.01499119
0.01566457
0.01630936
0.01631898
0.01513781
0.01317489
0.01115853
0.009709632
0.008937176
0.008478285
0.007764746
0.007091429
0.007174112
0.008045392
0.00923558
0.01023327
0.01113073
0.01241448
0.01406008
0.01586849
0.0181251
0.02075057
0.02312065
0.02463509
0.02522833
0.02526246
0.02511724
0.02523714
0.02547279
0.02537948
0.02495875
0.02438173
0.02376679
0.02350345
0.02361735
0.02350004
0.02282595
0.02178647
0.02080584
0.02046695
0.02080314
0.02137102
0.0218693
0.02208458
0.02179242
0.02085153
0.01940081
0.01755074
0.01506849
0.01187272
0.008666457
0.006112488
0.004113539
0.002725288
0.001726366
0.000404691
-0.001334213
-0.003230172
-0.005071558
-0.006628024
-0.007615979
-0.007913418
-0.007785044
-0.007774075
-0.007937002
-0.008028874
-0.008182541
-0.008534842
-0.00897035
-0.009418041
-0.009518725
-0.008918225
-0.007936072
-0.00722505
-0.007099858
-0.007307977
-0.007322394
-0.00718585
-0.007195243
-0.007456441
-0.008008618
-0.008701399
-0.009495699
-0.01045746
-0.01139578
-0.0121712
-0.01276093
-0.01332014
-0.01393364
-0.01465189
-0.01528762
-0.01547751
-0.0151355
-0.01479606
-0.01495857
-0.01570082
-0.01656885
-0.01715979
-0.01753845
-0.01792343
-0.01839067
-0.01870031
-0.01889261
-0.01907236
-0.01922799
-0.01944658
-0.01990399
-0.02059164
-0.02156845
-0.02281584
-0.02390484
-0.02451653
-0.02487693
-0.02508877
-0.02522142
-0.02524852
-0.02524214
-0.02505088
-0.02472663
-0.02447535
-0.02441487
-0.02450677
-0.02476171
-0.02494497
-0.02451032
-0.02332631
-0.02165405
-0.01993358
-0.01820724
-0.01635185
-0.01435674
-0.01245986
-0.01066702
-0.00865183
-0.006235918
-0.003900471
-0.002279177
-0.001289889
-0.0002629686
0.001113878
0.002562565
0.003846775
0.004808641
0.005504173
0.00624482
0.006902729
0.007084558
0.007000377
0.007122384
0.007532231
0.008154964
0.008886801
0.009643223
0.01032208
0.01072937
0.01084439
0.01105163
0.01181706
0.01316832
0.01456516
0.01556599
0.01612281
0.01657335
0.0173359
0.01831005
0.01908079
0.01959162
0.0200101
0.02051465
0.02083927
0.02048391
0.01958913
0.01880689
0.01857142
0.01881856
0.01913026
0.01899174
0.01827328
0.01698077
0.01526332
0.01349879
0.01198372
0.01073588
0.009679601
0.009002924
0.008541806
0.008238777
0.008312349
0.008896477
0.009616231
0.009841461
0.009677052
0.009648791
0.01029081
0.01190697
0.01403382
0.01571718
0.01654775
0.01677447
0.01692151
0.01703473
0.01697138
0.01671559
0.01620051
0.01558261
0.01517536
0.01503267
0.0147372
0.01387215
0.01258947
0.01173459
0.01171164
0.01194925
0.01188752
0.01152848
0.01108387
0.01056687
0.01007525
0.009661881
0.009060241
0.008038231
0.006745015
0.005495592
0.004293567
0.003237785
0.002329826
0.001291577
-0.000173258
-0.001689327
-0.002732257
-0.003529486
-0.004369091
-0.005303211
-0.006167799
-0.006953659
-0.007950488
-0.009461466
-0.01112756
-0.0124446
-0.01339652
-0.01431756
-0.01541732
-0.01654201
-0.01773157
-0.01899003
-0.02035743
-0.02164631
-0.02245495
-0.02284518
-0.02309467
-0.0232818
-0.02333373
-0.02308689
-0.02277314
-0.02275861
-0.02283511
-0.02260015
-0.02190154
-0.02072773
-0.01909869
-0.0173699
-0.01618662
-0.01547861
-0.01476779
-0.01401634
-0.01309393
-0.01172744
-0.0100056
-0.008139613
-0.006417293
-0.005168376
-0.004296145
-0.003407474
-0.002213082
-0.0005888556
0.00126114
0.00262473
0.00321071
0.003409338
0.003714342
0.004378691
0.005265939
0.006141126
0.006698642
0.006823234
0.006648354
0.00631234
0.005685641
0.004730148
0.003846966
0.003443813
0.003660644
0.004175652
0.00436886
0.004345928
0.004211049
0.003986906
0.003783556
0.003729205
0.003818194
0.003926249
0.003891671
0.003556212
0.003259295
0.003263924
0.003268215
0.003101391
0.003110206
0.003384403
0.003527071
0.003394332
0.002830673
0.002199537
0.002065589
0.002640547
0.003572235
0.004246577
0.004414783
0.004369887
0.00404641
0.003388064
0.002969782
0.00313572
0.003414493
0.003276855
0.002591184
0.001672733
0.001051566
0.0009587469
0.001213395
0.001481288
0.001557923
0.00144604
0.00129544
0.001557816
0.002573851
0.003805097
0.004616145
0.004885756
0.004734813
0.004526769
0.004514904
0.00515441
0.006514842
0.007969239
0.009007498
0.009392163
0.009087408
0.008734761
0.009059166
0.009946494
0.01051925
0.01027918
0.009576668
0.008992506
0.008615108
0.008090976
0.007287137
0.006332887
0.005236614
0.00384932
0.002267647
0.0009287983
-9.568344e-05
-0.0009207174
-0.001449892
-0.001718022
-0.001913036
-0.001918711
-0.00169192
-0.001401638
-0.001235994
-0.00124225
-0.001188033
-0.0005379816
0.0006082411
0.001559489
0.001922528
0.002062347
0.00253422
0.003211408
0.003959241
0.004674975
0.005729107
0.007395637
0.008933325
0.009629425
0.009670072
0.00971285
0.01017083
0.01083734
0.01130094
0.01122683
0.01073094
0.01045095
0.01037763
0.009905903
0.009162219
0.008761787
0.008600297
0.008211391
0.007497994
0.006607104
0.005742731
0.004749682
0.003718726
0.003050731
0.002881547
0.002768418
0.002115536
0.0007760533
-0.0008820384
-0.002242931
-0.003224277
-0.004104257
-0.00519258
-0.006526134
-0.007638744
-0.008461008
-0.009296711
-0.01005292
-0.01062297
-0.01127713
-0.01215245
-0.01293157
-0.01344503
-0.01386108
-0.01435242
-0.01501191
-0.01560587
-0.01588709
-0.01598619
-0.01627412
-0.01687817
-0.01771641
-0.01844223
-0.01875296
-0.01866481
-0.01842046
-0.01803069
-0.01719216
-0.01612314
-0.01516412
-0.01397225
-0.01226247
-0.01050462
-0.009131848
-0.008074173
-0.007010384
-0.005732916
-0.004284264
-0.002936173
-0.001964538
-0.00119515
-0.0002562804
0.0009143543
0.002013907
0.002741511
0.002906982
0.002857236
0.00294076
0.003271154
0.003810084
0.004109373
0.00392295
0.003407941
0.002642013
0.001575629
0.0002548536
-0.00116056
-0.002531656
-0.00383783
-0.005133886
-0.00638043
-0.007290044
-0.00770607
-0.007941979
-0.008250143
-0.008639174
-0.009096599
-0.009231844
-0.008653388
-0.007665842
-0.00678313
-0.005912083
-0.004957674
-0.003931055
-0.002870318
-0.001912011
-0.0007916089
0.0009240949
0.002935764
0.004827482
0.006457779
0.007577311
0.00804046
0.008213662
0.008542386
0.009185678
0.009779606
0.01015126
0.01064704
0.01134703
0.0119853
0.01257624
0.01335982
0.01422755
0.01480478
0.01491834
0.01477215
0.01487379
0.01541684
0.01601772
0.01610735
0.01576455
0.01529165
0.01483538
0.01437189
0.01383018
0.01319383
0.0125058
0.01176836
0.01066719
0.009160498
0.007486687
0.005765113
0.004150675
0.002688918
0.001318837
-5.71361e-05
-0.00168744
-0.003597383
-0.005402405
-0.006569014
-0.006920131
-0.007002079
-0.00751862
-0.008466929
-0.009284355
-0.009551179
-0.009329337
-0.008904061
-0.008356329
-0.007818474
-0.007431354
-0.007036501
-0.006581772
-0.006236971
-0.006124682
-0.006201123
-0.006434752
-0.00689513
-0.007422789
-0.007848853
-0.008247827
-0.008617293
-0.008860929
-0.008937798
-0.009019837
-0.009393468
-0.01009525
-0.0106481
-0.01047519
-0.009812417
-0.009037977
-0.008384622
-0.007835814
-0.00729359
-0.006505363
-0.005470685
-0.004442542
-0.003631108
-0.002999107
-0.002208015
-0.001033218
0.0004100869
0.001724473
0.002820999
0.003860249
0.004844787
0.005712137
0.006466398
0.007072813
0.00740503
0.007448242
0.007294483
0.006861699
0.006068008
0.005351358
0.004976296
0.004759336
0.004277747
0.003215816
0.001668893
7.150273e-06
-0.00139047
-0.002194655
-0.002417475
-0.00256049
-0.003071008
-0.004223888
-0.005609772
-0.006494939
-0.006719118
-0.00677771
-0.007006012
-0.007450073
-0.008208446
-0.009344507
-0.01063621
-0.01145374
-0.01129548
-0.01047062
-0.009590359
-0.008924734
-0.008570178
-0.008205376
-0.007517191
-0.006793313
-0.006058929
-0.005260644
-0.004607801
-0.004141605
-0.003661327
-0.003033758
-0.002288393
-0.001518869
-0.000818307
-0.0003815639
-0.0002732551
-0.0003627729
-0.0004798761
-0.0005196082
-0.0004780606
-0.000439243
-0.0006447576
-0.001202256
-0.002030937
-0.002890647
-0.003635178
-0.004233108
-0.004804192
-0.005361446
-0.005725444
-0.005851074
-0.005994701
-0.006175935
-0.006410939
-0.00679445
-0.007403916
-0.008058606
-0.008450802
-0.0084815
-0.008304438
-0.008142897
-0.008108862
-0.008158765
-0.008112253
-0.007707252
-0.007072664
-0.006590399
-0.006351182
-0.006060294
-0.005629759
-0.005262463
-0.005139312
-0.005342382
-0.006018613
-0.007077322
-0.008127191
-0.009042875
-0.009894895
-0.01054569
-0.01082487
-0.01077527
-0.01061481
-0.01068327
-0.01117748
-0.01165012
-0.01151863
-0.01058757
-0.009049881
-0.007394318
-0.005743641
-0.004108332
-0.00236238
-0.0006538997
0.0006495116
0.001424779
0.001906002
0.002567468
0.003516382
0.004523311
0.005330996
0.005722035
0.005710732
0.005520131
0.005383348
0.005348243
0.005155001
0.004685261
0.004142348
0.003598423
0.003051331
0.002444721
0.001793275
0.001048238
5.091228e-05
-0.001201315
-0.002335195
-0.002923638
-0.002903988
-0.002582569
-0.002331279
-0.002316432
-0.00246711
-0.002618258
-0.002586842
-0.002086898
-0.001062577
-1.117921e-06
0.000441262
9.766642e-05
-0.0003886566
-0.0004642989
-0.0002523519
-0.0002867319
-0.0006983588
-0.0012921
-0.002056511
-0.002876634
-0.003348383
-0.003392571
-0.003159626
-0.003086921
-0.003466398
-0.004280601
-0.005103702
-0.005495903
-0.005391718
-0.005055941
-0.00449585
-0.003518839
-0.002500252
-0.001794737
-0.001190293
-0.0004507429
0.0002311257
0.0007455741
0.001383383
0.002267214
0.003209965
0.004049991
0.004724193
0.005324566
0.005769789
0.005953324
0.005914775
0.005803658
0.005786484
0.00605238
0.00643587
0.006513918
0.006282922
0.006351382
0.0069693
0.007598387
0.007991451
0.008263308
0.008290801
0.00812607
0.008112846
0.008297624
0.008298373
0.007887192
0.007290912
0.006668228
0.006114821
0.005753761
0.005423013
0.005093696
0.005278489
0.005923585
0.006352956
0.005993767
0.004809008
0.003460532
0.002662993
0.002443914
0.00263413
0.003008267
0.002962745
0.002118231
0.0009430941
0.0001869087
5.989533e-05
0.0001517599
0.0001429104
-0.0003878559
-0.001369311
-0.002266752
-0.002810803
-0.002875921
-0.002785867
-0.002891635
-0.003243405
-0.003840735
-0.004471184
-0.004825145
-0.004816357
-0.004369879
-0.003335779
-0.002137724
-0.001294656
-0.0006983829
-2.258968e-05
0.0007624787
0.001584635
0.002325746
0.002985135
0.003371063
0.003073539
0.002073195
0.00111266
0.001007779
0.00155905
0.001900152
0.00181364
0.001611369
0.001350041
0.001098336
0.000968244
0.001133827
0.001680138
0.002308192
0.002670434
0.002675296
0.002493503
0.002488946
0.002780305
0.003099863
0.003273376
0.003298043
0.003418342
0.003662734
0.003880795
0.003961216
0.003931363
0.003887433
0.003885494
0.003892229
0.003685941
0.003199394
0.002872061
0.002888454
0.002971662
0.003111847
0.003287465
0.003448004
0.00366998
0.003895033
0.004022583
0.004044444
0.004021802
0.004007918
0.004018877
0.004038781
0.003990006
0.003663957
0.003102252
0.00263817
0.002448864
0.002261264
0.001863049
0.001271362
0.0003056227
-0.0008144675
-0.001619454
-0.002160914
-0.00281035
-0.003551174
-0.004066793
-0.004262453
-0.004463914
-0.004909717
-0.005560999
-0.006005568
-0.006194162
-0.00632012
-0.006438213
-0.006501422
-0.006492509
-0.006449674
-0.006410598
-0.006168524
-0.00544866
-0.004596817
-0.003923188
-0.003447344
-0.002959766
-0.002357999
-0.001630999
-0.000982255
-0.0005270982
2.70129e-05
0.0008956828
0.001768157
0.002084071
0.001759624
0.001418047
0.001464832
0.001813709
0.002142124
0.002080835
0.001484191
0.0007340498
0.000150137
-0.0002959591
-0.0006009785
-0.0008891204
-0.001354549
-0.001844893
-0.002142212
-0.002379292
-0.002760666
-0.003165197
-0.003387503
-0.003382985
-0.003276752
-0.003202592
-0.003197175
-0.003232496
-0.003266056
-0.003249172
-0.003008895
-0.002485919
-0.001958547
-0.001681957
-0.001494038
-0.001134594
-0.0006989447
-0.0004210659
-0.0003458843
-0.0001728374
0.0003004106
0.0009824841
0.001238626
0.0008973112
0.0005237396
0.0007213212
0.001467768
0.002259947
0.002917755
0.003650627
0.004433452
0.005009744
0.005425095
0.005808664
0.006151367
0.006590833
0.007149247
0.007647156
0.008125924
0.008595193
0.008906097
0.008907316
0.008468399
0.007723995
0.006724956
0.005260783
0.003406592
0.001558062
2.686086e-05
-0.001186654
-0.002381342
-0.003901992
-0.005501996
-0.006827956
-0.00784329
-0.008575012
-0.009177327
-0.009762389
-0.01044001
-0.01109794
-0.01148644
-0.01153028
-0.01137698
-0.01123392
-0.01121002
-0.01128255
-0.01136711
-0.01140204
-0.01138281
-0.01132623
-0.01103153
-0.01015709
-0.008780277
-0.007045505
-0.00522365
-0.003591388
-0.002213276
-0.0008485278
0.0007225858
0.002215601
0.003466518
0.004584721
0.005604218
0.006292934
0.00667498
0.007213276
0.008257723
0.009594433
0.01058818
0.01101952
0.01122912
0.01145066
0.01166805
0.01180367
0.01198651
0.01225298
0.01226145
0.01180121
0.01103195
0.01040977
0.01022305
0.01039306
0.01061617
0.01052748
0.01020989
0.01013687
0.01056468
0.01116348
0.01137975
0.01135725
0.01170528
0.01256053
0.01342228
0.01381647
0.01372188
0.01343651
0.01325649
0.01330576
0.01365938
0.01407383
0.01413785
0.014005
0.01390101
0.01372416
0.01330341
0.01265938
0.01205826
0.01140839
0.01064139
0.009811366
0.008884253
0.008092365
0.007340648
0.006414174
0.005554433
0.004885695
0.004154202
0.003314802
0.002688025
0.002494924
0.002664578
0.003107559
0.003729801
0.004430675
0.005095337
0.005511325
0.005630717
0.005749277
0.006156738
0.006889881
0.007717254
0.008112426
0.00814442
0.008220783
0.008298858
0.008282376
0.008198879
0.008128377
0.00808957
0.007892884
0.007397303
0.006663976
0.00589653
0.005409906
0.00532831
0.005502448
0.005687686
0.005751586
0.005685011
0.005402937
0.005044657
0.004797915
0.004573143
0.004391114
0.004525181
0.005089485
0.005733778
0.006068291
0.00601801
0.005759506
0.005347629
0.004814185
0.004370019
0.003983175
0.003336139
0.0024311
0.001691817
0.001436433
0.001593494
0.001671506
0.001244794
0.0001755316
-0.001322075
-0.002909927
-0.004299839
-0.005084555
-0.005191218
-0.005115517
-0.005531135
-0.006536924
-0.007543336
-0.008001933
-0.007875761
-0.007516453
-0.007284988
-0.007303398
-0.007459679
-0.007428916
-0.006800316
-0.005646629
-0.004629702
-0.0042709
-0.004518308
-0.005103385
-0.005819196
-0.006334824
-0.006465561
-0.006477161
-0.006763832
-0.007259219
-0.007654994
-0.00793917
-0.0084826
-0.009229344
-0.009599137
-0.009541787
-0.009426915
-0.009389884
-0.009596197
-0.009988522
-0.01031558
-0.01041518
-0.01032465
-0.01019062
-0.01012413
-0.01003232
-0.009671937
-0.009009062
-0.008177552
-0.007510107
-0.007248236
-0.007109214
-0.006460334
-0.005257784
-0.00382746
-0.002555776
-0.001820706
-0.001587075
-0.001282007
-0.0005195356
0.0004109336
0.001012227
0.001095056
0.0009402136
0.001071799
0.001581407
0.002219547
0.002868506
0.003386224
0.003623776
0.003673235
0.003912871
0.004421558
0.004905127
0.005111617
0.004981089
0.004468998
0.003800469
0.003358258
0.003302654
0.003495108
0.003694379
0.003696899
0.003232951
0.002379467
0.001956894
0.002096631
0.002101469
0.001660584
0.001014634
0.000271049
-0.0006029029
-0.001495251
-0.00252927
-0.003655394
-0.004493967
-0.005043689
-0.00566779
-0.006415505
-0.006983133
-0.007206994
-0.007372787
-0.007763144
-0.008455274
-0.009231215
-0.009722048
-0.009788175
-0.009591935
-0.00944223
-0.009661681
-0.01001437
-0.01006365
-0.009792277
-0.009511388
-0.009618689
-0.009988567
-0.01011409
-0.00983445
-0.009190092
-0.008202843
-0.007144571
-0.006474514
-0.006320516
-0.006128779
-0.005542286
-0.004806558
-0.004158835
-0.003591126
-0.002843992
-0.001919941
-0.0009899338
-2.027634e-05
0.0009054375
0.001521277
0.001874931
0.002214295
0.002699976
0.003371278
0.003973506
0.004265418
0.004246271
0.004244797
0.004592636
0.004991881
0.005226304
0.005678537
0.006327835
0.006821213
0.0069561
0.00697449
0.007130252
0.007345592
0.007664487
0.008004859
0.008373043
0.008878319
0.009358045
0.009610429
0.009610091
0.009500633
0.009552397
0.009885496
0.01012411
0.01013575
0.01035874
0.01100043
0.01165301
0.01211143
0.01235751
0.01242094
0.01239511
0.01249667
0.01294893
0.01369363
0.01434142
0.01419101
0.01330762
0.01243351
0.01204821
0.0119818
0.01207968
0.01200767
0.0114004
0.01041447
0.009399317
0.008634744
0.008087746
0.007696226
0.007439101
0.007171282
0.007064183
0.007270593
0.007616413
0.007771825
0.007499357
0.007166377
0.007200219
0.007636473
0.008582135
0.009822917
0.01074067
0.0109993
0.01078707
0.01050824
0.01042328
0.01058016
0.01099418
0.01137653
0.01164179
0.01213052
0.01283933
0.01317868
0.01280007
0.01185198
0.01086047
0.01034244
0.01039728
0.01069265
0.01064691
0.01004907
0.009093243
0.00820046
0.007673316
0.007173034
0.00634436
0.005277257
0.004269436
0.003478899
0.002678494
0.001602397
0.0002591816
-0.0009967737
-0.001948835
-0.002976211
-0.004339898
-0.005932518
-0.007437614
-0.008333862
-0.008497026
-0.008617656
-0.009330448
-0.0103446
-0.01103198
-0.01112532
-0.01081987
-0.01048502
-0.01036405
-0.01040512
-0.01009333
-0.009131416
-0.008021079
-0.007363068
-0.007154464
-0.00717315
-0.007170124
-0.006701728
-0.005771941
-0.004918567
-0.004547835
-0.004314357
-0.00382265
-0.003375984
-0.003099487
-0.00277059
-0.002390798
-0.002125423
-0.002217353
-0.002929553
-0.004057735
-0.004960793
-0.005241163
-0.005169223
-0.005460564
-0.006358433
-0.007518051
-0.008689116
-0.009694546
-0.01044316
-0.01118761
-0.01204172
-0.01272278
-0.01315329
-0.01372981
-0.01478967
-0.0162726
-0.01772861
-0.01873435
-0.01943751
-0.02012091
-0.02102631
-0.02230831
-0.02348756
-0.02405598
-0.0242855
-0.02484353
-0.02536753
-0.02504818
-0.02405757
-0.02294699
-0.02183754
-0.02082148
-0.01985073
-0.01876128
-0.01746941
-0.01603903
-0.01459615
-0.01333694
-0.01232975
-0.01129218
-0.01020233
-0.009095915
-0.008031054
-0.007043762
-0.00593308
-0.004638907
-0.002882016
-0.0007169293
0.001153861
0.002415837
0.003470774
0.00460366
0.005648853
0.006832006
0.008112206
0.009042066
0.009647184
0.01040699
0.01125632
0.01196793
0.01238566
0.01228381
0.01200278
0.01212129
0.01276937
0.01338053
0.01311961
0.01217257
0.0113214
0.01105785
0.011133
0.01083827
0.009947269
0.008976506
0.008469027
0.008211241
0.007720346
0.007096127
0.00650311
0.006134869
0.006060395
0.006170269
0.006292211
0.006323454
0.006270402
0.006251933
0.006691301
0.007769552
0.008942473
0.009754292
0.01020494
0.0105775
0.0110774
0.011588
0.01212364
0.0129074
0.01385454
0.01454855
0.01476798
0.01482746
0.01509349
0.01535397
0.01541235
0.01527459
0.01492437
0.01454924
0.01437404
0.01441902
0.01435345
0.013932
0.01316709
0.01232129
0.01179214
0.01168203
0.01156392
0.01094705
0.009972968
0.009211873
0.008955917
0.008911678
0.008902124
0.008752976
0.008165667
0.007286383
0.006552148
0.006046435
0.005674157
0.005401868
0.005088229
0.004849785
0.004639884
0.00409515
0.003259051
0.002539524
0.002036528
0.00162382
0.001105311
0.0004328772
-0.0003473359
-0.001056911
-0.00150495
-0.001948811
-0.002729626
-0.003643248
-0.004228443
-0.004306542
-0.004149098
-0.004291916
-0.004830383
-0.005377563
-0.005675759
-0.005942019
-0.006319625
-0.006737592
-0.007249555
-0.00786946
-0.008590359
-0.009227056
-0.009533554
-0.00950012
-0.009315193
-0.009297237
-0.009713279
-0.01024462
-0.01040012
-0.01031357
-0.01018127
-0.0100015
-0.009880993
-0.009696224
-0.009408299
-0.009158784
-0.009064327
-0.009106989
-0.009293365
-0.009740047
-0.01028367
-0.01060936
-0.01060787
-0.01042285
-0.01026471
-0.01023222
-0.01014503
-0.00974939
-0.009193771
-0.008810554
-0.008748886
-0.008889447
-0.009015978
-0.00902025
-0.008934439
-0.00884689
-0.008788358
-0.008434798
-0.007452615
-0.006298791
-0.005604835
-0.005338185
-0.00491577
-0.004092474
-0.0030476
-0.001921053
-0.0009052402
-0.0001278634
0.0004535869
0.0009960775
0.001597922
0.002086233
0.002289358
0.002235004
0.002092125
0.002012112
0.002035633
0.002067297
0.001786465
0.00094085
-0.0001515788
-0.0008861183
-0.001043358
-0.001088145
-0.001632604
-0.002610783
-0.003477492
-0.004084737
-0.004736195
-0.005526006
-0.006370361
-0.00712527
-0.007790448
-0.008348354
-0.00867899
-0.008809167
-0.009131105
-0.00995484
-0.01096155
-0.01159519
-0.01165509
-0.01144083
-0.01143979
-0.01155776
-0.01151538
-0.01131508
-0.01112341
-0.01105741
-0.01110671
-0.01118122
-0.011194
-0.01113535
-0.01098683
-0.01051771
-0.009590381
-0.008582785
-0.008011245
-0.008107789
-0.008683428
-0.009056971
-0.008887424
-0.00841786
-0.008052317
-0.007865659
-0.007576575
-0.007026565
-0.006233879
-0.005389251
-0.004490334
-0.00351344
-0.002731256
-0.002396928
-0.002235844
-0.001602047
-0.0005472725
0.0003224551
0.0007265931
0.001068331
0.001743786
0.002563068
0.003114338
0.003341568
0.003721167
0.004560368
0.005484033
0.005989355
0.005964627
0.005685753
0.005494196
0.005519625
0.005674473
0.005807625
0.005838748
0.005796007
0.005907897
0.006394507
0.007168555
0.008013422
0.008601907
0.008922252
0.009104956
0.009176041
0.009520936
0.01030904
0.0111324
0.01155711
0.01151573
0.01126518
0.01125586
0.01171015
0.01215876
0.0122999
0.01251657
0.01286005
0.01280123
0.01230912
0.0117527
0.01130495
0.01106992
0.01105109
0.01114356
0.01122272
0.0112287
0.01117976
0.01112781
0.01110833
0.01112146
0.0110922
0.01063363
0.009582296
0.008495507
0.00796556
0.008042273
0.008164591
0.00767323
0.006603143
0.005577502
0.004908426
0.004513744
0.004090359
0.003486837
0.002676928
0.001653702
0.0006032649
-0.0005346866
-0.001680062
-0.002470707
-0.002964623
-0.003585177
-0.004477056
-0.00571287
-0.007042489
-0.0078913
-0.008013642
-0.007678712
-0.007290692
-0.006893633
-0.006503935
-0.00639674
-0.006262543
-0.005709759
-0.004970752
-0.004474338
-0.00434487
-0.004234468
-0.003888235
-0.003458791
-0.003144156
-0.0028595
-0.002660529
-0.002448977
-0.002142766
-0.001863597
-0.001739276
-0.001770479
-0.00186105
-0.001915066
-0.001825471
-0.001399997
-0.0006893117
0.0001401433
0.0008151794
0.001120348
0.001079658
0.0008880918
0.0007582817
0.0007652686
0.000860552
0.0009450232
0.0009743618
0.0009641501
0.0009391135
0.0009090181
0.0008925735
0.0008853934
0.0008799905
0.0008933582
0.0009270889
0.0009589537
0.0009624705
0.0009292585
0.001002689
0.001405301
0.001871875
0.00185314
0.001334284
0.0007662592
0.0005186271
0.0004975086
0.0002946103
-0.0002556302
-0.001078137
-0.001822093
-0.002394257
-0.003166437
-0.004080368
-0.004716106
-0.004856341
-0.004653109
-0.004414031
-0.004338425
-0.004425534
-0.004556704
-0.004626221
-0.004610941
-0.004554728
-0.004512552
-0.004516531
-0.004569
-0.004633465
-0.004660943
-0.004616015
-0.004259128
-0.003289257
-0.002138095
-0.001472655
-0.001486403
-0.001845602
-0.001958953
-0.001485629
-0.0007368804
-8.336003e-05
0.0002644354
-6.463686e-05
-0.001038561
-0.002019428
-0.002446846
-0.002290739
-0.001913458
-0.001694853
-0.002061053
-0.003211471
-0.00450708
-0.00519959
-0.005130496
-0.00474341
-0.004896417
-0.005959596
-0.007251582
-0.007977044
-0.008166638
-0.008462902
-0.008995056
-0.009497853
-0.00989588
-0.01011933
-0.0101445
-0.01005566
-0.009881512
-0.009266571
-0.008210178
-0.007293795
-0.006947
-0.007106243
-0.007417334
-0.007488517
-0.006871906
-0.005839979
-0.004966547
-0.00449437
-0.00441325
-0.004558386
-0.004666379
-0.004372713
-0.003712837
-0.003039177
-0.002447095
-0.001982675
-0.001744879
-0.001585522
-0.001036149
-0.0002572057
0.0004334234
0.0008739658
0.001025507
0.00114664
0.001809925
0.002911366
0.003814173
0.004350005
0.004994137
0.005709038
0.006054323
0.006105278
0.006128508
0.00622204
0.006339455
0.006410655
0.006415227
0.006382342
0.00635349
0.006360773
0.006410644
0.006469285
0.006500347
0.006496367
0.006475479
0.006451814
0.006282211
0.005952907
0.005700847
0.00531736
0.004770309
0.004367967
0.004083122
0.003876585
0.003783149
0.003779024
0.003634654
0.003355531
0.003119306
0.003072201
0.003351894
0.003775311
0.004068631
0.004126962
0.004000694
0.003671015
0.003301832
0.003052395
0.002874716
0.002772554
0.002797821
0.003137288
0.003746651
0.004271122
0.004455532
0.004355657
0.004192595
0.004129743
0.004262845
0.004735692
0.005393583
0.005941672
0.006418896
0.006873995
0.007186126
0.007168061
0.006811422
0.006581231
0.006764087
0.007192568
0.007538038
0.007761181
0.007948031
0.007889467
0.007599321
0.007323618
0.007253199
0.00736643
0.007516098
0.007558637
0.007301918
0.006727902
0.006138692
0.005660156
0.005206736
0.00466349
0.004019119
0.003515081
0.003285541
0.003065786
0.002667511
0.002250146
0.002029737
0.002044183
0.002092859
0.001815999
0.001247228
0.000759213
0.0005260083
0.000278202
-0.0001267745
-0.0006279788
-0.001328622
-0.00225225
-0.003065079
-0.003547084
-0.003782208
-0.003810942
-0.003915872
-0.004223426
-0.004700749
-0.005326047
-0.005872661
-0.006118335
-0.006065097
-0.00589376
-0.005784928
-0.005771385
-0.005610577
-0.005139314
-0.004585973
-0.004133255
-0.00411909
-0.004807922
-0.005702933
-0.005962961
-0.005427201
-0.004878345
-0.004961805
-0.005538777
-0.006139178
-0.006639968
-0.00704271
-0.007347091
-0.007758232
-0.008433494
-0.009560024
-0.01093167
-0.01223948
-0.01331244
-0.01395193
-0.01409962
-0.01394456
-0.01376445
-0.01372353
-0.01380162
-0.01389443
-0.01394402
-0.01394405
-0.01391813
-0.01388333
-0.0138423
-0.01380883
-0.01379571
-0.01377559
-0.01355953
-0.01305814
-0.01252237
-0.01219921
-0.0119321
-0.01154922
-0.01108302
-0.01028672
-0.009181565
-0.008287417
-0.007904927
-0.007725766
-0.007397422
-0.006743035
-0.005897897
-0.005031963
-0.004366981
-0.003977983
-0.003635927
-0.003258403
-0.002957843
-0.002728801
-0.002344036
-0.001678966
-0.0008359737
1.963778e-05
0.0007411208
0.001338078
0.001959447
0.002689549
0.00348538
0.004250792
0.004908604
0.005301836
0.005413437
0.005570352
0.006055007
0.006894517
0.007788424
0.008301249
0.008360455
0.008433498
0.008809751
0.009383191
0.01006069
0.01065641
0.01095643
0.01103496
0.0112845
0.01189443
0.01277862
0.01354799
0.01387021
0.01376405
0.01350246
0.01334386
0.01336545
0.01349434
0.0136097
0.01362498
0.0135664
0.01351667
0.01351346
0.01348624
0.01303621
0.01198856
0.01089792
0.01037007
0.01042988
0.01050357
0.01021672
0.009695073
0.009054261
0.008447643
0.008101854
0.008072574
0.008219462
0.008365797
0.008411108
0.008358175
0.008263959
0.007963678
0.007121181
0.006255034
0.006367838
0.00741897
0.008507763
0.00893717
0.008842821
0.008830727
0.009273275
0.01014457
0.01095373
0.01130767
0.01138308
0.01158445
0.0121284
0.01290679
0.01351283
0.01368495
0.01351646
0.01326655
0.01312398
0.01312736
0.01321378
0.0132903
0.01329604
0.01323466
0.01315109
0.01298066
0.01230205
0.01118051
0.01008745
0.009034679
0.00801596
0.007030063
0.005951231
0.004780506
0.003781764
0.003042874
0.002562609
0.002234038
0.001692363
0.0007769442
-0.0001516641
-0.0007434898
-0.001105869
-0.001495667
-0.002087397
-0.002708604
-0.003080764
-0.003127709
-0.002977088
-0.002819003
-0.002616804
-0.002211864
-0.001891447
-0.00177404
-0.001411619
-0.0007899401
-0.0002717743
-0.0001119864
-0.0002564686
-0.0004735672
-0.0005686657
-0.0005167809
-0.0004133976
-0.0003567441
-0.000375852
-0.0004368661
-0.0005755284
-0.001160226
-0.002228289
-0.003453967
-0.004605269
-0.005464562
-0.006093182
-0.006805243
-0.007588823
-0.008201181
-0.008859873
-0.009705142
-0.01041573
-0.0107651
-0.01105803
-0.01167536
-0.01246433
-0.01299212
-0.01306147
-0.01282565
-0.01257099
-0.01247368
-0.01252447
-0.01261054
-0.012629
-0.01255733
-0.01246037
-0.01239967
-0.01238244
-0.01237187
-0.01232684
-0.01225905
-0.01221286
-0.01218416
-0.01187023
-0.01096736
-0.009886535
-0.009081536
-0.008448817
-0.007794654
-0.007245308
-0.006981652
-0.006993357
-0.00708851
-0.006935721
-0.006411209
-0.005795366
-0.005272987
-0.004842718
-0.004551019
-0.00442812
-0.004431251
-0.004472644
-0.004513845
-0.004724059
-0.005112225
-0.005252052
-0.004966295
-0.004748531
-0.005157649
-0.0060404
-0.006772098
-0.006975768
-0.006737405
-0.006388902
-0.006199543
-0.006206719
-0.006291972
-0.006336921
-0.006300102
-0.006163925
-0.005766652
-0.004969253
-0.004039771
-0.003432554
-0.003331958
-0.00354257
-0.003745703
-0.003764053
-0.003614939
-0.003431084
-0.00332896
-0.003329499
-0.003372709
-0.003380347
-0.003330391
-0.003253799
-0.003179598
-0.003127428
-0.003161911
-0.003378025
-0.003516647
-0.003368764
-0.003184108
-0.003542469
-0.004412922
-0.005189509
-0.005430614
-0.00518673
-0.004992122
-0.005443035
-0.006360461
-0.00709537
-0.00726369
-0.006981241
-0.006607151
-0.006401629
-0.006402825
-0.006495084
-0.006547595
-0.006501331
-0.006198726
-0.005398834
-0.00438913
-0.003533261
-0.00274931
-0.002051866
-0.00138488
-0.0005424442
0.0004975329
0.001678752
0.002843983
0.003928915
0.0046805
0.005177363
0.005796089
0.006588384
0.007502364
0.008365309
0.008875533
0.008924931
0.008699983
0.008482905
0.00841807
0.008471121
0.008531954
0.008534328
0.008482329
0.008369377
0.007959315
0.007151831
0.00632214
0.005725911
0.005208993
0.004663086
0.004219626
0.003862109
0.003361449
0.002707548
0.002180803
0.001987292
0.00207523
0.002209995
0.00196445
0.001184423
0.0003828006
0.0003445121
0.001190769
0.002177784
0.002471733
0.001967361
0.001224863
0.0007696013
0.0005997776
0.0005570619
0.0008601189
0.001543596
0.002204265
0.002473095
0.00233498
0.002047838
0.00186725
0.001870731
0.001976978
0.002074507
0.00210083
0.002048536
0.001959467
0.001889195
0.001862791
0.001866936
0.001873069
0.001861676
0.001785913
0.001568436
0.001358324
0.001190308
0.0010748
0.001138995
0.001222259
0.001136653
0.0008806578
0.000463008
2.345126e-05
-0.000234232
-0.0002513767
-0.0001349903
-3.327372e-05
-2.206174e-05
-0.0001276122
-0.0004161192
-0.0007395329
-0.0007599978
-0.0004512175
-9.286039e-05
6.649479e-05
-6.727632e-05
-0.0004008057
-0.0005878047
-0.0004772822
-0.0002889434
-0.0002836682
-0.0004189756
-0.0007257023
-0.001162241
-0.001398565
-0.001356054
-0.001320872
-0.001450386
-0.001653367
-0.001781761
-0.001781821
-0.001704226
-0.00163042
-0.001604836
-0.001619597
-0.001641305
-0.001649067
-0.001731691
-0.002075142
-0.00264535
-0.00312897
-0.003289158
-0.003160662
-0.002947733
-0.002824652
-0.002829656
-0.002893941
-0.002933001
-0.00290794
-0.002750441
-0.002327217
-0.001701263
-0.00117968
-0.0009733036
-0.0009549759
-0.0007580268
-0.0002717647
0.0002450304
0.0006242084
0.0009772562
0.00136859
0.001670785
0.001771584
0.001701414
0.001581392
0.001526143
0.001642108
0.001830843
0.001851372
0.001679306
0.001468166
0.001355621
0.001362105
0.00141912
0.001428895
0.001236314
0.000751865
0.0001454379
-0.0004049942
-0.0008851159
-0.00125383
-0.001475193
-0.001766246
-0.002224854
-0.002639307
-0.002848732
-0.003039177
-0.003255905
-0.00335748
-0.003406938
-0.003515086
-0.003648183
-0.003715923
-0.003683004
-0.003581059
-0.003471288
-0.003398552
-0.003366194
-0.003348787
-0.003320556
-0.003270854
-0.003200762
-0.003124633
-0.003027161
-0.002788377
-0.002339246
-0.001852571
-0.001562069
-0.001520194
-0.001576978
-0.00152658
-0.001388104
-0.001197897
-0.0009665495
-0.0007119527
-0.000538519
-0.0004276092
-0.0003273151
-0.0002451416
-0.0002017592
-0.0001913059
-0.0001863524
-0.0001706956
-0.0001443297
-0.0001122101
-8.624495e-05
-0.0001187339
-0.0003208465
-0.0006951212
-0.001085237
-0.001335984
-0.001314979
-0.001087932
-0.0008600974
-0.0008537793
-0.001190276
-0.001654852
-0.001931221
-0.001909331
-0.001713926
-0.001585006
-0.001673541
-0.001881896
-0.002071235
-0.002152652
-0.001995012
-0.0016177
-0.001244263
-0.001062828
-0.001074232
-0.001143889
-0.001108603
-0.0009475413
-0.0007783681
-0.0005837072
-0.0003349104
-0.0001117358
4.684371e-06
1.29191e-05
-1.709335e-05
2.896712e-05
0.0002006429
0.0004534734
0.000703596
0.0008547177
0.0008778735
0.0008255484
0.0007739613
0.0007648944
0.0007919991
0.0008186884
0.0007774138
0.0006484827
0.0005124354
0.0004572196
0.0005352151
0.0007085226
0.0008116905
0.0007023714
0.0004372757
0.0002163563
0.0002053788
0.0003860947
0.0005463147
0.0005515071
0.0005075214
0.0005767475
0.0007246902
0.0008569242
0.000918615
0.0008216726
0.0005938808
0.0003945218
0.0003352626
0.0003998279
0.0004974156
0.0005529638
0.0005526484
0.0005304729
0.0005221889
0.0005349753
0.0005567639
0.0005761202
0.0005916672
0.000613781
0.0006854703
0.0008296622
0.000966313
0.001040508
0.001063287
0.001060071
0.00105369
0.001078946
0.001194901
0.001366399
0.001488727
0.00150695
0.001450298
0.00139475
0.001422277
0.001539874
0.001647105
0.001688941
0.001678748
0.001646215
0.001614848
0.00159374
0.00157989
0.001574621
0.001597311
0.001637704
0.001652229
0.001601011
0.00151299
0.001456476
0.001435898
0.001432995
0.001427112
0.001381332
0.001321625
0.001287942
0.001285562
0.001293715
0.001310571
0.00136073
0.001424543
0.001457822
0.001442333
0.001395515
0.001347304
0.001315839
0.001308865
0.001336256
0.001380711
0.001398855
0.00138527
0.001348743
0.001289974
0.001218398
0.001145717
0.001089417
0.001058645
0.001045804
0.001035334
0.001005346
0.0009428684
0.0008746614
0.0008228576
0.0007937067
0.0007816219
0.0007698747
0.0007409694
0.0007003066
0.0006669846
0.0006464246
0.0006264591
0.000603103
0.0005827713
0.0005705829
0.000564913
0.0005607361
0.000555216
0.0005480216
0.000540096
0.0005322443
0.0005197447
0.0004934832
0.000456204
0.0004249553
0.000412161
0.0004151667
0.000422525
0.0004249746
0.0004207546
0.0004136134
0.0004078792
0.0004049598
0.000398247
0.0003776053
0.0003503341
0.0003322543
0.0003297604
0.000334042
0.0003326857
0.0003278782
0.000325971
0.0003216388
0.0003107649
0.0002993868
0.000295084
0.0002988186
0.000305835
0.000308809
0.0003058689
0.0003018898
0.0002964321
0.0002891584
0.0002840096
0.0002840534
0.0002885956
0.0002944574
0.0002971548
0.0002946023
0.0002923712
0.0002950223
0.000299438
0.0003039147
0.0003097056
0.0003158742
0.0003204395
0.0003227426
0.0003236924
0.0003246006
0.000326133
0.00032814
0.0003302196
0.0003341726
0.0003418458
0.0003498295
0.0003538636
0.0003532014
0.0003503997
0.0003483041
0.0003479571
0.000349513
0.0003531568
0.0003575986
0.0003601674
0.0003595923
0.0003568579
0.0003538459
0.0003517418
0.0003505478
0.0003495964
0.00034831
0.0003465613
0.0003445774
0.0003427088
0.000341935
0.0003428435
0.000343843
0.0003431815
0.0003406316
0.0003372489
0.000334675
0.0003339948
0.000334144
0.0003333257
0.0003308691
0.000327412
0.0003239726
0.0003211069
0.0003187376
0.0003164868
0.0003140672
0.0003114445
0.0003087482
0.0003061241
0.0003036303
0.0003012161
0.0002987991
0.0002963403
0.0002938575
0.0002914395
0.0002892451
0.0002871928
0.00028509
0.0002829254
0.0002806886
0.0002783253
0.0002758466
0.000273363
0.000271037
0.0002688671
0.0002667545
0.0002645566
0.0002621878
0.0002597153
0.0002573081
0.0002550084
0.0002527372
0.0002504551
0.0002481062
0.0002456729
0.0002432287
0.0002408563
0.0002385986
0.0002363925
0.0002341731
0.0002319084
0.0002296097
0.0002273286
0.0002251013
0.0002229212
0.0002207526
0.00021859
0.0002164352
0.0002142863
0.0002121434
0.0002100124
0.0002079072
0.0002058252
0.0002037561
0.0002016932
0.0001996379
0.0001975939
0.0001955597
0.0001935381
0.0001915316
0.0001895391
0.0001875566
0.0001855786
0.0001836062
0.0001816426
0.0001796873
0.000177738
0.0001757964
0.0001738656
0.0001719424
0.0001700218
0.000168103
0.0001661877
0.000164277
0.0001623722
0.0001604736
0.0001585804
0.000156692
0.0001548076
0.0001529269
0.0001510506
0.0001491793
0.0001473133
0.0001454526
0.0001435975
0.0001417476
0.000139903
0.0001380639
0.0001362303
0.0001344026
0.0001325806
0.0001307645
0.0001289543
0.00012715
0.0001253517
0.0001235595
0.0001217735
0.0001199936
0.00011822
0.0001164527
0.0001146918
0.0001129373
0.0001111892
0.0001094477
0.0001077127
0.0001059844
0.0001042627
0.0001025478
0.0001008396
9.91383e-05
9.744385e-05
9.575633e-05
9.407578e-05
