-0.000642899
-0.0006439579
-0.0006450219
-0.0006460942
-0.000647177
-0.0006482618
-0.0006493549
-0.0006504513
-0.0006515622
-0.0006526752
-0.0006538061
-0.0006549454
-0.0006560855
-0.0006571936
-0.0006582552
-0.0006592435
-0.0006601446
-0.0006609191
-0.000661571
-0.0006620857
-0.0006624422
-0.0006626029
-0.0006625884
-0.0006624318
-0.000662299
-0.0006625055
-0.0006632898
-0.0006646098
-0.0006661924
-0.0006676397
-0.0006686308
-0.0006687169
-0.00066717
-0.0006634641
-0.000657371
-0.000649007
-0.0006391009
-0.00062905
-0.0006210103
-0.0006169479
-0.000617604
-0.0006224747
-0.0006300811
-0.0006389275
-0.0006475862
-0.0006546664
-0.000659224
-0.0006610535
-0.0006601594
-0.0006563253
-0.0006503791
-0.0006429077
-0.0006349347
-0.0006290244
-0.0006274297
-0.0006305261
-0.0006368833
-0.0006439969
-0.0006493714
-0.0006496687
-0.0006391035
-0.0006146751
-0.0005794997
-0.0005409385
-0.0005069593
-0.0004852812
-0.0004858687
-0.0005166514
-0.0005790542
-0.0006688805
-0.0007794755
-0.0008996871
-0.001015431
-0.001108403
-0.001160051
-0.001159117
-0.001104288
-0.001002736
-0.0008743238
-0.0007474663
-0.0006496352
-0.0006040764
-0.0006278391
-0.0007231395
-0.000875344
-0.001057876
-0.00123759
-0.001384619
-0.001477335
-0.001496161
-0.001429907
-0.001288406
-0.001090719
-0.000857514
-0.000613151
-0.0003760682
-0.0001628743
7.517578e-06
0.0001139718
0.000139721
8.022532e-05
-5.724187e-05
-0.0002574946
-0.000489076
-0.0007145193
-0.0009146297
-0.001083568
-0.001218335
-0.00131732
-0.00137982
-0.001399847
-0.001367749
-0.001283482
-0.001159398
-0.001026901
-0.0009237966
-0.0008779966
-0.000912826
-0.001031143
-0.001204435
-0.001386391
-0.001534644
-0.001626105
-0.001660587
-0.001655097
-0.001627707
-0.001573151
-0.001474776
-0.001314014
-0.001086108
-0.0007969765
-0.0004685523
-0.0001315929
0.0001843933
0.0004303825
0.0005601245
0.0005596254
0.0004330676
0.0002093059
-5.388345e-05
-0.0002985546
-0.0005018755
-0.0006431121
-0.0007058411
-0.0007143756
-0.0007265342
-0.0007897785
-0.0009127817
-0.001061898
-0.001158721
-0.001118385
-0.0008946562
-0.0004856134
7.958794e-05
0.0007321339
0.001379909
0.001939197
0.002350022
0.002574807
0.002596186
0.002425323
0.002116962
0.001763116
0.00145784
0.001268714
0.001246545
0.001405898
0.001698109
0.002032839
0.002317369
0.002474427
0.002451237
0.002232641
0.001844885
0.001358871
0.0008620121
0.0004420851
0.0001524495
-9.757005e-06
-8.181813e-05
-0.0001272981
-0.0002055916
-0.0003377622
-0.0005055067
-0.0006685494
-0.00078969
-0.0008516475
-0.0008592228
-0.0008355867
-0.0008299131
-0.0009088576
-0.001110603
-0.001435492
-0.001866574
-0.002358439
-0.002834503
-0.003214279
-0.003413837
-0.003370266
-0.003101846
-0.002669656
-0.00213452
-0.001544615
-0.000930683
-0.0003438434
0.0001512442
0.0005060752
0.0007082409
0.000776769
0.0007163134
0.000509401
0.0001561457
-0.0003283612
-0.000901843
-0.001504119
-0.002096912
-0.00265666
-0.003149407
-0.00353291
-0.003735682
-0.00364365
-0.0031733
-0.002345417
-0.001297487
-0.0002054436
0.0007737118
0.001497352
0.001874496
0.001892988
0.001615716
0.001129742
0.0005290342
-0.0001200512
-0.000789078
-0.001432567
-0.001988981
-0.00240385
-0.002610237
-0.002539693
-0.002173428
-0.001536142
-0.000702678
0.0002429813
0.00117596
0.001955394
0.00244419
0.00251063
0.002103254
0.001280372
0.000164115
-0.00110371
-0.002338786
-0.003340343
-0.003947331
-0.004082995
-0.003749292
-0.00307959
-0.002300748
-0.001637782
-0.001232641
-0.0011121
-0.001163746
-0.00117382
-0.0009958578
-0.0005988766
-1.042779e-05
0.0007016336
0.00142207
0.002027199
0.002433108
0.002620032
0.002630429
0.002542774
0.002437452
0.002369484
0.002335378
0.00224966
0.00201208
0.001603482
0.001098638
0.0006186345
0.0002711282
0.0001081677
0.0001613228
0.0004739468
0.001007445
0.001635341
0.002203979
0.002551097
0.002480848
0.001848804
0.0006716154
-0.000879482
-0.002564009
-0.004143446
-0.005367328
-0.006005592
-0.005959732
-0.005226938
-0.003874972
-0.002050837
7.588953e-06
0.002035787
0.003785527
0.005034666
0.005637345
0.005495634
0.004609784
0.003143509
0.001398498
-0.0002586906
-0.00152265
-0.002245097
-0.002407781
-0.002056081
-0.001306017
-0.0002476775
0.001061478
0.00249151
0.003834533
0.004889172
0.00550358
0.00555073
0.004989714
0.003908155
0.002488892
0.0009233021
-0.0006583527
-0.002127005
-0.003321705
-0.004062477
-0.004232226
-0.003841387
-0.00297982
-0.001822664
-0.0005819543
0.0005120537
0.001203911
0.001277203
0.0006809542
-0.0005022011
-0.002089249
-0.003824073
-0.00539956
-0.006502269
-0.006926288
-0.006651904
-0.005788052
-0.004538042
-0.003105026
-0.001698233
-0.0005190981
0.0002982032
0.0007035157
0.0006846843
0.000272862
-0.0003666747
-0.0009158511
-0.001070184
-0.0006424616
0.0003591795
0.001785351
0.003365762
0.004784078
0.005799727
0.006323003
0.006377186
0.006002275
0.00528682
0.004341367
0.003252568
0.002073554
0.0008522056
-0.0003157426
-0.001301368
-0.001963026
-0.002146351
-0.001822243
-0.001142529
-0.0003175986
0.0005371595
0.001312568
0.001835283
0.002009138
0.001833295
0.001398404
0.0008168254
0.0001193955
-0.0007050705
-0.001674426
-0.002713126
-0.003709497
-0.0045355
-0.005027988
-0.005062273
-0.00462125
-0.003756733
-0.002629361
-0.001487115
-0.0005661971
-7.766571e-06
0.0001497495
-0.0001163499
-0.000759052
-0.00160964
-0.002445388
-0.00309711
-0.003524802
-0.003749873
-0.003842323
-0.003855841
-0.003807842
-0.0037184
-0.003615096
-0.003511007
-0.003378148
-0.003230595
-0.003140562
-0.003233249
-0.003674153
-0.004512826
-0.005617001
-0.00676344
-0.007649801
-0.008010587
-0.007673065
-0.006560327
-0.004719494
-0.002334565
0.0002372626
0.002547452
0.004208562
0.004943292
0.004666272
0.003544312
0.001968317
0.0004098713
-0.0007576435
-0.001366358
-0.001461581
-0.001217505
-0.0007887758
-0.0002185138
0.0005739434
0.001682708
0.003096687
0.004650159
0.006084463
0.007168067
0.007787001
0.007963171
0.007775127
0.007275909
0.006458212
0.005345286
0.00403667
0.002654958
0.001343989
0.0002564804
-0.0004846853
-0.0007466759
-0.0004177968
0.000503935
0.001929346
0.00365571
0.005368153
0.006757324
0.007622037
0.007840905
0.007362535
0.006212126
0.004475377
0.002322144
-3.43501e-05
-0.002348638
-0.004392506
-0.006039873
-0.007174233
-0.007688869
-0.007518727
-0.006639197
-0.005172275
-0.003349499
-0.001451
0.0002212925
0.001437405
0.002111244
0.00229798
0.002105528
0.001621935
0.0009454307
0.0002164238
-0.0004351724
-0.001009654
-0.001591756
-0.002216011
-0.002829862
-0.003268478
-0.003334741
-0.002972368
-0.002227527
-0.001154477
0.0001669768
0.001633003
0.003137891
0.004563301
0.005771054
0.006649272
0.007147599
0.007224087
0.00681751
0.005926782
0.004678984
0.003329725
0.002159272
0.001360624
0.0009869422
0.0009704359
0.001238267
0.001759669
0.002522818
0.00351032
0.00460729
0.005626969
0.006399399
0.00683097
0.006859965
0.006456974
0.005721555
0.004862684
0.004105127
0.003602426
0.003394678
0.003421488
0.003628387
0.004038366
0.00462886
0.005293195
0.005892703
0.006319037
0.006530802
0.00655803
0.006531125
0.006661934
0.007061418
0.007675573
0.008340552
0.008853254
0.009038603
0.008831266
0.008274157
0.007517667
0.006706426
0.005875972
0.004998537
0.004006276
0.002922178
0.001874161
0.001023699
0.0005409248
0.0005764197
0.00116798
0.002249627
0.003599009
0.004906089
0.005903515
0.006459468
0.006595943
0.00644673
0.00618559
0.005899671
0.005536172
0.005052362
0.004481322
0.003853159
0.003134129
0.002397541
0.001867491
0.001709594
0.001955239
0.002534605
0.00325201
0.003835147
0.004039003
0.003700823
0.002814765
0.001431556
-0.0003622935
-0.00240283
-0.004516058
-0.006565617
-0.008385376
-0.009806533
-0.01070123
-0.0109886
-0.01066591
-0.009815227
-0.008555148
-0.006991435
-0.005248789
-0.003466546
-0.001788515
-0.0003751447
0.000613803
0.001064875
0.001003591
0.0005958356
7.04661e-05
-0.000373515
-0.0006279241
-0.0006833613
-0.0006021123
-0.0004514495
-0.0002439447
3.696605e-05
0.0004225152
0.0009236574
0.001513678
0.00207651
0.002474878
0.002635105
0.002573548
0.002373602
0.002099203
0.001711137
0.001175118
0.0005195848
-0.0002282561
-0.001032951
-0.00175351
-0.002189816
-0.002213222
-0.001787917
-0.0009742765
4.8971e-05
0.001038976
0.001746957
0.001947963
0.00158734
0.00080546
-0.0001989046
-0.00125305
-0.002183805
-0.002790152
-0.002919799
-0.002585304
-0.001960565
-0.001264727
-0.0006380966
-0.0001445416
0.0001973763
0.0003815229
0.0003815013
0.0001963832
-0.0001575168
-0.0007074543
-0.00143567
-0.002232763
-0.002926673
-0.00331092
-0.003214684
-0.002575589
-0.001460562
-2.570215e-05
0.001530037
0.002977916
0.004114741
0.004830442
0.005113187
0.004984031
0.004487712
0.003727466
0.002829434
0.001919166
0.001099454
0.0005079771
0.0002883143
0.0004693573
0.000976617
0.001719631
0.002552607
0.003341931
0.003995031
0.004458588
0.004704152
0.004703756
0.004459206
0.003994637
0.003387719
0.002765654
0.00225423
0.00192929
0.001757106
0.001566433
0.001210972
0.0006749639
5.643734e-05
-0.000502806
-0.0008896101
-0.001061598
-0.001050528
-0.0009548631
-0.0009418622
-0.00117491
-0.001668057
-0.002225121
-0.002566103
-0.00250287
-0.001975711
-0.001051488
6.982994e-05
0.001127165
0.001905919
0.002269062
0.002126338
0.001525852
0.0006706784
-0.0001784139
-0.0008532502
-0.001384083
-0.001871315
-0.002343577
-0.002698397
-0.002778229
-0.002497386
-0.001850297
-0.0008846068
0.0003166486
0.001656264
0.003049321
0.004422137
0.005695404
0.00681565
0.0077178
0.008298623
0.008465394
0.0081474
0.007357395
0.006174053
0.004753759
0.003244274
0.001799019
0.0005847434
-0.0002577846
-0.0006218351
-0.0004654121
0.0001066862
0.0008065183
0.001278464
0.001303939
0.0008951421
0.0002149782
-0.0006039087
-0.001467311
-0.002269116
-0.002910727
-0.003334915
-0.003541383
-0.003565365
-0.0034098
-0.003042239
-0.00245486
-0.001633119
-0.0006181395
0.0004444557
0.001367647
0.002005488
0.002307778
0.002325617
0.002173768
0.001974172
0.001813221
0.001728773
0.001716609
0.001721511
0.00159281
0.001194449
0.0004762429
-0.0005317577
-0.001691472
-0.00279087
-0.003639769
-0.004116043
-0.004122424
-0.003664387
-0.002894237
-0.001989742
-0.001067927
-0.0002169721
0.00047929
0.0009639165
0.001227719
0.001282718
0.001080093
0.0005925455
-9.855092e-05
-0.0008334994
-0.001448755
-0.001843532
-0.002003303
-0.001983603
-0.001873605
-0.001745589
-0.001599332
-0.001417387
-0.001256432
-0.001199649
-0.001296506
-0.0015792
-0.002042005
-0.002653378
-0.003343392
-0.003988288
-0.004424109
-0.004545239
-0.004359101
-0.00392785
-0.003358217
-0.002778597
-0.002249102
-0.001723031
-0.001092641
-0.0002579115
0.0008112236
0.001981787
0.003003124
0.003669339
0.003898475
0.003664297
0.003017806
0.002180986
0.001458751
0.001108813
0.001235321
0.001756099
0.002547482
0.003487091
0.004415453
0.005177655
0.005675178
0.005892587
0.005882823
0.005688697
0.005293694
0.004647714
0.003714679
0.002510876
0.001114189
-0.0003238047
-0.00159481
-0.002470248
-0.002763314
-0.002402907
-0.00146715
-0.000193151
0.001090452
0.002080307
0.002511913
0.002166161
0.0009546105
-0.0009937233
-0.003349763
-0.005679973
-0.007579709
-0.008809858
-0.009352555
-0.009371675
-0.009117729
-0.008826386
-0.008641906
-0.008555611
-0.008433717
-0.008187607
-0.007810177
-0.007338413
-0.006854113
-0.006449123
-0.006185443
-0.00607527
-0.006085543
-0.006158929
-0.006238971
-0.006288333
-0.006295207
-0.006260795
-0.00614294
-0.005849329
-0.005325147
-0.004541865
-0.00352758
-0.002425338
-0.001434395
-0.0007179966
-0.0003425363
-0.0002688401
-0.0004010297
-0.0007080796
-0.001199534
-0.001822202
-0.002462056
-0.002996563
-0.003344834
-0.003491169
-0.003478368
-0.003368494
-0.003148589
-0.002754283
-0.002189983
-0.00154917
-0.0009592429
-0.0004850796
-0.0001122625
0.0001499536
0.000250545
0.0001662225
-0.0001356378
-0.0006930145
-0.001455007
-0.002351726
-0.003336102
-0.004275807
-0.004945005
-0.005156548
-0.004854415
-0.004090126
-0.002981942
-0.001673034
-0.0003198672
0.000969991
0.002165218
0.003222559
0.004076209
0.004673935
0.00500761
0.005111331
0.004984381
0.004591581
0.003969548
0.003172013
0.002230481
0.001196474
0.0001125068
-0.0009678602
-0.001948213
-0.002722484
-0.003227712
-0.003466824
-0.003500836
-0.003411997
-0.003207119
-0.002817016
-0.002200931
-0.001390025
-0.0005047728
0.0003253398
0.0009864263
0.001337481
0.001290084
0.0008915404
0.0002663658
-0.0004860195
-0.001285537
-0.001996301
-0.002424346
-0.002430373
-0.001997084
-0.001189041
-0.0001394438
0.001009875
0.002093098
0.002881305
0.003224057
0.003051445
0.002300236
0.0009419312
-0.0009142514
-0.003029885
-0.005134616
-0.006943167
-0.00816898
-0.008607733
-0.008222653
-0.007119104
-0.005502855
-0.003586874
-0.001552357
0.0004621578
0.002312929
0.003886209
0.005066421
0.005744843
0.005889779
0.00552984
0.004770292
0.003818527
0.002913388
0.002237291
0.001868414
0.001781033
0.001879565
0.002045365
0.002185243
0.002250689
0.002235795
0.002167084
0.002084327
0.002023319
0.002003365
0.00202174
0.002062449
0.002104796
0.002136062
0.002150561
0.002143891
0.002061937
0.001783541
0.001269019
0.0006044164
-5.5137e-05
-0.0005627682
-0.0007832752
-0.000591103
5.290347e-05
0.001111938
0.002462621
0.00394019
0.005317614
0.006425938
0.007182654
0.00758634
0.00765141
0.007359316
0.006768802
0.005977844
0.005037631
0.003982657
0.002822019
0.001632668
0.0005555503
-0.0002712238
-0.0007734873
-0.0009651269
-0.0009307824
-0.0007582838
-0.000459955
-9.082587e-06
0.0005651801
0.001167019
0.001652028
0.001896205
0.001918348
0.001826278
0.00173269
0.001705361
0.001751213
0.001779427
0.001612088
0.00116479
0.000507576
-0.0001928865
-0.0007637296
-0.001071968
-0.001042751
-0.0006875605
-5.230738e-05
0.0007564533
0.001533369
0.002088715
0.002334484
0.002241941
0.001784595
0.001034671
0.0001122615
-0.0009097939
-0.001876321
-0.002552921
-0.002813913
-0.002594544
-0.001882989
-0.0007658032
0.0006574549
0.002266892
0.003906838
0.00540635
0.006650678
0.007547658
0.008013128
0.008016817
0.007554846
0.006682692
0.00548846
0.004140661
0.002874967
0.0019234
0.001478502
0.001643408
0.002393744
0.003574089
0.004912324
0.006107896
0.006943414
0.007345443
0.007337977
0.006944438
0.006226754
0.005274443
0.004188452
0.003107531
0.002186713
0.001515685
0.001063926
0.0007489347
0.000479654
0.0001591336
-0.0002312249
-0.0005869487
-0.0007653397
-0.0006563163
-0.000258885
0.0003073545
0.0008704244
0.001285928
0.001466705
0.001350462
0.0009131191
0.0002283891
-0.000582709
-0.001465413
-0.002371144
-0.003212286
-0.003887906
-0.004309504
-0.004408908
-0.004182379
-0.003679685
-0.002994805
-0.002202166
-0.001343433
-0.0004678714
0.0003855801
0.001166767
0.001829816
0.002381627
0.002844538
0.003222698
0.003484251
0.003535737
0.003283855
0.002741305
0.002061632
0.001490292
0.001235135
0.001419711
0.002071021
0.003097691
0.004282047
0.005358541
0.006101797
0.006351174
0.006058591
0.00534517
0.004413984
0.003400446
0.002409083
0.001549181
0.0009060321
0.0005090703
0.0003482777
0.0004177156
0.0006778384
0.001016674
0.001260216
0.001282411
0.001031897
0.0004722967
-0.0003452303
-0.00126257
-0.002084941
-0.00264197
-0.002795728
-0.002488966
-0.001797535
-0.0008765597
7.664866e-05
0.0008725207
0.001388426
0.001580599
0.001452805
0.001080427
0.0006016188
0.0001621622
-0.0001361854
-0.0002390177
-9.152182e-05
0.0003632344
0.001148838
0.002211838
0.00338991
0.004464455
0.00525458
0.005681463
0.005759805
0.005562386
0.005229558
0.004852205
0.00442937
0.003913909
0.003216828
0.002286312
0.001115083
-0.000237354
-0.001697166
-0.003139236
-0.004388399
-0.005295148
-0.005778781
-0.005800863
-0.005381291
-0.004652862
-0.003831688
-0.003109795
-0.002580128
-0.002293751
-0.002252231
-0.002434667
-0.002886876
-0.003668819
-0.004783628
-0.006165661
-0.007685516
-0.00912415
-0.01020972
-0.01074678
-0.01066092
-0.01001438
-0.00900274
-0.007861959
-0.006815593
-0.006029843
-0.005573684
-0.005416111
-0.005458624
-0.005583194
-0.005694433
-0.005742753
-0.005750676
-0.005860972
-0.006220234
-0.006895548
-0.007867607
-0.008987023
-0.009964143
-0.01049153
-0.01042193
-0.009790966
-0.008753317
-0.007541581
-0.006356142
-0.005290877
-0.004385042
-0.003669125
-0.003161442
-0.002855956
-0.002719392
-0.002712507
-0.002849179
-0.00317538
-0.003636948
-0.004091766
-0.004398414
-0.004427243
-0.004078585
-0.003336814
-0.002312259
-0.001187467
-0.0001977581
0.0004522764
0.000692892
0.0005709767
0.0001273513
-0.000570699
-0.001377823
-0.002118635
-0.002656891
-0.002937652
-0.002976697
-0.002787834
-0.002366027
-0.001757253
-0.001068845
-0.0003889676
0.0002287382
0.0007494956
0.001195935
0.001618312
0.002030233
0.002402143
0.002691556
0.002869949
0.002942888
0.002987743
0.003114471
0.003420853
0.003985202
0.004843381
0.005967212
0.007237785
0.008500281
0.009608236
0.0104083
0.01082679
0.01084107
0.01046332
0.009761283
0.00881858
0.007762069
0.006758945
0.00590998
0.005192136
0.004541825
0.003939254
0.00341025
0.002996671
0.002727802
0.002603003
0.002575954
0.00249637
0.002193655
0.001579686
0.0006507146
-0.0004906644
-0.001684612
-0.002772035
-0.003620404
-0.004154375
-0.004338851
-0.00419709
-0.003828499
-0.003326244
-0.002718831
-0.002038294
-0.001403318
-0.0009199856
-0.0006077836
-0.0004386225
-0.0003629092
-0.0003360327
-0.0003710737
-0.000556733
-0.000965354
-0.001562
-0.002219778
-0.002789349
-0.003165325
-0.003321751
-0.003310443
-0.003251484
-0.003245956
-0.003293951
-0.003351166
-0.003376556
-0.003352912
-0.003288943
-0.00320929
-0.003140818
-0.003103732
-0.003105957
-0.003135742
-0.00313518
-0.003023452
-0.002776961
-0.002446255
-0.002121001
-0.001885206
-0.00181762
-0.001973924
-0.002327419
-0.00277561
-0.003193261
-0.003488193
-0.003629375
-0.003640764
-0.003577708
-0.003499553
-0.003450795
-0.003451431
-0.00349976
-0.003615996
-0.003841061
-0.004174209
-0.004592254
-0.005037307
-0.00539806
-0.00558804
-0.005552664
-0.005239553
-0.004620139
-0.003716046
-0.002588702
-0.001343682
-0.0001482137
0.0008230831
0.001459196
0.001745988
0.001753852
0.001575023
0.001294253
0.001011336
0.0007899275
0.0006958685
0.0007499479
0.0009152325
0.001149207
0.001445719
0.001787503
0.002159141
0.002573677
0.002987909
0.003254358
0.003218333
0.002824314
0.002119681
0.001260444
0.0004214785
-0.0002987233
-0.0008554027
-0.001266653
-0.001615638
-0.001935457
-0.002162516
-0.0022049
-0.001963738
-0.001369956
-0.0004485379
0.0006390956
0.001661464
0.002419655
0.002816977
0.002850399
0.002568466
0.002090024
0.001574531
0.001191255
0.0011111
0.001398061
0.001914704
0.002406391
0.002563266
0.002149251
0.001160137
-0.0002050661
-0.001594195
-0.002655266
-0.00324416
-0.003416384
-0.003366206
-0.003344943
-0.003509939
-0.003871087
-0.004358758
-0.00493515
-0.005592331
-0.006312831
-0.007080021
-0.007835494
-0.008488352
-0.008933336
-0.00907699
-0.008918145
-0.00852874
-0.007965786
-0.007302233
-0.006695969
-0.006321424
-0.006302463
-0.006626054
-0.007152864
-0.007695269
-0.008098285
-0.008262573
-0.008141727
-0.007785608
-0.00729287
-0.006739614
-0.006203602
-0.005762053
-0.005493676
-0.005504653
-0.005885798
-0.006639937
-0.007654885
-0.008765157
-0.009781945
-0.01054835
-0.01096287
-0.01098259
-0.01067666
-0.01017938
-0.009629356
-0.009160349
-0.008812324
-0.008541037
-0.008252581
-0.007875066
-0.007366937
-0.00673619
-0.006016268
-0.005258042
-0.004496088
-0.003754782
-0.003036348
-0.002339173
-0.001632272
-0.0008487967
7.975666e-05
0.001168894
0.002346685
0.003527841
0.004654296
0.00565793
0.006482845
0.007182016
0.007917064
0.008804207
0.00987335
0.01110139
0.01244172
0.01384223
0.01523816
0.01653856
0.01767145
0.01858237
0.01923495
0.01962756
0.01977827
0.01969277
0.0193884
0.01889412
0.01828458
0.01767626
0.0171625
0.01677036
0.01653129
0.01648519
0.01666777
0.01705277
0.01751918
0.01787531
0.01793895
0.01756842
0.01673925
0.0155228
0.01406914
0.01250276
0.01090047
0.009311322
0.00778735
0.006404503
0.005218041
0.004269312
0.003588796
0.003197563
0.003118133
0.003296839
0.003564552
0.003743978
0.003723307
0.003450865
0.002947879
0.002277446
0.001547502
0.0008895873
0.0004083614
0.0001468792
0.0001027232
0.0002689194
0.0005800619
0.0008811116
0.001029573
0.0009755731
0.0007637251
0.0004913752
0.0002568379
0.0001219812
0.0001193127
0.0002815359
0.0005979394
0.001017661
0.001504712
0.002014972
0.002483606
0.002848904
0.003077109
0.003172206
0.003169112
0.003116601
0.003059377
0.003038727
0.003121026
0.003361062
0.003799939
0.004476063
0.005405146
0.00656547
0.007913077
0.00942833
0.01107443
0.01273084
0.01426486
0.01561919
0.01679886
0.01777516
0.01854091
0.01917063
0.01974102
0.02026962
0.02072508
0.0210517
0.02117055
0.02102884
0.02060858
0.01993431
0.01914186
0.01838733
0.01777465
0.01734286
0.01701986
0.01663053
0.01596646
0.01493088
0.01354517
0.01193631
0.01025417
0.008635159
0.007138811
0.005767914
0.004466889
0.003175434
0.00182376
0.0003548236
-0.001214895
-0.00276007
-0.004105173
-0.005137477
-0.00578911
-0.006065747
-0.006120995
-0.006214481
-0.006582241
-0.007305281
-0.008317552
-0.009444781
-0.0104809
-0.01131138
-0.01191916
-0.01233548
-0.01260867
-0.01278772
-0.01292181
-0.01308824
-0.01335657
-0.01372735
-0.01414006
-0.01451657
-0.01479863
-0.01495738
-0.01495903
-0.01479678
-0.01457177
-0.01443407
-0.01447352
-0.01469607
-0.01508147
-0.01558155
-0.01607067
-0.01643744
-0.0166184
-0.01658997
-0.01639146
-0.01606825
-0.01566632
-0.01525756
-0.01491675
-0.01470295
-0.01467961
-0.01487821
-0.01526574
-0.01583413
-0.01658103
-0.01743512
-0.01831415
-0.01918849
-0.02003972
-0.02081446
-0.02144538
-0.02192093
-0.02229991
-0.02267235
-0.02311615
-0.02363146
-0.02414419
-0.02452353
-0.02463932
-0.02442703
-0.02390663
-0.02316735
-0.02228933
-0.02131185
-0.02027492
-0.01923704
-0.01825869
-0.01741824
-0.01678814
-0.01640161
-0.01623864
-0.01623188
-0.01626026
-0.01618771
-0.01595458
-0.01559429
-0.01515369
-0.01458454
-0.01376842
-0.01263769
-0.01125499
-0.009793454
-0.008479022
-0.007502761
-0.006911687
-0.006642573
-0.006578193
-0.006571881
-0.006474987
-0.006221993
-0.005848269
-0.005479152
-0.005282171
-0.005344156
-0.005629949
-0.006020856
-0.00638032
-0.006584684
-0.006540717
-0.006224088
-0.005639193
-0.004829638
-0.003919345
-0.003078709
-0.00242607
-0.001960808
-0.001600119
-0.001166163
-0.000435775
0.0007395413
0.002386417
0.004376861
0.006485941
0.008492556
0.01028447
0.0118729
0.01328585
0.01457145
0.01579835
0.01703189
0.01834217
0.01978426
0.02133723
0.02297443
0.02465407
0.02629166
0.02777191
0.02904319
0.0301162
0.030993
0.03165981
0.03207926
0.03219869
0.03203284
0.03165033
0.03109257
0.03038745
0.02958736
0.02874705
0.02792157
0.02713981
0.02644318
0.025885
0.02550213
0.02526649
0.02504773
0.02469515
0.02410437
0.02315839
0.02177844
0.01996004
0.01771196
0.0150915
0.01221269
0.009213649
0.006216553
0.003299778
0.0004874801
-0.002184937
-0.004627741
-0.006773284
-0.008564367
-0.01001279
-0.011186
-0.01215545
-0.01301977
-0.01386862
-0.01473513
-0.01564415
-0.01662929
-0.01769047
-0.01874166
-0.01964686
-0.02029223
-0.02063619
-0.02071813
-0.02062931
-0.02044234
-0.02014425
-0.01966258
-0.01895318
-0.01808625
-0.01722227
-0.01655802
-0.01629021
-0.01651708
-0.0172123
-0.01828879
-0.01954702
-0.02069606
-0.02144989
-0.02165199
-0.02127514
-0.02036825
-0.01901001
-0.01734151
-0.01557555
-0.01397441
-0.01276084
-0.01201033
-0.01162104
-0.01142655
-0.01128619
-0.01112842
-0.01094928
-0.01075289
-0.01050757
-0.01017428
-0.009689659
-0.009015484
-0.008212976
-0.007392662
-0.006632464
-0.005994136
-0.005524254
-0.005266867
-0.005268758
-0.005538877
-0.006077118
-0.006850281
-0.007767783
-0.008726973
-0.009637072
-0.01048194
-0.01129033
-0.01208337
-0.01290598
-0.0138505
-0.01503426
-0.01649947
-0.01821266
-0.02011154
-0.02208795
-0.02404431
-0.02595103
-0.02779692
-0.02956317
-0.03120243
-0.03264168
-0.03386503
-0.0349072
-0.03577998
-0.03646338
-0.03693571
-0.03719816
-0.03725559
-0.03707085
-0.03661499
-0.03592477
-0.03505189
-0.03400409
-0.03270502
-0.03107837
-0.02913268
-0.02689156
-0.02437843
-0.0216631
-0.01882125
-0.01596935
-0.01322918
-0.01072353
-0.008539236
-0.006668216
-0.004991995
-0.003382682
-0.001738317
1.900559e-05
0.001944707
0.004125502
0.00657826
0.009202274
0.01184636
0.01436565
0.01671846
0.01891775
0.0208931
0.02250591
0.02369431
0.02456178
0.02526792
0.02598383
0.026819
0.02774497
0.028628
0.02928959
0.02957213
0.0294199
0.02885216
0.02793738
0.02677549
0.0254979
0.02425464
0.02315342
0.02227306
0.02165876
0.02130768
0.02117231
0.02120526
0.02136607
0.02158248
0.02182335
0.0220717
0.02230217
0.02245721
0.02242073
0.02206648
0.02132538
0.02024426
0.01895563
0.01752363
0.01593763
0.01420989
0.0124054
0.01061525
0.008918093
0.007354878
0.005921334
0.004574251
0.003258659
0.001930694
0.0005663665
-0.0008366726
-0.002296674
-0.003889933
-0.005691876
-0.007681188
-0.009769989
-0.0118508
-0.01380206
-0.01555807
-0.01704757
-0.01822353
-0.01911189
-0.01975989
-0.02020822
-0.02049278
-0.02062205
-0.02053657
-0.02014863
-0.01940711
-0.01833022
-0.01700202
-0.01553993
-0.01408309
-0.01277196
-0.01168769
-0.01084289
-0.01015069
-0.009460227
-0.008630839
-0.007555541
-0.006138587
-0.004351617
-0.002298245
-0.0001451811
0.001947955
0.003842494
0.005488128
0.006874658
0.008050088
0.009087414
0.01003017
0.01092793
0.01184883
0.01285331
0.01394445
0.01502484
0.015943
0.01657607
0.016855
0.0167866
0.01651392
0.01621999
0.01603425
0.01600147
0.01609133
0.01626109
0.01653186
0.01694568
0.01747995
0.01804347
0.01849563
0.01865886
0.018386
0.01765233
0.01658504
0.01535439
0.0141148
0.01295826
0.01186998
0.0108226
0.009776723
0.008679839
0.007489735
0.006163947
0.00465203
0.002962433
0.00114524
-0.0007295064
-0.002529791
-0.004145069
-0.005519988
-0.006638382
-0.007539851
-0.008259115
-0.008804891
-0.009147245
-0.009199592
-0.00889848
-0.008302327
-0.007547952
-0.006734185
-0.005911939
-0.005140923
-0.004493808
-0.004005811
-0.003610268
-0.003179159
-0.002603707
-0.001776256
-0.000617058
0.0009252854
0.002848606
0.005057575
0.007408571
0.009736303
0.01189297
0.01379169
0.0154022
0.01671675
0.01778857
0.01873744
0.01970162
0.02078444
0.02202544
0.02344816
0.02512672
0.02711662
0.02945846
0.0321171
0.03494052
0.03775897
0.04043255
0.04280682
0.04477749
0.04635067
0.04760869
0.0486196
0.04942596
0.05008891
0.0506733
0.05124524
0.05182589
0.05239865
0.05295878
0.05348915
0.0539494
0.05431842
0.05463763
0.05495538
0.05528222
0.05559113
0.05583708
0.05596538
0.05590834
0.05563014
0.0551126
0.05434512
0.05333792
0.05213357
0.05079489
0.04938647
0.04798081
0.04664847
0.04535114
0.04393486
0.0422472
0.04026523
0.0380865
0.03581406
0.03345472
0.03087936
0.02797886
0.02473512
0.02116471
0.01737396
0.01353825
0.009774212
0.006110291
0.00255638
-0.0008832591
-0.004243263
-0.007567445
-0.01090161
-0.01425251
-0.01757583
-0.02080331
-0.02388342
-0.02680407
-0.02957285
-0.03218352
-0.03465521
-0.03704998
-0.03943476
-0.04185406
-0.04427811
-0.0466
-0.0487151
-0.05061531
-0.05234532
-0.05390669
-0.05527936
-0.0564279
-0.0573156
-0.05795868
-0.05835327
-0.05842826
-0.05810203
-0.05735842
-0.05629224
-0.05501166
-0.05359349
-0.05211636
-0.05067977
-0.0493242
-0.04804681
-0.04677186
-0.04534047
-0.04359657
-0.04144568
-0.03882079
-0.03564301
-0.03188376
-0.02757712
-0.02279369
-0.01764841
-0.01233307
-0.007098573
-0.002214114
0.002105955
0.005765753
0.008757838
0.01113724
0.0130198
0.01455028
0.01584126
0.01700817
0.01814331
0.01928093
0.02044639
0.02170773
0.02313568
0.02472972
0.02641241
0.0280297
0.02938815
0.03033966
0.03084222
0.03095155
0.03070459
0.03008791
0.02909842
0.02773449
0.02598482
0.02385897
0.02142375
0.01886766
0.01641339
0.01420482
0.01230734
0.01075442
0.009577
0.008777853
0.008273937
0.007923625
0.007568128
0.007059073
0.006340387
0.005434929
0.004346835
0.003097075
0.001714172
0.0002099881
-0.001379842
-0.002991902
-0.004514267
-0.005795499
-0.006711975
-0.007231517
-0.007470764
-0.007670036
-0.008087523
-0.008938853
-0.01035844
-0.01236462
-0.01486271
-0.01769056
-0.02071994
-0.02391398
-0.02725126
-0.03065098
-0.03395029
-0.03694665
-0.03952899
-0.04170335
-0.04348947
-0.04487267
-0.04583002
-0.04633322
-0.04639604
-0.04612278
-0.04564995
-0.04509635
-0.04457447
-0.0441634
-0.04382329
-0.04341899
-0.04284223
-0.04203567
-0.04103048
-0.0399316
-0.03882831
-0.03775033
-0.0366765
-0.03559767
-0.03453563
-0.03349257
-0.03244276
-0.03134329
-0.03012321
-0.02871036
-0.02709403
-0.02526737
-0.02320956
-0.02094891
-0.01853632
-0.01605803
-0.01364875
-0.01141205
-0.009402924
-0.007636357
-0.006079675
-0.004671318
-0.003338783
-0.002059516
-0.0008203186
0.0004383521
0.001806077
0.003322355
0.004955573
0.006632205
0.008297895
0.009916922
0.01142356
0.01278387
0.01405197
0.01538764
0.01698615
0.01898287
0.02142891
0.02433558
0.02765163
0.03121626
0.03480125
0.03817697
0.04114674
0.04359629
0.04546854
0.04670408
0.04732031
0.04744343
0.04723645
0.04682983
0.0463448
0.04583647
0.04528007
0.04472153
0.04425158
0.04394157
0.04380968
0.04379295
0.04375746
0.04354989
0.04297365
0.04190367
0.0403907
0.0385403
0.03646506
0.03431365
0.03224253
0.03036519
0.02875112
0.02746516
0.02655455
0.02601933
0.0258018
0.02579553
0.02582668
0.02566909
0.0251867
0.02432237
0.02303201
0.02126373
0.01897092
0.01619809
0.01309772
0.009875024
0.006711284
0.003742471
0.001085868
-0.001185393
-0.003070057
-0.004610503
-0.005829204
-0.006753403
-0.007455418
-0.007997643
-0.008409878
-0.008701638
-0.008880143
-0.00896048
-0.008938498
-0.008748016
-0.008294558
-0.007516064
-0.006389583
-0.004859304
-0.002838908
-0.0003226866
0.002592383
0.005761652
0.009041188
0.01234805
0.01565174
0.018966
0.02231398
0.02576035
0.02940602
0.03327015
0.03727264
0.04127261
0.04512954
0.04869395
0.05187252
0.05464496
0.05698454
0.05888809
0.06039751
0.06154977
0.06234556
0.06273149
0.06263716
0.06201572
0.06083451
0.05905534
0.05661673
0.05352126
0.04982893
0.04564694
0.04110258
0.03633601
0.03146339
0.02657048
0.02169287
0.01683961
0.01199838
0.00718052
0.002437425
-0.002172558
-0.0066373
-0.01100247
-0.01526216
-0.01932693
-0.02308541
-0.02648204
-0.02952912
-0.03220074
-0.03435839
-0.03578918
-0.03636442
-0.03617449
-0.03550559
-0.03468999
-0.03397413
-0.03350702
-0.03326556
-0.03308729
-0.03278867
-0.03220596
-0.03127585
-0.03000377
-0.0284587
-0.02676538
-0.02505857
-0.02345898
-0.02209316
-0.02107232
-0.0204647
-0.02032205
-0.02066902
-0.02147439
-0.02266675
-0.02421701
-0.02615436
-0.02846893
-0.03112758
-0.03403777
-0.03699709
-0.0397538
-0.04211254
-0.04400214
-0.04548576
-0.04671778
-0.04787698
-0.04912104
-0.05059251
-0.05238052
-0.05444118
-0.05665458
-0.05897551
-0.06142346
-0.06399885
-0.06661165
-0.06910196
-0.07132008
-0.07317017
-0.07456891
-0.07540843
-0.07562168
-0.07524977
-0.07439201
-0.07320201
-0.07182764
-0.07040043
-0.06898809
-0.06762077
-0.06628025
-0.06496954
-0.06370639
-0.06250602
-0.06138126
-0.06029101
-0.05922337
-0.05820473
-0.0572109
-0.05619493
-0.05503026
-0.05350234
-0.05140813
-0.0485942
-0.04504256
-0.04088123
-0.03627768
-0.03139216
-0.02641082
-0.02155645
-0.0170402
-0.01296329
-0.009301669
-0.005923636
-0.002678363
0.0005332143
0.003780049
0.007091868
0.01048662
0.01399014
0.01758851
0.02124276
0.02488392
0.02840018
0.03164527
0.03450525
0.0368769
0.03864512
0.03969601
0.03996612
0.03951222
0.03855933
0.03744494
0.03648977
0.03589143
0.03568653
0.03577964
0.03601252
0.03623596
0.03635829
0.03634671
0.03617748
0.03584658
0.03536256
0.03474495
0.03397345
0.03304322
0.03198754
0.03085582
0.02973041
0.02868183
0.02775543
0.02696523
0.02637009
0.02607412
0.02606113
0.02612654
0.02596339
0.02538713
0.0244414
0.02325783
0.02199011
0.02082637
0.01993185
0.01938885
0.01917845
0.01921195
0.01941387
0.01972405
0.02002523
0.02017802
0.02006848
0.01960855
0.01872515
0.01739453
0.01560913
0.01336871
0.01074318
0.00791583
0.005143939
0.002620522
0.0004199147
-0.001475625
-0.003173827
-0.004777317
-0.006368711
-0.008047017
-0.009828081
-0.01167157
-0.01357103
-0.01547721
-0.01728402
-0.01891279
-0.02034508
-0.02158026
-0.02263384
-0.02352517
-0.02424498
-0.02477089
-0.02508785
-0.02516743
-0.02500213
-0.02465565
-0.02423609
-0.02381825
-0.02347251
-0.02328296
-0.0233292
-0.02371396
-0.02450096
-0.0256707
-0.027196
-0.02902117
-0.03102362
-0.03307213
-0.03504393
-0.03680679
-0.03822065
-0.03911807
-0.03940197
-0.03910154
-0.03828835
-0.03703751
-0.03542934
-0.03351488
-0.03132509
-0.02889452
-0.02628041
-0.02362805
-0.02116816
-0.01907763
-0.01736754
-0.01590213
-0.01455733
-0.01332005
-0.0122314
-0.01132282
-0.01062026
-0.01010057
-0.00968381
-0.009268406
-0.008734253
-0.007982408
-0.006971321
-0.005730008
-0.004369955
-0.00302465
-0.001754446
-0.0005620669
0.0006403866
0.001974028
0.003567489
0.005515172
0.007838601
0.0105072
0.0134464
0.01648919
0.01943935
0.02213881
0.02450361
0.02647491
0.02806527
0.0293414
0.0303463
0.03106044
0.03142181
0.03142985
0.03114928
0.03065807
0.03007017
0.02951779
0.02910558
0.02887952
0.02882314
0.02887632
0.02893788
0.02888162
0.02859372
0.027979
0.02702269
0.0257107
0.0240168
0.02193858
0.0195164
0.01683142
0.01399082
0.0110982
0.008256718
0.005595565
0.003206345
0.001055893
-0.0009701077
-0.002949906
-0.004888857
-0.006743813
-0.008438731
-0.009914664
-0.01119941
-0.01230687
-0.01320519
-0.01382408
-0.0140824
-0.01395515
-0.01345226
-0.01258156
-0.01133955
-0.009752854
-0.007850012
-0.005633001
-0.00307971
-0.000249248
0.002661815
0.005364359
0.007553469
0.008997782
0.009604313
0.009434183
0.008634932
0.007448804
0.006117033
0.004826609
0.003701656
0.002777056
0.002030219
0.001392688
0.0007956746
0.0001594868
-0.0006217736
-0.00169357
-0.003205276
-0.005248262
-0.007783363
-0.0106413
-0.01361412
-0.01652082
-0.01922492
-0.02167262
-0.02383777
-0.02567215
-0.02717037
-0.02840756
-0.02949036
-0.03046528
-0.03130177
-0.03193899
-0.03233769
-0.0325081
-0.03252682
-0.03251201
-0.03251208
-0.03251508
-0.03247951
-0.03229019
-0.03172377
-0.03051511
-0.0285296
-0.0258471
-0.0227103
-0.01941806
-0.01621729
-0.01323822
-0.01046365
-0.007746363
-0.004936258
-0.001972019
0.001091559
0.004123312
0.007033155
0.009742836
0.01219098
0.01441262
0.01656132
0.01886267
0.02149447
0.02450609
0.02775754
0.03101883
0.03410728
0.03693169
0.03944851
0.04164192
0.04352948
0.04514342
0.04649658
0.04760681
0.04848213
0.04911736
0.04951717
0.04971219
0.04975724
0.04970575
0.04954996
0.04921296
0.04860508
0.04766727
0.0463525
0.04462473
0.04249084
0.04001312
0.03728065
0.0343619
0.0313615
0.02840443
0.02558125
0.02297078
0.02063178
0.01852945
0.0165528
0.0146312
0.0126797
0.01062541
0.008448556
0.006203281
0.004021613
0.002085138
0.0005174729
-0.0006840003
-0.00159644
-0.00235242
-0.00310037
-0.003903121
-0.004707738
-0.005402045
-0.005887874
-0.006128489
-0.00614471
-0.005960016
-0.005617741
-0.005204121
-0.004806002
-0.004428124
-0.003968084
-0.003251257
-0.002150301
-0.0006736372
0.001034713
0.00272411
0.00412728
0.005080076
0.005607657
0.005858594
0.005989611
0.006102864
0.006235659
0.006394483
0.00661106
0.006921778
0.007371212
0.008016861
0.008883235
0.009908274
0.01098576
0.0120045
0.0128996
0.01362952
0.01410144
0.01418667
0.01378399
0.01282402
0.01130497
0.009389058
0.007323622
0.005363249
0.003696309
0.002370714
0.001349951
0.0005822767
-1.702041e-05
-0.0005434395
-0.001080769
-0.001672853
-0.002335924
-0.003102054
-0.004011858
-0.00508268
-0.006257724
-0.007443968
-0.008583719
-0.009627577
-0.01050528
-0.01116011
-0.01161798
-0.01196287
-0.01225947
-0.01253638
-0.01282971
-0.01317079
-0.01354411
-0.01389737
-0.01416678
-0.01426842
-0.01413911
-0.0137565
-0.01311224
-0.01222053
-0.01115962
-0.01003692
-0.008926244
-0.007886667
-0.006950579
-0.006131575
-0.005453632
-0.004908043
-0.00444449
-0.004032063
-0.003675344
-0.003397073
-0.003219948
-0.003188622
-0.00338974
-0.003909137
-0.004785513
-0.006017509
-0.007530313
-0.009153802
-0.01072127
-0.01210245
-0.0131875
-0.01387615
-0.01408
-0.01379377
-0.01311878
-0.01222293
-0.01132067
-0.01063966
-0.01034679
-0.01045663
-0.01084164
-0.01131006
-0.01169168
-0.01188474
-0.01180023
-0.01133018
-0.01042541
-0.009102634
-0.007428768
-0.005504543
-0.003438884
-0.001357502
0.0006559364
0.002579174
0.004397887
0.006098745
0.007649828
0.008994373
0.01010195
0.01092177
0.01137575
0.01142515
0.01106322
0.01034396
0.009370326
0.008226193
0.007045926
0.006003951
0.005246337
0.004831948
0.004695828
0.004699241
0.00475823
0.004833177
0.004907916
0.004976466
0.005035657
0.005082946
0.005118453
0.005144253
0.005103868
0.004863769
0.004374458
0.003722211
0.003070613
0.002605745
0.002509515
0.002927079
0.003933549
0.005460847
0.007312215
0.009246743
0.01106755
0.01264801
0.01389953
0.01477492
0.01528718
0.0155098
0.01557827
0.015696
0.01606809
0.01681866
0.01795554
0.01938906
0.02097826
0.02258515
0.02408869
0.02539011
0.02645429
0.02730356
0.02804129
0.0287843
0.02958877
0.03048561
0.03149503
0.03259373
0.03370361
0.03476535
0.03575898
0.03663011
0.03725813
0.03755312
0.03747408
0.03698412
0.03612067
0.03492074
0.03341664
0.03173309
0.03005975
0.02860491
0.02753294
0.02690389
0.02666688
0.02669454
0.02683666
0.02695003
0.02690492
0.02663265
0.02610603
0.02531716
0.02425883
0.02288788
0.02112496
0.01890693
0.01632345
0.01359977
0.01093635
0.008413707
0.00599781
0.003632321
0.001342343
-0.0008274406
-0.002840899
-0.004673302
-0.006325289
-0.007826771
-0.009230212
-0.01061588
-0.01210977
-0.01381021
-0.01568661
-0.01767348
-0.01971293
-0.0216871
-0.02347311
-0.02497714
-0.02608483
-0.02672482
-0.02693158
-0.02685376
-0.02672105
-0.02671811
-0.0269075
-0.02726233
-0.02773856
-0.02828853
-0.02888452
-0.02948612
-0.03002804
-0.03044643
-0.03070851
-0.03082473
-0.030816
-0.03067258
-0.03040232
-0.03005985
-0.02972423
-0.02944359
-0.02919029
-0.02890268
-0.02851766
-0.02801065
-0.02738372
-0.02667304
-0.02592505
-0.02520831
-0.02462786
-0.02431361
-0.02436833
-0.02486236
-0.02575284
-0.02689187
-0.02808257
-0.02914522
-0.02991359
-0.03029779
-0.03030728
-0.03000294
-0.02950217
-0.02896128
-0.02852361
-0.02829245
-0.02835498
-0.02875205
-0.02941205
-0.03016986
-0.03084206
-0.03129915
-0.03150111
-0.03147105
-0.03123738
-0.03083529
-0.03027839
-0.02956923
-0.02874733
-0.02785122
-0.02690315
-0.02594336
-0.02499154
-0.02404276
-0.02310964
-0.02218942
-0.02124552
-0.02022703
-0.01911447
-0.01793768
-0.0166914
-0.01534984
-0.0138886
-0.01227152
-0.01052967
-0.008800548
-0.007222298
-0.005827298
-0.004513621
-0.003128017
-0.001536518
0.0002903599
0.002280964
0.00432191
0.00625354
0.007950168
0.009364707
0.01049735
0.01139891
0.01213694
0.012789
0.0134177
0.01408359
0.0148584
0.0158005
0.01693185
0.01823061
0.01963048
0.02101035
0.02226884
0.02337847
0.02432974
0.02508114
0.02552009
0.02548055
0.02490018
0.02386326
0.02254259
0.02117703
0.02001327
0.01921945
0.0188377
0.01876954
0.01875881
0.01853291
0.01789813
0.01682002
0.01536021
0.01360028
0.01169147
0.00978983
0.008053308
0.00664705
0.005680592
0.005149563
0.004912014
0.004793883
0.004721377
0.004699742
0.004742823
0.004845327
0.004983193
0.00512007
0.00523497
0.005368904
0.005587075
0.005949711
0.00646028
0.007053434
0.007669179
0.008254156
0.008760249
0.009198417
0.009603288
0.009980566
0.01030744
0.01055332
0.01067445
0.01055953
0.01012247
0.009357814
0.00832643
0.007164147
0.006004813
0.004918193
0.00393117
0.00298739
0.002002264
0.0008909009
-0.0003721224
-0.001769418
-0.003226926
-0.00463055
-0.005865823
-0.006878937
-0.007669811
-0.008276921
-0.008831363
-0.009456195
-0.01018605
-0.01104924
-0.01204059
-0.01310649
-0.01416025
-0.01514773
-0.01608754
-0.01702072
-0.01789139
-0.01856192
-0.01887552
-0.01870813
-0.0180089
-0.01679244
-0.01516988
-0.01333676
-0.01150361
-0.009863861
-0.008534404
-0.007549775
-0.006940692
-0.006723393
-0.006872294
-0.007261706
-0.007678952
-0.007896482
-0.007727211
-0.007086581
-0.006008176
-0.004606721
-0.002993217
-0.001254711
0.0005049408
0.002088683
0.0032205
0.003703102
0.003467753
0.002613476
0.001422119
0.0002365492
-0.0007110762
-0.001338365
-0.001632014
-0.001660558
-0.001531882
-0.001371468
-0.001298213
-0.001325461
-0.001420068
-0.001556751
-0.001660456
-0.001635154
-0.001407855
-0.0009606488
-0.0003249659
0.0004259147
0.001220388
0.002040345
0.002875589
0.003721039
0.004600323
0.005513835
0.006443914
0.007390578
0.008342515
0.009322207
0.01035886
0.01144804
0.01258536
0.0137749
0.01501229
0.01623604
0.01732265
0.01814776
0.01864672
0.0188232
0.0186622
0.01814958
0.01729141
0.01614927
0.01484976
0.0135191
0.01228467
0.01127425
0.01058168
0.01027157
0.01034329
0.01069248
0.01114861
0.01153908
0.01171472
0.01159559
0.01117275
0.01045766
0.009445207
0.008173854
0.006707263
0.005097475
0.003415634
0.001742084
0.0001311803
-0.001433395
-0.002974045
-0.00452135
-0.006162831
-0.007917093
-0.009738301
-0.01158228
-0.01338206
-0.01501781
-0.01634145
-0.01725469
-0.01780309
-0.0181793
-0.01858009
-0.019137
-0.0199158
-0.02086947
-0.02184116
-0.02264849
-0.02316949
-0.0233854
-0.02336804
-0.02322033
-0.02297825
-0.02259891
-0.02206862
-0.02142744
-0.02067483
-0.01979526
-0.01874732
-0.01749224
-0.01603751
-0.01441306
-0.01272251
-0.01115108
-0.009847835
-0.008880548
-0.00825724
-0.007926644
-0.007762729
-0.007659801
-0.007590057
-0.007545881
-0.007490405
-0.007413223
-0.007289726
-0.007044049
-0.006624043
-0.006008601
-0.005186268
-0.004177075
-0.003079807
-0.002061388
-0.001281476
-0.0008238065
-0.00067361
-0.0007264799
-0.0008023987
-0.0007334808
-0.0004156955
0.0001462062
0.0008449624
0.001580623
0.002333768
0.003152641
0.004092066
0.00513684
0.00623423
0.007341715
0.008393174
0.009301253
0.01004766
0.01070524
0.01134036
0.01195097
0.01248402
0.01287946
0.01310636
0.01317716
0.01313892
0.01303991
0.01288882
0.01272558
0.01260712
0.01252801
0.01249015
0.01251707
0.01261072
0.01274634
0.01291218
0.01319051
0.01366107
0.01429397
0.01499334
0.01571579
0.01639834
0.0169251
0.01716835
0.01707508
0.01671557
0.01624113
0.01578487
0.01533704
0.01482543
0.01423982
0.01364389
0.01311889
0.01269385
0.01239859
0.01226568
0.01228599
0.012394
0.01244528
0.01226969
0.01180231
0.01112904
0.01039728
0.009657938
0.008908763
0.008185202
0.007552839
0.007047191
0.006582338
0.006047482
0.005422401
0.004751375
0.004026101
0.003234287
0.002408967
0.001536975
0.0006085786
-0.0003091189
-0.001102843
-0.00170091
-0.002181847
-0.002701202
-0.003424815
-0.004412108
-0.005574126
-0.006812225
-0.008025663
-0.00908429
-0.009888037
-0.01044552
-0.01083519
-0.01113277
-0.01136844
-0.01149372
-0.01145064
-0.01124511
-0.01093453
-0.01054036
-0.01003042
-0.009409544
-0.00875666
-0.008184006
-0.007783821
-0.007589135
-0.007572254
-0.007666284
-0.007801531
-0.007968788
-0.008199924
-0.008498285
-0.008816933
-0.009046275
-0.009082732
-0.008911656
-0.008604684
-0.008273477
-0.008019945
-0.007907117
-0.007990763
-0.008336022
-0.00894025
-0.009689885
-0.01041396
-0.01096353
-0.0112692
-0.01135323
-0.01129006
-0.01111699
-0.01079394
-0.01024382
-0.009401807
-0.008211952
-0.00663225
-0.004702005
-0.002522346
-0.0001912754
0.002187033
0.004535326
0.006842204
0.009103692
0.01126685
0.01321889
0.01489104
0.01627681
0.01736413
0.01813876
0.01861078
0.01882735
0.01886449
0.01880436
0.01871588
0.01864432
0.01860583
0.01859386
0.01860889
0.01873238
0.01902848
0.0194826
0.02003327
0.02057995
0.02101475
0.02121849
0.02107857
0.02058283
0.01984415
0.01896438
0.01801372
0.01708131
0.01618373
0.01529036
0.01442604
0.01366879
0.01310049
0.01276303
0.01264089
0.01267177
0.01277385
0.01286446
0.01280455
0.01241337
0.0115554
0.01018891
0.008376616
0.006308502
0.004304436
0.002689052
0.001660705
0.001224527
0.001157816
0.001116043
0.0008569695
0.0002669267
-0.0006674381
-0.001876651
-0.003247714
-0.004597861
-0.005765289
-0.006710888
-0.007481487
-0.008123029
-0.008692251
-0.009286835
-0.009975013
-0.01072298
-0.01142263
-0.01196067
-0.01227126
-0.01236
-0.01229441
-0.01216888
-0.01206392
-0.01202222
-0.01204583
-0.01210896
-0.01217698
-0.01222057
-0.01222747
-0.01220573
-0.01217357
-0.01214386
-0.01208065
-0.01187024
-0.01135034
-0.01043158
-0.009212135
-0.007863862
-0.006528129
-0.005344009
-0.004397965
-0.003726441
-0.003357827
-0.003268867
-0.003377511
-0.003576351
-0.003826855
-0.004203021
-0.004740712
-0.005378187
-0.005993988
-0.0064709
-0.006744736
-0.006820402
-0.006757071
-0.006636035
-0.006528151
-0.006473491
-0.006477544
-0.006520794
-0.0065744
-0.006614253
-0.006630176
-0.006654083
-0.006762264
-0.006962158
-0.007151646
-0.007168954
-0.006842857
-0.006152895
-0.005196206
-0.004076026
-0.002941002
-0.001932553
-0.001081392
-0.000331568
0.000381909
0.001079912
0.001678313
0.002073672
0.002222695
0.002160727
0.001977422
0.001774653
0.001629056
0.00157177
0.001563837
0.001532279
0.001478597
0.001439726
0.001412864
0.00130433
0.001002516
0.0004669667
-0.0002978088
-0.001238721
-0.002224489
-0.003089942
-0.00370211
-0.003981129
-0.003870475
-0.003376855
-0.002628351
-0.001833391
-0.001191633
-0.0008185156
-0.0007203606
-0.0008159737
-0.0009854255
-0.00112626
-0.001215055
-0.001346323
-0.001621468
-0.002005392
-0.002354656
-0.00249814
-0.002329731
-0.001805111
-0.0009434865
0.0001897217
0.001484375
0.002798761
0.004060248
0.005234199
0.006305409
0.007242426
0.008013292
0.008637653
0.009126253
0.009446245
0.009598799
0.009565751
0.00932123
0.008924638
0.008458409
0.007999471
0.007617532
0.007333825
0.007110884
0.006906166
0.006639717
0.00628314
0.005844673
0.005366461
0.004919389
0.004568447
0.004348038
0.004253363
0.004207413
0.004037253
0.003604206
0.002855124
0.001830438
0.0006629417
-0.0005195452
-0.001639075
-0.002624362
-0.003403479
-0.003932185
-0.004214241
-0.004300992
-0.004273248
-0.004210709
-0.004170915
-0.004223229
-0.004489552
-0.005021181
-0.005734075
-0.006461686
-0.007042
-0.007405445
-0.007638615
-0.007915426
-0.008347389
-0.008917122
-0.00947197
-0.009756316
-0.009609558
-0.009077636
-0.008340828
-0.007553885
-0.006788271
-0.006089768
-0.005468131
-0.004838688
-0.004116685
-0.003254838
-0.002254885
-0.001182759
-5.219229e-05
0.001210719
0.00263616
0.004199738
0.005794162
0.007228697
0.008331372
0.009074819
0.009587594
0.01002393
0.01046336
0.01090108
0.01128411
0.01155707
0.01169368
0.01170426
0.01162916
0.01152237
0.01143094
0.01136879
0.01127156
0.01102127
0.0105494
0.009845076
0.008932203
0.007909526
0.006916174
0.005997677
0.005146313
0.004371767
0.003652335
0.002924071
0.002150934
0.001316813
0.0004082793
-0.0005548727
-0.001579189
-0.002674839
-0.003862586
-0.005110075
-0.006306228
-0.007356453
-0.008190387
-0.008716918
-0.008887278
-0.008753011
-0.008430034
-0.007995572
-0.007442883
-0.006717369
-0.005783338
-0.004694212
-0.003550098
-0.002422335
-0.001372794
-0.0004286354
0.0004518687
0.001295615
0.002064206
0.002686239
0.003105611
0.003312169
0.003345075
0.003274415
0.003173908
0.003082815
0.002923908
0.002579119
0.002032944
0.001383584
0.0007895894
0.000437135
0.0004874228
0.0009643031
0.001719549
0.002517593
0.003148438
0.00349909
0.003572817
0.003460631
0.003283944
0.003142392
0.003075192
0.00301862
0.00283022
0.002418755
0.001824058
0.001180874
0.0006402992
0.0003020774
0.000182143
0.0002246788
0.0003416041
0.0004526828
0.0005134968
0.0005190556
0.0004892759
0.0004510807
0.000437426
0.0005543232
0.0009126747
0.001501237
0.002193293
0.002822382
0.003259835
0.003458358
0.00345287
0.003329301
0.003189809
0.003161453
0.003379415
0.003887995
0.004592246
0.005315387
0.005888549
0.006216875
0.006305617
0.006280793
0.006351208
0.006668998
0.007236061
0.00796495
0.008782956
0.009631349
0.01046378
0.01128929
0.01212536
0.01293066
0.01358205
0.01390115
0.01377431
0.01321415
0.01230994
0.01121097
0.01008169
0.009014327
0.008046796
0.007221545
0.006585263
0.006159771
0.005890353
0.005631797
0.005247595
0.004706417
0.004047827
0.003299508
0.002488873
0.001652937
0.0007930543
-8.785867e-05
-0.0009351987
-0.001700289
-0.002408201
-0.00310688
-0.003789646
-0.004397544
-0.00486176
-0.005143057
-0.005248911
-0.005226951
-0.005143043
-0.005056899
-0.005010127
-0.005056981
-0.005285947
-0.005747854
-0.006387189
-0.007065959
-0.00763473
-0.007995779
-0.008131008
-0.008092002
-0.007966039
-0.007837559
-0.007760733
-0.007750623
-0.007790413
-0.007845943
-0.007883681
-0.007886501
-0.007856938
-0.007810725
-0.007766982
-0.007742145
-0.007744636
-0.007768354
-0.007796672
-0.007814452
-0.007814848
-0.007800069
-0.007777919
-0.007757273
-0.007744174
-0.007740658
-0.007747343
-0.007762025
-0.00777704
-0.007785411
-0.007786881
-0.007787743
-0.00779365
-0.007808316
-0.007889241
-0.008166324
-0.00868404
-0.009352966
-0.0100129
-0.01051906
-0.01080012
-0.0108677
-0.01079115
-0.01063202
-0.01042778
-0.01025884
-0.01019268
-0.01024302
-0.01037452
-0.01052892
-0.01065328
-0.01071847
-0.01072355
-0.01068845
-0.01063947
-0.0105696
-0.0104229
-0.01017358
-0.009856604
-0.009546495
-0.009342974
-0.009347311
-0.009576921
-0.009957505
-0.01036872
-0.01072972
-0.01107563
-0.0114998
-0.01203602
-0.01262736
-0.01313954
-0.01340939
-0.01333742
-0.01288679
-0.01207553
-0.01099693
-0.009785337
-0.008529977
-0.00728246
-0.006034936
-0.004773186
-0.003473558
-0.002195427
-0.001017727
6.27258e-05
0.00109434
0.002160018
0.003314126
0.004587775
0.005902089
0.007118014
0.008164338
0.009049124
0.009783276
0.01035854
0.01076354
0.01100205
0.01109838
0.01109083
0.01099571
0.01075997
0.01032158
0.009708913
0.009037014
0.008388679
0.007733722
0.007052984
0.006390185
0.005823803
0.005421275
0.005207661
0.00521383
0.005513608
0.006092627
0.006819957
0.007514905
0.008027902
0.008291665
0.008328291
0.008220912
0.008069665
0.007953306
0.007909108
0.007931025
0.007984558
0.008034223
0.008062919
0.008096963
0.008206355
0.008398367
0.008581466
0.008717117
0.008902211
0.009215745
0.009646022
0.01009247
0.01037285
0.01031552
0.009915176
0.009383884
0.009020385
0.009013846
0.009360339
0.009906414
0.01047379
0.01099042
0.01148989
0.01200272
0.01248608
0.01280072
0.01279176
0.01240206
0.01165944
0.01065336
0.009514664
0.008326342
0.007151714
0.006019084
0.004904912
0.00376294
0.002574694
0.00140752
0.0003918221
-0.000373663
-0.0009222074
-0.00139022
-0.00186265
-0.002267724
-0.002444666
-0.002301631
-0.001881414
-0.001329751
-0.0008216334
-0.0004467254
-0.0001236907
0.0002652208
0.0007528229
0.001284693
0.001765801
0.002099247
0.002176059
0.001903004
0.001299679
0.0005181941
-0.0002341598
-0.000787137
-0.001064772
-0.001092504
-0.000963863
-0.0007907088
-0.0006599325
-0.0006118318
-0.0006658785
-0.0008867107
-0.001283179
-0.00180548
-0.002376977
-0.002900927
-0.003295416
-0.003522372
-0.003594039
-0.003546103
-0.003369864
-0.003013259
-0.002471112
-0.001839891
-0.001323086
-0.001145991
-0.001401039
-0.001993047
-0.00270886
-0.00331408
-0.003608165
-0.003523959
-0.003196249
-0.002857244
-0.002685161
-0.002738104
-0.002963641
-0.003258432
-0.003571654
-0.003946311
-0.004429555
-0.004995278
-0.005556062
-0.006013115
-0.006301976
-0.006413779
-0.006389363
-0.006287896
-0.00611565
-0.005806963
-0.005312368
-0.004640681
-0.003905287
-0.003290367
-0.002930578
-0.002854205
-0.002992208
-0.003225339
-0.003438813
-0.003561283
-0.003577205
-0.003515387
-0.003424529
-0.003348877
-0.003297712
-0.003178661
-0.002913194
-0.00253589
-0.002102125
-0.001661882
-0.001313675
-0.001167033
-0.001297907
-0.001704732
-0.002281312
-0.0028675
-0.003321529
-0.003570013
-0.003619501
-0.003535044
-0.003402505
-0.003293423
-0.003244781
-0.003257184
-0.00330676
-0.003362299
-0.003399705
-0.003409262
-0.003394987
-0.003368967
-0.003344171
-0.003329214
-0.003330673
-0.003390193
-0.00360466
-0.004042408
-0.004664846
-0.005377512
-0.006093164
-0.006761442
-0.007374412
-0.007916592
-0.008357622
-0.008670829
-0.008849943
-0.008914073
-0.008900802
-0.008853389
-0.008810076
-0.008794971
-0.008809824
-0.008838875
-0.00886342
-0.00887178
-0.008857869
-0.008791952
-0.008653271
-0.008422676
-0.008046453
-0.007531644
-0.006962617
-0.006444799
-0.005984664
-0.005487263
-0.004906527
-0.00428952
-0.003729319
-0.003270335
-0.002850619
-0.002378677
-0.001833785
-0.001274198
-0.0007916509
-0.0004709467
-0.0004190867
-0.0007296123
-0.001360488
-0.002141303
-0.002862286
-0.003363149
-0.003547663
-0.003351502
-0.002796823
-0.002028779
-0.001255226
-0.0006565182
-0.0003216075
-0.0002361666
-0.0003181654
-0.0004658232
-0.0005945555
-0.0006585685
-0.0006534588
-0.0006119605
-0.0006460267
-0.00090297
-0.00141688
-0.0020862
-0.002742795
-0.003237068
-0.003494881
-0.00353025
-0.003420464
-0.003263608
-0.003139313
-0.003086938
-0.003104581
-0.003163354
-0.003231502
-0.003326716
-0.003541239
-0.003953982
-0.004539444
-0.005180665
-0.005736122
-0.006104229
-0.006256437
-0.006233449
-0.006115542
-0.005985612
-0.005900623
-0.005880225
-0.005912095
-0.005967141
-0.00601612
-0.006032344
-0.005931833
-0.005598658
-0.005023235
-0.004319118
-0.003653582
-0.003166879
-0.002921341
-0.002893828
-0.002998558
-0.003098103
-0.00305449
-0.002825578
-0.002503497
-0.002227321
-0.002093537
-0.002148421
-0.002290806
-0.002310372
-0.002075576
-0.001606014
-0.001033023
-0.0005180736
-0.0001727568
4.241189e-05
0.0002903264
0.0006804316
0.001204879
0.001769301
0.00225418
0.002581079
0.002804249
0.003080558
0.003503588
0.004048202
0.004608645
0.0050659
0.005343641
0.005436225
0.005424784
0.005402847
0.005390091
0.005371725
0.005336434
0.005287281
0.005236008
0.005195203
0.005172471
0.00516578
0.005161464
0.005113127
0.004954871
0.004636989
0.004144573
0.003500887
0.00272237
0.001843015
0.0009180705
-2.787551e-05
-0.0009698197
-0.001835263
-0.00253196
-0.002996169
-0.003220716
-0.003253844
-0.003175794
-0.003068049
-0.002988749
-0.002966535
-0.003035954
-0.003240522
-0.003606538
-0.00412808
-0.004731072
-0.005304091
-0.005781309
-0.006173293
-0.00653735
-0.006904656
-0.00722279
-0.007421581
-0.007435996
-0.007229807
-0.006847047
-0.006396514
-0.005994118
-0.005678253
-0.005369462
-0.004962951
-0.004439233
-0.00386709
-0.003316049
-0.002781764
-0.002218633
-0.001623847
-0.0009936754
-0.0002693891
0.0005455736
0.001360799
0.002108679
0.002825041
0.003533719
0.004200869
0.004760277
0.005124445
0.005208397
0.004984253
0.004481064
0.003783506
0.002959575
0.002062083
0.001182233
0.0004334831
-9.80456e-05
-0.0004158782
-0.0006525054
-0.0009749956
-0.001448145
-0.002015824
-0.002558268
-0.002964091
-0.003206694
-0.00336555
-0.003527688
-0.003701539
-0.003803616
-0.003760566
-0.003568809
-0.003287433
-0.00297198
-0.002596447
-0.002098317
-0.001484165
-0.0008407922
-0.0002818762
0.0001093282
0.0003068416
0.0003409432
0.0002774034
0.0001596955
-2.780822e-05
-0.0002863342
-0.0005498171
-0.0006937099
-0.000611964
-0.0002226956
0.0004854504
0.001393562
0.002299383
0.003013372
0.003452201
0.003682577
0.003853812
0.004121558
0.004549487
0.005085248
0.005611171
0.006013303
0.006230817
0.006270693
0.006191273
0.006069739
0.005970691
0.005928479
0.00596455
0.006136876
0.006513653
0.007079521
0.007688877
0.008143115
0.008323725
0.008234121
0.007967989
0.007650977
0.007390566
0.007245538
0.007219209
0.007274202
0.007364799
0.007493653
0.007690995
0.007961769
0.008312334
0.008739059
0.009191198
0.00959109
0.009874828
0.01001817
0.01003899
0.009980375
0.009891375
0.009812886
0.009767385
0.009754626
0.009759637
0.009766117
0.009763612
0.009746932
0.009716594
0.009679484
0.009644668
0.009616074
0.009592694
0.009573175
0.009556549
0.009540102
0.00951989
0.009493123
0.00946115
0.009424836
0.009347154
0.009163857
0.008824186
0.008314337
0.007698169
0.00709439
0.006618421
0.006333005
0.006228335
0.006208943
0.006138761
0.005940604
0.005625974
0.005265678
0.004909794
0.004559423
0.004218682
0.003904558
0.003606096
0.003279246
0.002909785
0.002528223
0.002189593
0.001943298
0.001809948
0.001748069
0.001654983
0.001460597
0.00116687
0.0008325657
0.0005072839
0.0002127524
9.655533e-06
-5.469758e-05
4.405013e-05
0.0003235815
0.0007422303
0.001227239
0.001735067
0.002221748
0.002632463
0.002924328
0.003084404
0.003131917
0.003107271
0.003055512
0.003012487
0.003018316
0.00315798
0.003520745
0.004101331
0.004786759
0.005418799
0.005866954
0.006100369
0.006234667
0.006431277
0.006710988
0.006943282
0.006973711
0.006678894
0.006015663
0.005085786
0.004080524
0.003138395
0.002303415
0.001590009
0.001018091
0.0006045906
0.0003273562
9.742149e-05
-0.0001655611
-0.0004991285
-0.0009272894
-0.001428654
-0.001930056
-0.00234539
-0.002615981
-0.002730922
-0.002723203
-0.002651171
-0.002574966
-0.002553993
-0.002662719
-0.002946632
-0.003417274
-0.004022227
-0.004648082
-0.005171065
-0.005488056
-0.00552059
-0.005272351
-0.004819974
-0.004246588
-0.003648096
-0.003104083
-0.002603449
-0.002069448
-0.001467564
-0.0008445804
-0.0003117284
-1.042052e-05
-3.301834e-05
-0.0003963452
-0.001009538
-0.001699512
-0.002288415
-0.002661435
-0.002793786
-0.002737479
-0.002588676
-0.002442681
-0.002359004
-0.002348374
-0.002386091
-0.002435777
-0.002468333
-0.002471234
-0.002448463
-0.00241457
-0.002387769
-0.002377303
-0.002380825
-0.002390538
-0.002398507
-0.002400001
-0.002395389
-0.002391382
-0.002395269
-0.002409288
-0.002443084
-0.002535247
-0.002670257
-0.002754839
-0.00262475
-0.002176461
-0.001458581
-0.000592741
0.0002859648
0.001087179
0.001761803
0.002274319
0.002609855
0.002782228
0.002827239
0.002792073
0.002721427
0.002649409
0.002596783
0.002569875
0.002573128
0.002646631
0.002822595
0.003081049
0.003375323
0.003694033
0.004037773
0.004377308
0.004661384
0.00483162
0.004813997
0.00457606
0.004172021
0.003713032
0.003314068
0.003055762
0.003000313
0.003168071
0.003496961
0.003869094
0.004169612
0.004332339
0.004350296
0.004263011
0.004129919
0.004004637
0.003909836
0.003796612
0.003585314
0.003210485
0.002661687
0.002017145
0.001405908
0.0009439691
0.000685718
0.0006147507
0.0006665044
0.0007594603
0.0008346046
0.0009191215
0.001124721
0.001528658
0.002094031
0.002706822
0.003280713
0.003778358
0.004175287
0.004465437
0.004694795
0.004889154
0.005018758
0.005056953
0.005007589
0.004902687
0.004785997
0.004694978
0.004649041
0.004654951
0.004740645
0.004892377
0.005033931
0.005099018
0.005066982
0.004961637
0.004823079
0.004647312
0.004405422
0.00410378
0.003787618
0.003515244
0.003330217
0.003241465
0.003191676
0.003083392
0.002862878
0.002510716
0.002030013
0.001482835
0.0009634846
0.000486445
-2.63848e-05
-0.0006110692
-0.001221883
-0.001763484
-0.002116778
-0.002222334
-0.002148493
-0.002015393
-0.00192323
-0.001918981
-0.001995408
-0.002111207
-0.002218135
-0.002278199
-0.002245877
-0.002106816
-0.001894242
-0.001630526
-0.001347362
-0.001087711
-0.0008891914
-0.0007701185
-0.0007212752
-0.0006800172
-0.0005510416
-0.000257864
0.0002245036
0.0008230576
0.001372436
0.001688031
0.001686279
0.001421086
0.001033355
0.0006752913
0.0004504519
0.0003902499
0.0004600561
0.0005834583
0.0006864477
0.0007272751
0.0007028619
0.0006381756
0.0005698444
0.0005301597
0.0005305583
0.0005592563
0.0005949726
0.0006197908
0.000625583
0.0006133763
0.0005638428
0.0004230339
0.0001420566
-0.0003085409
-0.0008795181
-0.001459634
-0.001963009
-0.002414674
-0.002899944
-0.003450437
-0.004019199
-0.00451949
-0.004875538
-0.005057364
-0.005110625
-0.005134495
-0.005186566
-0.005310091
-0.005518106
-0.005800422
-0.006163445
-0.006591234
-0.00702663
-0.007396387
-0.007643082
-0.007748943
-0.007739827
-0.007668995
-0.007588333
-0.007531728
-0.007511282
-0.007520793
-0.007543991
-0.007543273
-0.007445208
-0.007190532
-0.006753805
-0.006180643
-0.005558333
-0.004919694
-0.004244296
-0.003544867
-0.002870683
-0.002245166
-0.001666611
-0.001087668
-0.0004373258
0.0003066498
0.001126075
0.001957896
0.002712218
0.00336365
0.003979195
0.004662419
0.005462895
0.006365807
0.007290091
0.008109011
0.008710872
0.009045028
0.009129361
0.009037209
0.008868157
0.008711356
0.00862025
0.008604953
0.008626814
0.008588219
0.008405787
0.008066453
0.007586614
0.007017352
0.006436172
0.005879677
0.005361252
0.004906696
0.004531764
0.004196055
0.003849595
0.00347401
0.003043433
0.002553444
0.002052767
0.001616996
0.001300426
0.001071296
0.0008446889
0.0005703561
0.0002580194
-4.292297e-05
-0.0002782228
-0.0004187018
-0.0004763039
-0.0005224061
-0.0006105
-0.0007659593
-0.001004046
-0.001298535
-0.001592601
-0.001823864
-0.001911675
-0.001801008
-0.001519996
-0.001161354
-0.0008325777
-0.0006116267
-0.0005274312
-0.000560725
-0.0006607468
-0.0007733994
-0.0008605762
-0.0009056713
-0.0009046709
-0.0008255498
-0.0006336375
-0.0003481098
-3.480739e-05
0.0002315833
0.0003976329
0.0004483389
0.0004074931
0.0003206487
0.0002234016
9.965793e-05
-5.569255e-05
-0.0002421573
-0.0004677613
-0.0006785881
-0.0008295606
-0.000935736
-0.001028659
-0.001128703
-0.001236435
-0.00133882
-0.001422827
-0.001482564
-0.001521333
-0.001547779
-0.001574556
-0.001651317
-0.001838608
-0.002138703
-0.002496564
-0.002833859
-0.003084163
-0.003216704
-0.003241014
-0.003194938
-0.003129409
-0.003122509
-0.003257815
-0.003550496
-0.00393289
-0.00426387
-0.004388617
-0.004212302
-0.003732722
-0.003065202
-0.002386621
-0.001818666
-0.001382404
-0.001055408
-0.0007778144
-0.0005034926
-0.0002280657
5.957608e-05
0.0003513921
0.0006171202
0.0008229874
0.0009495772
0.0009992878
0.0009972506
0.001012873
0.001138972
0.001447799
0.001994885
0.002772108
0.003700544
0.004668676
0.005541046
0.006201628
0.006598707
0.006755709
0.006745212
0.006654014
0.006556569
0.006498131
0.00648913
0.006480662
0.006387535
0.00617154
0.005830416
0.005368003
0.004839609
0.004340297
0.003957854
0.00374035
0.003682467
0.003736054
0.003832488
0.00388023
0.003778256
0.003498607
0.003073815
0.002544605
0.001986099
0.001494512
0.001116106
0.0008094379
0.0004948906
8.972682e-05
-0.0004150913
-0.0009509817
-0.001447802
-0.001896025
-0.002327607
-0.002802549
-0.003358061
-0.004003829
-0.004714032
-0.005456252
-0.006164437
-0.006755422
-0.007195959
-0.007537303
-0.007837928
-0.008120055
-0.008372432
-0.008570081
-0.008694335
-0.00874414
-0.008736289
-0.008698878
-0.008688619
-0.00879081
-0.00903698
-0.009382
-0.009737301
-0.01001764
-0.01017297
-0.01020067
-0.01013987
-0.01001754
-0.009815612
-0.009562293
-0.009335776
-0.009155703
-0.009034866
-0.009027947
-0.009163434
-0.009410127
-0.00969536
-0.009941758
-0.01009557
-0.01011881
-0.00996832
-0.009629642
-0.009118079
-0.008503791
-0.007902057
-0.007423562
-0.007131494
-0.00702456
-0.007047113
-0.007103548
-0.007071918
-0.006883587
-0.006561465
-0.006171527
-0.005770215
-0.005427387
-0.00515983
-0.004923672
-0.004635349
-0.004228854
-0.003652173
-0.002885576
-0.002001025
-0.001145585
-0.0004681532
-5.570783e-05
9.007778e-05
3.661413e-05
-9.372572e-05
-0.0001424263
-1.0469e-05
0.0002918168
0.0006726819
0.000998683
0.001129259
0.001022744
0.0007700884
0.0004726805
0.0002012532
-4.356619e-07
-0.0001176366
-0.0001491189
-6.712056e-05
0.0001449258
0.0004508875
0.0007773834
0.001049406
0.00121986
0.001281456
0.001261428
0.001206046
0.001168488
0.001227623
0.001434702
0.001764508
0.002148391
0.002553167
0.00296915
0.003368402
0.003705395
0.003941059
0.004062707
0.004087189
0.004051245
0.004008948
0.00404983
0.004237813
0.004556342
0.00492632
0.005253059
0.00546865
0.005539988
0.005433954
0.005152944
0.004768159
0.004371733
0.003992315
0.003608312
0.003169854
0.002656749
0.002119044
0.001644658
0.001308719
0.001140056
0.001113454
0.001169771
0.00124598
0.001298187
0.001313114
0.001300916
0.001280323
0.001266298
0.001261985
0.001262185
0.001252328
0.001177285
0.0009867981
0.0006928036
0.0003709921
0.0001533817
0.0001389109
0.0002850467
0.0004543633
0.0005219135
0.0003934953
4.129646e-05
-0.0004694758
-0.001057121
-0.001652609
-0.002190108
-0.002659034
-0.00309591
-0.003560119
-0.004096559
-0.004723305
-0.005414695
-0.006088393
-0.006654225
-0.007086938
-0.007378921
-0.007508767
-0.007486174
-0.007363948
-0.007263171
-0.00735166
-0.007726157
-0.008337996
-0.009038802
-0.009702482
-0.01026237
-0.0106828
-0.0109556
-0.0110994
-0.01115369
-0.01116334
-0.01115212
-0.0110831
-0.0109018
-0.0106084
-0.01026058
-0.009939607
-0.009714599
-0.00960846
-0.009553099
-0.009444865
-0.009226171
-0.008866623
-0.008375245
-0.00782735
-0.007325511
-0.006911026
-0.006563147
-0.006260584
-0.005993558
-0.005728985
-0.005460609
-0.005198264
-0.004936351
-0.004683029
-0.004453704
-0.004221198
-0.003940225
-0.00360845
-0.003260837
-0.002912805
-0.002594477
-0.00232738
-0.002087276
-0.001815008
-0.001454949
-0.00101167
-0.0005151772
8.567294e-06
0.0005178545
0.0009938139
0.001449775
0.001881499
0.002261733
0.002564042
0.002809974
0.00306359
0.003353607
0.003625618
0.003804953
0.003854392
0.003750194
0.003517307
0.003226208
0.002954925
0.002730116
0.002552255
0.002451676
0.002447416
0.002525318
0.002642136
0.002712754
0.002646063
0.002457664
0.002264233
0.002176198
0.002275263
0.002598636
0.003090499
0.003626416
0.004076066
0.004351632
0.004395668
0.004190406
0.003832907
0.0034689
0.003177057
0.002980557
0.002868448
0.002783079
0.002672122
0.002552153
0.002432145
0.002319707
0.002266555
0.002313597
0.002492659
0.002822176
0.003259371
0.003709761
0.00407321
0.00428886
0.00435484
0.004317131
0.004239138
0.004174073
0.00414949
0.004163533
0.00419506
0.004220102
0.004194487
0.00408369
0.003909619
0.003683356
0.003426375
0.003175226
0.002965062
0.002818768
0.002741318
0.002722811
0.002746032
0.002789706
0.002833823
0.002862861
0.002867354
0.002847096
0.002783004
0.002650801
0.00250361
0.002388517
0.00230685
0.002286939
0.002345202
0.002464746
0.00260687
0.002732796
0.002820457
0.002866642
0.002910015
0.003030667
0.003263679
0.003575418
0.003892507
0.004142629
0.004286736
0.004328469
0.004272051
0.004093046
0.003798297
0.003441171
0.003098608
0.002836545
0.002658324
0.002492681
0.002284062
0.00203031
0.001767997
0.001542599
0.001387709
0.001313605
0.001306974
0.001339983
0.001384793
0.001425035
0.001473671
0.00158863
0.00180794
0.002110491
0.002453922
0.002812406
0.003115822
0.003266837
0.003176343
0.002835861
0.002360546
0.001961195
0.001806294
0.001932388
0.00223434
0.002507591
0.002583104
0.002412669
0.002065025
0.001670191
0.001351386
0.001158879
0.001037785
0.0009059018
0.0007213142
0.0004732598
0.000142265
-0.0002627709
-0.0007079739
-0.001203785
-0.001793073
-0.002444878
-0.003015027
-0.003359505
-0.003448466
-0.003396456
-0.00335539
-0.003418115
-0.003593783
-0.00382944
-0.004050119
-0.004176787
-0.004146212
-0.003977261
-0.003709752
-0.003391698
-0.003084044
-0.002841052
-0.002691884
-0.002635685
-0.002628183
-0.002569454
-0.002386436
-0.00208598
-0.001737718
-0.001429266
-0.001224848
-0.001144211
-0.001164544
-0.001238554
-0.001317162
-0.001366936
-0.001376878
-0.001355204
-0.001319656
-0.001274765
-0.001173181
-0.0009678115
-0.0006692154
-0.0003376475
-4.751504e-05
0.000146814
0.0002289554
0.0002180866
0.0001515662
7.024759e-05
8.9146e-06
-4.103086e-06
8.443713e-05
0.0003085338
0.0006373755
0.001006313
0.001390042
0.001783511
0.002174368
0.002580794
0.003017773
0.003457223
0.003843469
0.004125449
0.004280952
0.004335913
0.004386781
0.004528857
0.004784493
0.005105602
0.005412321
0.005635525
0.005743741
0.005747664
0.005687016
0.005609427
0.005551891
0.005531101
0.005543784
0.005564131
0.005514952
0.005275647
0.004791949
0.004137336
0.003468588
0.002941847
0.002645823
0.002580365
0.002675195
0.002828569
0.002951118
0.002988397
0.002889661
0.002629594
0.00225197
0.001849141
0.001515527
0.001302661
0.001171451
0.001034141
0.0008358168
0.0005819201
0.0003220549
0.000113591
-7.382408e-06
-3.0673e-05
6.601781e-05
0.0002978842
0.0006204622
0.0009062642
0.00101105
0.0008360912
0.0003841782
-0.0001893427
-0.0007001773
-0.001010698
-0.00105033
-0.0008531435
-0.0005229734
-0.0001388277
0.0002608733
0.0006376202
0.0009480253
0.001159715
0.001265773
0.001284514
0.00124733
0.001189531
0.00113863
0.001106872
0.001094584
0.001094716
0.001095352
0.001085479
0.001058847
0.001009266
0.0008975382
0.0006779732
0.0003473971
-8.571077e-05
-0.0005994953
-0.001131986
-0.001603457
-0.001951162
-0.002149893
-0.002215863
-0.002196877
-0.002149734
-0.002117664
-0.002122777
-0.002165458
-0.002229129
-0.002291498
-0.002335562
-0.002363076
-0.002428323
-0.002610476
-0.002974472
-0.003526251
-0.004178741
-0.004803053
-0.005330205
-0.00576007
-0.006111387
-0.006440643
-0.006815301
-0.007243139
-0.007672987
-0.008033233
-0.008270699
-0.008372361
-0.008364953
-0.008305139
-0.008284155
-0.008359754
-0.008490194
-0.008600184
-0.008634856
-0.008580446
-0.00846542
-0.008340595
-0.008250576
-0.008216173
-0.008230268
-0.008264931
-0.008254377
-0.008112867
-0.007785198
-0.007271226
-0.006654028
-0.006061196
-0.005604165
-0.005335309
-0.005208752
-0.005110135
-0.004954276
-0.004725149
-0.004462872
-0.004224336
-0.004018
-0.003798824
-0.003539951
-0.003257078
-0.002992923
-0.002786603
-0.002617193
-0.002379031
-0.001973655
-0.001404661
-0.0007726245
-0.0002128478
0.000170628
0.0003395866
0.0003258007
0.0002061382
6.552085e-05
-3.369013e-05
-6.617349e-05
-4.069174e-05
1.431384e-05
7.122738e-05
0.0001429771
0.0002824062
0.0005117943
0.0008019039
0.00112442
0.001486373
0.001877258
0.002255901
0.002567222
0.002771378
0.002861728
0.002890517
0.00293588
0.002998643
0.003071866
0.003168003
0.003240639
0.003238759
0.003150913
0.003005454
0.002851367
0.002762259
0.002828572
0.003072616
0.003431572
0.003803606
0.004095521
0.00428354
0.004410274
0.004507406
0.00460286
0.004661967
0.00466599
0.004641623
0.004583485
0.004510529
0.004471319
0.004451806
0.004414017
0.004309076
0.004076369
0.00371358
0.00328633
0.002860363
0.002446927
0.002053401
0.00170476
0.001433422
0.001259976
0.001150046
0.001011096
0.0007841182
0.0004819978
0.0001683452
-8.699628e-05
-0.0002376643
-0.0002761497
-0.0002328919
-0.000179787
-0.0002482018
-0.0005648332
-0.001132448
-0.001806394
-0.002350023
-0.002565461
-0.002364606
-0.001815492
-0.001108824
-0.0004616648
-2.876687e-05
0.0001418217
0.0001007151
-5.217685e-05
-0.0002371303
-0.0004486129
-0.0007015872
-0.0009843427
-0.00126109
-0.001493365
-0.001653662
-0.001732583
-0.001744671
-0.001719298
-0.001685562
-0.001641363
-0.001510217
-0.001210302
-0.0007863823
-0.0003685491
-7.665081e-05
3.007019e-05
-5.386277e-05
-0.0003012726
-0.000623164
-0.0009295644
-0.001121395
-0.00113666
-0.0009897425
-0.0007536387
-0.0005184542
-0.0003524272
-0.0002636648
-0.0002006125
-0.0001279974
-2.613529e-06
0.0001984597
0.000448165
0.0006902675
0.0008722562
0.0009675176
0.0009818684
0.000946526
0.000896932
0.0008700928
0.0009189109
0.001045745
0.001235875
0.001475525
0.001730594
0.001956825
0.002105991
0.00210661
0.001919672
0.001598767
0.001284614
0.001081211
0.001050171
0.001203703
0.001482714
0.001790255
0.002037404
0.002187067
0.002291887
0.002431925
0.002640532
0.00290502
0.003226235
0.003587868
0.003904312
0.004120956
0.004235725
0.004224199
0.00406899
0.003804609
0.003504234
0.003243697
0.003056345
0.002892229
0.002681235
0.002402886
0.002087691
0.001792093
0.001568974
0.001445259
0.001414305
0.001441577
0.001484249
0.001510472
0.001507075
0.001452092
0.001243612
0.0008067983
0.0002336888
-0.0002698365
-0.0005063167
-0.0004309686
-0.000157697
0.000188929
0.0004790024
0.0005501359
0.0003116196
-0.0001848511
-0.0007849894
-0.001316119
-0.001659552
-0.001783351
-0.001733225
-0.001596364
-0.001459571
-0.001379137
-0.001370444
-0.001415623
-0.001481148
-0.001535745
-0.001554325
-0.001484968
-0.001288769
-0.001033804
-0.0008499064
-0.0008219345
-0.0009523832
-0.001178433
-0.001412949
-0.001584502
-0.001660667
-0.001650095
-0.001588311
-0.001517358
-0.001468707
-0.001455039
-0.001471469
-0.001502869
-0.001532904
-0.001550784
-0.001553646
-0.001545315
-0.001532794
-0.001522605
-0.001518404
-0.001520432
-0.001526447
-0.0015339
-0.001543355
-0.001554138
-0.001562251
-0.001557131
-0.001487866
-0.001299482
-0.0009976494
-0.0006457947
-0.0003272413
-0.0001063891
-6.731618e-06
-1.047183e-05
-6.655837e-05
-8.400189e-05
-2.157242e-05
8.198036e-05
0.0002033994
0.0003184067
0.0004190294
0.0005257911
0.000607623
0.0006014194
0.0004827687
0.0002805935
5.497302e-05
-0.0001367553
-0.0002688772
-0.0003869251
-0.0005646211
-0.0008235538
-0.001125004
-0.001403381
-0.001603087
-0.001703571
-0.001720392
-0.00168902
-0.001646943
-0.001619882
-0.001613971
-0.001620595
-0.001628296
-0.001632636
-0.001636036
-0.001648881
-0.001712108
-0.001834552
-0.002012502
-0.002297346
-0.002726683
-0.003259745
-0.003792042
-0.004168213
-0.004262153
-0.004066263
-0.003683606
-0.003265146
-0.002941218
-0.002785909
-0.002844811
-0.003119462
-0.003535338
-0.003973862
-0.004325793
-0.004530288
-0.004585939
-0.004529241
-0.004371868
-0.004110958
-0.003779079
-0.003440069
-0.003167628
-0.003048197
-0.003095995
-0.003184747
-0.003150669
-0.002962372
-0.00277052
-0.002762996
-0.003014956
-0.003465859
-0.003974824
-0.004397478
-0.004644715
-0.004704447
-0.004621491
-0.004430745
-0.004141659
-0.003755206
-0.003306089
-0.002864656
-0.002467386
-0.002135787
-0.001885802
-0.001723024
-0.00163932
-0.001614992
-0.001625055
-0.001646542
-0.001663695
-0.00166981
-0.001665736
-0.001656519
-0.001647853
-0.001643507
-0.001644376
-0.001649039
-0.001650649
-0.001606596
-0.00144943
-0.001130258
-0.0006432737
-5.979018e-05
0.0005019218
0.0009356035
0.001186374
0.001258464
0.001203751
0.001094536
0.000994906
0.0009447188
0.0009589289
0.001057868
0.001238367
0.001459778
0.00170178
0.00194427
0.002162544
0.002336382
0.00245479
0.002518436
0.002538139
0.002527932
0.00250027
0.002466625
0.002432341
0.002365566
0.002209962
0.001952934
0.001637859
0.001337487
0.001146206
0.001115174
0.001189629
0.001278253
0.001313488
0.001276126
0.00118927
0.001082586
0.000909013
0.0005642437
2.958037e-05
-0.0005718635
-0.00103794
-0.001259126
-0.001291193
-0.001255446
-0.00125207
-0.001324513
-0.001460695
-0.00161627
-0.0017436
-0.001814538
-0.001854875
-0.001919957
-0.001995208
-0.002039149
-0.002056731
-0.002119105
-0.002277106
-0.002521443
-0.002797249
-0.00303802
-0.003195033
-0.00322484
-0.003078933
-0.002769966
-0.002405759
-0.002129433
-0.002013256
-0.002092312
-0.002308795
-0.00250923
-0.002566504
-0.002446465
-0.002201071
-0.001924986
-0.00170637
-0.001593758
-0.001587382
-0.001651582
-0.001737552
-0.001804708
-0.001832883
-0.001823424
-0.001791903
-0.00175771
-0.001735362
-0.001729219
-0.001706409
-0.001592133
-0.001353104
-0.001024407
-0.0006554463
-0.00028611
2.388923e-05
0.0002682318
0.0004652707
0.00062818
0.00076145
0.0008667856
0.0009446715
0.0009955555
0.001020564
0.001020719
0.00100128
0.0009931454
0.001070283
0.001299661
0.001720492
0.002297837
0.00291857
0.003449338
0.003797073
0.003939377
0.003938828
0.003915205
0.003925306
0.003959368
0.00400827
0.004088925
0.004166702
0.004185206
0.004120715
0.003991114
0.003840212
0.003734569
0.003766809
0.003981865
0.004334762
0.00472315
0.005043131
0.005232879
0.00528933
0.005253038
0.005180445
0.005117051
0.005061884
0.004950781
0.004733492
0.00442372
0.004085522
0.003795167
0.003606261
0.003532467
0.003550372
0.003616023
0.003685029
0.00372771
0.003734732
0.003713812
0.003681227
0.003652788
0.003637892
0.00363783
0.003647745
0.00366036
0.003669562
0.003672398
0.003669267
0.003662733
0.003655924
0.003651135
0.003649191
0.003649555
0.003650983
0.003652183
0.003652125
0.003637258
0.003549804
0.003341389
0.003015032
0.002581214
0.002072529
0.00156244
0.001135074
0.0008485578
0.0007146927
0.0007003329
0.0007511325
0.0008133769
0.0008530579
0.000861138
0.0008455283
0.0008080933
0.0007033142
0.0004851943
0.0001665816
-0.0001853888
-0.0005041154
-0.0007893677
-0.00107158
-0.001357452
-0.001625563
-0.001843742
-0.001988231
-0.002054934
-0.002072535
-0.002126206
-0.002292544
-0.002575701
-0.002928557
-0.00332532
-0.003748284
-0.004155979
-0.004483514
-0.004634794
-0.004551239
-0.004254678
-0.003804402
-0.003314225
-0.002878601
-0.002535466
-0.002292098
-0.002134676
-0.00203929
-0.00198267
-0.001934806
-0.001841732
-0.001699185
-0.001514413
-0.001272715
-0.0009394119
-0.0005075688
-3.033639e-05
0.000406868
0.000729364
0.000903036
0.0009408561
0.000889477
0.0008061032
0.0007374115
0.0007204698
0.0008137654
0.001051136
0.001410137
0.001852076
0.00228037
0.002588315
0.002760053
0.0028177
0.002829893
0.00289854
0.003120746
0.003537816
0.00413893
0.004851593
0.005549828
0.006111244
0.006462658
0.006600914
0.006578556
0.006473675
0.006361468
0.006293664
0.00628469
0.006305954
0.006287674
0.006204057
0.006046518
0.005798399
0.005434526
0.004960069
0.004452486
0.004077977
0.00401362
0.004258987
0.004604879
0.004808528
0.004744315
0.004436064
0.004009118
0.003612822
0.003342622
0.003178804
0.003028539
0.002773363
0.002352165
0.00181021
0.001261762
0.0008247211
0.0005690477
0.0004975432
0.0005582635
0.0006752012
0.0007802735
0.0008331666
0.0008245505
0.000772607
0.0007058083
0.0006481176
0.00061307
0.0006014968
0.0006021929
0.0006010846
0.0005900967
0.0005692204
0.0005439019
0.0005081533
0.0004210861
0.0002757748
5.976589e-05
-0.0002850555
-0.0007817329
-0.001369709
-0.001936333
-0.002375515
-0.00263381
-0.002720296
-0.002689307
-0.002614019
-0.002556033
-0.002546412
-0.00258729
-0.00266084
-0.002740082
-0.002802107
-0.002839834
-0.002862235
-0.00288272
-0.002909119
-0.002941353
-0.002974517
-0.003005566
-0.003034793
-0.003065185
-0.003099984
-0.003141382
-0.003188718
-0.0032367
-0.003278048
-0.00330701
-0.003322279
-0.003329667
-0.003338046
-0.003352484
-0.003372512
-0.003393989
-0.003412014
-0.003423276
-0.00342718
-0.003425525
-0.003413764
-0.003336477
-0.003087551
-0.002612778
-0.001974752
-0.001315042
-0.0007792157
-0.0004554575
-0.0003485853
-0.0003963128
-0.0005097226
-0.0006107892
-0.0006526005
-0.0006257763
-0.0005516295
-0.0004625936
-0.0003888018
-0.0003465874
-0.0003339893
-0.0003353397
-0.0003223519
-0.0002260672
6.008304e-05
0.0005830944
0.001268874
0.001965846
0.00252714
0.002871845
0.002997581
0.002964931
0.002866315
0.002783682
0.00275808
0.002790873
0.002859421
0.002932509
0.002985453
0.003010828
0.003016191
0.003013912
0.003013949
0.003020609
0.00303277
0.003046248
0.003056667
0.003061478
0.003052544
0.002977448
0.002770084
0.002384655
0.001830183
0.001196443
0.0006088577
0.0001707292
-7.146219e-05
-0.0001343007
-7.926738e-05
1.533808e-05
8.439639e-05
9.355454e-05
4.237933e-05
-4.380155e-05
-0.0001315008
-0.0001975994
-0.0002357975
-0.0002549042
-0.0002726971
-0.0003031912
-0.0003484801
-0.0004085008
-0.0005180047
-0.0006785277
-0.0008305101
-0.0009189873
-0.0009276059
-0.0008799246
-0.0008172896
-0.0007751641
-0.0007731811
-0.0008118536
-0.0008755708
-0.0009451798
-0.00100592
-0.001049598
-0.001077815
-0.001098225
-0.001117736
-0.001142798
-0.001180383
-0.001235197
-0.001304481
-0.001377247
-0.001439913
-0.00148309
-0.00150757
-0.001521507
-0.001533401
-0.001551056
-0.001578696
-0.00160683
-0.001573746
-0.001368211
-0.0009315004
-0.0003253791
0.0003089871
0.0008254702
0.001132296
0.001219049
0.00114396
0.0009974141
0.0008625802
0.0007886054
0.0007817824
0.0008199105
0.0008697603
0.0009018849
0.0009029062
0.0008766704
0.0008446636
0.000877715
0.001090467
0.001540487
0.002164651
0.002818432
0.003352678
0.003675704
0.003777388
0.003715504
0.003579534
0.003451424
0.003377114
0.003362501
0.003388165
0.003429332
0.003467303
0.003491863
0.003501199
0.003499473
0.003493173
0.003487864
0.003485873
0.0034841
0.003480238
0.00347627
0.003474753
0.003468659
0.003395361
0.003141202
0.002649874
0.001988247
0.001308271
0.0007657825
0.0004520872
0.0003674212
0.000440833
0.0005750591
0.0006877265
0.0007356654
0.0007197354
0.0006665644
0.0006069904
0.000564759
0.0005455904
0.0005065867
0.0004119568
0.0002030212
-0.0001860759
-0.0007318248
-0.001327884
-0.001845185
-0.002190701
-0.002337912
-0.002323593
-0.002220918
-0.002105665
-0.002030222
-0.002013075
-0.002043511
-0.002095282
-0.002141822
-0.002166737
-0.002166961
-0.002149975
-0.00212766
-0.002110402
-0.002103509
-0.002106665
-0.002115778
-0.002125693
-0.002132477
-0.002134595
-0.002132763
-0.002129025
-0.002125538
-0.002124233
-0.00212855
-0.002138432
-0.002148662
-0.002154231
-0.002145566
-0.002065623
-0.00180973
-0.001327135
-0.0006869063
-3.637455e-05
0.0004789879
0.0007758347
0.0008531095
0.0007748904
0.0006326912
0.0005071456
0.0004438613
0.0004487472
0.0004989368
0.0005608827
0.0006067115
0.0006233088
0.0006128997
0.0005875152
0.0005613649
0.0005534258
0.0006480046
0.0009668138
0.001526719
0.002210966
0.002773691
0.002949703
0.002653931
0.002009811
0.001258626
0.0006735954
0.0004583857
0.0006443384
0.0011073
0.001688395
0.002269642
0.002728469
0.002980745
0.003024882
0.002924934
0.00280912
0.002783728
0.002885159
0.003080679
0.003297949
0.003464633
0.003540858
0.003528289
0.00345924
0.003376878
0.003318765
0.003305216
0.00333141
0.003374333
0.003409674
0.003423133
0.003413425
0.00338906
0.003362467
0.003346477
0.003349744
0.003369049
0.003391528
0.003405059
0.003404288
0.003391188
0.003372627
0.003358812
0.003358915
0.003372225
0.003388859
0.003398794
0.003392968
0.003332369
0.003156024
0.002821117
0.002324926
0.001736004
0.001166231
0.0007204044
0.0004559303
0.0003696452
0.0004132061
0.0005200851
0.0006283227
0.0006953017
0.0007046547
0.0006662518
0.0006055252
0.0005493061
0.0005155213
0.0005155795
0.0005805306
0.0007167242
0.0008578321
0.0009328721
0.0009121216
0.0008120496
0.0006774798
0.0005568436
0.0004836732
0.0004950506
0.0006155045
0.0007799507
0.0008994059
0.0009221748
0.0008490437
0.0007198376
0.0005873882
0.0004935766
0.0004561513
0.0004684463
0.0005084997
0.0005514351
0.0005793976
0.0005860182
0.0005751643
0.000556312
0.0005391454
0.0005297753
0.0005306059
0.0005702033
0.0007391621
0.001066085
0.001398424
0.001564743
0.001493734
0.001228026
0.0008801864
0.0005710781
0.0003810858
0.0003300235
0.0003874527
0.0004972522
0.0006000366
0.0006555483
0.0006265406
0.0004667548
0.0002058627
-5.910159e-05
-0.0002800793
-0.0004478313
-0.0005660432
-0.0006186093
-0.0006102411
-0.0006312263
-0.0007385068
-0.0009657345
-0.001296209
-0.001662541
-0.001982967
-0.00219825
-0.002290839
-0.002282994
-0.002219942
-0.002148732
-0.002102017
-0.002091372
-0.002110218
-0.002143868
-0.002180259
-0.002210312
-0.002225612
-0.002222887
-0.002205971
-0.002183031
-0.002163126
-0.002173385
-0.002277057
-0.002487373
-0.002709883
-0.002850998
-0.002899465
-0.002853808
-0.002741591
-0.002638872
-0.00257128
-0.002538549
-0.002559349
-0.002601378
-0.00260769
-0.002548956
-0.002434379
-0.002298609
-0.002180849
-0.002107637
-0.002085224
-0.002101989
-0.002137097
-0.002170324
-0.002189024
-0.002190308
-0.002178994
-0.00216332
-0.002150702
-0.00214558
-0.002174441
-0.002337282
-0.002656542
-0.002991775
-0.003176393
-0.003135833
-0.00290439
-0.002585743
-0.002294959
-0.002112152
-0.002064009
-0.002126377
-0.002245011
-0.002365706
-0.002452443
-0.002493226
-0.00249896
-0.002477616
-0.002375726
-0.00209539
-0.001607052
-0.0009950582
-0.0004043056
3.305848e-05
0.0002643888
0.0003751026
0.0005404793
0.0008778388
0.001360723
0.001819278
0.002069187
0.002044375
0.00184911
0.001657656
0.001592681
0.001680577
0.001865344
0.002055763
0.002175613
0.002191025
0.002114068
0.001988319
0.001861799
0.001767433
0.001714318
0.001688991
0.001667514
0.001631299
0.001573691
0.001499626
0.001419949
0.001346167
0.001287113
0.001240843
0.001213699
0.001286426
0.001477059
0.001718042
0.001962363
0.002211132
0.002445445
0.002611214
0.002707898
0.002748545
0.002756056
0.002738837
0.002670961
0.002542265
0.0023622
0.002121925
0.001852028
0.001637281
0.001533645
0.001496804
0.001437739
0.001359942
0.001372874
0.0015324
0.001768483
0.00193535
0.001942042
0.001773842
0.001458433
0.001076415
0.0007283377
0.000489105
0.0003817545
0.0003841124
0.000450188
0.000530335
0.000588155
0.0006085736
0.0005960925
0.0005665491
0.0005373423
0.0005202238
0.0005184981
0.0005283753
0.0005429462
0.0005580019
0.0005712669
0.0005788385
0.000578571
0.0005716048
0.0005659904
0.0006087861
0.0007693299
0.001060749
0.001427624
0.00178615
0.002099325
0.00238973
0.002675867
0.0029493
0.003183989
0.003357049
0.003459142
0.003497268
0.003486251
0.003406961
0.003209354
0.002855706
0.002345526
0.001754708
0.001243521
0.001019062
0.001207366
0.001755899
0.002462951
0.0030222
0.003147204
0.002763152
0.002024564
0.001204454
0.0005548892
0.0002108821
0.0001677439
0.0003220668
0.000537385
0.0007026211
0.0007641652
0.0007274509
0.0006379824
0.0005494329
0.000496226
0.0004872752
0.0005113684
0.0005480333
0.0005806508
0.0006034838
0.0006174406
0.0006238521
0.000621213
0.0006095353
0.0005897597
0.0005100254
0.0002741028
-0.0001270813
-0.0006554399
-0.001226037
-0.001732776
-0.00209314
-0.002276773
-0.002307553
-0.002244263
-0.00215302
-0.002083844
-0.002059305
-0.002076145
-0.002115322
-0.002154712
-0.002178789
-0.002183864
-0.002203267
-0.002284548
-0.00242362
-0.00259743
-0.002756704
-0.002901428
-0.003019632
-0.003074865
-0.003066489
-0.003006144
-0.00298792
-0.00308105
-0.003220567
-0.003378998
-0.003570095
-0.003747493
-0.003850949
-0.003825414
-0.003620894
-0.003283041
-0.002936347
-0.002650273
-0.002444192
-0.002312698
-0.002238117
-0.002200132
-0.002203565
-0.002326333
-0.002667218
-0.003204358
-0.003743009
-0.0040274
-0.003921482
-0.003474099
-0.002863501
-0.002296708
-0.001922336
-0.001788072
-0.001828705
-0.001906297
-0.001925506
-0.001822474
-0.001565219
-0.001165322
-0.0007124331
-0.0002872389
6.426299e-05
0.0003187794
0.0004745394
0.0005481107
0.0005666611
0.0005585236
0.0005456367
0.0005399623
0.0005440674
0.0005543673
0.0005652581
0.0005723302
0.0005739372
0.0005710619
0.0005661753
0.0005618009
0.0005595297
0.0005596618
0.0005614831
0.0005638361
0.000565707
0.0005665646
0.0005664391
0.0005657124
0.0005649057
0.000564395
0.0005643394
0.0005647172
0.0005668382
0.00057342
0.000582481
0.0005893013
0.0005906915
0.0005864058
0.0005785833
0.0005703528
0.0005658695
0.0005708368
0.0005876223
0.0006113889
0.0006308812
0.0006366798
0.000626768
0.0006046729
0.0005368185
0.0003112006
-9.747933e-05
-0.0005520177
-0.0009642405
-0.001317792
-0.001610249
-0.001838472
-0.002000544
-0.00209991
-0.002146899
-0.002157062
-0.002147426
-0.002132525
-0.002121713
-0.002118503
-0.002121822
-0.002128246
-0.002134168
-0.002137314
-0.002137223
-0.002134853
-0.002131778
-0.002129359
-0.002128288
-0.00212855
-0.002129608
-0.002130755
-0.002131495
-0.002131614
-0.002131237
-0.002130595
-0.00212996
-0.002129564
-0.002129433
-0.002129962
-0.002157708
-0.002328879
-0.002740889
-0.003361982
-0.004055468
-0.004658503
-0.005041976
-0.00510233
-0.004779863
-0.004147999
-0.003428528
-0.002849742
-0.002595055
-0.002645816
-0.002813061
-0.002912995
-0.002854274
-0.002650043
-0.002384101
-0.00215348
-0.002018969
-0.001990221
-0.002037478
-0.002113919
-0.002178198
-0.002184805
-0.002019437
-0.001597286
-0.000964244
-0.0002663708
0.0003312755
0.0007163326
0.0008624042
0.0008204552
0.0006828459
0.0005410367
0.0004549084
0.0004420421
0.0004862684
0.000557789
0.0006268941
0.0006697745
0.0006765056
0.0006662723
0.0007127667
0.000868901
0.001098853
0.001404863
0.001801987
0.002216828
0.002580231
0.002870571
0.003085034
0.003229547
0.003315873
0.003359164
0.003375038
0.003375973
0.00336736
0.003350899
0.003329329
0.003305985
0.003279875
0.003234075
0.003125242
0.002965813
0.002819759
0.002739661
0.002742162
0.002807926
0.002882159
0.002877378
0.002749677
0.002456451
0.002036023
0.001632273
0.00129617
0.001010147
0.0008411474
0.000831672
0.0009323682
0.001046337
0.001042564
0.000834266
0.0004413148
-3.535699e-05
-0.0004729369
-0.0007829364
-0.0009391803
-0.0009701683
-0.0009352427
-0.0008947619
-0.0008894955
-0.0009319065
-0.00101148
-0.001105721
-0.001194298
-0.001268674
-0.001331243
-0.001387666
-0.001443606
-0.001513832
-0.001653064
-0.001894367
-0.002162388
-0.002338992
-0.002362098
-0.002249592
-0.002070636
-0.001903768
-0.001806633
-0.001798352
-0.001860178
-0.001952303
-0.002035571
-0.002088868
-0.002110486
-0.002110321
-0.002102737
-0.002101688
-0.002111558
-0.002127177
-0.002141842
-0.00215427
-0.00216649
-0.002166323
-0.00208255
-0.001809581
-0.001312107
-0.0006821861
-0.0001373812
7.6015e-05
-0.0001520397
-0.0007348207
-0.001458269
-0.002093044
-0.002483683
-0.002590171
-0.002451371
-0.00208709
-0.001588758
-0.00113598
-0.0007942318
-0.0005402354
-0.0004098875
-0.0003835461
-0.0003983026
-0.0004017172
-0.0004192116
-0.0004337149
-0.0003982136
-0.0003792879
-0.0004404529
-0.000573927
-0.0007795945
-0.001054501
-0.001324329
-0.00152017
-0.001603608
-0.001599128
-0.0015868
-0.001628904
-0.001740159
-0.001894052
-0.002031193
-0.002014194
-0.001718629
-0.001201233
-0.0006500981
-0.0002000677
0.0001167492
0.000318546
0.0004373969
0.0005033515
0.0005398151
0.0005616524
0.0005760305
0.0005857036
0.0005945792
0.0006066181
0.0006193765
0.000626432
0.0006239949
0.0006129394
0.0005975499
0.0005835348
0.0005783497
0.0005723199
0.0004704425
0.0002024644
-0.0001853986
-0.000631247
-0.001091227
-0.001514103
-0.001850304
-0.002070761
-0.002176127
-0.002192896
-0.002160506
-0.002116654
-0.002086722
-0.002087666
-0.002173893
-0.002427309
-0.002789996
-0.00307774
-0.003151725
-0.00299008
-0.002672592
-0.002324264
-0.00205522
-0.001929813
-0.001987036
-0.002193424
-0.002486004
-0.00285737
-0.003267005
-0.003623048
-0.003896285
-0.004123121
-0.004337219
-0.004545067
-0.004731273
-0.004874266
-0.00496044
-0.004975869
-0.004833721
-0.004440958
-0.003826723
-0.003165313
-0.002690603
-0.002579536
-0.002885341
-0.003499319
-0.004211721
-0.004813434
-0.005175289
-0.005276767
-0.005185987
-0.005012002
-0.004854989
-0.004773742
-0.004777787
-0.004839861
-0.004918285
-0.00497764
-0.005000647
-0.004989311
-0.004958402
-0.004925795
-0.004904711
-0.004899797
-0.004908163
-0.004918347
-0.004878132
-0.00468468
-0.004299455
-0.003785978
-0.003228601
-0.002718908
-0.002332547
-0.002104689
-0.002023805
-0.00204435
-0.002108935
-0.002169335
-0.002198779
-0.002193384
-0.002165289
-0.00213228
-0.00210879
-0.002101233
-0.002107864
-0.002121958
-0.002135879
-0.002144346
-0.002145785
-0.002141817
-0.002135642
-0.002126738
-0.002081771
-0.001967905
-0.002024265
-0.00190192
-0.00173995
-0.00146807
-0.00112926
-0.000794418
-0.0004802434
-0.0001905991
3.43519e-05
0.0001163921
4.955098e-05
-8.876591e-05
-0.0002258982
-0.0002766136
-0.0002239965
-0.0001516185
-0.000148136
-0.0002486385
-0.0004584848
-0.0007867843
-0.001200086
-0.001620752
-0.0019352
-0.001995144
-0.001704586
-0.00111029
-0.0003763823
0.000299982
0.0007712158
0.0009821112
0.0009658191
0.0007874339
0.0004906322
0.0001323407
-0.0001904395
-0.0004074438
-0.000531761
-0.0005216477
-0.0003508294
-5.688743e-05
0.0002780761
0.0005678672
0.0007579076
0.0008401977
0.0008417978
0.0008026407
0.000756241
0.0007235865
0.0007122591
0.0007191015
0.0007343076
0.0007223766
0.0006435766
0.0005351568
0.0004603773
0.0004575051
0.0005262354
0.0006367921
0.0007491213
0.0008311333
0.0008689859
0.0008675418
0.0008436083
0.0008164898
0.0008002944
0.00080037
0.0008140324
0.0008341577
0.0008533469
0.0008685568
0.0008816085
0.0008920067
0.0008981271
0.0008997649
0.0008984517
0.0008980091
0.0009049332
0.0009229082
0.0009484755
0.0009712952
0.0009821982
0.0009787348
0.0009650528
0.0009500941
0.0009452336
0.0009569187
0.0009818345
0.001007821
0.001023121
0.001023072
0.001010657
0.0009940648
0.00100359
0.00110893
0.001347527
0.001681972
0.00200896
0.002205533
0.002228078
0.002098503
0.001920598
0.001796253
0.001746667
0.001758155
0.001766763
0.001706653
0.001561632
0.001383718
0.001267271
0.001238363
0.0012614
0.001286739
0.00128009
0.001233942
0.001163042
0.001091751
0.001041846
0.001044343
0.001137912
0.001285058
0.001405878
0.001444638
0.001393333
0.001303837
0.001304
0.001512526
0.001901227
0.002333267
0.00266526
0.0028163
0.002807674
0.002760858
0.002778519
0.002871212
0.003029152
0.003210155
0.003315015
0.003267828
0.003069592
0.002766932
0.002391977
0.001982871
0.001597141
0.001303281
0.001199565
0.001383464
0.001844259
0.002397654
0.002770627
0.002782586
0.002437421
0.001885772
0.001329661
0.0009307329
0.0007585563
0.0007882941
0.0009349333
0.00110069
0.001213793
0.001246414
0.001210973
0.001142589
0.001078373
0.00104251
0.001040819
0.001064098
0.001096277
0.001123524
0.00114069
0.001146876
0.001143176
0.001133508
0.001134298
0.001189545
0.001316749
0.001553047
0.001898482
0.002314485
0.00274884
0.003136436
0.003422591
0.003583235
0.003629647
0.003599314
0.003540006
0.003488303
0.003460415
0.003455597
0.003463321
0.003471142
0.003470477
0.003459655
0.003444184
0.003428718
0.003414167
0.003400086
0.003385796
0.003370975
0.003355939
0.003352489
0.00341064
0.003582038
0.003898026
0.004337612
0.004819033
0.005242796
0.005534981
0.005669891
0.005669293
0.005582504
0.005465014
0.005361389
0.00529561
0.005272381
0.005280971
0.005302001
0.005315975
0.005308694
0.005267636
0.005143338
0.004860274
0.004401257
0.003854635
0.003432701
0.003332203
0.003589693
0.004083727
0.004619918
0.005028894
0.005223457
0.005210717
0.005065977
0.004885165
0.00474343
0.00467218
0.004661846
0.004675615
0.004643315
0.004502494
0.004251507
0.00393846
0.00360402
0.003296962
0.00306025
0.002961203
0.003070558
0.003369379
0.003718363
0.003912043
0.003815005
0.003438563
0.002910009
0.00239804
0.002036296
0.001878093
0.001895633
0.002011087
0.002132006
0.002156073
0.00201785
0.001730414
0.001337164
0.0008914736
0.0004641903
0.0001218364
-9.763829e-05
-0.0001942677
-0.000199091
-0.0001573248
-0.0001105686
-8.495866e-05
-9.351643e-05
-0.000160923
-0.0002833076
-0.0004463821
-0.0006790008
-0.001004313
-0.001392211
-0.001773106
-0.002075224
-0.00225578
-0.002313109
-0.002280058
-0.002207406
-0.002142151
-0.00211093
-0.002116736
-0.002145689
-0.00217845
-0.002201702
-0.002211807
-0.002213432
-0.002214141
-0.002218796
-0.002229762
-0.002246526
-0.002264906
-0.002279265
-0.002285652
-0.002285575
-0.002285865
-0.002292478
-0.002306165
-0.002324943
-0.002345824
-0.002366447
-0.002380348
-0.002348322
-0.002199048
-0.001898831
-0.001494672
-0.001084164
-0.0007638159
-0.0005888007
-0.000558368
-0.0006301433
-0.0007465569
-0.0008566511
-0.0009306896
-0.0009630759
-0.0009663516
-0.00096013
-0.0009614243
-0.0009738047
-0.0009642348
-0.000889976
-0.0007410965
-0.0005209003
-0.0002442906
4.69613e-05
0.0002980324
0.0004657824
0.0005344353
0.0005173509
0.000446358
0.0003559674
0.0002737265
0.0002154608
0.0001826303
0.0001664142
0.0001541706
0.000136056
0.0001095343
7.842186e-05
4.887111e-05
2.41096e-05
3.87419e-06
-1.328647e-05
-3.037406e-05
-5.016602e-05
-7.257418e-05
-9.504112e-05
-0.0001187849
-0.000167158
-0.0002492026
-0.0003609283
-0.0005073556
-0.000705539
-0.0009629985
-0.001251328
-0.001517754
-0.001714458
-0.001819645
-0.001840583
-0.001805057
-0.001747471
-0.001696072
-0.00166572
-0.001657403
-0.001662758
-0.0016705
-0.001671848
-0.001663166
-0.001645814
-0.001624088
-0.001602658
-0.001584641
-0.001570876
-0.00156029
-0.00155062
-0.001538377
-0.001522303
-0.001504624
-0.001487865
-0.001471756
-0.001454174
-0.001434086
-0.001412231
-0.001390404
-0.001366552
-0.001319591
-0.00123901
-0.00110336
-0.000884029
-0.0005949264
-0.0002893336
-3.025019e-05
0.0001368888
0.0001999216
0.0001807553
0.0001192034
5.522496e-05
1.625472e-05
1.072598e-05
3.062361e-05
5.843192e-05
7.712863e-05
7.813448e-05
6.270799e-05
3.88549e-05
2.115526e-05
4.202685e-05
0.0001330084
0.0003061105
0.0005291842
0.0007528405
0.000945285
0.001084209
0.00114144
0.001095496
0.0009399087
0.0006998107
0.0004702893
0.00036261
0.0004212488
0.0006112142
0.0008507296
0.001056399
0.001174562
0.001189698
0.001104045
0.0009389918
0.0007577243
0.0006341568
0.0006054611
0.000661952
0.0007607501
0.0008346637
0.0008220935
0.0006900795
0.0004490439
0.0001550363
-0.000118783
-0.0003091623
-0.0003546033
-0.0002284016
7.812211e-06
0.0002263011
0.0003166811
0.0002453306
5.399977e-05
-0.0001762875
-0.0003676116
-0.0004745245
-0.0004926175
-0.0004489286
-0.0003831534
-0.0003295287
-0.0003061087
-0.0003133121
-0.0003394937
-0.0003692921
-0.000390745
-0.0003988442
-0.000395302
-0.0003857881
-0.0003765034
-0.000371626
-0.000372325
-0.0003772409
-0.0003838054
-0.0003895954
-0.0003931432
-0.0003934611
-0.0003913321
-0.0003981997
-0.0004220295
-0.0004521164
-0.0004927278
-0.0005585222
-0.0006407634
-0.0007169352
-0.0007667633
-0.0007818959
-0.0007682525
-0.0007495592
-0.0007552372
-0.0007893274
-0.0008364548
-0.0008779816
-0.0009000568
-0.0009070593
-0.0009093287
-0.0009138933
-0.00092222
-0.0009321073
-0.0009402188
-0.0009434349
-0.0009400575
-0.0009303439
-0.0009161042
-0.0008998003
-0.0008836602
-0.0008695672
-0.0008586888
-0.0008506542
-0.0008438696
-0.0008373482
-0.0008369007
-0.0008460826
-0.0008549957
-0.0008538109
-0.000845854
-0.0008387394
-0.0008302982
-0.0008160096
-0.0007948546
-0.0007704674
-0.0007547658
-0.0007682673
-0.0008239589
-0.0009126865
-0.001002119
-0.001048733
-0.001024384
-0.000934073
-0.0008092187
-0.0006889689
-0.0006029685
-0.0005624117
-0.0005606737
-0.0005801733
-0.0006016496
-0.0006118333
-0.0006066167
-0.0005894425
-0.0005675486
-0.0005477931
-0.0005344264
-0.0005281277
-0.0005262964
-0.0005249879
-0.0005175952
-0.0004915062
-0.0004373641
-0.0003605582
-0.00027803
-0.0002086212
-0.0001644082
-0.0001474405
-0.0001514119
-0.0001656286
-0.0001798818
-0.0001879415
-0.0001882973
-0.0001831183
-0.000176041
-0.0001703102
-0.0001673722
-0.0001669579
-0.0001681001
-0.0001696873
-0.0001705675
-0.0001698721
-0.0001672795
-0.0001631936
-0.0001585684
-0.0001541918
-0.0001503398
-0.0001469987
-0.0001442713
-0.0001422437
-0.0001406204
-0.0001388277
-0.000136312
-0.0001327885
-0.0001283099
-0.000123279
-0.0001183626
-0.0001140437
-0.0001103671
-0.000107046
-0.0001037652
-0.0001004548
-9.713056e-05
-9.38222e-05
-9.058441e-05
-8.728119e-05
-8.281017e-05
-7.51825e-05
-6.476692e-05
-5.101893e-05
-3.208533e-05
-8.495936e-06
1.61442e-05
3.721364e-05
5.132779e-05
5.753358e-05
5.722606e-05
5.315861e-05
4.819978e-05
4.437845e-05
4.250109e-05
4.231012e-05
4.297059e-05
4.35932e-05
4.360193e-05
4.285379e-05
4.155224e-05
4.005345e-05
3.867863e-05
3.760203e-05
3.683114e-05
3.625716e-05
3.575144e-05
3.56291e-05
3.687214e-05
3.900574e-05
4.041673e-05
4.001177e-05
3.773307e-05
3.434826e-05
3.097414e-05
2.850621e-05
2.728088e-05
2.709137e-05
2.740977e-05
2.763166e-05
2.735586e-05
2.652866e-05
2.541073e-05
2.434641e-05
2.356183e-05
2.30965e-05
2.283578e-05
2.256576e-05
2.21144e-05
2.144087e-05
2.062499e-05
1.979574e-05
1.906769e-05
1.849825e-05
1.821779e-05
1.886314e-05
2.130338e-05
2.559362e-05
3.060545e-05
3.42922e-05
3.469529e-05
3.128903e-05
2.52342e-05
1.854835e-05
1.308781e-05
9.869272e-06
8.917248e-06
9.531344e-06
1.075073e-05
1.17688e-05
1.216663e-05
1.192299e-05
1.128212e-05
1.056298e-05
1.001111e-05
9.67051e-06
9.2767e-06
8.562934e-06
7.533819e-06
6.36254e-06
5.116056e-06
3.857958e-06
2.765449e-06
2.035742e-06
1.784011e-06
1.996866e-06
2.5557e-06
3.291918e-06
4.052691e-06
4.739864e-06
5.32174e-06
5.816535e-06
6.267503e-06
6.715072e-06
7.183698e-06
7.676481e-06
8.183159e-06
8.687667e-06
9.177661e-06
9.647175e-06
1.009789e-05
1.053517e-05
1.096581e-05
1.139393e-05
1.18218e-05
1.224854e-05
1.267284e-05
1.30927e-05
1.350765e-05
1.391763e-05
1.432376e-05
1.472716e-05
1.512894e-05
1.552954e-05
1.592969e-05
1.632914e-05
1.672821e-05
1.712676e-05
1.752532e-05
1.792402e-05
1.832347e-05
1.872384e-05
1.912565e-05
1.9529e-05
1.993439e-05
2.034172e-05
2.075152e-05
2.116375e-05
2.15787e-05
2.199546e-05
2.241369e-05
2.283407e-05
2.325836e-05
2.368786e-05
2.412353e-05
2.456536e-05
2.501296e-05
2.546552e-05
2.592265e-05
2.638408e-05
2.684994e-05
2.732046e-05
2.779611e-05
2.827708e-05
2.876371e-05
2.925591e-05
2.975385e-05
3.025799e-05
3.077032e-05
3.129084e-05
3.181861e-05
3.235258e-05
3.288977e-05
3.342755e-05
3.396783e-05
3.451464e-05
3.507153e-05
3.563955e-05
3.621679e-05
3.68e-05
3.738654e-05
3.797481e-05
3.856527e-05
3.91601e-05
3.97621e-05
4.03732e-05
4.099415e-05
4.162443e-05
4.226293e-05
4.290839e-05
4.356013e-05
4.421828e-05
4.488319e-05
4.555507e-05
4.623419e-05
4.692053e-05
4.761388e-05
4.831392e-05
4.902048e-05
4.973342e-05
5.045265e-05
5.117814e-05
5.191002e-05
5.264834e-05
5.339317e-05
5.414447e-05
5.490217e-05
5.566619e-05
5.643647e-05
5.721292e-05
5.799553e-05
5.878424e-05
5.957902e-05
6.037981e-05
6.118658e-05
6.199926e-05
6.28178e-05
6.364216e-05
6.447227e-05
6.530809e-05
6.614957e-05
6.699664e-05
6.784926e-05
6.870738e-05
6.957093e-05
7.043986e-05
7.131412e-05
7.219365e-05
7.307839e-05
7.39683e-05
7.486331e-05
