0.002128698
0.002559818
0.004596539
0.002111725
0.002246391
0.001786518
0.002417147
0.001126214
0.001042061
0.004125127
0.00293961
0.003829911
0.001892889
0.005796503
0.003802592
0.003660096
-0.000765265
0.0004643674
0.002141893
0.0001118312
0.0004788814
-0.005345357
0.006971215
0.001323658
0.00367811
-0.007857688
0.001115762
0.001019479
-0.003413735
-0.008502703
-0.007338965
0.01851296
-0.01381173
-0.003223899
0.0003994777
0.008490559
-2.691824e-05
-0.006023871
0.01090684
-0.005769316
-0.0002644474
0.0008341218
-0.0005764095
0.003376319
-0.008911295
0.004307308
0.00482293
0.001701328
0.005403622
0.001246913
0.003075658
-0.004042941
0.01366739
-0.00151106
-0.003868019
0.009676915
0.005368879
-0.006593143
-0.01569602
0.007950343
-0.006417588
-0.003462769
-0.008147663
0.005918193
0.0184674
-0.008014632
-0.01687505
-0.02197261
-0.008829419
-0.003522804
-0.01112319
-0.02071247
-0.003243129
0.007896183
0.00345304
-0.006758122
-0.008303282
-0.00104066
-0.01085887
-0.02061785
-0.004334111
-0.005296448
-0.003925965
0.0003291557
-0.004709885
0.005409372
0.02014625
-0.01065674
-0.01361978
0.009858727
0.01320658
0.006763541
0.001820989
0.002592551
-0.004230732
-0.008520264
-0.0212033
-0.005036587
-0.007539881
-0.001623004
0.003384105
0.008506544
0.002857852
-0.01766543
-0.01918808
-0.004160144
0.01787526
-0.02785501
-0.01747093
-0.0065625
0.006894973
0.008599054
0.02813076
0.04869171
0.01293649
0.003611567
0.0003067518
-0.00044392
-0.001132308
-0.0284661
-0.006260457
0.02474275
-0.005812017
-0.01822296
-0.05031983
-0.01823519
-0.01803976
0.002697495
0.0127391
-0.02228896
-0.02789812
-0.03412637
-0.03133571
-0.05061372
-0.03640303
-0.02934759
-0.01215226
-0.03218179
-0.04127379
-0.03117445
-0.007373383
0.04164723
0.009468764
0.01792102
0.01008598
-0.01419956
-0.02764246
-0.01303123
0.04677421
0.0280285
0.0218329
0.003537098
0.0001761861
0.02613625
0.03144136
0.05203019
0.03693437
-0.01875943
-0.07569861
-0.07640615
-0.01565968
0.05261342
0.06743449
0.08157935
0.03826357
-0.05541261
-0.104681
-0.1032881
-0.05373058
0.04550804
0.1157369
0.08061101
0.01011973
-0.02948998
-0.008963523
0.01691084
0.02210373
0.03436322
0.07210847
0.06006552
0.04716684
0.03652342
0.0124813
0.01978384
0.02647441
-0.03708237
-0.1293766
-0.1752159
-0.1805224
-0.02291552
0.07422686
0.06005359
0.06590092
0.06469601
0.08666861
0.1280202
0.04724624
-0.06852084
-0.04580249
-0.03993552
-0.02782816
0.07210225
0.1591185
0.1376374
0.05608844
0.04933414
0.1105689
0.0723406
-0.02552511
-0.003651968
0.02113738
-0.0247072
-0.08142905
-0.06367251
-0.06562641
-0.08655739
-0.1113868
-0.05762103
0.1100236
0.1832694
0.1631036
0.1324593
0.1556415
0.1632463
0.09899311
-0.00456675
-0.02008018
0.01214036
-0.004281835
-0.00187991
0.03397397
-0.00783494
-0.0693543
-0.1218241
-0.1382911
-0.1122291
-0.1709474
-0.2284203
-0.2088291
-0.09336199
-0.005657196
0.03987063
0.07708956
0.04895304
-0.0421552
-0.1187856
-0.1283326
-0.1168542
-0.09152935
-0.08115155
-0.01380776
0.06836991
0.1465267
0.2248581
0.2696721
0.3077931
0.2287017
0.1365972
0.1189833
0.1121722
0.08692373
0.03273576
-0.05613525
-0.1168695
-0.03906944
0.03881329
0.04407611
0.04248354
0.04967318
0.01230107
-0.05389417
-0.1349365
-0.1522747
-0.07335963
-0.03568821
-0.03147175
-0.03420147
-0.04520236
-0.08798846
-0.1097952
-0.1471804
-0.1781518
-0.1946259
-0.1722931
-0.04989014
0.04279107
0.09513945
0.171008
0.2170977
0.2079739
0.1709407
0.124549
0.0658287
0.02025106
-0.002259261
-0.06755449
-0.1466666
-0.1985335
-0.1646205
-0.09367836
-0.07479904
-0.1076562
-0.1312058
-0.07033916
-0.04861298
-0.09072453
-0.1424842
-0.1678555
-0.2095518
-0.2065539
-0.02504363
0.08851322
0.09946317
0.1090974
0.09874461
0.07863049
0.07066763
0.07530484
0.0539535
-0.002226769
-0.07228616
-0.07515713
-0.01797968
-0.05006547
-0.05958171
-0.01970037
-0.04556516
0.0002821759
0.08376548
0.147676
0.1636414
0.1366955
0.1003145
0.03886302
0.01727617
0.001360518
-0.01291395
-0.01473931
-0.0008739968
-0.01183038
0.001210775
-0.005078081
-0.005825272
0.03173058
-0.002671499
-0.02090454
-0.02233613
-0.02123812
-0.06266185
-0.1103219
-0.1716978
-0.1548377
-0.06679287
-0.004326529
0.07473419
0.1031376
0.1171816
0.1136222
0.1002567
0.08359554
0.04218306
0.02124096
0.02646493
0.09145581
0.1713418
0.2013823
0.2135066
0.1593859
0.08989083
0.05123135
-0.0333679
-0.1055354
-0.1326036
-0.1417534
-0.1261867
-0.1333567
-0.09914431
0.05806376
0.1712109
0.1453718
0.07692222
0.04821898
0.04527991
0.001871329
-0.08512491
-0.05921328
0.02120511
0.04416079
0.01077676
-0.0338395
-0.005544125
0.04061961
0.08484228
0.03687123
-0.04712825
-0.02747942
0.03601002
0.03015886
-0.02993285
-0.05142062
-0.06293688
-0.04257507
-0.008012831
-0.04933859
-0.08743809
-0.006671891
0.04070154
-0.0430552
-0.1030877
-0.1128221
-0.1223229
-0.0849801
0.03299874
0.0910883
0.05523684
0.03953143
-0.0009202203
-0.07808167
-0.1041798
-0.09142221
-0.05141831
-0.004328467
0.03417092
0.08504598
0.115057
0.09615378
0.06701289
0.02740067
-0.03405994
-0.04113927
-0.02282876
-0.04630256
-0.09432162
-0.1331414
-0.143501
-0.1111196
-0.0616481
-0.04621708
-0.03794748
-0.02607117
-0.02688264
-0.01602735
0.02132039
0.06164551
0.0182378
-0.03374402
-0.03006037
-0.009303976
0.004101279
-0.04146681
-0.07425328
-0.07445586
-0.004475303
0.0576237
0.01836736
-0.05321586
-0.06525353
-0.02072709
0.01890537
0.03411903
0.04853506
0.08131107
0.04531255
-0.04166455
-0.06010071
-0.01052226
0.03674384
0.0821719
0.111233
0.1385092
0.1722041
0.1820148
0.1456174
0.08399949
0.02499072
-0.03324896
-0.04990122
-0.06540496
-0.09638007
-0.1079283
-0.04589264
0.04635435
0.08624576
0.09062995
0.1000488
0.1182959
0.09784199
0.03140855
-0.057981
-0.1285923
-0.136691
-0.08160774
-0.03856868
-0.02898358
-0.008456949
0.04998817
0.08628808
0.03951916
-0.03202147
-0.09071012
-0.1147167
-0.1053632
-0.08524973
-0.04325013
0.005828275
0.03457399
0.04726286
0.05423156
0.02677934
-0.02079953
-0.05970739
-0.07389249
-0.04638816
-0.004141786
0.01838186
0.01106133
0.004963773
0.01056662
0.02516791
0.046237
0.05981828
0.05701324
0.06725908
0.1014107
0.109998
0.08050771
0.03753298
0.02585594
0.04123031
0.0558203
0.08196485
0.0963814
0.06624334
0.0002941022
-0.05416383
-0.070537
-0.03911912
0.02519377
0.05609246
0.03121449
-0.01316486
-0.05653851
-0.08503955
-0.08669419
-0.06369645
-0.006430809
0.04943232
0.07236577
0.03941036
0.0008082129
0.006762718
0.02859454
0.05131783
0.05487531
0.04848269
0.03992052
0.03530574
0.01919861
0.002800776
-0.002442346
-0.02984293
-0.06140309
-0.07230621
-0.06694443
-0.03044919
0.02077688
0.04175688
0.005870861
-0.03991427
-0.04366623
-0.03455089
-0.04326211
-0.07260283
-0.08594078
-0.04972
0.002655539
0.03284913
0.04056599
0.04290744
0.04437474
0.0201309
-0.02578795
-0.07369376
-0.1035619
-0.1092143
-0.1060191
-0.1077394
-0.09419938
-0.06111317
-0.03442134
-0.0181223
-0.01037087
-0.01348653
-0.03792018
-0.06040666
-0.04713197
-0.01648157
-0.001552441
5.7521e-05
-0.007671644
-0.01473374
-0.0129045
-0.02051945
-0.01844237
0.003009613
0.008262963
-0.002298795
-0.00211282
0.005129507
0.001441507
-0.00656314
-0.007525715
-0.000205897
0.008817314
0.005186397
-0.008414006
-0.007230537
0.006357143
0.009340899
0.006279105
0.007358505
0.0251506
0.0481253
0.0674841
0.08135631
0.08005907
0.07404332
0.07277463
0.06825518
0.046817
0.03472609
0.03816977
0.03609117
0.0309546
0.02369846
0.01372605
0.005118401
0.013252
0.04165708
0.06661046
0.08264496
0.08506654
0.07749414
0.05413826
0.0299215
0.02516938
0.03116806
0.02705037
-0.002904942
-0.0246921
-0.03371397
-0.04271136
-0.04183618
-0.02380869
-0.007830385
-0.003277105
-0.01321906
-0.0330601
-0.04333866
-0.05119473
-0.0581634
-0.06288299
-0.05146004
-0.03185671
-0.03040735
-0.03621121
-0.03727412
-0.03471809
-0.03078606
-0.02514658
-0.002117108
0.02636935
0.03473325
0.02536851
0.01255107
-0.007868432
-0.02537279
-0.02463546
-0.0204791
-0.02983469
-0.05098047
-0.06097765
-0.05670095
-0.04730488
-0.0373111
-0.0206404
-0.004910152
0.01353941
0.03794169
0.05357502
0.05794143
0.05914787
0.04927507
0.03774068
0.03886449
0.05368587
0.07052888
0.08005848
0.06939619
0.03464963
0.01437074
0.005659668
-0.004572228
-0.0148949
-0.03532273
-0.05683483
-0.06558366
-0.05590314
-0.02882143
-0.01271084
-0.01047226
-0.001593484
0.01722009
0.0302013
0.02971442
0.02843806
0.02159352
0.01221222
0.009034568
0.007558268
0.0149886
0.02182121
0.02276332
0.01257824
-0.006046323
-0.01741563
-0.02234262
-0.02515414
-0.02808296
-0.02653705
-0.02623859
-0.03441125
-0.04312349
-0.04682141
-0.05136492
-0.05722933
-0.05946866
-0.06184468
-0.05848219
-0.03984622
-0.01506067
-0.001441062
0.001321658
-0.002275324
-0.0007682316
0.008394978
0.01222052
0.004242624
-0.008988278
-0.01588804
-0.02290409
-0.02796787
-0.02425659
-0.009179445
0.006735112
0.02291078
0.03756869
0.04202251
0.03718414
0.0243765
0.01996448
0.02309841
0.03341007
0.04612282
0.04718104
0.04061578
0.03152806
0.02668659
0.02380251
0.02184661
0.02186135
0.02122431
0.02321071
0.02532359
0.01848596
0.006478971
-0.003441102
-0.005707098
0.002030043
0.01210298
0.02054086
0.02352887
0.01534686
0.002247431
-0.008983364
-0.02046814
-0.03042802
-0.03785422
-0.03594233
-0.02412419
-0.01985916
-0.02424781
-0.02630372
-0.01839015
-0.008053074
-0.003058753
-0.002824775
0.002256242
0.01190074
0.01435219
0.00777052
0.004688469
0.01020502
0.01314402
0.01436534
0.01802243
0.02395921
0.02823644
0.03005038
0.02047602
0.01017744
0.003547818
-0.001096892
-0.008196743
-0.0146336
-0.009188471
-0.006026106
-0.003586923
-0.003504961
-0.001906261
0.002097597
0.005226295
0.003910851
-0.002012953
-0.006080358
-0.008253625
-0.002615733
0.003624978
0.007195328
0.009733439
0.008104846
-0.004326567
-0.02038714
-0.03365495
-0.04447578
-0.05042102
-0.05127748
-0.04222464
-0.03400718
-0.02708307
-0.01851167
-0.01031869
-0.001545334
0.007581966
0.01547608
0.02095076
0.0229503
0.02444188
0.02582024
0.02144682
0.01205703
0.006310689
0.0006683851
-0.008076758
-0.01278576
-0.0005178855
0.02287513
0.03576113
0.0429851
0.05281211
0.0601534
0.06033835
0.06160247
0.06821751
0.07362588
0.0780469
0.06846637
0.04473029
0.02436837
0.01149325
0.01048073
0.01762107
0.02507658
0.02648861
0.01432851
-0.002083969
-0.01150945
-0.01799223
-0.02345908
-0.02973786
-0.03622982
-0.03969033
-0.04256332
-0.04496711
-0.04650084
-0.04294886
-0.03790155
-0.0392476
-0.03945533
-0.03458651
-0.02150976
-0.008393231
0.0001802246
0.006067
0.007889078
0.008598337
0.003162096
-0.008157504
-0.01701482
-0.0190055
-0.01592065
-0.01125175
-0.003067919
-0.0009602312
-0.01002868
-0.02215815
-0.02583182
-0.01909128
-0.008637946
0.0001170909
0.00153527
-0.00540239
-0.01301834
-0.01480501
-0.0179911
-0.02324065
-0.02807098
-0.02876929
-0.02742964
-0.02828502
-0.02799495
-0.02662265
-0.02016463
-0.01481331
-0.01082471
-0.0085803
-0.009129671
-0.006935241
0.00244611
0.008674643
0.00372194
-0.003770562
-0.003502902
0.005303179
0.009939505
0.008777132
0.002796281
-0.005230688
-0.009869215
-0.01197712
-0.009798982
-0.00190986
0.004911322
0.008070707
9.169507e-05
-0.01363604
-0.02358364
-0.03208182
-0.03772095
-0.04273379
-0.04235899
-0.03649352
-0.02799849
-0.02154959
-0.01639709
-0.008057093
0.001199884
0.005599625
0.00661297
0.008738117
0.01386002
0.02330062
0.03103475
0.03300079
0.02848473
0.02709192
0.02665892
0.02481017
0.01363658
0.001197181
-0.0002201009
0.00751508
0.01392223
0.01165019
0.006712903
0.003583057
0.003561153
0.003572914
0.003756036
0.002414262
0.0008480921
0.001292344
0.00416216
0.00437692
-0.003080759
-0.01011513
-0.01074493
-0.006838772
-0.004050536
0.001174482
0.01190852
0.01772515
0.01934856
0.02107702
0.02362049
0.02321002
0.02197235
0.02306231
0.02284158
0.02337464
0.02184219
0.01505573
0.008656876
0.005056902
0.006309073
0.007785647
0.007623084
0.007798145
0.008354692
0.01186515
0.01653639
0.02164725
0.02725179
0.02942811
0.02900548
0.02851858
0.02516755
0.02028344
0.01241584
0.006739207
0.008634038
0.01307479
0.01544087
0.01340156
0.009327373
0.00329886
-0.002074806
-0.004598591
-0.002346731
-0.0002448069
-0.0007010391
-0.003778667
-0.008223092
-0.01044697
-0.01328999
-0.01447652
-0.01753577
-0.02044712
-0.02083497
-0.02171447
-0.02287243
-0.02568584
-0.02713142
-0.02413082
-0.01474603
-0.00424027
-0.0002206791
-0.002468984
-0.006668545
-0.008320142
-0.005580634
-2.89826e-05
0.004127313
0.005118552
0.004164656
-0.001139536
-0.01089399
-0.01893075
-0.02061393
-0.01884338
-0.01623848
-0.01187203
-0.002505526
0.006898713
0.01167012
0.01142109
0.007558201
0.004061498
0.003159679
0.006221584
0.01079105
0.01541969
0.01772783
0.01852127
0.01729512
0.01218787
0.0028721
-0.008705001
-0.01514231
-0.01588599
-0.01354212
-0.008944044
-0.003981823
-0.0002017794
0.003416089
0.006919722
0.007597958
0.007661139
0.002803844
-0.004644247
-0.01055009
-0.0140416
-0.01337251
-0.01183642
-0.006705858
9.139678e-05
0.005742175
0.01029952
0.01059939
0.01231603
0.01889095
0.02697343
0.02995592
0.02896754
0.0286177
0.03025787
0.03308635
0.03330058
0.03118818
0.02720614
0.02546911
0.02151972
0.01912276
0.01869033
0.01600065
0.01508169
0.01526127
0.01700044
0.01393948
0.006464998
0.001036637
-0.00444068
-0.01064016
-0.01658972
-0.02187221
-0.02602249
-0.0293945
-0.0307
-0.02884654
-0.02632294
-0.02637281
-0.02623294
-0.02350534
-0.01916306
-0.01472491
-0.01065599
-0.009728667
-0.01052208
-0.01159599
-0.01175189
-0.009027311
-0.004392266
-0.0002223384
0.001136474
-0.00194681
-0.006228591
-0.01115296
-0.01608244
-0.01986644
-0.02232854
-0.02352989
-0.02288301
-0.02433937
-0.02730123
-0.024648
-0.02259349
-0.02106531
-0.02071931
-0.01803444
-0.01533426
-0.01589808
-0.01674445
-0.01631988
-0.01547914
-0.01774228
-0.0187763
-0.01877297
-0.01863501
-0.01851744
-0.01924545
-0.01876986
-0.01878896
-0.01616524
-0.01254701
-0.008519761
-0.005849107
-0.00520417
-0.007414209
-0.008296205
-0.002420697
0.005924234
0.01323489
0.01810877
0.01990633
0.01669977
0.008614564
-0.001937004
-0.005665788
-0.004953488
-0.0006059063
0.005046258
0.007481348
0.008786282
0.007577937
0.003524816
-0.002139901
-0.005738094
-0.004129185
0.001252708
0.003318582
0.005032562
0.009777985
0.01758953
0.02676175
0.03232115
0.03421364
0.03470671
0.03419098
0.03576525
0.03940501
0.04277856
0.03540438
0.02369723
0.01874147
0.01535753
0.01549056
0.01726783
0.02135845
0.02254923
0.01477319
0.0004263073
-0.01050663
-0.0160254
-0.020515
-0.01998721
-0.0133333
-0.005570637
-0.0033119
-0.002951378
-0.002158374
-0.004921087
-0.009027139
-0.009276566
-0.005622451
-0.002290654
0.0009483248
0.0007458264
0.0004596908
-0.003191422
-0.009819913
-0.01139532
-0.01047479
-0.008249672
-0.006414192
-0.00112193
0.006715232
0.01034081
0.009249926
0.01260318
0.01760373
0.01810098
0.0168622
0.01130678
0.002549579
-0.002265318
-0.001414113
0.001959553
0.005152683
0.007069794
0.005731067
0.001016141
-0.004064961
-0.005632163
-0.005062462
-0.00264554
0.003832003
0.006319309
0.002985477
-0.001919154
-0.006483102
-0.00777999
-0.009459377
-0.01076952
-0.009382783
-0.004302623
-0.0005188826
-0.0002765805
-0.002896397
-0.004789972
-0.005558485
-0.009188098
-0.01138257
-0.0128814
-0.01233003
-0.01165523
-0.01007366
-0.008250343
-0.005374386
-0.003493948
-0.003554569
-0.004952409
-0.004620327
0.0004731151
0.004435378
0.005481463
0.006878428
0.006501614
0.003691082
0.0004480703
-0.002582781
-0.001583611
-0.00111688
-0.002466768
-0.002953737
-0.003131643
7.889e-05
0.005772104
0.00967726
0.009381035
0.00566475
0.0008458471
-0.004985916
-0.009035738
-0.01095784
-0.01071448
-0.008137363
-0.003427424
0.002445315
0.005948595
0.005857394
0.004468755
0.002148856
0.001969936
0.007149076
0.01173967
0.01459322
0.01295366
0.005593941
-0.004650338
-0.01434484
-0.02195649
-0.02663158
-0.02697063
-0.02357139
-0.01629717
-0.008699614
-0.002927854
0.002982625
0.007383504
0.008816183
0.0126989
0.01476908
0.01524601
0.01410115
0.01353871
0.0165534
0.02018112
0.02501447
0.02881661
0.02995246
0.02625453
0.02079303
0.01743578
0.01562893
0.01387104
0.01050869
0.007323816
0.004625482
0.003972248
0.005132573
0.007232316
0.007113559
0.005195521
0.003206081
-0.0008733393
-0.004721221
-0.007945884
-0.01069115
-0.01475323
-0.01602256
-0.01361173
-0.01199445
-0.01027621
-0.0102481
-0.01207436
-0.01240631
-0.01037187
-0.007299069
-0.004352749
-0.004243051
-0.005003415
-0.004905961
-0.005592887
-0.005016037
-0.004495287
-0.00410102
-0.007098254
-0.007487351
-0.004734849
-0.00454459
-0.003029353
-0.000426797
0.003131496
0.004570228
0.005357177
0.005083324
0.004947169
0.004060291
0.002342112
0.002533369
0.001554685
-0.001964822
-0.006723631
-0.008725382
-0.008914596
-0.008912053
-0.008961531
-0.009445534
-0.01053236
-0.01113876
-0.01220825
-0.01366534
-0.01317016
-0.01138162
-0.009373779
-0.005739042
-0.003497629
-0.003484918
-0.00430861
-0.005130265
-0.002424763
-0.0009810037
-0.0003195882
-0.0009056352
-0.002705486
-0.004627739
-0.005912496
-0.004529955
-0.003292258
-0.001866884
-0.000892354
0.0009450931
0.002731537
0.003644857
0.006581854
0.01011758
0.01156232
0.01295911
0.01350317
0.01365554
0.01771248
0.01843095
0.01480117
0.01092861
0.01008647
0.01282249
0.01324514
0.01411761
0.01513491
0.01525257
0.01521519
0.01356621
0.01295864
0.01172376
0.009992145
0.008591003
0.008872857
0.01219227
0.01560551
0.01729598
0.01538991
0.01186001
0.008676892
0.004504376
-0.001506184
-0.006369249
-0.009302478
-0.00936747
-0.01058099
-0.01197607
-0.01118835
-0.01032822
-0.01212623
-0.01534407
-0.01704517
-0.01640334
-0.01465787
-0.01289405
-0.01083953
-0.008795224
-0.006172577
-0.003508114
-0.003792477
-0.006157645
-0.009982437
-0.01305141
-0.01224847
-0.0114384
-0.01203083
-0.01472039
-0.01630427
-0.01846956
-0.01640287
-0.01209117
-0.009123835
-0.006091223
-0.005000696
-0.005282074
-0.005551218
-0.003803826
-0.0009507605
0.00200124
0.003736376
0.006395626
0.008187872
0.00703333
0.002948324
-0.0007674477
-0.002102544
-0.0004449671
0.002995565
0.00555787
0.005325372
0.003598568
0.0002968773
0.0008538414
0.0005468599
0.0006346127
0.00208304
0.003411101
0.005629617
0.003543727
0.0008101312
-0.0006872304
-0.0006627576
-0.003165851
-0.00278235
-0.001005535
-0.0004323256
-0.001140242
-0.002670285
-0.003145653
-0.001770747
-0.0007579484
0.0001732453
0.002195833
0.002658834
0.00339417
0.002273099
-0.001393898
-0.00647972
-0.01218673
-0.01558344
-0.0182274
-0.01754821
-0.01137632
-0.003478605
0.002808529
0.006225377
0.009259719
0.008035555
0.005876044
0.003742027
0.002086383
0.004214934
0.006698439
0.01061708
0.01381457
0.0132044
0.01020844
0.008446664
0.00740909
0.008284011
0.008543864
0.008259031
0.00965515
0.01287502
0.01648963
0.01758484
0.01647785
0.01415399
0.01124568
0.008235354
0.007201783
0.007176984
0.007133821
0.00762819
0.009006894
0.01011733
0.00974978
0.009686182
0.008134398
0.007288448
0.007018793
0.006939869
0.00603576
0.004817484
0.003974561
0.002521672
0.0002191162
-0.0005493662
-0.0006528152
-1.57507e-05
0.0007855271
0.0002597784
0.0003990631
-0.003199958
-0.006999927
-0.01079378
-0.01104111
-0.008958752
-0.007547567
-0.006233288
-0.009120397
-0.01193713
-0.01648889
-0.01918222
-0.01927761
-0.01881099
-0.01607182
-0.01475861
-0.01288952
-0.01031153
-0.008703558
-0.008680678
-0.007161465
-0.004584518
-0.002036137
0.0006387159
0.002399643
0.004613444
0.005659338
0.006353325
0.008818028
0.009169282
0.00717963
0.004904372
0.003780687
0.003271036
0.002732819
0.004272335
0.005043785
0.007035148
0.008399205
0.006428876
0.00400464
0.001839478
0.00130529
0.001554455
-0.001286985
-0.003445033
-0.005010466
-0.005022446
-0.004624391
-0.003007443
0.000262918
0.001003674
0.001309903
-0.0008033136
-0.003571376
-0.005364326
-0.0070359
-0.009216462
-0.009196889
-0.0086357
-0.009177141
-0.008027426
-0.004737756
-0.001817333
0.0009011245
0.003607335
0.005197661
0.006860401
0.007484775
0.005972244
0.003475406
0.001639523
-0.0002075858
-0.00187008
-0.0032939
-0.002340107
-0.0006559975
0.0002049656
0.001352543
0.003979115
0.003216222
0.0006938235
-0.0008045004
-0.00408783
-0.007445624
-0.009348904
-0.01019955
-0.01066668
-0.008325755
-0.007172116
-0.007522982
-0.006839572
-0.005415649
-0.001538629
0.001190885
0.003311454
0.004076438
0.003269597
0.003418492
0.002543303
0.003137928
0.001603809
-0.0005759752
-0.001246164
0.0008611032
0.0005336257
-0.0008281361
-0.0006966224
-0.0002519731
0.0006690119
0.002104072
0.003473849
0.001685701
0.00035655
-0.001215366
-0.001637745
-0.002657849
-0.002056156
-0.0001488681
-0.0002356834
0.001291137
0.003560515
0.005417809
0.007323038
0.007341265
0.007145288
0.004882788
0.002308164
0.0006454174
0.001621407
0.005202473
0.007419797
0.009536138
0.009636956
0.009711251
0.009642742
0.008214571
0.006572196
0.003622179
0.001615661
0.0005944588
0.001142015
0.003895828
0.004109839
0.002493968
0.001229994
0.0008401584
0.0009011607
0.0003787209
7.761921e-05
0.001396276
0.002268171
0.002494403
0.001458895
0.0002714043
-0.0004071074
3.331945e-05
-0.000303495
-0.002005071
-0.004548147
-0.005727485
-0.005236064
-0.003636924
-0.001401305
-0.0005936874
0.00173067
0.002157827
0.002856303
0.002591899
5.59555e-05
-0.002217849
-0.004711974
-0.005308899
-0.005471303
-0.007159628
-0.005843032
-0.003581918
-0.002932402
-0.002851025
-0.002676828
-0.002718871
-0.003550393
-0.005147933
-0.006455794
-0.006115333
-0.004502931
-0.002643688
-0.002171643
-0.002522737
-0.00254845
-0.002746541
-0.00354133
-0.002231857
-0.001752664
-0.002282247
-0.0008942285
0.0006325123
0.002669255
0.00380738
0.003906129
0.0031338
0.0007284526
0.001009788
0.001667508
0.003311571
0.003831624
0.003073929
0.001607275
0.0005265717
0.001427212
0.001363743
0.003024714
0.002759511
0.002539117
0.003726233
0.00607087
0.005529128
0.003808697
0.003347619
0.0009418521
-0.0003698647
-0.00195831
-0.001719357
-0.002747859
-0.00361854
-0.003556525
-0.00417017
-0.005013366
-0.008045209
-0.01001309
-0.01163517
-0.01392177
-0.01539764
-0.01447166
-0.0116345
-0.008740206
-0.005329017
-0.002767186
-0.001813566
-0.001208995
-0.00149551
-0.002010369
-0.001539018
-0.001665889
-0.002604395
-0.00234375
-0.001576229
-1.232859e-05
0.002763958
0.005115386
0.007415631
0.008121645
0.007547005
0.006291383
0.004131786
0.00215312
0.001584439
0.002000123
0.002972697
0.00381756
0.005387121
0.006710987
0.006548389
0.006077925
0.005836414
0.006007612
0.004895487
0.003877083
0.003592907
0.003476617
0.002989381
0.001884385
0.001126895
0.0001807498
-0.0007694101
3.534071e-05
0.0007016864
0.0002845612
2.292716e-05
-0.0001037101
-0.0002395516
0.0001369845
0.0003412434
-0.0001027442
0.000288977
0.0004699292
0.0001398103
-0.0006168558
-0.001270215
-0.0007404925
-3.276284e-05
0.0003992723
0.0008480485
0.001319155
0.0007885298
0.000228091
-0.0003889328
-0.001015947
-0.00166687
-0.00190435
-0.00145773
-0.0009067671
-0.0003473991
-0.0003005285
-4.107615e-05
-0.0001647558
-0.0001968305
-0.0002427736
-8.977089e-05
0.0002214543
0.0002087891
5.721224e-05
2.077131e-05
-5.172617e-05
-0.0005912125
-0.00108125
-0.001375375
-0.001184325
-0.001165589
-0.001326272
-0.001005403
-0.0006999298
-0.0006132234
-0.0005456003
-0.0004886601
-0.0001820696
0.0002341858
0.0005403553
0.0006482124
0.0004691947
0.0003883334
0.0004423973
0.0003565095
0.0002608146
0.0003163218
0.0003946875
0.0002543584
0.000144323
0.0001361986
3.618436e-05
-8.160002e-05
-0.0001752433
-0.0001354311
-8.143853e-05
-8.923368e-05
-9.034127e-05
-8.944754e-05
-0.0001039164
-0.0001967877
-0.0002631105
-0.0002407226
-0.0001485581
-0.0001028214
-7.453527e-05
-5.471205e-05
-5.238221e-05
-4.539266e-05
-3.783965e-05
-2.813516e-05
-1.900624e-05
3.416994e-06
4.987365e-05
0.0001094252
0.0001541254
0.0001758668
0.0001833481
0.0001732657
0.0001564675
0.0001532311
0.0001448513
0.0001531711
0.0001499085
0.0001508414
0.000146489
0.000141041
0.0001397025
0.0001344892
0.000130946
0.0001196972
0.0001106266
0.0001029931
9.771893e-05
9.347139e-05
8.964682e-05
8.582554e-05
8.055877e-05
7.392579e-05
6.710602e-05
6.087283e-05
5.464621e-05
4.846256e-05
4.204946e-05
3.560194e-05
2.914731e-05
2.251535e-05
1.597816e-05
9.411601e-06
2.754852e-06
-4.062693e-06
-1.10489e-05
-1.821902e-05
-2.558669e-05
-3.315581e-05
-4.093403e-05
-4.892911e-05
