0.0001766783
0.001648311
0.001799046
0.0001229614
-0.001045163
-0.002614146
-0.00220535
-0.000536855
-0.0003035001
-0.0004036862
-0.002153213
-0.003130602
-0.002255673
-0.001383807
-0.0002824426
-0.002528721
-0.004890263
-0.003108568
-0.0008087165
-0.0004325892
3.941385e-05
-0.0006534275
-0.002318334
-0.002928565
-0.002312762
-0.0003679039
0.001466787
0.001819414
0.000325833
-0.0004058143
0.0002007715
-0.00244951
-0.004913138
-0.0007416752
4.848036e-05
-0.0002191121
-0.0003928732
0.0007165171
0.002082939
-0.002812429
-0.002690426
0.002362248
0.001672311
-0.0005721153
0.0005963681
0.002724661
0.001000403
-0.002920946
-0.001866746
0.001917983
0.001576799
7.07652e-05
0.002633498
0.0006643597
-0.002886811
-0.001054436
-0.0003471322
-2.030197e-05
0.001991555
-0.0008099811
0.0003460691
0.001355226
-0.002829472
-0.001597984
-0.0004889098
-0.0002703103
-0.0005148055
0.003386984
0.00579548
-9.986099e-05
0.001961804
0.003046292
-0.003458034
-0.003873998
-0.002322397
0.002253489
0.002361757
-0.000383951
0.004499924
0.004036943
-0.0005896955
0.0007649288
0.001201536
-0.0001336144
-0.0006293221
0.001358652
0.001009789
-0.0003601128
-0.001210853
-0.00319789
-0.002964406
-0.004028381
0.007125185
0.01288191
0.001216002
-0.005077589
-0.001711798
0.002829013
-0.001246135
-0.004262543
0.00602183
0.004143703
-0.009509325
-0.005750971
0.008066602
0.001903375
-0.006394733
0.004855438
0.01097805
0.003019541
-0.003478349
0.00653142
0.006874629
-0.001812244
-0.002051498
-0.0004241727
0.001229651
-0.001734087
-0.002538506
0.004001054
0.002853871
-0.005257893
-0.006254159
-0.002119847
0.005258043
0.004452451
-0.003132083
-0.0103219
-0.01014529
-0.005360358
0.002352979
-0.002210427
-0.004596155
0.004909254
0.00220218
-0.004323796
-0.003581275
0.005015223
-0.0003929016
-0.003973209
-0.0006206003
0.001456986
-0.006417591
-0.01710332
-0.006817855
0.002001838
-0.004532552
-0.005656886
0.002226376
0.005018796
0.005063312
0.009522364
0.001707733
-0.01098252
-0.008189201
0.002248998
0.01169267
0.01275396
0.006169308
-0.00660473
-0.007205091
0.001160324
0.0116361
0.0106807
-0.003032875
-0.01208916
-0.005045783
0.005735868
-6.668541e-05
-0.009949264
-0.01072021
-0.00595155
0.00116716
0.01592769
0.004295686
-0.01459975
-0.01035958
0.003482846
0.01064221
-0.0002952882
-0.004172372
-0.0008554201
0.001893368
0.003862851
0.00192571
0.005516946
-0.007115964
-0.0127517
-0.002480555
0.002360082
-0.0008858646
-0.003438235
0.00734077
0.002048631
-0.003668873
-0.004125241
0.003443727
0.01136457
0.00948421
0.01359836
0.006769937
-0.005868436
-0.01156675
-0.006301114
0.01078834
0.008220331
0.001823217
0.002967959
-0.002506103
-0.004279629
0.006935501
0.01130538
-0.00267455
-0.007227672
-0.004026778
-0.007208047
-0.01839635
-0.01716207
0.0002656798
0.008717415
0.002781006
0.005747133
0.01103782
0.009608718
0.005811154
0.005988506
0.007878416
-0.006278338
-0.01234243
-0.005292417
-0.0007495818
0.00627795
0.007117118
-0.003832895
-0.01515422
-0.004638374
0.01654256
0.006033094
-0.007310977
-0.006801431
0.001522313
-0.001415787
-0.007052829
0.003235366
0.005289078
0.005018187
-0.003391307
0.002872896
0.009229899
-0.006129944
-0.008242049
-0.003861874
-0.01077312
-0.004139815
0.01649399
0.01249681
-0.001289323
-0.003494403
-0.003236205
0.007297451
0.01371743
0.005252516
-0.01054825
-0.01465576
-0.00282784
0.004523285
0.005000608
0.00155397
0.00385195
0.006626248
0.005584705
0.002654101
0.005919976
0.005953449
-7.291847e-05
-0.0007891868
-0.002184797
0.001443072
-0.001050099
-0.002572251
0.0004904758
0.005490162
-0.003049652
-0.0133398
0.002048518
0.02652706
0.02516184
-0.001494289
-0.006179645
-0.01362514
-0.01653267
0.007076706
0.00552267
-0.007845025
-0.009639822
-0.004808716
0.005361048
0.009255755
-0.00456594
-0.01141085
-0.006370745
-0.004803756
0.004413213
0.01084047
-0.003615785
-0.01067808
0.001317301
0.01036893
0.004038952
-0.001464849
0.0003233102
-0.003151749
0.01010627
0.01836322
0.01834591
0.001725013
-0.008988057
-0.007169424
-0.01073743
-0.002926333
-0.001086334
0.007738607
0.001761291
-0.01508822
-0.01344923
0.0001859596
0.006130335
0.005210093
-0.0002461066
0.001881378
-0.001853095
-0.008705726
-0.0007398114
-0.002262974
-0.008529153
-0.01306135
-0.0038256
0.007802031
0.007798587
-0.005564833
-0.002933649
0.007953399
0.001751352
-0.009337531
-0.01039677
-0.009275264
0.004581945
0.01646034
0.00573552
-0.003589876
0.008143634
0.02200791
0.007164268
-0.0007821475
0.01031278
0.0177102
0.00119166
-0.01930184
-0.01022044
0.007292257
0.006166481
0.005269172
0.005537708
0.001825169
-0.01141418
-0.001809626
0.02564287
0.02668348
-0.0005656234
-0.01766268
-0.001868834
0.0142769
0.01165055
0.00536747
0.006637487
-0.00553407
0.0004289408
0.01508948
0.005701464
-0.005303262
0.008822759
0.009570448
0.001259505
-0.002204411
-0.008753838
0.0009371629
0.001137052
0.00490081
-0.001727203
-0.01415189
0.002836134
0.01303809
-0.008323872
-0.000420002
0.007501196
-0.007235895
-0.005263357
0.00133895
0.01196923
-0.01598201
-0.02841293
-0.006109807
0.01737038
0.02165927
0.01445988
0.01002775
-0.01001855
-0.007159748
0.01832163
0.03620909
0.009773472
-0.01868482
-0.003339224
0.006507545
0.003140206
0.001847536
0.0007211184
0.002743432
-0.004396924
0.004510372
-0.01074818
-0.01401868
0.00482645
0.006634512
0.01852935
0.008535994
-0.003007767
-0.01522167
-0.01205093
-0.002600059
-0.003968331
-0.00354651
-0.0119273
-0.01297225
-0.004358834
0.008217279
0.01229984
-0.002109181
0.004656989
0.02014517
0.01768645
0.01620182
0.01090239
0.01665362
0.005180115
-0.002238899
0.02009548
0.01350062
-0.003034159
-0.01041852
0.004260739
0.000407609
-0.003704607
0.008530712
0.003600447
-0.01024157
-0.01827366
-0.01078646
0.009657791
0.02625256
0.006369063
-0.01830945
-0.01990335
0.003312227
0.009753892
0.005563073
-0.00122365
-0.002619678
-0.003656669
-0.001711185
-0.002859364
0.007899932
0.01224955
0.009128674
-0.002482679
-0.004003177
0.005958461
-0.000154083
-0.01398803
-0.02184173
0.005289564
0.02147727
0.01678965
-0.01033288
-0.02490838
-0.02956643
-0.03005676
-0.01752169
-0.003786087
0.0006511955
0.002829176
0.007711173
0.004978869
0.007221103
0.01631977
0.02284804
0.02334607
0.01674796
0.009832628
0.002181872
-0.001233845
-0.01010147
-0.009082224
-0.007401004
-0.006152266
-0.006805829
-0.02853973
-0.03255012
-0.02831177
-0.003613229
0.03236956
0.01367015
-0.02127479
-0.0006776785
0.03132099
0.05391424
0.02758625
-0.02181311
-0.04256578
-0.05756871
-0.06232267
-0.05293332
-0.01540319
-0.002948738
-0.01854939
-0.01237303
0.007799766
-0.0110659
-0.0301121
-0.005225886
0.03078446
0.02389155
0.01429463
0.02656345
-0.005772323
-0.04419138
-0.05444823
-0.04080547
-0.02693014
-0.01469293
-0.005720735
0.0003148785
0.0120676
-0.01234277
-0.00816559
0.01588629
0.0009119562
-0.009997679
-0.009863769
-0.0005620994
-0.02579864
-0.03180819
-0.003300934
0.02101922
0.03205593
0.01789558
-0.009625756
-0.01515997
-0.0006266902
0.007908986
0.03784019
0.04517532
0.02820082
0.01850503
0.004353881
-0.008914962
-0.0133302
-0.03023126
-0.03456183
-0.0114034
0.004990394
0.008005873
-0.01357594
-0.02582476
-0.00355167
-0.005383216
-0.02512188
0.002273665
0.04150019
0.05006348
0.0473721
0.03838528
0.02394656
0.02788723
0.007860959
0.0006540567
0.0280374
0.01814076
0.001801816
-0.009042387
-0.0001373463
0.00606572
0.001656711
0.003048447
-0.02887505
-0.04435513
-0.01791625
0.002510742
0.007977405
-0.005349428
-0.01471559
0.0146609
0.01577015
0.005885835
0.02078753
0.02467323
0.01929428
0.005718609
0.0185181
-0.000521689
-0.04366
-0.07259481
-0.08293092
-0.07475709
-0.07634873
-0.05212826
-0.01287603
0.02904554
0.06797239
0.05402552
0.01316187
0.006795651
0.02573258
0.03270695
0.03150194
0.05286649
0.03476112
0.0004652966
0.0005557206
0.004595592
0.01967798
0.002855814
-0.02144601
-0.02492147
-0.03002893
-0.02068195
-0.01579952
-0.02414137
-0.03847674
-0.04629226
-0.03102313
-0.01908837
-0.006525291
-0.009190801
-0.02592822
-0.02387112
-0.03673762
-0.0412391
-0.03020802
-0.01047428
0.01402898
0.03106177
0.04852093
0.04617985
0.0365876
0.04490758
0.04581115
0.03423197
0.02020479
0.009621149
0.0008979883
0.002401356
0.01404353
0.01731764
0.02536025
0.02820291
-0.01165571
-0.0479086
-0.05955808
-0.05899406
-0.01819614
0.009830356
0.01382465
-0.01326248
-0.03062492
-0.01055438
0.0007972107
-0.00180989
-0.001030583
0.03799567
0.06510834
0.06273484
0.04668827
0.02058042
-0.02477992
-0.06555739
-0.06304402
-0.07458522
-0.05924124
-0.01773833
-0.003309288
-0.01906917
-0.04102452
-0.01687994
-0.0147388
-0.03379528
-0.02500168
0.005819849
0.02909645
0.01940053
0.01445784
0.006845804
-0.0221444
-0.03988603
-0.05939022
-0.07179214
-0.03894379
0.01668831
0.05432558
0.04348532
-0.006186331
-0.07185361
-0.1168597
-0.1328418
-0.09356433
0.006889703
0.07848897
0.05128797
-0.008332683
-0.01844254
0.01785253
0.06726887
0.0718603
0.03447059
0.01970449
0.04137382
0.07335534
0.08476962
0.06739132
0.02359811
-0.003884286
0.01888669
0.0362323
0.0138785
-0.02421696
-0.02401854
0.002202129
0.01743332
0.003186528
-0.04885227
-0.1177394
-0.1517559
-0.1268193
-0.1012615
-0.0826735
-0.04964017
0.009686736
0.08456456
0.1300307
0.134246
0.1232082
0.1299001
0.1383872
0.1236795
0.07112576
-0.01171894
-0.09151587
-0.130217
-0.08535766
-0.01437102
0.001466265
-0.01426136
-0.03472075
-0.03079703
0.01026285
0.05242537
0.07413076
0.06014536
0.04565711
0.03493061
0.01148371
-0.001050197
0.006985222
0.007064649
-0.02018171
-0.01811632
0.01849545
0.006727614
-0.03738543
-0.06156563
-0.05984802
-0.04481634
-0.04261318
-0.05812844
-0.07548581
-0.08005136
-0.09386321
-0.1028096
-0.1027485
-0.0697667
-0.00100644
0.04770675
0.04208761
0.009681242
0.00604194
0.03279661
0.05286416
0.04637501
0.02235104
-0.004269834
-0.02889354
-0.0508173
-0.05799287
-0.02806696
0.04384829
0.08687205
0.1032575
0.12597
0.1403654
0.1470272
0.102994
0.02631474
-0.02821525
-0.0685652
-0.08461875
-0.04277403
0.02963704
0.0658126
0.06447363
0.0669831
0.06026159
0.02298904
-0.01522495
-0.03278293
-0.02927788
0.005240262
0.0441332
0.060018
0.07596197
0.09345432
0.1016004
0.08073057
0.04218107
0.0009989603
-0.05677139
-0.1014041
-0.1184255
-0.1263974
-0.1257441
-0.1141943
-0.1188062
-0.1356735
-0.147959
-0.1451484
-0.1088267
-0.0464522
0.01149858
0.03673184
0.03522887
0.02455611
0.01690052
0.02625548
0.04514132
0.04747258
0.04883687
0.05072137
0.01959053
0.004617517
0.02031488
0.01903947
0.01727036
0.01213732
0.02964522
0.0651959
0.08445312
0.09592979
0.1064507
0.1212016
0.1308392
0.1191251
0.07169483
0.02702054
0.005150392
0.02240031
0.07541653
0.1152095
0.1394025
0.1373052
0.1178963
0.08666772
0.04754329
0.01683185
-0.02491804
-0.05258681
-0.05811647
-0.03924876
0.00512611
0.03961514
0.06712024
0.07982107
0.0703522
0.05741738
0.06211633
0.06293315
0.03372629
-0.01728714
-0.06584033
-0.08310401
-0.06268376
-0.03069976
-0.01710535
-0.0145096
-0.01330204
-0.004358818
0.00577578
0.0229749
0.04944991
0.06582183
0.04842053
0.006126136
-0.01485433
-0.02562154
-0.02584091
-0.02270754
-0.03856249
-0.05495905
-0.06512341
-0.05956039
-0.05410545
-0.06558866
-0.07632521
-0.08159966
-0.0732928
-0.06824994
-0.08284004
-0.08315218
-0.05226045
-0.01602801
-0.01183172
-0.03867403
-0.05979209
-0.04535907
0.00120905
0.036446
0.04129103
0.02841255
0.03290876
0.06185335
0.08638236
0.1032297
0.1029718
0.0818262
0.05117832
0.02705948
0.02392918
0.04862244
0.06558921
0.06717948
0.07553846
0.06032323
0.04300883
0.03187461
0.02451134
0.02104141
0.01300496
0.02432402
0.02629478
0.01690886
0.01289326
0.01618391
0.0006616925
-0.0346985
-0.05052774
-0.04527561
-0.02517024
-0.001359208
0.00138373
-0.02058691
-0.04981383
-0.07028607
-0.08896007
-0.104164
-0.08843953
-0.07046389
-0.0741561
-0.07128462
-0.046986
-0.02996914
-0.03693759
-0.05392958
-0.07255968
-0.07864888
-0.07386896
-0.05747226
-0.01783689
0.01692798
0.04480886
0.06742859
0.06496143
0.05142624
0.03172516
-0.003614559
-0.04701738
-0.07166544
-0.06421311
-0.04076818
-0.01613903
-0.02462214
-0.04642338
-0.04860698
-0.05097414
-0.03523532
-0.01479428
-0.01294071
-0.01871979
-0.03406442
-0.05885426
-0.08012407
-0.07410074
-0.03954289
-0.008877361
-0.001502512
-0.02314667
-0.04814254
-0.05982741
-0.06266173
-0.05649761
-0.04000498
-0.02037687
0.005012198
0.03348779
0.04641757
0.01395939
-0.01520523
0.002158492
0.01355113
-0.004587276
-0.02159347
-0.006251404
0.008241011
0.009333689
0.008563843
-0.00462144
-0.02060561
-0.005109508
0.02284384
0.03926304
0.02925097
0.00155925
3.1544e-05
0.002363517
-0.02169497
-0.06013341
-0.0801221
-0.07158139
-0.05286211
-0.04678878
-0.05163556
-0.0430051
-0.01448667
0.02245491
0.04880584
0.05233833
0.04875022
0.05125456
0.03318958
0.01252462
0.004201655
-0.001924229
-0.003437675
-0.01572232
-0.04541735
-0.07216764
-0.07288549
-0.07035362
-0.07002904
-0.05842836
-0.03798122
-0.009414882
0.01568958
0.02248401
0.008545924
-0.006723265
-0.003653876
-0.00260307
-0.01486123
-0.01959076
-0.01656117
-0.01132531
-0.007883631
0.008337622
0.03187329
0.04426954
0.05454214
0.05225344
0.03385895
0.02294002
0.02928765
0.04195623
0.03807733
0.0306264
0.03482692
0.04340324
0.04149498
0.03768339
0.03131671
0.01766517
0.02419841
0.03420475
0.03972921
0.04129505
0.03807095
0.03940627
0.04481952
0.04774603
0.04729734
0.04777073
0.03021358
0.009153749
0.0193977
0.03237017
0.02085752
-0.00523093
-0.006459943
0.01992652
0.03241343
0.02971153
0.0172319
0.001347504
-0.01112602
-0.01543036
-0.01541297
-0.01341066
0.006471228
0.01991895
0.01295646
0.009729211
0.01563198
-0.003004422
-0.02205189
-0.01430701
-0.003058445
-0.003437883
-0.009043806
0.008722549
0.02039133
0.0118019
0.003264476
0.00142335
0.007707538
0.01009838
0.02117146
0.02119079
0.01398954
0.02882232
0.02193624
-0.00376987
-0.02028476
-0.02321734
-0.01402009
-0.01191489
-0.002365753
0.005082185
-0.004631381
-0.02121567
-0.01167267
0.02362124
0.03873038
0.01145442
-0.03777398
-0.05847095
-0.04325474
-0.0200193
-0.01740214
-0.01017765
-0.0004480494
-0.01501281
5.443942e-05
0.04333896
0.04312864
0.009084916
-0.01868582
0.002213764
0.03701695
0.02189319
0.03205623
0.0614075
0.05740477
0.04472693
0.05469105
0.03023933
-0.01191958
-0.002028922
-0.02604409
-0.07278079
-0.04712912
-0.009681142
-0.02238148
-0.0199695
0.02419004
0.01340015
-0.02155559
0.003294311
0.007412713
-0.02011133
-0.02587164
-0.03560792
-0.04488113
-0.04527728
-0.05327346
-0.05793833
-0.06039082
-0.04236173
-0.01793009
-0.02640163
-0.04326777
-0.05442498
-0.05141848
-0.03675135
-0.02818178
-0.01291592
-0.01084478
-0.01768744
-0.007447145
0.02421926
0.04178927
0.02862258
0.01590265
0.01447411
0.01844953
0.006326269
-0.01409265
-0.009295144
0.0170672
0.03905578
0.0345937
0.03014488
0.05184682
0.06640771
0.05730767
0.01972717
-0.007634962
-0.00124429
-0.0008461254
-0.01261963
-0.01841492
-0.01975996
-0.01682713
-0.004899943
0.008311414
0.01654924
0.004018842
-0.008514624
-0.008499041
-0.01334274
-0.02019381
-0.02161339
-0.01536462
-0.008779259
0.002426698
0.02380817
0.04244684
0.03865571
0.02697284
0.01761963
0.01764328
0.03741106
0.04933911
0.04467889
0.04805218
0.04859803
0.01876725
0.003690758
0.004772079
-0.006568169
-0.002050485
0.0007066706
-0.01194532
-0.02791028
-0.0216056
0.00482165
0.006980023
-0.008384192
-0.02442161
-0.03167072
-0.03322314
-0.03544775
-0.03265397
-0.03089651
-0.02183893
-0.003528932
-0.0005811627
-0.001924542
0.002963251
0.0004519547
-0.00640455
-0.001607563
0.01311402
0.02030085
0.02102801
0.0211707
0.02518326
0.03398574
0.03698645
0.02753499
0.01732872
0.01727756
0.015931
0.00266062
-0.007450823
-0.009002436
-0.002161495
-0.001957704
-0.01076971
-0.005300687
0.005287698
0.01255699
0.01740073
0.01328578
0.01020512
0.01831995
0.03987839
0.05313708
0.05274816
0.04199909
0.02265855
0.009526742
-0.006827254
-0.01828118
-0.01159952
0.001766208
0.004931918
-5.932003e-05
-0.001533607
-0.01028764
-0.0297221
-0.03393614
-0.02426288
-0.0245999
-0.04377328
-0.06755605
-0.08171716
-0.07934713
-0.06571123
-0.06637777
-0.07818986
-0.0790094
-0.06108953
-0.03792992
-0.02823025
-0.03678755
-0.04482772
-0.04766081
-0.03398112
-0.02272598
-0.02327633
-0.02936018
-0.03695773
-0.0338565
-0.03052171
-0.02462161
-0.007440329
0.01440337
0.03140715
0.03212459
0.009879784
-0.01434486
-0.01094688
0.004581949
0.01053603
0.0177855
0.02169141
0.03043006
0.03396773
0.03436786
0.03365926
0.02373801
0.01103011
-0.005340627
-0.006354244
0.01466413
0.03289484
0.04367954
0.04592988
0.04167263
0.03770198
0.03375887
0.04514125
0.05986005
0.05628513
0.04562223
0.04641903
0.04065823
0.03963023
0.03480068
0.01778416
0.01142765
0.01256713
0.02553247
0.04148742
0.05065834
0.04830939
0.03866436
0.03056768
0.03317998
0.02624915
0.00826356
-0.007097582
-0.02979559
-0.03693759
-0.01030739
0.01283032
0.01011204
-0.002400277
-0.01087341
-0.0119036
-0.01189952
-0.009294455
-0.01156091
-0.01154359
-0.0006449212
0.01176334
0.02216934
0.02458363
-1.065921e-05
-0.03195099
-0.03692764
-0.0347235
-0.03402794
-0.03602416
-0.04232785
-0.04676597
-0.05024529
-0.05005466
-0.05004254
-0.0453884
-0.03057914
-0.02306799
-0.02112504
-0.0189944
-0.01923017
-0.009979941
-0.0066294
-0.01582895
-0.01796908
-0.01102101
0.003084384
0.0215258
0.03238248
0.02937941
0.0168638
-0.0005161852
-0.007063778
0.0005370431
0.01169664
0.01408219
-0.001054842
-0.0141019
-0.02992132
-0.04189637
-0.01737072
0.00155716
-0.000966582
-0.01898209
-0.02100808
0.001519366
0.003415267
-0.008559819
-0.03568292
-0.04204088
-0.009513376
0.0287455
0.03927976
0.02721693
0.02229104
0.03854952
0.06364222
0.06750055
0.04960841
0.01517389
-0.03663224
-0.09198391
-0.1120874
-0.08824017
-0.03474254
0.05402056
0.1087717
0.1097067
0.08461336
0.06477196
0.05418399
0.01478204
-0.04045848
-0.03339128
0.02067752
0.02914619
0.01244229
-0.0160569
-0.0271753
-0.02509183
-4.408863e-05
0.005553271
-0.01995427
-0.01845936
-0.02926972
-0.05013015
-0.04192262
-0.0004855374
0.02119619
0.01761965
0.01827917
0.00517481
0.01534583
0.05153296
0.06865935
0.02760597
-0.04826002
-0.06982529
-0.04888716
0.000640539
0.0344378
0.02432712
-0.004117029
0.003643712
0.03449216
0.05762429
0.06853683
0.05822113
0.0331399
0.01794554
0.01814399
0.01379836
0.007855387
-0.01417604
-0.0256831
-0.02454319
-0.02003932
-0.01480104
-0.002450311
-0.001858137
-0.0106367
-0.0001556301
0.01187278
0.0255638
0.03032267
0.01996719
-0.005236438
-0.02558894
-0.03429916
-0.04035229
-0.04895031
-0.04323876
-0.01538299
0.01632837
0.02071801
0.004804553
0.001969537
-0.004960778
0.008212089
0.03454398
0.03712516
0.009761199
-0.02203161
-0.04547979
-0.05755293
-0.0418066
-0.01639372
-0.004493798
-0.01140777
-0.009512008
0.0032029
-1.254897e-05
-0.0139992
-0.01736152
-0.009270262
-0.01393104
-0.02079196
-0.01912159
-0.0188527
-0.01776781
-0.005877037
0.01491528
0.03033424
0.03119882
0.02033749
0.008646904
0.004592038
0.01130532
0.01096326
0.009508382
0.01517005
0.01418235
0.00473272
0.00526176
0.01520847
0.01761534
0.01490385
0.01213933
0.01476041
0.02706332
0.04269451
0.04304815
0.03889135
0.03000175
0.007367666
-0.01425458
-0.02330838
-0.013381
0.004216791
0.005548645
-0.009088615
-0.02209795
-0.0220727
-0.008644645
-0.005329884
-0.01562395
-0.01509379
-0.004769567
-0.0002012026
-0.005771633
-0.02267323
-0.03473289
-0.01872929
0.007758909
0.00358999
-0.01460086
-0.0288035
-0.01850167
-0.0004182395
-0.005230745
-0.01684358
-0.02697538
-0.030826
-0.03091588
-0.01706337
0.002016646
0.01728187
0.01417282
-0.003339642
-0.0203268
-0.01709142
-0.006068342
-0.02036369
-0.03921027
-0.04059649
-0.01923771
0.0169029
0.02952029
0.01134083
0.01052789
0.014817
0.01866243
0.02599218
0.02690001
0.01957137
0.01848104
0.03123315
0.03490522
0.03071004
0.02997778
0.0252614
0.006399671
-0.005758609
-0.01622776
-0.02356346
-0.01556039
-0.009201553
-0.005504906
-0.0003149686
-0.003514522
-0.005881744
0.01001516
0.03237378
0.03670391
0.0243601
0.01170215
-0.01279085
-0.0247103
-0.01332682
-0.001709753
0.001612686
-0.0001730231
-0.004033402
0.0002080905
0.001866954
-0.007598292
-0.002371447
0.01199563
0.01273245
-0.001302344
0.002113026
0.01690549
0.01427534
0.003806505
0.004700481
0.006933729
-0.01037111
-0.02631832
-0.02878315
-0.02462308
-0.02768868
-0.04018007
-0.04976344
-0.0440315
-0.0206974
-0.0007537736
0.003860288
-0.004436799
-0.004077133
0.001781366
0.006947297
0.01070258
-0.001567342
-0.01945337
-0.02890195
-0.03461527
-0.03760212
-0.03101422
-0.009552667
0.0006899225
0.004068944
0.0126714
0.01178175
0.009643631
0.009567967
0.008352976
0.01291936
0.01937377
0.01034155
-0.003800867
0.0009267319
0.01019232
0.006651832
0.001067272
-0.002668012
-0.007448782
-0.01125034
-0.008062841
-0.003797189
-0.004211282
0.003464259
0.01834
0.02473138
0.01377667
0.008426869
0.009623447
0.009514434
0.008174299
0.009593279
0.01659576
0.01544436
0.01600659
0.01734301
0.01524714
0.01286365
0.01820973
0.02779802
0.03481999
0.03097388
0.02692175
0.02790231
0.02333103
0.01586806
0.01351531
0.0152028
0.007135019
-0.006201045
-0.01084363
-0.009195866
-0.01078148
-0.006656102
-0.003644546
-0.007941275
-0.003484347
0.006274556
0.006876936
0.002847513
0.001672064
-0.001889147
-0.002998262
0.002055478
0.001856235
-0.01030657
-0.01775084
-0.009577875
-0.002761493
-0.0002841736
0.002754162
-0.0006865258
-0.003154117
0.0002494281
0.00161911
-0.005200771
-0.009002457
-0.002117585
0.006380944
0.003850229
-0.0006857893
-0.0001707506
0.001048105
0.001623357
0.002586226
0.008896973
0.01219873
0.005734014
-0.003825369
-0.007964455
-0.009045566
-0.01200754
-0.01761639
-0.02260712
-0.02274261
-0.02180098
-0.02624187
-0.02468106
-0.01976239
-0.01081369
-0.005730771
-0.006619934
-0.0119369
-0.01151839
0.004155258
0.01227174
0.009802685
0.007239804
0.00262266
-0.004357807
-0.006576897
-0.00992001
-0.008828147
-0.006835605
-0.01367013
-0.02407259
-0.02699538
-0.0206229
-0.02158011
-0.02403262
-0.02267543
-0.02623971
-0.02704794
-0.02337121
-0.02233116
-0.0240247
-0.02474309
-0.02063687
-0.01693864
-0.01624225
-0.01422698
-0.01591532
-0.01962935
-0.01662158
-0.008721864
0.0009261476
0.009504196
0.01434396
0.0164583
0.01850023
0.01925189
0.01977916
0.02172323
0.01691389
0.009980928
0.005098184
0.003219355
0.007421783
0.01188535
0.008852947
0.007218982
0.008280894
0.01061986
0.02308948
0.02258064
0.007738781
0.009486212
0.01875106
0.01956013
0.0201856
0.02064789
0.01710772
0.01636746
0.01925128
0.01630174
0.007163871
0.002136617
0.005368318
0.004523092
0.005806624
0.009590188
0.004159089
-0.006946256
-0.01021799
-0.001534283
0.003901755
0.003995048
0.005744836
0.008730878
0.004336213
0.001920363
0.005213466
0.009045145
0.006903716
0.0007557415
-0.002652499
-0.008526068
-0.0107827
-0.01331778
-0.01679329
-0.01421304
-0.01432048
-0.01609664
-0.01444149
-0.01272921
-0.01116176
-0.007889878
0.001426537
0.004580125
-0.0001202751
-0.0005009634
0.00740688
0.008409337
0.001555764
-0.005850638
-0.009713547
-0.003267305
0.001633648
-0.001122528
-0.002368073
0.0006489736
0.00228189
0.004876678
0.002358216
-0.0003764757
-0.0004662972
-0.0001022086
0.00149303
-0.000855042
0.000833036
0.005372023
0.002271219
0.002221245
0.00741816
0.002487505
-0.005916242
-0.007080022
-0.001005873
0.001190245
6.831089e-05
0.001803405
0.004290246
0.008929295
0.007307592
0.008914195
0.009702767
0.01146137
0.01519265
0.01284168
0.01290913
0.01479832
0.01369075
0.004868923
0.002897424
0.00856063
0.01451965
0.0183642
0.01732296
0.01513117
0.01283636
0.01089855
0.009874669
0.00320305
-0.006773364
-0.01282482
-0.01004918
-0.008329247
-0.00955405
-0.003352228
-0.0002348852
-0.00158514
-0.007318333
-0.01027406
-0.005412515
-0.005679523
-0.009435952
-0.01048938
-0.01025149
-0.01067965
-0.00935954
-0.0110015
-0.01876755
-0.01877854
-0.01605857
-0.01712849
-0.01784665
-0.01386684
-0.01356994
-0.01701667
-0.01615057
-0.008799315
0.0004583744
0.003998306
0.003257553
0.003453789
0.007269256
0.002028545
-0.006760023
-0.00954754
-0.009614561
-0.008591895
-0.007013848
-0.005244989
-0.003532465
-0.001453489
0.002785351
0.002590521
-0.0003706435
0.004146523
0.008776934
0.007671727
0.003999638
-9.704482e-05
0.001638371
0.006666657
0.01041471
0.01107291
0.009416911
0.008920963
0.01061073
0.01327062
0.01083387
0.008843271
0.008252038
0.01320335
0.01932883
0.01760756
0.01283951
0.01105704
0.01196959
0.00977233
0.009082192
0.009607106
0.008548344
0.003632993
0.002378825
0.007731839
0.01081056
0.01149547
0.007139414
0.002296072
0.001350893
-7.663151e-05
-0.001292005
-0.00252535
-0.002264737
-0.003726277
-0.005815066
-0.003445881
-0.002284822
-0.003860835
-0.007542017
-0.009339208
-0.007413654
-0.004809998
-0.002297944
-0.00257292
-0.002921083
-0.001680893
-0.003784124
-0.005200443
-0.005058942
-0.003933378
-0.002306968
-0.001986043
-0.001616625
-0.002270432
-0.003403209
-0.005546785
-0.005634412
-0.005329227
-0.005514795
-0.005388713
-0.006192166
-0.006092092
-0.006227859
-0.005889308
-0.004623116
-0.003086322
-0.001515394
0.0007856978
0.003117304
0.003963102
0.003049253
0.0006646418
0.0008595971
0.002771542
0.002773734
0.002178843
0.003083342
0.004484603
0.003822834
0.002887163
0.001537446
0.00102422
0.002258546
0.003483614
0.003968343
0.003177947
0.001952157
0.001019966
0.001394357
0.002204175
0.001539479
0.0009966424
0.00121765
0.0009979476
0.0003081671
-0.0001681247
-0.0008185895
-0.001538149
-0.001262007
-0.001032842
-0.0007392474
-0.0003164221
-0.0002760753
-0.0006931462
-0.0007449535
-0.0001989089
0.0005400202
0.0005624715
-0.0002949317
-0.0004480053
-0.0005535155
-0.0005551777
-0.000408516
-0.000398864
-0.0005511485
-0.0006436584
-0.0003325648
-3.141064e-05
8.515054e-05
-9.252822e-05
-0.0003636655
-0.0004134433
-0.0003769142
-0.0003318534
-0.0002650966
-0.0004325557
-0.0006003433
-0.000545134
-0.000411937
-0.0003693991
-0.000383158
-0.0003555791
-0.0002851837
-0.0003121585
-0.0003615303
-0.0003242364
-0.0002724593
-0.0002233181
-0.0002148323
-0.00025043
-0.0003037846
-0.000315285
-0.0003494934
-0.0004174637
-0.0004298073
-0.0004376296
-0.0004563317
-0.0004938815
-0.0005258344
-0.0005132331
-0.0004984625
-0.0005003752
-0.0005247479
-0.0005527613
-0.0005479862
-0.0005339688
-0.0005304747
-0.0005328597
-0.0005349798
-0.0005260721
-0.0005113424
-0.0004952975
-0.0004866274
-0.0004845728
-0.0004747379
-0.0004620367
-0.0004517895
-0.0004405902
-0.0004282222
-0.0004148869
-0.0004004809
-0.0003870391
-0.0003742626
-0.0003608649
-0.00034673
-0.000332009
-0.0003168528
-0.0003010275
-0.0002849369
-0.0002687761
-0.0002523029
-0.0002355496
-0.0002185966
-0.0002015393
-0.0001844038
-0.0001671808
-0.0001498697
-0.0001324491
-0.0001148955
-9.718548e-05
