-0.0002716412
-0.0002718766
-0.0002720873
-0.0002722817
-0.0002724612
-0.000272621
-0.0002727709
-0.0002729081
-0.0002730338
-0.0002731485
-0.0002732473
-0.0002733209
-0.000273377
-0.0002734262
-0.000273492
-0.0002736003
-0.0002737051
-0.0002737577
-0.0002737479
-0.0002736987
-0.0002736525
-0.0002737265
-0.0002740075
-0.0002744091
-0.0002749964
-0.0002755651
-0.0002756271
-0.0002747487
-0.0002728459
-0.0002704683
-0.0002684079
-0.0002671325
-0.0002666044
-0.0002664291
-0.0002661664
-0.0002657472
-0.0002669832
-0.00027223
-0.0002818648
-0.0002942089
-0.0003060458
-0.0003147936
-0.0003196349
-0.0003189456
-0.0003126644
-0.0003040371
-0.0002952273
-0.0002840972
-0.0002670486
-0.0002462674
-0.0002278252
-0.0002164222
-0.0002128367
-0.0002168585
-0.0002241729
-0.0002232039
-0.0002105018
-0.0001951011
-0.0001817195
-0.0001672156
-0.0001450187
-0.0001071314
-5.334785e-05
1.011898e-05
7.152551e-05
0.0001107206
0.0001078755
5.26235e-05
-4.013513e-05
-0.0001410356
-0.0002306884
-0.000299313
-0.0003420535
-0.000361726
-0.0003674911
-0.0003671141
-0.0003557739
-0.0003288484
-0.0002924731
-0.0002503992
-0.0002142103
-0.0001904642
-0.0001835162
-0.0001967191
-0.0002240161
-0.0002652427
-0.0003183215
-0.000369107
-0.0004011596
-0.0003954673
-0.0003475474
-0.000266282
-0.0001711957
-9.605282e-05
-9.150408e-05
-0.0001745287
-0.0002978627
-0.0003865779
-0.0004094587
-0.0003762545
-0.0003340378
-0.0003320586
-0.0003948035
-0.0004975976
-0.0005717891
-0.0005741325
-0.0005186526
-0.0004498226
-0.0003994793
-0.0003571876
-0.0003129378
-0.0002932552
-0.0003173167
-0.0003708986
-0.0004241396
-0.0004403374
-0.0003635833
-0.0001927301
2.040219e-06
0.0001435522
0.0001758973
3.581435e-05
-0.0002596918
-0.0006151115
-0.0009249043
-0.001143696
-0.001285599
-0.001404929
-0.001536281
-0.001659894
-0.001715534
-0.001678193
-0.001570825
-0.001423552
-0.001281007
-0.001187054
-0.001172227
-0.001253328
-0.0013974
-0.001539408
-0.001629994
-0.001659071
-0.00163246
-0.001544877
-0.001404957
-0.001227102
-0.001050583
-0.000905113
-0.0007723617
-0.0006242959
-0.0004374408
-0.0002347082
-6.966787e-05
2.115785e-05
4.079589e-05
3.932828e-05
9.329436e-05
0.0002212682
0.0003958765
0.0006023812
0.000828238
0.00107394
0.001331974
0.001598703
0.001816393
0.001863874
0.001687889
0.001324445
0.0008081342
0.0002318184
-0.0002514951
-0.0005643596
-0.0007553162
-0.0009491929
-0.001279649
-0.001714447
-0.002111106
-0.002351649
-0.002381714
-0.002210262
-0.001915895
-0.001585027
-0.001312968
-0.001125363
-0.0009636021
-0.0008007681
-0.0006572323
-0.0005637523
-0.0005654044
-0.0007019952
-0.0009240441
-0.001132
-0.001249859
-0.001190302
-0.000872783
-0.0003588359
0.0002189176
0.00074363
0.001167965
0.001519801
0.001891961
0.002267063
0.002460409
0.002308294
0.001858706
0.001389789
0.001128171
0.001076997
0.00118069
0.001347177
0.001481959
0.001533584
0.00147136
0.001393582
0.001435134
0.001610412
0.001835528
0.002012301
0.002092119
0.00208085
0.001958801
0.001659178
0.001195051
0.000657665
0.0001403966
-0.0003141194
-0.0007198501
-0.001111715
-0.001525355
-0.001982321
-0.002450446
-0.00282176
-0.00293512
-0.002660158
-0.002014527
-0.001211806
-0.000491875
-3.499541e-05
5.628365e-05
-0.0001932174
-0.0006534288
-0.001110167
-0.001399374
-0.001588391
-0.001859378
-0.00216726
-0.002391382
-0.002474217
-0.002445646
-0.0023752
-0.002326624
-0.002324694
-0.002362838
-0.002414801
-0.002411303
-0.002246895
-0.001935504
-0.001607295
-0.00138906
-0.001324279
-0.001371258
-0.001429329
-0.001349302
-0.00109644
-0.0008499057
-0.000717268
-0.0006349516
-0.0004522238
-0.0001020153
0.0003150838
0.0006608518
0.0009300173
0.001193551
0.001381905
0.001370321
0.001172581
0.0008486364
0.0003585612
-0.0003027431
-0.0009697713
-0.001438379
-0.00162504
-0.001592752
-0.001476725
-0.001392946
-0.001389615
-0.001496543
-0.001813856
-0.00239558
-0.003096972
-0.003641512
-0.003767943
-0.003435272
-0.002711085
-0.001601139
-0.0002466151
0.0009125078
0.001494287
0.001467426
0.00100593
0.0003432851
-0.0004299859
-0.001172257
-0.001630049
-0.00162212
-0.001085403
-0.0001974961
0.0006692757
0.001209887
0.001348871
0.001139479
0.0005299039
-0.0005703897
-0.001982668
-0.003269083
-0.004064304
-0.004242813
-0.003875353
-0.003201931
-0.00251202
-0.002077891
-0.001894989
-0.001866062
-0.002005852
-0.002256905
-0.002376276
-0.002254787
-0.002108661
-0.002158149
-0.00242917
-0.002898351
-0.003479356
-0.003995932
-0.004266288
-0.004058168
-0.00343248
-0.002689919
-0.001947973
-0.001148213
-0.0002808718
0.0005879748
0.001393723
0.002095683
0.002733586
0.003276418
0.00365198
0.003829176
0.00384251
0.003778023
0.003727031
0.003729335
0.003729987
0.003568875
0.003200809
0.002763427
0.002432228
0.002273356
0.002142948
0.001889261
0.001536461
0.001185768
0.0007411436
2.7961e-05
-0.0009323186
-0.001964617
-0.002883276
-0.003538937
-0.003766461
-0.003605815
-0.003192958
-0.002555025
-0.001671297
-0.0005466001
0.000711838
0.001837604
0.002627984
0.003147453
0.003530675
0.003792584
0.003794393
0.003502339
0.003087502
0.002763417
0.002636958
0.002661573
0.002622201
0.002358166
0.002025128
0.001809449
0.001691161
0.001706658
0.002031792
0.002801803
0.00374217
0.004151106
0.003735512
0.002818582
0.001718677
0.000779984
0.0002424824
-0.0001531589
-0.0007378719
-0.00144538
-0.002155625
-0.002927822
-0.003845929
-0.004792271
-0.005413975
-0.005487041
-0.005100657
-0.004349328
-0.00334506
-0.002379928
-0.001742667
-0.001528277
-0.001619145
-0.001806282
-0.001925641
-0.001928927
-0.001867872
-0.001880411
-0.002126247
-0.002577126
-0.002991329
-0.003060114
-0.002731439
-0.002151687
-0.001337626
-0.0003814346
0.0004644719
0.0009819277
0.001084508
0.0006292716
-0.0004281014
-0.001674147
-0.002632008
-0.003017381
-0.002819914
-0.002326072
-0.001885064
-0.001657066
-0.001499267
-0.001252082
-0.0008922339
-0.0003567758
0.0003877546
0.001115576
0.001660605
0.002003914
0.002055796
0.00155206
0.0004479845
-0.000870112
-0.001829319
-0.001881401
-0.0008428015
0.0009294685
0.003065338
0.005149834
0.006683433
0.007528187
0.007832252
0.007854136
0.007821283
0.007848817
0.007920976
0.007863908
0.007448852
0.006783793
0.006347201
0.006312062
0.006377324
0.00634883
0.006251709
0.006041261
0.005686197
0.00528902
0.004956501
0.004617205
0.00417333
0.00360414
0.003119221
0.00289553
0.002749892
0.002356678
0.001672056
0.0009358232
0.0004143578
0.0001578114
2.257793e-05
-6.367405e-05
-0.0001476564
-0.000228729
-0.0004055098
-0.0006870614
-0.0009799933
-0.001263789
-0.001541432
-0.001572706
-0.001168231
-0.0003697234
0.0006895443
0.001687526
0.002234897
0.002242049
0.001899993
0.001391986
0.0008225199
0.0001865705
-0.000587046
-0.001322996
-0.001765046
-0.001951252
-0.001957273
-0.001775022
-0.001319802
-0.0005374174
0.0003564021
0.0009530652
0.001149415
0.001038871
0.0006073355
6.267589e-05
-0.0003138244
-0.0004081144
-0.0002308166
0.0002520272
0.001034856
0.001982063
0.002933181
0.003598946
0.003637559
0.003001227
0.002057977
0.001274596
0.000905562
0.0009234729
0.001143599
0.001468731
0.001866937
0.00226732
0.002671246
0.002971633
0.003034007
0.002885512
0.002660189
0.002481865
0.002409194
0.002499277
0.002826592
0.00330351
0.003820824
0.00445253
0.005238024
0.005893299
0.005962909
0.005207428
0.003762407
0.002021486
0.0004860862
-0.0005034356
-0.0009857945
-0.001079124
-0.000861259
-0.0003923558
0.0001695226
0.0006214169
0.0008470561
0.0009361171
0.001028788
0.001064159
0.001005743
0.0009744086
0.001021313
0.001037808
0.0009358033
0.0006082752
0.0001156962
-0.0001772392
7.756309e-05
0.0008766215
0.001899162
0.002575562
0.00249576
0.001782752
0.0009162548
0.0003207309
3.851215e-05
-0.000245837
-0.0007783897
-0.001479533
-0.002121955
-0.002636824
-0.003062801
-0.003394697
-0.003532089
-0.003255758
-0.002676859
-0.002081093
-0.001568702
-0.001167809
-0.000983499
-0.00114153
-0.001555609
-0.001974063
-0.002098802
-0.001806424
-0.001388942
-0.00123153
-0.00142754
-0.001799588
-0.002072388
-0.001988017
-0.001536979
-0.0009648351
-0.0005998102
-0.0006893293
-0.001173473
-0.001832197
-0.002517932
-0.003002433
-0.003140847
-0.003088116
-0.002938842
-0.002680421
-0.002369666
-0.002088132
-0.001784127
-0.001367789
-0.0007667481
-4.808277e-05
0.0005853248
0.0009760752
0.001098266
0.001033866
0.0009100697
0.0008276428
0.0008214719
0.0008720931
0.001009833
0.001241419
0.001389534
0.001433534
0.001541325
0.001687032
0.00178535
0.00189028
0.002047235
0.002305904
0.002509761
0.002357878
0.001851838
0.001252632
0.0008287636
0.0006887597
0.0007905775
0.001108169
0.001616888
0.002289961
0.00300685
0.003574826
0.003875618
0.003927638
0.003805213
0.003493558
0.002978575
0.00229188
0.001585188
0.0009314877
0.00016213
-0.0007287332
-0.001440692
-0.001550467
-0.0009425117
2.95254e-05
0.0008660222
0.001271015
0.001334097
0.001303285
0.00123934
0.001153239
0.001069419
0.001011355
0.0009865136
0.0009922646
0.0009905056
0.0008364443
0.0004800568
0.000174916
0.0001766253
0.0004922244
0.00103922
0.001640267
0.002004231
0.002065431
0.001866696
0.001512157
0.00117139
0.0009715013
0.0009351957
0.000999965
0.001079297
0.001113921
0.001036606
0.0007488656
0.0003001936
-6.27969e-05
-6.155469e-05
0.0002998901
0.0007840156
0.001146794
0.001286869
0.001255507
0.001346427
0.001907765
0.002949189
0.004171377
0.005041958
0.005090563
0.004228289
0.002842232
0.001541817
0.0006275607
-5.099518e-05
-0.0008274595
-0.001906469
-0.003149693
-0.004199895
-0.004792147
-0.004877116
-0.004516919
-0.003959711
-0.003626014
-0.003732493
-0.004147512
-0.004526239
-0.004466605
-0.003804281
-0.002804013
-0.001924187
-0.001473034
-0.001455615
-0.001667057
-0.001872045
-0.001878963
-0.001499502
-0.0006312601
0.0006583326
0.002110408
0.003220987
0.003461134
0.002916307
0.00213766
0.001428579
0.0008921243
0.0006003613
0.0003326624
-0.0001620489
-0.0008469946
-0.001651011
-0.002621319
-0.003531819
-0.004080296
-0.004213639
-0.003893602
-0.003180764
-0.002363334
-0.001755526
-0.001413419
-0.001158138
-0.0008804845
-0.0005858374
-0.0002427964
0.0002086454
0.000783973
0.001357069
0.0017831
0.00217397
0.002573463
0.002810222
0.002703313
0.002230363
0.001596314
0.0009705951
0.0004172098
0.0001049748
0.0001818175
0.0005497516
0.0009636452
0.001245966
0.001489846
0.001948345
0.00266991
0.003433631
0.00397959
0.004196598
0.004128118
0.003804862
0.003281635
0.0026242
0.001938596
0.001389844
0.001062441
0.0008169182
0.0004931653
0.0001496912
3.300806e-05
0.0002542583
0.0006745073
0.001139368
0.001760224
0.002577425
0.003426098
0.004167917
0.004607518
0.004636465
0.004337586
0.003776758
0.002972153
0.002011278
0.0008879931
-0.0002944731
-0.001324781
-0.00212434
-0.002622055
-0.002697828
-0.002347286
-0.001610117
-0.0005974953
0.0003539951
0.0008206299
0.0007558872
0.0004827459
0.0002085439
1.543563e-07
-0.0001304993
-0.0001915101
-0.0001384297
0.0001901907
0.0008847777
0.001695931
0.002168748
0.002108578
0.001627458
0.0009143177
0.0002229086
-0.0002258552
-0.0003782731
-0.0003894391
-0.0005941127
-0.001287693
-0.00245248
-0.003692434
-0.004566489
-0.00480913
-0.004410517
-0.003613871
-0.002623672
-0.001606625
-0.0008629336
-0.0007472135
-0.001166286
-0.001670619
-0.002138923
-0.002544209
-0.00284089
-0.003008972
-0.00315466
-0.003452682
-0.00380353
-0.003907575
-0.003595402
-0.002819779
-0.001725317
-0.000597037
0.0003576999
0.000919185
0.0009349197
0.0005460826
6.48935e-05
-0.000255463
-0.0004148397
-0.0006232021
-0.0009569374
-0.001238121
-0.001126541
-0.000570446
0.0001187391
0.0007328426
0.001238953
0.001807087
0.002555159
0.003270045
0.003668988
0.003795777
0.003811044
0.003742898
0.003413691
0.002656847
0.001630339
0.0008173139
0.0005161154
0.0006709085
0.001005556
0.00125587
0.001295879
0.001080042
0.0007184966
0.0003781245
7.636432e-05
-0.0002628316
-0.0006134364
-0.0007941108
-0.0007387195
-0.0005520644
-0.0004710024
-0.0005818319
-0.0007091053
-0.000710382
-0.0005566355
-0.0001278091
0.0006727726
0.00162849
0.002383518
0.002623765
0.002188938
0.001268022
0.0004157076
0.0001162658
0.0004123948
0.001097873
0.001907751
0.00257811
0.003040863
0.003317225
0.003451752
0.003480113
0.00325166
0.002592295
0.00148485
0.0001615986
-0.001067385
-0.002009575
-0.002573221
-0.002770772
-0.002612793
-0.002045422
-0.001050089
0.000276176
0.00166025
0.002744742
0.003326346
0.003426238
0.003111097
0.002418696
0.00150966
0.0005509504
-0.0004174413
-0.001342965
-0.00217253
-0.002773161
-0.003094354
-0.003133466
-0.002914806
-0.002576393
-0.002290918
-0.002153375
-0.002150315
-0.002209823
-0.002282633
-0.002453579
-0.002787741
-0.003170803
-0.003325907
-0.003122165
-0.002769787
-0.002343216
-0.001743106
-0.0007957021
0.0005838489
0.002145477
0.003556635
0.004594773
0.005173743
0.005337555
0.005132495
0.004675246
0.004169858
0.00368969
0.003211257
0.0026657
0.002053949
0.001511507
0.001167826
0.001056187
0.00111002
0.00121714
0.001288603
0.001293811
0.001252201
0.001164921
0.0008576194
4.844948e-05
-0.00118514
-0.002439602
-0.003402043
-0.00384404
-0.003750455
-0.003331223
-0.00276639
-0.002211093
-0.001802673
-0.001599733
-0.001574547
-0.001603399
-0.001495896
-0.00126542
-0.0009599656
-0.0006210315
-0.0003338633
-0.0001650735
-0.0001195304
-0.000150162
-0.000196356
-0.0002188318
-0.0002466982
-0.0004216431
-0.0007524258
-0.001018499
-0.001118105
-0.001002973
-0.0006424392
2.565218e-05
0.001042602
0.002295348
0.003466404
0.004246105
0.00453778
0.004411669
0.003969524
0.003417077
0.002925069
0.002474598
0.001989451
0.001397125
0.0007629668
0.0001866404
-0.0003515602
-0.0007819084
-0.0009000963
-0.0006691257
-0.0002673155
0.0001555812
0.0005919821
0.001003118
0.001396739
0.001860851
0.002359648
0.002768077
0.00299929
0.003140505
0.003390414
0.003694646
0.003790785
0.00351547
0.002882129
0.002139952
0.001581761
0.001348378
0.001388382
0.001543745
0.001666574
0.001690419
0.001633083
0.00155371
0.001503763
0.001500642
0.001529875
0.001564306
0.0015835
0.001582604
0.001569493
0.001542372
0.00141635
0.001189144
0.0009384416
0.0006572998
0.0003311227
-0.0002227495
-0.001088151
-0.00203172
-0.002737593
-0.003049296
-0.003029059
-0.002868774
-0.002718298
-0.00252885
-0.00224317
-0.002038624
-0.002104851
-0.002387921
-0.002585459
-0.00246684
-0.002060638
-0.001487877
-0.0009891707
-0.0006552108
-0.0004279899
-0.0002218497
0.0001147923
0.0006113334
0.001121392
0.00147716
0.001611715
0.00157758
0.001490333
0.001404232
0.001208831
0.0008105896
0.0001832035
-0.0005405061
-0.001128798
-0.001434957
-0.001471894
-0.001363866
-0.00124896
-0.001202159
-0.001218022
-0.001254158
-0.00127438
-0.001266829
-0.001241177
-0.001215137
-0.001201255
-0.001197693
-0.001193508
-0.001183822
-0.001102447
-0.0008173802
-0.0003511955
0.0001205407
0.0004377378
0.0006277438
0.0008805589
0.00133546
0.002022225
0.00275588
0.003218036
0.003167835
0.002628323
0.001793025
0.0009129133
0.000129661
-0.0005174935
-0.001093461
-0.001678421
-0.002260801
-0.002611968
-0.00262405
-0.002401806
-0.002143202
-0.002073826
-0.002353615
-0.002955183
-0.003744028
-0.004470931
-0.004929724
-0.005153701
-0.00536716
-0.005659544
-0.005851239
-0.005617365
-0.004805001
-0.003703542
-0.002752801
-0.002043485
-0.0014655
-0.000962069
-0.0004612838
9.460498e-05
0.0006412778
0.001172184
0.001829323
0.002640507
0.003315174
0.003518849
0.003153421
0.002388418
0.001593011
0.001081765
0.0009465627
0.001078372
0.001301715
0.001550951
0.001771291
0.001907896
0.001927064
0.001776882
0.001519232
0.001279679
0.001156101
0.001141076
0.001050372
0.0007437628
0.0003154308
7.114978e-05
0.0002582048
0.00102143
0.002225792
0.003399054
0.003981761
0.003669907
0.002689437
0.001614594
0.0009292394
0.0007688623
0.0009669663
0.001242576
0.001363489
0.001161013
0.0006530109
6.947524e-05
-0.0003437066
-0.0004102057
0.0001057779
0.001289002
0.002892177
0.004410064
0.005396353
0.005729176
0.005604908
0.005312034
0.004959552
0.004586992
0.004269262
0.003987875
0.003402312
0.002162534
0.0004627876
-0.001102765
-0.002043631
-0.002303838
-0.002276946
-0.002394759
-0.002886922
-0.003647594
-0.004360251
-0.004773316
-0.004805279
-0.004455571
-0.003873771
-0.003327088
-0.002963471
-0.002679416
-0.002428049
-0.002410976
-0.002819034
-0.003540621
-0.004252594
-0.004680505
-0.004760069
-0.004617053
-0.004492159
-0.004579277
-0.004766839
-0.004862276
-0.004800066
-0.004637392
-0.004411827
-0.003998825
-0.003291239
-0.002437658
-0.001722574
-0.001271956
-0.0008871511
-0.0003066415
0.0004531516
0.001160936
0.001663491
0.002039111
0.002384011
0.002698575
0.002991681
0.003357076
0.003791247
0.004106242
0.004160026
0.00410996
0.004121069
0.004228802
0.004384975
0.004517968
0.00458311
0.004581071
0.004543965
0.004504852
0.004401592
0.004035181
0.003327286
0.002492018
0.001836709
0.001530389
0.001536796
0.001700113
0.002019209
0.002663655
0.003538409
0.004339525
0.00482159
0.004941914
0.004830686
0.004670519
0.004583562
0.00451819
0.004309237
0.003937283
0.003354799
0.002465993
0.001459659
0.0006585668
0.0002562367
0.0002227831
0.000379578
0.0005360399
0.0005879102
0.0005223866
0.0002959541
-0.0001221816
-0.0006106758
-0.001007484
-0.001309213
-0.001533898
-0.001620619
-0.001757481
-0.002137914
-0.002702211
-0.003321781
-0.00382903
-0.004118254
-0.004194351
-0.004144949
-0.004079741
-0.00406385
-0.004101482
-0.004161123
-0.004215283
-0.004251929
-0.004268758
-0.004272607
-0.004280646
-0.004302627
-0.004325916
-0.004341187
-0.004351318
-0.004357932
-0.004354724
-0.004372486
-0.00459209
-0.005198493
-0.006082831
-0.006919339
-0.007429593
-0.007511318
-0.007131114
-0.006329058
-0.005363261
-0.004588675
-0.004215652
-0.004210125
-0.004387164
-0.004587126
-0.004839215
-0.005143781
-0.005293053
-0.005086762
-0.004428201
-0.00339746
-0.002261233
-0.001243729
-0.0003827082
0.000525435
0.001579618
0.002834628
0.004333382
0.005839729
0.007098022
0.008221606
0.009446304
0.01088202
0.01249682
0.0141973
0.01588278
0.01756205
0.0194246
0.02149958
0.02340663
0.02469342
0.02504249
0.02439143
0.02312456
0.02177219
0.02071244
0.02000223
0.01958043
0.01935745
0.01914646
0.01866103
0.01780864
0.01662877
0.01514758
0.01347263
0.01165209
0.009577324
0.007043652
0.003966884
0.0005696816
-0.002709385
-0.00552443
-0.007720519
-0.009278036
-0.01033175
-0.01111835
-0.0118674
-0.0127943
-0.01382589
-0.01475966
-0.0156408
-0.01673427
-0.01810672
-0.01961012
-0.02124608
-0.02316214
-0.02531836
-0.0273268
-0.02870584
-0.0291332
-0.02857258
-0.02726765
-0.02549989
-0.02354032
-0.02167161
-0.02016139
-0.01909191
-0.01838881
-0.01798078
-0.01789542
-0.01816636
-0.0187299
-0.01934697
-0.01968398
-0.01962002
-0.01910347
-0.01814396
-0.01682673
-0.01510524
-0.01291447
-0.01032681
-0.007530209
-0.004682924
-0.001854412
0.0009539873
0.003681557
0.006060795
0.007821709
0.00902951
0.01001203
0.01101877
0.01206703
0.01307875
0.01388971
0.01437218
0.0145892
0.01473168
0.01481082
0.01484531
0.01498983
0.01536003
0.01604498
0.01702768
0.01811881
0.0190709
0.0195389
0.0193508
0.01875636
0.0179592
0.01711128
0.01639401
0.01578669
0.01511546
0.01428121
0.01318936
0.0119583
0.01091724
0.01034931
0.01036727
0.01071418
0.0109773
0.0109579
0.01071624
0.01043383
0.01023957
0.010058
0.00977811
0.009407983
0.00892964
0.008355356
0.007814557
0.007448003
0.007290418
0.007179373
0.006901877
0.006364334
0.005629932
0.00491455
0.004319878
0.003698087
0.00280246
0.00133906
-0.0007010848
-0.002938478
-0.005163584
-0.007428729
-0.009712979
-0.01174664
-0.01329875
-0.01433609
-0.01520125
-0.01629329
-0.01771641
-0.01938506
-0.02106505
-0.02262231
-0.02394462
-0.02506393
-0.0260878
-0.0270433
-0.02799909
-0.0290135
-0.02997454
-0.03068032
-0.03102759
-0.03107989
-0.03099532
-0.03091665
-0.03091016
-0.03096611
-0.03103735
-0.03108171
-0.031099
-0.03120838
-0.03152545
-0.03189079
-0.03199418
-0.03176492
-0.03137533
-0.03098319
-0.03058287
-0.03011576
-0.02941835
-0.0282432
-0.02637212
-0.02365369
-0.02018975
-0.01654737
-0.01332374
-0.01077378
-0.008751183
-0.006972905
-0.005291748
-0.003770266
-0.002523379
-0.001578072
-0.0008683836
-0.0002677505
0.0003261153
0.001067061
0.00200149
0.00298669
0.003952723
0.00496775
0.006109974
0.007341497
0.008488067
0.009411524
0.009990942
0.0104058
0.01095567
0.01188552
0.01314703
0.01436651
0.01527885
0.01588708
0.01635665
0.01685456
0.0173698
0.0177903
0.01811364
0.01847341
0.01894468
0.01955735
0.02026374
0.02106358
0.02197016
0.0228536
0.02346979
0.02353464
0.02290191
0.02167652
0.02004366
0.01829338
0.01660093
0.01497084
0.01340154
0.01188687
0.01040573
0.008952482
0.007460021
0.005780233
0.00376338
0.00132691
-0.001242955
-0.003544162
-0.005369497
-0.006780591
-0.007983591
-0.009226829
-0.01076728
-0.01263798
-0.01460083
-0.01640197
-0.01792467
-0.01910597
-0.02000129
-0.02081475
-0.02163661
-0.02216471
-0.02202658
-0.0211192
-0.01966956
-0.0182306
-0.01729358
-0.01699498
-0.01713727
-0.01740928
-0.01756881
-0.01743754
-0.01696357
-0.01621659
-0.01514839
-0.01367428
-0.01179609
-0.009530643
-0.006959925
-0.004423344
-0.00244854
-0.001275707
-0.0008477111
-0.001080666
-0.001763073
-0.002523472
-0.003053834
-0.003351967
-0.003622997
-0.004068899
-0.004840713
-0.005864374
-0.00681684
-0.007311007
-0.007167467
-0.006500867
-0.005584489
-0.004676044
-0.003919031
-0.00340872
-0.003176463
-0.003272297
-0.003782847
-0.00461664
-0.005463926
-0.006032008
-0.006212189
-0.005994135
-0.005354643
-0.004324454
-0.003109224
-0.001958171
-0.0009197515
0.0001292217
0.001294445
0.002379391
0.002919155
0.00258651
0.001409197
-0.0003923241
-0.002614722
-0.005003411
-0.007243787
-0.009141297
-0.01069265
-0.01192968
-0.01280652
-0.01328233
-0.01330367
-0.01281252
-0.01192988
-0.01075906
-0.008983087
-0.006261821
-0.002775848
0.0009299646
0.004272876
0.006981002
0.009245117
0.01147013
0.01395796
0.01668279
0.01940757
0.02191952
0.02417081
0.02634306
0.02855331
0.03049611
0.03168989
0.0320096
0.03173682
0.03122005
0.0305669
0.02979257
0.02896007
0.02812273
0.02741024
0.02686457
0.02637563
0.02583312
0.02508387
0.02391249
0.02217239
0.01995165
0.01751079
0.01511605
0.01298636
0.01120034
0.009585639
0.007877222
0.005901623
0.003755431
0.001659952
-0.0003006598
-0.002039745
-0.003462649
-0.004533905
-0.005360277
-0.006151262
-0.006825979
-0.007039391
-0.006693344
-0.006054683
-0.005491222
-0.005226044
-0.005264124
-0.005452603
-0.005695009
-0.006178526
-0.007090715
-0.008519558
-0.0103972
-0.01256578
-0.01482245
-0.01705578
-0.01916004
-0.02097714
-0.02230615
-0.02303846
-0.02317939
-0.0228168
-0.02206535
-0.02099061
-0.01970225
-0.0181201
-0.01625071
-0.01431799
-0.01235604
-0.01034856
-0.008380953
-0.006591603
-0.005256825
-0.00467081
-0.004984451
-0.006072807
-0.007606931
-0.009251095
-0.0107967
-0.01206933
-0.01288961
-0.01306808
-0.01240229
-0.01091318
-0.00881937
-0.006319859
-0.003410258
0.0001284318
0.004360666
0.009105625
0.01384965
0.01783943
0.0204502
0.02156247
0.02156007
0.0209215
0.01993323
0.01855935
0.01652478
0.0135793
0.009756054
0.005541159
0.001837442
-0.000669481
-0.00184129
-0.002034941
-0.001955232
-0.002335322
-0.003455358
-0.00532706
-0.007794012
-0.01060404
-0.0135262
-0.01643139
-0.01928948
-0.02213045
-0.02490959
-0.02735499
-0.02919042
-0.03035794
-0.03094683
-0.0311415
-0.03113885
-0.03099806
-0.03068564
-0.03016279
-0.02932955
-0.02795148
-0.02589784
-0.02339265
-0.0207341
-0.01791227
-0.01467363
-0.01097298
-0.006823942
-0.002165081
0.002936658
0.008083515
0.01279297
0.0168585
0.02014788
0.02250993
0.02407461
0.02514466
0.02590237
0.02640423
0.0266801
0.02690309
0.02746554
0.02859878
0.03020096
0.03197671
0.03366321
0.03516284
0.03645473
0.03744725
0.03805947
0.03831567
0.03833582
0.03818761
0.03762882
0.03627022
0.03383139
0.03036827
0.02637396
0.02247727
0.01914449
0.01670655
0.01526413
0.01487074
0.0153549
0.01633181
0.01733427
0.01803931
0.01858841
0.01921558
0.01977549
0.0200143
0.01983454
0.01889728
0.0164384
0.01228444
0.007248108
0.002217284
-0.002280297
-0.005995522
-0.008769291
-0.01062955
-0.01185599
-0.01258964
-0.01239706
-0.01061627
-0.007040325
-0.00211619
0.003276648
0.008260878
0.0122934
0.01514255
0.01666369
0.01684544
0.01585956
0.01405953
0.01180237
0.009160934
0.006085457
0.002803945
-0.0001876775
-0.002342275
-0.003131039
-0.002216792
0.0004687491
0.004709682
0.01002233
0.01575097
0.02116476
0.02569309
0.02904321
0.03109822
0.03207095
0.03243289
0.03249306
0.03230753
0.03173312
0.03084709
0.02997096
0.02939949
0.0292827
0.02970003
0.03062752
0.03191942
0.03332899
0.03463293
0.03583828
0.03690391
0.03769297
0.03812687
0.03813432
0.03759036
0.03666425
0.03577035
0.03523809
0.03513199
0.03529227
0.03543139
0.03520781
0.03448546
0.03350902
0.03268652
0.03228398
0.03229495
0.03251946
0.03273496
0.03282513
0.03279303
0.03266725
0.0323439
0.03162533
0.03028852
0.02823023
0.0255705
0.02258327
0.01950959
0.01640718
0.0134244
0.01083418
0.008826602
0.007466218
0.006593884
0.005925268
0.005054082
0.003689551
0.001661981
-0.001306202
-0.005429568
-0.01057036
-0.0161659
-0.02159983
-0.02660694
-0.03115482
-0.03548006
-0.03979434
-0.04384587
-0.04712384
-0.0492301
-0.05010308
-0.04997286
-0.04926799
-0.04822586
-0.04675235
-0.04472992
-0.04232998
-0.03997211
-0.03812581
-0.03707802
-0.03677746
-0.03693988
-0.03731883
-0.03763321
-0.0376638
-0.03740989
-0.03690705
-0.03610836
-0.03485278
-0.03292615
-0.03004301
-0.02601365
-0.02108642
-0.01587792
-0.01109406
-0.007281626
-0.004510027
-0.002448266
-0.0005842333
0.001508569
0.003739952
0.005600923
0.006677876
0.006902108
0.006336937
0.0052644
0.004195688
0.003528511
0.003352886
0.003509322
0.003750913
0.003869372
0.003661284
0.002970036
0.00178566
0.0001543247
-0.001795386
-0.00394291
-0.006264247
-0.008703299
-0.0112192
-0.01380103
-0.01634156
-0.01879695
-0.0212669
-0.0238809
-0.02660967
-0.02902001
-0.03044891
-0.03056355
-0.02966892
-0.0283314
-0.02700688
-0.02601356
-0.0254353
-0.02507561
-0.02480565
-0.02478425
-0.02519318
-0.02592072
-0.02670956
-0.02735943
-0.02759532
-0.02717624
-0.02597515
-0.02389854
-0.02102364
-0.0175207
-0.01353632
-0.00925791
-0.005064873
-0.001399493
0.001330452
0.002831111
0.003103109
0.002348513
0.0005546519
-0.002329762
-0.006229414
-0.01098083
-0.01607641
-0.02034284
-0.02243921
-0.02159469
-0.01774609
-0.01159561
-0.004380982
0.002573281
0.008300129
0.01239789
0.01506643
0.01657775
0.01673057
0.01520405
0.01204514
0.0076481
0.002480297
-0.0030474
-0.008644591
-0.01405271
-0.01889437
-0.02258047
-0.02446135
-0.0245021
-0.02345222
-0.02218463
-0.02124211
-0.02067421
-0.02017307
-0.01950705
-0.01862766
-0.01767239
-0.01686128
-0.01620104
-0.01551951
-0.01478041
-0.0140518
-0.01321884
-0.01226199
-0.01131439
-0.01032911
-0.009237565
-0.007962374
-0.006584451
-0.005244138
-0.00401318
-0.003010441
-0.002423434
-0.002458348
-0.003187875
-0.004411677
-0.005665995
-0.006513048
-0.006677378
-0.005860368
-0.003845439
-0.0006606115
0.003664871
0.009097057
0.01575094
0.0236894
0.03265751
0.0422026
0.05177711
0.06090776
0.06912807
0.07585001
0.08059223
0.0832385
0.0837757
0.08231595
0.0793483
0.07559573
0.07170413
0.06802436
0.06468674
0.06165421
0.05878794
0.05594463
0.05305978
0.05024683
0.04773175
0.04565764
0.04397488
0.04237499
0.04043946
0.03778876
0.03413514
0.02942482
0.02390431
0.01800566
0.01224464
0.007176046
0.003456459
0.001608819
0.001625081
0.002891775
0.00445088
0.005469398
0.005538155
0.004768277
0.003422953
0.001780126
4.614631e-05
-0.001852582
-0.004109129
-0.006909285
-0.01045702
-0.01478553
-0.01978564
-0.02519907
-0.03054079
-0.03519832
-0.03864199
-0.04056643
-0.04089943
-0.03967941
-0.03699783
-0.03310536
-0.02848254
-0.02395649
-0.02033835
-0.01794575
-0.01659879
-0.01603387
-0.01606088
-0.0166017
-0.017803
-0.01955984
-0.02144132
-0.02309486
-0.02430372
-0.02478137
-0.02437355
-0.02318756
-0.02134522
-0.01898128
-0.01628057
-0.01349659
-0.01085699
-0.008645008
-0.007161297
-0.006501223
-0.00659392
-0.00730697
-0.008461345
-0.009853713
-0.01131757
-0.01276498
-0.01416015
-0.01536616
-0.01619728
-0.01662735
-0.01689138
-0.01716277
-0.0173171
-0.01718529
-0.01668928
-0.0158895
-0.01480353
-0.0134733
-0.01190133
-0.01009165
-0.008064998
-0.00591009
-0.003647154
-0.001333942
0.0008093503
0.002662612
0.004243742
0.005792296
0.007535098
0.009485989
0.01143134
0.01320176
0.01455696
0.01533123
0.01557086
0.015492
0.01533408
0.01524426
0.01525673
0.01532816
0.01539408
0.0154086
0.01535199
0.01515611
0.0147575
0.01412481
0.01305468
0.01126825
0.008591775
0.005021054
0.0006727435
-0.004167778
-0.00907597
-0.01358178
-0.01722226
-0.01968321
-0.02106785
-0.02174731
-0.0221504
-0.02277386
-0.02375933
-0.02477976
-0.02533068
-0.02517959
-0.02443443
-0.02339626
-0.02222467
-0.0210211
-0.01982822
-0.01860634
-0.01736495
-0.01621971
-0.01524258
-0.01445267
-0.01377346
-0.01319212
-0.01291524
-0.01325496
-0.01427713
-0.01605793
-0.018651
-0.02182919
-0.02526637
-0.02867502
-0.03168427
-0.0341174
-0.03612643
-0.03782963
-0.03913347
-0.03990166
-0.04004048
-0.03951649
-0.03842553
-0.03697183
-0.03529277
-0.03343016
-0.03134848
-0.02894811
-0.02619029
-0.02307971
-0.0198331
-0.01674859
-0.01394022
-0.01147303
-0.009558259
-0.008575834
-0.008991035
-0.01096181
-0.01420599
-0.01823341
-0.02254428
-0.02668337
-0.03030143
-0.03301288
-0.03423196
-0.03359569
-0.03131273
-0.02783745
-0.0233961
-0.01813808
-0.01230829
-0.006061228
0.0005241083
0.007315235
0.01432268
0.02154736
0.0287408
0.03548703
0.04127598
0.04568306
0.0483649
0.04937269
0.04923362
0.04848416
0.04733233
0.04586242
0.0442501
0.0427847
0.0416309
0.0407982
0.04010982
0.0392479
0.03780068
0.03533119
0.03165879
0.02689808
0.02126679
0.01491465
0.008120773
0.001211201
-0.005499228
-0.01170165
-0.01696064
-0.02076232
-0.02275439
-0.02309743
-0.02220066
-0.02038536
-0.01799116
-0.01527797
-0.01257975
-0.01028907
-0.008733969
-0.008002506
-0.008020095
-0.008771615
-0.01011869
-0.01170761
-0.01306828
-0.01387216
-0.01408338
-0.01378494
-0.01288401
-0.01116444
-0.008346852
-0.004279495
0.0005935902
0.005313896
0.00882475
0.01049269
0.01054341
0.009635632
0.008264351
0.006754046
0.005206478
0.003614656
0.00210911
0.0007611551
-0.0004026619
-0.001199922
-0.001333953
-0.0007486679
0.0003555024
0.001750978
0.003208419
0.004631714
0.005829253
0.006614878
0.006953787
0.006965336
0.006678725
0.005995168
0.005002504
0.003832887
0.002647376
0.001696847
0.001158479
0.001017766
0.001117312
0.001265421
0.00133095
0.001290881
0.001210499
0.001158832
0.001162801
0.001212873
0.001275534
0.001331379
0.001480566
0.001952954
0.002980608
0.004517146
0.006310062
0.008274128
0.01036844
0.01242357
0.0141668
0.01542954
0.01624658
0.01670536
0.0167876
0.01626608
0.01487312
0.01246089
0.00897401
0.004557866
-0.0004351224
-0.005472867
-0.009749126
-0.01253777
-0.01364828
-0.01330499
-0.01210863
-0.01086968
-0.01017897
-0.01028334
-0.0111164
-0.01227805
-0.01324734
-0.0137536
-0.01408335
-0.01474734
-0.01597383
-0.01761641
-0.01925645
-0.02055135
-0.02135513
-0.02154691
-0.02100839
-0.01954011
-0.01697314
-0.01352483
-0.009760046
-0.006209948
-0.003122339
-0.0005654732
0.001354332
0.002545292
0.003096995
0.003350485
0.003631467
0.00402352
0.004426801
0.004707957
0.004811508
0.004747928
0.004479198
0.004008763
0.003364405
0.002676844
0.002106808
0.001638027
0.00117774
0.0006134469
3.878598e-06
-0.0003514981
-0.0002444256
0.0003300576
0.001180714
0.002134935
0.003203284
0.004559019
0.006265332
0.008198449
0.01025721
0.01231341
0.01418266
0.01562409
0.01646841
0.01682294
0.01716403
0.01783974
0.01886385
0.01996636
0.0207308
0.0207223
0.01975538
0.01817035
0.01654018
0.01536272
0.01477622
0.01439325
0.01354296
0.01177032
0.009096074
0.005886218
0.002709364
0.0001910486
-0.001305079
-0.001720734
-0.001396043
-0.0006930415
0.0003171428
0.001614814
0.003028664
0.004220844
0.004932514
0.00514583
0.005032229
0.004718314
0.004150069
0.003155065
0.001726868
5.409475e-05
-0.001604416
-0.002891818
-0.003587953
-0.003742391
-0.003595096
-0.00340032
-0.003307213
-0.003359766
-0.003637683
-0.004286682
-0.005491706
-0.007363505
-0.009704416
-0.01209298
-0.01427686
-0.01619834
-0.01774503
-0.01876464
-0.01922626
-0.01923473
-0.0188862
-0.01830939
-0.01756782
-0.01666731
-0.01567088
-0.01453506
-0.01333863
-0.0122182
-0.01105866
-0.009709104
-0.008101511
-0.006207505
-0.004102132
-0.001890084
0.0003211658
0.00249976
0.004587855
0.006557775
0.008511187
0.01049691
0.01242968
0.01411216
0.01529613
0.01587844
0.01597576
0.01591249
0.01605048
0.01645515
0.01685912
0.0169012
0.0164186
0.01543032
0.01407468
0.0124316
0.01046776
0.008335527
0.006273707
0.004266723
0.002339209
0.0007507735
-0.0003317887
-0.0008465111
-0.0006924071
0.0001179747
0.001403704
0.00289071
0.004229931
0.005118531
0.005430338
0.005021361
0.003742533
0.001757601
-0.0004441323
-0.002270942
-0.003292399
-0.003338018
-0.002470264
-0.0008287399
0.001414987
0.003985008
0.006419838
0.008440911
0.009962795
0.01106437
0.01185188
0.01240848
0.01290436
0.01341999
0.01381582
0.01386076
0.01354116
0.01307494
0.01265173
0.012142
0.01126574
0.009977069
0.008269404
0.006179108
0.003939708
0.00184636
0.0001321395
-0.001005228
-0.001531269
-0.001605541
-0.001397187
-0.0009823053
-0.0004223769
0.0002457017
0.0008902204
0.001516803
0.00231725
0.003242987
0.004044404
0.004531378
0.004773126
0.004890466
0.004876384
0.004774929
0.00477055
0.005026691
0.005487294
0.006066205
0.006795687
0.007641994
0.008443901
0.009222823
0.01010915
0.01100664
0.01172136
0.01225
0.01268957
0.01305811
0.01329947
0.01322755
0.01252522
0.01108194
0.009188457
0.007362909
0.005857146
0.004689097
0.00388524
0.003403493
0.003026865
0.002524181
0.001665964
0.0005140317
-0.0006067222
-0.001502143
-0.002117311
-0.002419079
-0.002342772
-0.001960279
-0.001459792
-0.0009346622
-0.0004586892
-0.0001174066
5.258371e-05
8.160706e-05
-2.320348e-05
-0.0003905236
-0.001106972
-0.00205508
-0.003112747
-0.004191469
-0.005124837
-0.005739297
-0.005844553
-0.005264766
-0.003990586
-0.001881817
0.001167186
0.004955968
0.009032292
0.01299961
0.01642584
0.01882936
0.02002462
0.02024518
0.01987819
0.01927793
0.0187464
0.01835745
0.01801293
0.01767569
0.01734301
0.01682116
0.01600745
0.01507284
0.01407115
0.0129838
0.01175075
0.01040041
0.009040706
0.007754386
0.006690309
0.006004297
0.005732319
0.005838483
0.006412315
0.007417951
0.008683619
0.0100588
0.01146225
0.01281679
0.01400449
0.01503408
0.0158508
0.01614815
0.01587886
0.01532685
0.01484341
0.01447237
0.01394706
0.01312118
0.01195
0.01042401
0.008678752
0.006925032
0.005324471
0.004089993
0.003271317
0.002740521
0.002368142
0.001972548
0.00145962
0.0009281877
0.0005362499
0.0003637941
0.0004045381
0.0006949726
0.001185135
0.001682861
0.002004408
0.002136918
0.002280845
0.002608633
0.003206157
0.004025332
0.005002197
0.006122848
0.007318215
0.008367451
0.008986784
0.008924846
0.008038121
0.006354287
0.00423264
0.002059885
8.005407e-05
-0.001437963
-0.002483731
-0.003364271
-0.004218919
-0.005051957
-0.005827683
-0.006448069
-0.006916806
-0.007221702
-0.00717207
-0.006676992
-0.005807647
-0.00469316
-0.003582804
-0.002765864
-0.002379473
-0.002352021
-0.002491645
-0.002617296
-0.002641758
-0.002577023
-0.002486322
-0.002427505
-0.002421293
-0.002452332
-0.002490158
-0.002511337
-0.002513369
-0.002584339
-0.002862723
-0.003306605
-0.003741341
-0.004110079
-0.00449202
-0.004896351
-0.005349411
-0.005881931
-0.006393517
-0.006747822
-0.006920665
-0.007058334
-0.007179182
-0.007111896
-0.006584385
-0.005567651
-0.004297339
-0.003094315
-0.002076959
-0.001179909
-0.0003253728
0.0005325639
0.001295077
0.001897831
0.002410307
0.002861484
0.003313568
0.003800661
0.0040202
0.003693381
0.002966174
0.002218902
0.001761555
0.00167732
0.001838331
0.002048596
0.002123169
0.001890671
0.001396516
0.0009267964
0.0008262669
0.001158714
0.001770544
0.002497939
0.003293853
0.004280809
0.005540748
0.007015204
0.008483913
0.009827466
0.01095397
0.01171405
0.01197906
0.01204208
0.01244333
0.01330545
0.0143005
0.01502993
0.01531105
0.01522755
0.01505941
0.01502024
0.01492452
0.01459707
0.01394729
0.01282907
0.01124543
0.009290119
0.007119233
0.004873598
0.002496815
-0.0001075458
-0.002770936
-0.005029382
-0.006511523
-0.007368524
-0.007843359
-0.008057411
-0.008158623
-0.008371503
-0.008766671
-0.009272519
-0.009845935
-0.01046731
-0.0112256
-0.01215497
-0.0131433
-0.01406316
-0.01476528
-0.01526292
-0.01569111
-0.01608113
-0.01637584
-0.01652334
-0.01653125
-0.0164621
-0.01636504
-0.01615604
-0.0157748
-0.01528515
-0.0146741
-0.01387914
-0.01300611
-0.01220464
-0.0113691
-0.01044434
-0.009475875
-0.008394467
-0.007290921
-0.006411006
-0.005923093
-0.00574212
-0.005660736
-0.005652469
-0.005636719
-0.005439323
-0.004983269
-0.00430271
-0.003590111
-0.002978489
-0.002568747
-0.002470046
-0.002532975
-0.002479174
-0.002216826
-0.001856021
-0.001561781
-0.001407204
-0.001261951
-0.0009878777
-0.0006196064
-0.0002878164
-9.465468e-05
-5.451379e-05
-0.0001093438
-0.0001808045
-0.0002163292
-0.0002080908
-0.0002390374
-0.0004693676
-0.0008981972
-0.001410389
-0.001966354
-0.002557168
-0.003215262
-0.004033207
-0.005115415
-0.006185537
-0.006860079
-0.00712443
-0.007152079
-0.007026788
-0.00672409
-0.006324889
-0.005978178
-0.00578537
-0.005750548
-0.005822199
-0.006031897
-0.00642957
-0.007053956
-0.00793581
-0.00892869
-0.009728149
-0.009985111
-0.009509185
-0.008533917
-0.007557039
-0.006959866
-0.006824353
-0.00698743
-0.007208403
-0.007322156
-0.007353759
-0.007550311
-0.008058207
-0.00868444
-0.009247305
-0.009651091
-0.009862494
-0.009916324
-0.009888583
-0.00985163
-0.00983381
-0.009739458
-0.009424755
-0.008854877
-0.008243408
-0.008118133
-0.008791574
-0.010067
-0.01148535
-0.01267784
-0.01350245
-0.01406664
-0.01454282
-0.01497211
-0.0153058
-0.01547448
-0.01535602
-0.01493802
-0.01440913
-0.01399827
-0.01382154
-0.01384838
-0.0139648
-0.01409675
-0.0143212
-0.01475094
-0.01555104
-0.01660859
-0.01747812
-0.01786637
-0.01759416
-0.0167427
-0.01557403
-0.01429132
-0.01298064
-0.01161235
-0.01002972
-0.008233519
-0.006509799
-0.005061919
-0.003900574
-0.003040848
-0.002510987
-0.002278366
-0.002240088
-0.00222017
-0.002064364
-0.001819803
-0.00157235
-0.001494718
-0.001657504
-0.001952438
-0.002152212
-0.002019615
-0.001563201
-0.00093874
-0.000268137
0.0002960804
0.000641018
0.0008429369
0.001116425
0.001437687
0.001563743
0.001403699
0.001000154
0.0004204409
-0.0001621497
-0.0005671551
-0.0007203105
-0.0006755663
-0.0005567674
-0.0004639578
-0.0004384418
-0.0004673527
-0.0005120358
-0.0005257154
-0.0003909015
-8.066099e-06
0.0006003331
0.001213396
0.001426251
0.001074013
0.0004894892
0.0001766051
0.0004217975
0.001166427
0.002065313
0.002882483
0.003662537
0.004460885
0.005296929
0.006137215
0.0069589
0.007716194
0.008318146
0.008814272
0.009313981
0.009918379
0.01059354
0.01105714
0.01109215
0.01073391
0.009964382
0.008716541
0.00709301
0.005367656
0.003933487
0.003043632
0.002533741
0.002019112
0.001348285
0.0006625589
0.0001699162
-3.329488e-05
-2.662082e-06
6.146848e-05
-0.0001565967
-0.000823941
-0.001808245
-0.002929443
-0.004048161
-0.005091252
-0.006160229
-0.007217601
-0.008063894
-0.008552039
-0.008695634
-0.008623769
-0.008500212
-0.008516527
-0.008748097
-0.009055944
-0.009303947
-0.00930917
-0.009068601
-0.008761845
-0.008633373
-0.008637208
-0.008464688
-0.008032592
-0.00749563
-0.006957088
-0.006329105
-0.005555854
-0.004690676
-0.003817262
-0.002954201
-0.0020301
-0.001093027
-0.0003049784
0.0003240912
0.0008633913
0.001323926
0.001779186
0.002276557
0.002701482
0.002818598
0.002560147
0.002072378
0.001479598
0.0009058583
0.0004878895
0.0002885282
0.0002702845
0.0003845577
0.0006840848
0.001198382
0.001968322
0.003025118
0.004272692
0.005491275
0.00653117
0.00729289
0.007795337
0.008212433
0.008639829
0.009036501
0.009403329
0.009828613
0.01020696
0.01030197
0.01007682
0.00962588
0.009038621
0.008475413
0.008005597
0.007563737
0.007119719
0.006532621
0.005674772
0.004718865
0.003966251
0.003594738
0.003571648
0.003725818
0.003855158
0.003743033
0.003308645
0.002601941
0.001794522
0.001115762
0.0006055557
0.0002148663
3.064225e-05
3.948039e-05
0.0002006526
0.0004836021
0.0008307841
0.001268735
0.001813571
0.002515522
0.00341886
0.004415403
0.005384126
0.006231616
0.006962975
0.007580244
0.008029171
0.008275671
0.008349127
0.0083252
0.008279514
0.008195944
0.007946809
0.007471721
0.006791889
0.006013193
0.005215892
0.004462297
0.00369194
0.002820383
0.001949589
0.001284268
0.0009412525
0.0007970412
0.0005051838
-0.0001411632
-0.0009910844
-0.001814369
-0.002597814
-0.003397636
-0.004114215
-0.004520151
-0.004362039
-0.003628827
-0.002579251
-0.001429119
-0.0003245207
0.0006638141
0.001627446
0.002714271
0.004002483
0.005450561
0.006852491
0.00792127
0.008588526
0.009007018
0.0093067
0.009508764
0.00940956
0.008820681
0.007909959
0.006919575
0.005935514
0.005039496
0.004371364
0.004012029
0.003900188
0.003794512
0.003509574
0.003091126
0.002683142
0.002312672
0.002064091
0.002054657
0.002207475
0.002239423
0.001950401
0.001305096
0.0004519695
-0.0004352568
-0.001186127
-0.001665977
-0.00186248
-0.001830133
-0.001517113
-0.0008484761
2.441784e-05
0.0007938942
0.001288827
0.001622239
0.001994277
0.002491757
0.002978534
0.003385771
0.003700614
0.003907696
0.004009053
0.004033457
0.00402258
0.004010703
0.004013163
0.004027837
0.004044453
0.004054368
0.004062824
0.004237412
0.004831507
0.005736501
0.006593154
0.007109108
0.007229683
0.007185936
0.007391351
0.008050459
0.008953991
0.009724946
0.01011902
0.01013718
0.009953498
0.009768833
0.009699303
0.009741204
0.009663559
0.009145091
0.008262852
0.007391774
0.006861019
0.00672451
0.006632664
0.006179496
0.005385905
0.004575017
0.004049849
0.003903666
0.004011699
0.004074043
0.003832591
0.003234339
0.002417367
0.001667352
0.001214489
0.001101791
0.001208703
0.00136283
0.001444055
0.001425239
0.001349404
0.001278206
0.001249869
0.00126574
0.001302416
0.001333294
0.001297666
0.0009421049
0.0001504243
-0.0008147468
-0.001576819
-0.001928143
-0.001909741
-0.001694294
-0.001337033
-0.0007508997
2.165996e-05
0.000753811
0.001233072
0.00138497
0.001178519
0.000666036
-6.009219e-05
-0.000831013
-0.001427126
-0.001726942
-0.001761934
-0.001622074
-0.001264742
-0.000597768
0.0002560493
0.001011575
0.001529672
0.002050094
0.002753319
0.003549177
0.004376094
0.005262855
0.006164215
0.007075188
0.00804192
0.008971193
0.009672922
0.01003609
0.01010072
0.01000807
0.00989973
0.009736237
0.009264807
0.00847052
0.007572944
0.00668319
0.005796775
0.004999471
0.004431888
0.004157186
0.004117762
0.004133784
0.004023062
0.003809257
0.003514019
0.003122735
0.002596698
0.002018755
0.00154825
0.001353769
0.001637851
0.002510258
0.003791526
0.005112368
0.006361345
0.007631174
0.008809239
0.009669605
0.01009734
0.01015859
0.009952541
0.009450954
0.008670978
0.007837979
0.007139487
0.006484954
0.005744356
0.004987129
0.004281244
0.00353641
0.002711201
0.001949762
0.001417917
0.001059675
0.0005992128
-0.0001024418
-0.0008869958
-0.001501737
-0.001802287
-0.001833263
-0.001871845
-0.002269338
-0.003061734
-0.003936812
-0.004546911
-0.004730797
-0.004462756
-0.003842668
-0.002913916
-0.001744784
-0.000385458
0.001048126
0.002393345
0.003607195
0.004635186
0.005364301
0.005702906
0.005578522
0.005102058
0.004556417
0.004191016
0.00408956
0.004177917
0.004317489
0.004400239
0.004356793
0.004052093
0.003378319
0.002487233
0.001706598
0.001281084
0.001228431
0.001327919
0.001249337
0.0008835954
0.0003240334
-0.0003369703
-0.0009591871
-0.001450096
-0.001879564
-0.002352626
-0.002957665
-0.003622091
-0.004165664
-0.004469913
-0.004699804
-0.005118076
-0.005526413
-0.005577866
-0.005223933
-0.004533873
-0.003531644
-0.002462075
-0.001568808
-0.0008889367
-0.0004126043
-4.299089e-05
0.0003879023
0.0008844537
0.001320849
0.001584267
0.001654949
0.00159265
0.00148576
0.001407776
0.001388346
0.001414411
0.001453213
0.001477557
0.001492293
0.00159783
0.00179768
0.001913976
0.001854609
0.001673694
0.001486179
0.001371361
0.001307262
0.001028651
0.0003370618
-0.0005973064
-0.001557326
-0.002494094
-0.003347415
-0.004006517
-0.004519225
-0.005009299
-0.00558898
-0.00625405
-0.006874646
-0.007449671
-0.008125834
-0.00893837
-0.009855706
-0.01087516
-0.01187982
-0.01267808
-0.01326426
-0.01375668
-0.01429853
-0.01492437
-0.01550497
-0.01589194
-0.01603647
-0.0160011
-0.01586326
-0.01558865
-0.01514786
-0.01449177
-0.01359388
-0.01258888
-0.01162451
-0.01076375
-0.00985162
-0.008765227
-0.007435356
-0.005948624
-0.004394179
-0.002961161
-0.001922875
-0.001411711
-0.001337841
-0.00147763
-0.001615903
-0.001675239
-0.001795762
-0.002042535
-0.002206197
-0.002152929
-0.002109038
-0.002405055
-0.003062952
-0.003804981
-0.004329025
-0.004455441
-0.00419257
-0.003849061
-0.003714387
-0.0038415
-0.004100148
-0.004321999
-0.004411711
-0.00437108
-0.0041492
-0.003565808
-0.002747829
-0.002089393
-0.001850628
-0.002211668
-0.003025157
-0.00387916
-0.004421253
-0.004549494
-0.004334472
-0.00380664
-0.00300207
-0.001988012
-0.0007647082
0.0006113193
0.002092519
0.003587155
0.005067307
0.006426642
0.007657231
0.00877605
0.009675132
0.01023059
0.01042992
0.01031182
0.009904924
0.009292793
0.008562921
0.00789347
0.007448976
0.007196556
0.006934446
0.006502608
0.005845459
0.005126642
0.004577553
0.004238533
0.003865421
0.003246408
0.002473941
0.001722535
0.00105009
0.0005200736
0.0001119913
-0.0003003562
-0.0007322596
-0.001103049
-0.00134213
-0.001430878
-0.001402882
-0.001326421
-0.001271932
-0.001432824
-0.002055988
-0.003012962
-0.003917647
-0.004453414
-0.004556437
-0.004391794
-0.004181635
-0.004066212
-0.004073149
-0.004150697
-0.004226748
-0.004252563
-0.004137071
-0.003698692
-0.002905662
-0.002014016
-0.001345586
-0.001057081
-0.00108863
-0.001253902
-0.001276743
-0.0008605026
1.159555e-05
0.001006854
0.001724591
0.001882535
0.001484508
0.0009448105
0.0007294556
0.000951702
0.001406357
0.001807885
0.002012271
0.002227483
0.002754173
0.00354131
0.004296855
0.004773375
0.004883601
0.004524988
0.003675186
0.002531176
0.001292758
0.0001613298
-0.0006526984
-0.00106334
-0.001145571
-0.001059419
-0.0009592888
-0.0009285218
-0.0009953539
-0.001320357
-0.00205624
-0.003111726
-0.004232389
-0.005115428
-0.00568262
-0.006066138
-0.006366672
-0.006604843
-0.006741484
-0.006572353
-0.005935125
-0.005032777
-0.00422872
-0.003671322
-0.003263739
-0.002832856
-0.002275479
-0.00168487
-0.001230752
-0.001010871
-0.001007144
-0.001122018
-0.001242209
-0.001298073
-0.00128276
-0.001231681
-0.001202886
-0.001355378
-0.001890577
-0.002749621
-0.003613824
-0.004226953
-0.00474137
-0.005391604
-0.00612892
-0.006738033
-0.007038774
-0.006891936
-0.006235188
-0.005289913
-0.00454051
-0.004219249
-0.004193706
-0.00425018
-0.004249484
-0.004156205
-0.004013115
-0.00388992
-0.003831425
-0.003839552
-0.003852328
-0.00369826
-0.003283477
-0.002618042
-0.001854884
-0.001233289
-0.0009122339
-0.0009139681
-0.001237894
-0.001805314
-0.002524671
-0.003285403
-0.004039462
-0.004721231
-0.005220004
-0.005439311
-0.005318918
-0.005065692
-0.004953519
-0.005061824
-0.005294243
-0.005506699
-0.005667991
-0.005845795
-0.005949831
-0.005890883
-0.005647176
-0.005196459
-0.004700979
-0.004427388
-0.004425513
-0.004667947
-0.005040322
-0.005370505
-0.005488697
-0.005322308
-0.005080492
-0.004991901
-0.005103869
-0.005317141
-0.005502366
-0.005646248
-0.005883326
-0.006194468
-0.006345699
-0.006216852
-0.005902473
-0.005504316
-0.005026575
-0.004547358
-0.004187142
-0.004009572
-0.003989167
-0.00404592
-0.004105009
-0.00421128
-0.004495685
-0.004926092
-0.005337691
-0.005501622
-0.005179074
-0.004445776
-0.003678654
-0.003094625
-0.002682857
-0.002285473
-0.001926307
-0.001724212
-0.001601344
-0.001483473
-0.001480927
-0.001825832
-0.002549137
-0.003383597
-0.004007217
-0.004266705
-0.004221589
-0.004048513
-0.003911798
-0.00388495
-0.003948077
-0.004035586
-0.004090516
-0.004093719
-0.004074822
-0.004170142
-0.004498203
-0.00495879
-0.005250934
-0.005151662
-0.004845051
-0.004696745
-0.004848922
-0.00518861
-0.00551225
-0.00565719
-0.005479894
-0.005015419
-0.004589143
-0.004380964
-0.004309896
-0.004265815
-0.004197881
-0.004134542
-0.004230864
-0.004566408
-0.005044487
-0.005597199
-0.006164434
-0.006628523
-0.00690017
-0.006979522
-0.006940681
-0.006875344
-0.006843688
-0.00683614
-0.006688588
-0.006184786
-0.005361678
-0.004519555
-0.003954101
-0.003739535
-0.003645525
-0.003400111
-0.002849446
-0.00208913
-0.0013932
-0.0009812542
-0.0008907444
-0.001002957
-0.001116155
-0.000990385
-0.0005776079
-6.131405e-05
0.0003716781
0.0007461511
0.001123769
0.001470453
0.001718882
0.0018785
0.002146981
0.002733601
0.003563847
0.004382403
0.005076702
0.005658523
0.006188778
0.006608469
0.006936623
0.007230005
0.007481426
0.007655569
0.007737241
0.007745601
0.007719593
0.007694915
0.007688972
0.007700189
0.007716995
0.007728457
0.007728235
0.00766072
0.007407939
0.006984652
0.006429235
0.005640112
0.00475471
0.004168459
0.004091477
0.004404735
0.004819882
0.005093326
0.00514316
0.005035518
0.004895103
0.004816436
0.004823777
0.004883889
0.004945584
0.004974698
0.004962519
0.004806157
0.004271742
0.003402634
0.002525136
0.001953942
0.001794844
0.00193091
0.002152758
0.002361772
0.00262518
0.002959355
0.003279113
0.003414522
0.003213679
0.002759491
0.002199607
0.001518907
0.0006995127
-0.0001812679
-0.001051933
-0.001855165
-0.002599277
-0.003219931
-0.003628849
-0.003800193
-0.003793715
-0.003721964
-0.003671208
-0.003587393
-0.003323775
-0.002902239
-0.002479721
-0.002119921
-0.001665639
-0.000989578
-0.0001380982
0.0007763402
0.001549928
0.002018117
0.002167831
0.002192903
0.002366956
0.002739226
0.003083193
0.003103538
0.002858699
0.002695408
0.002790565
0.00299536
0.0030109
0.002746465
0.002340923
0.002004539
0.001853539
0.001866789
0.001951746
0.002020438
0.002032408
0.001996943
0.001944743
0.001826996
0.001534631
0.001113597
0.0007176766
0.0003898294
2.561733e-05
-0.000385546
-0.0008295744
-0.001341792
-0.001782003
-0.001907315
-0.001775552
-0.001777153
-0.002124083
-0.002576471
-0.002932551
-0.003232979
-0.003515362
-0.003745285
-0.003723952
-0.00327133
-0.002566375
-0.001834934
-0.001279351
-0.0009932733
-0.0007709951
-0.0002393822
0.0005187483
0.001084003
0.00129345
0.001245766
0.0009209355
0.000322532
-0.0003540921
-0.0008653286
-0.001090847
-0.001068426
-0.0009308282
-0.0008186306
-0.0007941136
-0.0008334124
-0.000883162
-0.0009052812
-0.000892594
-0.0008611678
-0.000832839
-0.0008208006
-0.0008251781
-0.0008373653
-0.0008476986
-0.0008510445
-0.0008479488
-0.0008458927
-0.0009319242
-0.00131231
-0.002058821
-0.003014376
-0.003986748
-0.004831631
-0.00553731
-0.006160791
-0.006798256
-0.007410377
-0.007950762
-0.008383125
-0.008469443
-0.008046741
-0.007307129
-0.006608904
-0.006050893
-0.005498276
-0.004965261
-0.004443019
-0.003979794
-0.003654963
-0.003502108
-0.003486549
-0.003535061
-0.003580685
-0.003587162
-0.0034729
-0.00312782
-0.002545558
-0.001787885
-0.0009786934
-0.0002027878
0.0004144999
0.0006997659
0.0005378913
7.316429e-05
-0.0004086267
-0.0006915177
-0.0007261817
-0.0005257558
-0.0001035832
0.0003973382
0.0007891473
0.0009711329
0.0009710825
0.0009731159
0.001203876
0.001648341
0.0021105
0.00241601
0.002510433
0.002452952
0.002350058
0.002285515
0.002279039
0.002144779
0.001595135
0.0007102178
-0.000238651
-0.001152893
-0.002032795
-0.002774028
-0.003246753
-0.00342944
-0.003497217
-0.003712776
-0.004119766
-0.004569733
-0.004966327
-0.005278829
-0.005372399
-0.005217254
-0.004859203
-0.00434194
-0.003885574
-0.003697532
-0.003677365
-0.003658923
-0.003564468
-0.003361142
-0.002980399
-0.002417039
-0.0017035
-0.0009312137
-0.0001661191
0.0004856537
0.0008568804
0.0007952165
0.0003327819
-0.0003861044
-0.00112364
-0.001645771
-0.001856959
-0.001815552
-0.001666452
-0.001546081
-0.001517245
-0.001565753
-0.001677131
-0.001939254
-0.002328094
-0.002577106
-0.002512165
-0.002333394
-0.0023191
-0.002548963
-0.003026338
-0.003657323
-0.004232948
-0.00455919
-0.004478458
-0.004024875
-0.003450916
-0.00301427
-0.002735367
-0.002466859
-0.00212947
-0.001574551
-0.0006803817
0.0004577783
0.001715486
0.003011176
0.00420696
0.005096168
0.005558205
0.00564867
0.005544715
0.005417996
0.005364889
0.005398162
0.00555189
0.005894037
0.006344738
0.006736332
0.006960765
0.007100126
0.00734818
0.007733043
0.008128865
0.008399112
0.008486752
0.008363801
0.007985703
0.007449479
0.006899645
0.006357663
0.005854198
0.005349496
0.00463664
0.00372592
0.002875226
0.002331071
0.002158197
0.002243299
0.002404345
0.002503296
0.002497665
0.002423985
0.002348667
0.002325982
0.002401491
0.002673067
0.003160263
0.003831524
0.004557664
0.005135585
0.005417861
0.005281718
0.0046883
0.003923196
0.003299397
0.002918911
0.002780717
0.002918931
0.00330134
0.003758565
0.004108478
0.004263588
0.004239681
0.00403106
0.003623154
0.003023382
0.002200643
0.001241897
0.0003939317
-0.0001352331
-0.0003927784
-0.0006280337
-0.000951902
-0.001300556
-0.001575887
-0.001854728
-0.002387971
-0.0031813
-0.003983401
-0.004531192
-0.004671336
-0.004365413
-0.003796913
-0.003263678
-0.002970485
-0.002864833
-0.002572926
-0.001909347
-0.001080359
-0.0004122383
-1.806926e-05
0.0003947531
0.001049478
0.001820735
0.002442047
0.002749224
0.00278354
0.002783358
0.002834901
0.002865853
0.002956129
0.003193469
0.003420124
0.003405965
0.003135995
0.002775426
0.002505593
0.002410486
0.002465686
0.002554319
0.002377063
0.001708833
0.0007455303
-0.0001092633
-0.000573423
-0.0006261087
-0.0004431243
-0.0002378364
-5.03982e-05
0.0003079341
0.0009050984
0.001531178
0.002053261
0.00242916
0.002647658
0.002734322
0.002740616
0.002670965
0.002398194
0.001790343
0.0009622277
0.0002180703
-0.0002829456
-0.0007758818
-0.001412012
-0.001976911
-0.002343244
-0.002544635
-0.002519779
-0.00225848
-0.002014831
-0.001990779
-0.001946303
-0.00166964
-0.001189446
-0.00075326
-0.0007195311
-0.001114793
-0.001676562
-0.002113697
-0.00228668
-0.002328776
-0.002384953
-0.002499828
-0.002639817
-0.002752002
-0.002727084
-0.002514566
-0.002320909
-0.002306689
-0.002460173
-0.002662169
-0.002719209
-0.002542585
-0.002342732
-0.002304339
-0.002442689
-0.00272883
-0.003084116
-0.003194494
-0.002831475
-0.002225177
-0.001853144
-0.001925702
-0.002312796
-0.002739535
-0.002985194
-0.00299191
-0.002766884
-0.00239591
-0.0020704
-0.001806473
-0.001638697
-0.001581184
-0.001378171
-0.0008992302
-0.0002917837
0.00020996
0.0004027106
0.0001595016
-0.0004521107
-0.001263052
-0.002023017
-0.002516996
-0.002683856
-0.002611308
-0.002456755
-0.002346294
-0.00231899
-0.002346613
-0.002326792
-0.002161118
-0.001981153
-0.001943118
-0.002061579
-0.002245302
-0.002387979
-0.002377782
-0.002152294
-0.00189791
-0.001811534
-0.0018597
-0.001751499
-0.001242346
-0.0004376206
0.0003315881
0.0007954825
0.0008975764
0.0007656402
0.0005833147
0.0004727367
0.0004627661
0.0005184957
0.0005889715
0.0006309333
0.0006328957
0.0005673679
0.0003236071
-7.356923e-05
-0.00037519
-0.0005100943
-0.0005858729
-0.0006815774
-0.0008047554
-0.0009295814
-0.001025632
-0.001074738
-0.00104071
-0.0007669708
-0.0001127228
0.000742573
0.001322584
0.001347042
0.000982342
0.0006964369
0.0007879107
0.001234718
0.001872214
0.002364027
0.002513254
0.002510203
0.002603168
0.002844995
0.003097898
0.003101457
0.002769236
0.002312483
0.002112081
0.00234077
0.002883117
0.003580755
0.004250967
0.004717594
0.004917473
0.004924361
0.00487389
0.004863257
0.004875459
0.004819156
0.004858823
0.005047303
0.005240973
0.005364637
0.005506127
0.005625554
0.005619439
0.005490414
0.005322175
0.00520014
0.005159477
0.005142627
0.004933315
0.00433886
0.003416437
0.002426639
0.0017139
0.001344954
0.001138276
0.0008343179
0.0003616839
-0.0001480802
-0.0005129367
-0.0005898578
-0.000298437
0.0002346544
0.0007507053
0.001052801
0.001104395
0.001000315
0.0008733354
0.0008121468
0.0008319434
0.0008950417
0.0009558963
0.0009902392
0.0009888227
0.0009630777
0.0009902305
0.00115336
0.001321673
0.00140462
0.001516069
0.001656887
0.001646489
0.001424042
0.001100025
0.0008307926
0.0006931617
0.0005092565
4.71351e-05
-0.0004424812
-0.0006392233
-0.000603324
-0.0004503317
-0.0001843267
0.0001303351
0.0003786305
0.0004931888
0.0004856367
0.0004903605
0.0006913852
0.0009992837
0.001126212
0.000964073
0.0006266549
0.0002995219
0.0001096651
3.163328e-06
-0.0001191299
-0.0001676756
-9.235609e-05
5.660994e-05
0.0001945894
0.0002660997
0.000253458
0.0001088005
-1.973156e-05
0.0001814925
0.0008276939
0.001782393
0.002797436
0.003660278
0.004128082
0.004174963
0.004080926
0.004094504
0.004366576
0.004897671
0.005388154
0.005510702
0.005243495
0.004798441
0.004316452
0.003723348
0.002987397
0.002252839
0.001623781
0.001196897
0.001092522
0.001264729
0.001530271
0.001620909
0.001381996
0.001009048
0.0007413026
0.0005903315
0.0004994754
0.0004111066
0.0002069718
-0.0001939414
-0.0006694256
-0.0009314751
-0.0007818706
-0.0003263072
0.0001613815
0.0004722714
0.000632444
0.0007255631
0.0008206586
0.0009079187
0.0009686231
0.0008447363
0.0005276917
0.0003577839
0.0005692758
0.001061149
0.001563012
0.001861381
0.001908237
0.001839846
0.002038055
0.002698834
0.003506657
0.00411969
0.004447864
0.004546365
0.004505822
0.004353257
0.004276722
0.004296074
0.004298075
0.004172043
0.003839576
0.003282566
0.002598265
0.001951817
0.001281778
0.000605889
0.0001120208
-0.0002147614
-0.0005070706
-0.0007786517
-0.0008793693
-0.0008000946
-0.0006233517
-0.0004783927
-0.0003604461
-7.883175e-05
0.0003201111
0.0006147222
0.0008298575
0.001187841
0.001628761
0.001808435
0.001696847
0.001662799
0.001962057
0.002483099
0.002838001
0.002782264
0.002505796
0.002226931
0.001998597
0.001810125
0.001536342
0.001119347
0.0006670418
0.0003289457
0.0001792313
0.0001890928
0.0002705368
0.0003395356
0.0003568214
0.0003689106
0.0005441345
0.0009763089
0.001621375
0.002183843
0.002390953
0.002242755
0.001935775
0.001685303
0.001638121
0.001872075
0.002188757
0.002364262
0.002469987
0.002608434
0.002695047
0.002712453
0.002620674
0.002435137
0.002401738
0.002784611
0.003533736
0.004290649
0.004649713
0.00457445
0.004203635
0.003689404
0.003183697
0.003034535
0.003414024
0.004061411
0.004516222
0.00463926
0.004544504
0.00426982
0.003875466
0.003509916
0.003326644
0.003477834
0.00389257
0.004205558
0.004199013
0.004105263
0.004278511
0.00471278
0.005267981
0.005801474
0.00617662
0.006339939
0.006373049
0.006463462
0.006593431
0.006595025
0.006334611
0.005941412
0.005541554
0.005225282
0.005144966
0.005225705
0.005268956
0.005182338
0.005050148
0.00506905
0.005196612
0.005298506
0.005443221
0.005707191
0.006030403
0.006296724
0.006432898
0.006444687
0.006430362
0.006591473
0.006991444
0.007483756
0.007871131
0.007984554
0.007780457
0.007508315
0.007356636
0.007231419
0.006970507
0.006470534
0.005830526
0.005273043
0.004959528
0.004902403
0.004997534
0.005113483
0.005166385
0.00514395
0.005081079
0.004968204
0.004765916
0.004608412
0.004561391
0.004475544
0.004196223
0.003767721
0.003577378
0.003777914
0.004017042
0.003925313
0.003652916
0.003554242
0.003643177
0.003741936
0.003678788
0.003332086
0.002785159
0.002264096
0.001953141
0.001945301
0.002218331
0.002509181
0.002645135
0.002734748
0.002898778
0.003128097
0.00328405
0.003173048
0.00279368
0.002336133
0.002003849
0.001884457
0.001935199
0.002047934
0.002127871
0.002137557
0.002098347
0.00213694
0.002418943
0.002976854
0.003660293
0.004198937
0.004554543
0.00485283
0.005181767
0.005405612
0.005504013
0.005564746
0.005533951
0.005391804
0.0052074
0.005146347
0.005293193
0.005369598
0.005005992
0.004204751
0.003346456
0.002766579
0.002766135
0.003304283
0.003919583
0.004303457
0.004505825
0.004642981
0.00469616
0.004628541
0.004598648
0.004702513
0.004813236
0.004698084
0.004339237
0.003841794
0.003424661
0.003388473
0.003716662
0.004269705
0.004807854
0.005052593
0.004965062
0.004784314
0.00463276
0.004561694
0.004651091
0.004760185
0.004586805
0.004113729
0.003629907
0.003168864
0.002471131
0.001564172
0.0007241521
0.0001089663
-0.0002343425
-0.0003425722
-0.0002959875
-0.0001127385
0.0001343532
0.0002597643
0.0002056054
0.0001525009
0.0003073542
0.0005553345
0.0006242486
0.0004534047
0.0002733878
0.000334667
0.000547906
0.0006454642
0.00052505
0.0002720678
3.381786e-05
-0.00011227
-0.0002676888
-0.0005523454
-0.0009245555
-0.001275573
-0.001626083
-0.002026557
-0.00242641
-0.002725704
-0.002888154
-0.003084494
-0.003548506
-0.004188568
-0.004798933
-0.005259886
-0.005420977
-0.005319276
-0.005047492
-0.004600318
-0.00424051
-0.004176389
-0.004325706
-0.004581525
-0.00464889
-0.004306404
-0.003787672
-0.003380152
-0.003301185
-0.00367134
-0.004177582
-0.004547888
-0.004629745
-0.004562921
-0.004667664
-0.004986251
-0.005264357
-0.005431864
-0.005674658
-0.005960907
-0.006127356
-0.006070524
-0.005710693
-0.00509468
-0.004367677
-0.003801345
-0.003445115
-0.003067369
-0.002546242
-0.001984406
-0.001546277
-0.001322565
-0.00129367
-0.001367407
-0.001445041
-0.001434704
-0.001207315
-0.0007652781
-0.0002367043
0.0003266054
0.0009476532
0.001793484
0.002807561
0.003612975
0.004040453
0.004151751
0.003975398
0.003599853
0.003211392
0.003029289
0.003285124
0.003970455
0.004681239
0.004984722
0.004744733
0.004219538
0.003666778
0.003254147
0.002991343
0.00265246
0.002031492
0.0012192
0.000494245
7.71492e-05
-3.109081e-06
-3.154177e-06
-0.0003543321
-0.001128135
-0.001955626
-0.002354432
-0.002183031
-0.001733399
-0.001422845
-0.001279195
-0.001106148
-0.0009372656
-0.0008248893
-0.0007059374
-0.0006509585
-0.0007392277
-0.0009330919
-0.001197489
-0.001502322
-0.001753436
-0.001987747
-0.002150584
-0.002159301
-0.002067547
-0.001943359
-0.001952241
-0.002140212
-0.002408319
-0.002617037
-0.002528694
-0.001984902
-0.001215404
-0.00046839
-1.934612e-05
-6.234618e-05
-0.0003986283
-0.0007116217
-0.0008104246
-0.0006098954
-0.0002255179
0.000134953
0.0003393537
0.0004579064
0.0005866979
0.0008250423
0.001140721
0.001327671
0.001273861
0.000965627
0.0006511847
0.0006399273
0.001057829
0.001798
0.002547808
0.003031069
0.003119231
0.002688987
0.001923183
0.001284681
0.001150977
0.00142224
0.001594073
0.001339613
0.0007531666
0.0001237906
-0.000397072
-0.0007342691
-0.001031184
-0.001361771
-0.001534601
-0.001653384
-0.00194372
-0.002364964
-0.002653684
-0.00275717
-0.002801056
-0.002868594
-0.002922136
-0.002833841
-0.002683382
-0.002646527
-0.002766104
-0.002916573
-0.00289772
-0.002767687
-0.002710769
-0.002793199
-0.002903428
-0.002878691
-0.002792015
-0.002782261
-0.002942661
-0.003395995
-0.004118646
-0.004832115
-0.005317148
-0.005474611
-0.005474942
-0.005636655
-0.006169093
-0.006850432
-0.007426746
-0.007503749
-0.006874169
-0.005879279
-0.005086904
-0.004778392
-0.004915271
-0.005135734
-0.005166104
-0.005061915
-0.005079994
-0.005156777
-0.00501241
-0.004706675
-0.004441363
-0.004343088
-0.004403485
-0.004448315
-0.004340862
-0.004137449
-0.003842291
-0.003511391
-0.003231593
-0.00297997
-0.002759663
-0.002690322
-0.002811535
-0.003126155
-0.003508638
-0.003706176
-0.003629405
-0.003384355
-0.003143736
-0.003042424
-0.00318685
-0.00348434
-0.003551457
-0.003189568
-0.002669135
-0.002260836
-0.002011369
-0.001932897
-0.002199761
-0.002792133
-0.003476877
-0.003966565
-0.004158137
-0.004121724
-0.004174849
-0.004580704
-0.005113499
-0.005379056
-0.005134994
-0.004454124
-0.003680955
-0.003185006
-0.00318255
-0.003516771
-0.003923688
-0.004120768
-0.00398107
-0.003663624
-0.003481295
-0.003488067
-0.003575485
-0.003728956
-0.003870955
-0.004009527
-0.004160974
-0.004173874
-0.003957602
-0.003659198
-0.003569174
-0.003735421
-0.003894096
-0.003895745
-0.003825773
-0.003697386
-0.003505069
-0.003294216
-0.003128561
-0.003044764
-0.00303541
-0.003064221
-0.003093266
-0.003098039
-0.002991881
-0.002726093
-0.002419507
-0.002190663
-0.002281865
-0.002728184
-0.003189584
-0.00338514
-0.003365729
-0.003327636
-0.003270875
-0.003248343
-0.003331094
-0.003381003
-0.003298532
-0.003102191
-0.002782691
-0.002334546
-0.001941591
-0.001648258
-0.001267691
-0.0007815092
-0.0004122844
-0.0003070844
-0.0004233852
-0.0006209749
-0.0007709085
-0.0008081626
-0.000655113
-0.0003664143
-9.05716e-05
3.317191e-05
-0.0001072273
-0.0003801843
-0.0005462081
-0.0006350736
-0.0007948833
-0.001049365
-0.001354606
-0.001758031
-0.002260136
-0.002739189
-0.003099296
-0.00338617
-0.003551408
-0.003584361
-0.003609595
-0.00365757
-0.003794977
-0.004034502
-0.004227026
-0.004234294
-0.004175188
-0.00409847
-0.003912771
-0.003783761
-0.004062373
-0.00458558
-0.004856376
-0.004684925
-0.004262093
-0.004072874
-0.004410302
-0.005118742
-0.005814326
-0.006178948
-0.006063416
-0.005649451
-0.00518467
-0.004814632
-0.004717282
-0.004834036
-0.004919691
-0.004886208
-0.004946405
-0.005338384
-0.005929085
-0.006471964
-0.006707688
-0.006487604
-0.005904013
-0.005294507
-0.004903665
-0.004886088
-0.005131209
-0.00528113
-0.00512777
-0.004674386
-0.004092355
-0.003722348
-0.003726278
-0.00400197
-0.00431357
-0.004421867
-0.004364303
-0.004368429
-0.004525333
-0.00475995
-0.004864957
-0.004779557
-0.004707581
-0.004844063
-0.005039139
-0.005049196
-0.004857042
-0.004720415
-0.00482819
-0.005042078
-0.005258689
-0.005470727
-0.005650138
-0.005759315
-0.005797603
-0.005792978
-0.005772677
-0.005762772
-0.005774159
-0.005798971
-0.005824444
-0.005895827
-0.006064819
-0.006192674
-0.006093801
-0.005827954
-0.005719889
-0.005796166
-0.005917054
-0.005892374
-0.005665022
-0.005345068
-0.005080719
-0.004964615
-0.004989348
-0.005038138
-0.004952776
-0.004725958
-0.004467217
-0.004363401
-0.004628225
-0.004951107
-0.004831101
-0.004253667
-0.003602052
-0.003119861
-0.002869422
-0.002798912
-0.002818362
-0.002848527
-0.002826192
-0.002682823
-0.002593744
-0.002686834
-0.002861642
-0.003118165
-0.003432206
-0.003577961
-0.003420018
-0.003122258
-0.003080558
-0.003495444
-0.004152493
-0.004817323
-0.005309239
-0.0054732
-0.005332474
-0.005156399
-0.005140838
-0.005270917
-0.005308227
-0.005076023
-0.004653312
-0.004167094
-0.003539248
-0.00283309
-0.002163403
-0.001682229
-0.001530419
-0.001497276
-0.001324221
-0.001092086
-0.0008506588
-0.0004276846
0.0002383324
0.0008798456
0.001242892
0.00124049
0.0009263613
0.0005345579
0.0003388845
0.0002183779
-1.133946e-05
-0.0002062378
-0.0001434187
0.0002297831
0.0006445626
0.0008345881
0.0008341986
0.0008230067
0.0007979343
0.0007198764
0.0005340552
0.0003982112
0.0004693327
0.0006704506
0.0009810344
0.001358985
0.001610649
0.001724921
0.001773743
0.00167498
0.001409669
0.001151363
0.001096854
0.001167748
0.001213191
0.001156103
0.0009242662
0.0004972776
2.505748e-05
-0.0001996315
-1.947335e-05
0.000330289
0.0006506217
0.001002248
0.0013163
0.001448837
0.001322933
0.0009032119
0.0003250976
-0.0001751797
-0.0004471624
-0.0004888731
-0.0004011766
-0.0002976015
-0.000247914
-0.0002813285
-0.0004678577
-0.000842891
-0.001178435
-0.00123576
-0.001142952
-0.001166555
-0.00138977
-0.001710011
-0.00197523
-0.002100595
-0.002148191
-0.002263345
-0.002383521
-0.002459515
-0.002552456
-0.002669947
-0.002888816
-0.003285041
-0.003799434
-0.004074607
-0.003957616
-0.003770247
-0.003774728
-0.003889386
-0.003876792
-0.003730443
-0.003738898
-0.003933521
-0.003973068
-0.003652863
-0.003138746
-0.002792331
-0.002703081
-0.00272711
-0.002734242
-0.002735884
-0.002747058
-0.00262142
-0.002354122
-0.001958777
-0.001694203
-0.001845814
-0.002169848
-0.002361401
-0.002396173
-0.002268658
-0.002088101
-0.002015372
-0.001992603
-0.001966332
-0.001908828
-0.00186478
-0.001787263
-0.001559447
-0.001082424
-0.0003905645
0.0003619955
0.000922626
0.001260154
0.001479376
0.001727933
0.001998202
0.002146863
0.002237514
0.002359315
0.002599955
0.002822981
0.002812676
0.002555303
0.002232693
0.00214589
0.002398587
0.002664007
0.002555977
0.002118208
0.001557886
0.001112537
0.001036815
0.001340777
0.001727851
0.001815377
0.001518254
0.00103865
0.0006366916
0.0003715201
0.00011326
-0.0001758422
-0.0003737116
-0.0005256185
-0.0006949522
-0.000722552
-0.0007212088
-0.000916176
-0.001215601
-0.001475541
-0.001575673
-0.001587485
-0.001665165
-0.001845992
-0.00206137
-0.002222058
-0.002209449
-0.001815257
-0.00121603
-0.0009021827
-0.001090582
-0.001611784
-0.002140135
-0.002435267
-0.002397275
-0.002070339
-0.001746644
-0.001727495
-0.002091902
-0.002545787
-0.002854594
-0.002993576
-0.002914495
-0.002748043
-0.002762482
-0.002945339
-0.003029806
-0.002968151
-0.00296697
-0.0030549
-0.003117599
-0.003114324
-0.003078948
-0.003129204
-0.003193712
-0.003086758
-0.002713575
-0.002295256
-0.002138649
-0.002227037
-0.00247942
-0.002742383
-0.002843567
-0.002985438
-0.003403717
-0.00382818
-0.004073865
-0.00414303
-0.00405927
-0.004000201
-0.004019074
-0.004009136
-0.003887192
-0.003588815
-0.00322128
-0.002822333
-0.002275681
-0.001633537
-0.001213894
-0.001219147
-0.001471939
-0.001525953
-0.001342748
-0.001105662
-0.001006003
-0.001011371
-0.0009765434
-0.0008548114
-0.000752867
-0.0008112947
-0.0008681815
-0.0006985809
-0.0003506964
3.207592e-05
0.0002762038
0.0004172729
0.000611501
0.0009382002
0.001219248
0.001291589
0.001166887
0.00105658
0.001296646
0.001934418
0.002660702
0.003179669
0.003184252
0.002676611
0.00201237
0.001540778
0.001403223
0.001533181
0.001849234
0.002204419
0.002454534
0.002536371
0.002487619
0.002402419
0.002355423
0.002367476
0.002438725
0.00263641
0.002850452
0.002791799
0.002475122
0.002159978
0.00191112
0.001657576
0.001374712
0.001024844
0.0007096679
0.0006045011
0.0007306975
0.0009594863
0.001125233
0.001040688
0.0006584155
0.0001501471
-0.0002371126
-0.0002826777
-4.160579e-05
0.0003561767
0.0007888855
0.001162652
0.00154047
0.001962646
0.002361837
0.002645404
0.002767036
0.002762456
0.002710239
0.002674802
0.002716383
0.002949046
0.003297307
0.00341584
0.003310477
0.003182019
0.003241278
0.003525741
0.003890065
0.004105688
0.003966706
0.003514222
0.002991969
0.002631947
0.002460699
0.002337951
0.002213977
0.002015207
0.001784014
0.001671602
0.001636415
0.001575869
0.001539106
0.001691327
0.001950153
0.002043316
0.001949907
0.001904132
0.001958313
0.001939823
0.001841768
0.001776642
0.00169408
0.001552512
0.001385138
0.001251155
0.001189333
0.001279478
0.001622192
0.002201192
0.002844605
0.003235018
0.003260685
0.00313602
0.003069671
0.003047962
0.003105417
0.003240999
0.003390233
0.003479427
0.003376971
0.003015038
0.002526138
0.002122901
0.001941114
0.002049778
0.00225677
0.002384367
0.002345791
0.002097574
0.001734788
0.001412245
0.001260774
0.0014012
0.001684709
0.001727641
0.001449706
0.001012396
0.0006613137
0.0005009794
0.0005553629
0.000823193
0.001158245
0.001288299
0.001181781
0.001041914
0.001019879
0.001102473
0.001086934
0.0008662103
0.0006888617
0.0008666897
0.001250091
0.001419544
0.001312919
0.00113458
0.001048104
0.001055917
0.001010273
0.0008950956
0.0007349634
0.0006926171
0.001039019
0.001848365
0.002745949
0.003277381
0.00330538
0.003006202
0.002667722
0.002499701
0.002543117
0.002704281
0.002855873
0.002923468
0.002947152
0.003059679
0.003209189
0.003257917
0.003173493
0.003021811
0.00289125
0.002834948
0.002910197
0.003152908
0.003438285
0.003723454
0.003943188
0.003985988
0.003893531
0.003684002
0.003398259
0.003071069
0.002654914
0.002244876
0.002035167
0.002036223
0.002114152
0.001995445
0.001704352
0.00151098
0.001736133
0.002413125
0.003145239
0.003627737
0.003902086
0.004082873
0.004150629
0.003995199
0.00373257
0.003572617
0.003568339
0.003764968
0.004094264
0.00448819
0.00487918
0.005064368
0.004974455
0.004723829
0.004490039
0.004392311
0.004431798
0.004452943
0.004324415
0.004107125
0.003882256
0.003746775
0.003628863
0.003549953
0.003651313
0.003860316
0.004006812
0.004132919
0.004392813
0.004856482
0.005285556
0.005307186
0.004984354
0.004707743
0.004800825
0.005276088
0.005655089
0.005622903
0.005235386
0.004754272
0.004342445
0.004045151
0.003980644
0.004065103
0.004106472
0.004065823
0.003998529
0.004068636
0.004171113
0.004195859
0.00415535
0.004316089
0.00467537
0.004855344
0.004745979
0.004510135
0.004331124
0.004290507
0.004323341
0.004252866
0.004080092
0.003824764
0.003550685
0.003474586
0.003697572
0.004091556
0.004423218
0.004428785
0.004059774
0.003645569
0.00353125
0.003761668
0.004124555
0.0042736
0.004030667
0.003533042
0.003067153
0.00292977
0.003220109
0.003564901
0.00357819
0.003417455
0.003429102
0.003714952
0.004129136
0.004386994
0.004328156
0.004142239
0.003892348
0.003552807
0.003328822
0.003227907
0.003089461
0.002819015
0.002600662
0.002582801
0.002736492
0.00288387
0.002837709
0.002633471
0.002383211
0.002288133
0.002371467
0.002402458
0.002225451
0.001934476
0.001789306
0.001813602
0.001886834
0.002008198
0.002079966
0.001994808
0.001789729
0.001497187
0.0009733306
0.000319657
-0.000158368
-0.0003031722
-0.0001566368
0.0001989981
0.0005389419
0.0006219578
0.0004324287
0.0001538043
9.105283e-05
0.0003877383
0.0008990739
0.001357437
0.001494342
0.001300655
0.00106339
0.001002043
0.00112977
0.001326926
0.001476047
0.001535259
0.001598308
0.001752722
0.001861048
0.001816904
0.001654532
0.001470114
0.001346931
0.001373542
0.001609762
0.001873152
0.001956234
0.001867214
0.001809315
0.001815779
0.00179258
0.001703926
0.00158289
0.001503971
0.001595711
0.001772819
0.001726126
0.001411361
0.000995412
0.0005970493
0.0003962555
0.0004454005
0.0006382398
0.0008484758
0.0009467741
0.0009348307
0.0007631374
0.0004758825
0.0002556422
0.0003331505
0.000725849
0.001227034
0.001654298
0.001981327
0.002156297
0.002224357
0.002173426
0.001991573
0.001760313
0.001580548
0.001503024
0.001490613
0.0013889
0.001190521
0.0009353557
0.0006251378
0.0003235303
0.0001103911
1.914397e-05
2.417886e-05
6.921922e-05
0.0001008436
1.657815e-05
-0.0002206635
-0.000405465
-0.0003967801
-0.0002907526
-0.0002743924
-0.0003071893
-0.0002804565
-0.0001724658
-3.222291e-05
0.0001267196
0.0003582454
0.000548159
0.0005916399
0.0006291417
0.0008372429
0.001318477
0.001974766
0.002472928
0.002670158
0.002674779
0.002537321
0.00236199
0.002244056
0.002223293
0.002338208
0.002359742
0.002160498
0.00186524
0.001494471
0.001220574
0.001174644
0.00140068
0.00188538
0.002397333
0.002594185
0.002382046
0.002068196
0.00211649
0.002532356
0.003012948
0.003294018
0.003340441
0.003346986
0.003360261
0.003311889
0.003195134
0.003061207
0.002965691
0.002970649
0.00319875
0.003609558
0.003898853
0.003853368
0.003538658
0.003171763
0.002969216
0.003086018
0.003406396
0.003737981
0.003893416
0.003763683
0.003466276
0.003319434
0.00352776
0.003992379
0.004469612
0.004767763
0.004837318
0.004729942
0.004460936
0.004159531
0.003917869
0.003706707
0.00353882
0.003556078
0.003842754
0.004275013
0.004653612
0.00485562
0.004877983
0.004800932
0.004718937
0.004701321
0.004844101
0.005120461
0.005415025
0.005712881
0.005971488
0.006055304
0.005950711
0.005838214
0.005760808
0.005712476
0.005747867
0.005676291
0.005329046
0.004892662
0.004611488
0.004573581
0.004694084
0.004736487
0.004511655
0.004160823
0.00384066
0.003412566
0.002856299
0.002323622
0.001971546
0.001848204
0.001884076
0.001959956
0.001997679
0.001982725
0.001936333
0.00197182
0.002167329
0.00243074
0.002739496
0.00304682
0.003275626
0.003309513
0.003118814
0.002842615
0.002522455
0.002207196
0.001910822
0.001547392
0.001114766
0.0007201505
0.0004679501
0.0003843744
0.0004198984
0.0004398282
0.0002491647
-0.0001647597
-0.0005664114
-0.0006349303
-0.0003103676
0.0001299138
0.0002855064
3.347092e-05
-0.0004378579
-0.0008512769
-0.000980096
-0.0007637272
-0.000457749
-0.0002410486
-0.0001215054
-0.0001685128
-0.0003601641
-0.0005799743
-0.000798691
-0.0009543057
-0.0008537982
-0.0005123949
-0.0001275182
3.039479e-05
-0.0001187506
-0.0005448044
-0.001128433
-0.0014525
-0.001162675
-0.0005153688
-1.573481e-05
7.621479e-05
-0.0001901301
-0.0006529273
-0.0009209605
-0.0006821603
-7.537815e-05
0.0004114219
0.0004330961
4.666561e-05
-0.0004554955
-0.0008395954
-0.00110044
-0.001233454
-0.001302317
-0.001339903
-0.001493233
-0.001833056
-0.002086309
-0.00214175
-0.002095076
-0.002059071
-0.002015211
-0.00181433
-0.001450151
-0.001062499
-0.0007995768
-0.0007999221
-0.00114897
-0.001702014
-0.002206546
-0.002489073
-0.002523376
-0.002407308
-0.00227404
-0.002210787
-0.002230448
-0.002293359
-0.002349216
-0.002353454
-0.002171347
-0.001619465
-0.0007608971
9.253343e-05
0.0006495996
0.0008226825
0.0007239893
0.0005460293
0.0004397226
0.0004989334
0.0007836348
0.001103782
0.001181478
0.0008788618
0.0004312417
0.0001431982
3.559508e-05
0.0001433882
0.0004613116
0.0006946189
0.0007362086
0.00067584
0.0005071967
9.038065e-05
-0.0004286762
-0.0007804849
-0.0008503865
-0.000711278
-0.0005194771
-0.0004000887
-0.0003913143
-0.0004598187
-0.0006210029
-0.0009443074
-0.001278646
-0.001368845
-0.001254195
-0.001089081
-0.0008890099
-0.0006772054
-0.0006164708
-0.0008172614
-0.000974269
-0.000831752
-0.0005055242
-0.0001927987
7.882886e-05
0.0002269202
5.351333e-05
-0.0003457913
-0.000688604
-0.0008561833
-0.0007067014
-0.0003772719
-0.0002369859
-0.0003328642
-0.0004702867
-0.0004655249
-0.0001663841
0.0003245263
0.0006440696
0.0005917828
0.0002715349
-7.925192e-05
-0.0002804266
-0.0002914991
-0.0001850931
-6.75681e-05
-4.597321e-06
1.802228e-06
-1.345643e-05
-1.156628e-05
1.869332e-05
6.290122e-05
9.971997e-05
0.0001165242
0.0001141989
0.0001024963
9.20475e-05
8.857226e-05
9.171757e-05
9.753405e-05
0.0001019941
0.0001032422
0.0001018548
9.965878e-05
0.0001216441
0.0002959977
0.0006843877
0.001151639
0.001507023
0.001654069
0.00162342
0.001517451
0.001433174
0.001411425
0.001395698
0.001255062
0.001064701
0.0009810512
0.001045731
0.001255081
0.001644595
0.002137009
0.002570149
0.002872872
0.003023849
0.002979716
0.002847884
0.002694412
0.002785664
0.003104762
0.003406136
0.003547382
0.003432354
0.003198197
0.00292591
0.00260457
0.002376906
0.002320449
0.002304306
0.002231908
0.002192947
0.002221997
0.002164294
0.001892062
0.001482807
0.001136219
0.00108455
0.001285183
0.001506082
0.001683145
0.001736354
0.00156907
0.001166032
0.0007681337
0.0006311784
0.000778442
0.001055532
0.001282571
0.001330054
0.00112199
0.0008371557
0.0007190911
0.0008353864
0.001046156
0.001061285
0.000780122
0.0004605582
0.0002804279
0.0001924001
0.0001255533
5.257675e-05
4.060856e-06
0.0001015644
0.0002905744
0.0003780415
0.0002919678
0.0001012758
-9.981621e-05
-0.0003534925
-0.000712377
-0.001115125
-0.001540553
-0.00201176
-0.002460723
-0.002771418
-0.00280843
-0.002593269
-0.002286064
-0.002068612
-0.002114518
-0.002395217
-0.002735181
-0.00296837
-0.003028482
-0.002872867
-0.002561021
-0.002274406
-0.002025791
-0.001802254
-0.001631477
-0.001699733
-0.002250607
-0.003060895
-0.003534197
-0.003300959
-0.00261792
-0.002077155
-0.002007693
-0.002335834
-0.002775837
-0.003071137
-0.003124496
-0.00299163
-0.002805396
-0.002681217
-0.00266059
-0.002712196
-0.002717286
-0.002556076
-0.002355434
-0.002284877
-0.002376255
-0.002547766
-0.002691638
-0.002779454
-0.002950309
-0.003244858
-0.003433904
-0.003414795
-0.003436097
-0.003466772
-0.003347199
-0.003167278
-0.003014467
-0.002965005
-0.002977764
-0.003066073
-0.003253772
-0.00347686
-0.00367192
-0.003898588
-0.004127489
-0.004334339
-0.004541291
-0.004635808
-0.004622688
-0.004617676
-0.004576909
-0.004500817
-0.004377106
-0.004177924
-0.004075433
-0.004212486
-0.004427826
-0.004569729
-0.004679496
-0.004808753
-0.004956407
-0.00508638
-0.005166585
-0.005191372
-0.005179212
-0.005160548
-0.005235869
-0.00545787
-0.005716186
-0.005926478
-0.006020304
-0.006107855
-0.006192628
-0.006206477
-0.006264686
-0.006495581
-0.006975681
-0.007478507
-0.007581695
-0.007224139
-0.006579284
-0.005982361
-0.005738956
-0.005784002
-0.005934374
-0.006161361
-0.006416985
-0.006495603
-0.006292625
-0.005924964
-0.00563009
-0.00563823
-0.005856652
-0.006029974
-0.006026032
-0.005876101
-0.005694344
-0.005585737
-0.005555173
-0.005433626
-0.00510006
-0.004668177
-0.004446867
-0.004614677
-0.005032885
-0.005341661
-0.005272474
-0.004975606
-0.00480339
-0.004911831
-0.005212246
-0.005506581
-0.005569555
-0.005348319
-0.004943471
-0.004400859
-0.003953822
-0.003768801
-0.003827316
-0.003990566
-0.004043643
-0.003864501
-0.003576768
-0.003248129
-0.002924652
-0.002673124
-0.002479536
-0.002267278
-0.002126278
-0.00214818
-0.002300327
-0.002478927
-0.002592472
-0.00260374
-0.002538186
-0.002452009
-0.002384774
-0.002352441
-0.002356781
-0.002376497
-0.002386203
-0.002399083
-0.002519623
-0.002700704
-0.002773973
-0.002705985
-0.00266491
-0.002721506
-0.002884959
-0.00315281
-0.003418597
-0.00347495
-0.003201129
-0.002723042
-0.002279885
-0.002038865
-0.002018683
-0.002125321
-0.002252523
-0.002412994
-0.002589482
-0.002638
-0.002528852
-0.002452827
-0.00262308
-0.003013767
-0.003421575
-0.003663667
-0.003700288
-0.003608648
-0.003491594
-0.003330412
-0.003122842
-0.002926537
-0.002794392
-0.002733588
-0.002631984
-0.002476132
-0.002514772
-0.002917257
-0.003453788
-0.003824101
-0.003887016
-0.003614423
-0.003100137
-0.002665593
-0.002514311
-0.002632311
-0.002960205
-0.00334603
-0.003630819
-0.003751659
-0.003745906
-0.003692362
-0.003632774
-0.003442172
-0.002947472
-0.002307152
-0.001864987
-0.001786098
-0.002011929
-0.002456482
-0.002983331
-0.003318238
-0.003371306
-0.0031903
-0.002878777
-0.002688563
-0.002684041
-0.0027425
-0.002857099
-0.002983717
-0.003120324
-0.003312781
-0.003533999
-0.003722241
-0.003832233
-0.003860857
-0.003837644
-0.003795441
-0.003764982
-0.003786092
-0.003950265
-0.004179071
-0.004279668
-0.004191109
-0.003994204
-0.00381299
-0.003760179
-0.00395812
-0.004381947
-0.004809109
-0.004963442
-0.004878439
-0.004774404
-0.004821363
-0.005068457
-0.005236969
-0.005227579
-0.005248529
-0.005326208
-0.005387418
-0.005525182
-0.005800086
-0.00608843
-0.00612471
-0.005768777
-0.005094929
-0.004424279
-0.00395295
-0.003711347
-0.003736374
-0.003899722
-0.004080895
-0.004159521
-0.004177829
-0.004217596
-0.004172844
-0.003956502
-0.003631749
-0.003371344
-0.003366065
-0.003561559
-0.003771549
-0.00371057
-0.003400576
-0.003071416
-0.002896766
-0.002907781
-0.003026151
-0.003139563
-0.003116495
-0.00289267
-0.002720017
-0.00291503
-0.003416763
-0.003823662
-0.003912933
-0.003796337
-0.003630178
-0.003561471
-0.003530446
-0.003435225
-0.003271723
-0.003102322
-0.002988529
-0.002951262
-0.002970336
-0.003007612
-0.003028746
-0.002943681
-0.002643133
-0.00227066
-0.002049055
-0.002023392
-0.002225714
-0.002488718
-0.002520757
-0.002246679
-0.001827435
-0.001477113
-0.001238746
-0.0009827582
-0.0007415296
-0.0006277514
-0.0005605939
-0.0005362134
-0.0006011852
-0.0006154082
-0.000493394
-0.0002890391
-9.973188e-05
1.320369e-05
4.16889e-05
1.718166e-05
-1.872064e-05
-4.36011e-05
-5.092961e-05
-3.910128e-05
-4.177478e-06
0.0001402036
0.000476477
0.0009249768
0.001318601
0.001545056
0.001601822
0.001553845
0.001490774
0.00148862
0.001653503
0.002042586
0.002486017
0.002560085
0.00215119
0.001610513
0.001407062
0.001706984
0.002171016
0.002398517
0.002379556
0.002223326
0.001988077
0.001802821
0.001965818
0.002494667
0.003030489
0.003191452
0.002959923
0.002543354
0.002212591
0.002062784
0.001988195
0.001900708
0.001785941
0.001675152
0.001640735
0.001791219
0.002004675
0.002079964
0.001970138
0.00176561
0.001588889
0.001511021
0.001528788
0.001591725
0.00164556
0.001662297
0.001645345
0.001615137
0.001553598
0.001372938
0.001179362
0.001142763
0.00125239
0.001311535
0.001262768
0.001041271
0.0005753912
0.0001403188
7.386866e-05
0.0003480251
0.0008163373
0.001300575
0.001630016
0.001684761
0.001457715
0.0012023
0.001087153
0.001002284
0.0008967042
0.0009113529
0.001052042
0.001095902
0.0009748991
0.0008472565
0.0008003081
0.0009199616
0.001139808
0.001211606
0.001022887
0.0007460813
0.0006128772
0.0006594388
0.0008278276
0.000830875
0.0005219489
0.0001429613
2.832961e-05
0.0002850019
0.0006326956
0.0008796924
0.00100672
0.0008606118
0.0005071222
0.0003800973
0.0005852236
0.0008304674
0.0008773761
0.0007087331
0.0004505862
0.0001710404
-9.711445e-05
-0.0001184953
0.0001939265
0.000565394
0.0007467802
0.0006889808
0.0004921831
0.0002999902
0.0002058093
0.0002062852
0.000164478
2.826522e-05
-4.996373e-05
0.0001042761
0.0004630701
0.0008552508
0.001104063
0.0009836584
0.0006305117
0.0003898425
0.000340427
0.0004004963
0.0004613192
0.0004639758
0.0003959847
0.0002046766
-2.920431e-05
-0.0001253187
-5.518698e-05
-1.103402e-06
-2.538217e-05
-2.44266e-05
4.155328e-05
4.28844e-05
-5.571992e-05
-0.0002431155
-0.0005219508
-0.0008182981
-0.001037404
-0.001112176
-0.00092226
-0.0003915478
0.0001762951
0.0006092134
0.0009401627
0.001100787
0.001124143
0.001056474
0.0009971387
0.0009669754
0.0009890915
0.0009811033
0.0008857411
0.0008619321
0.001034891
0.001305416
0.001426419
0.00139435
0.001366852
0.001382399
0.001338473
0.001283132
0.001313124
0.001441594
0.001608843
0.001796169
0.002031838
0.002188219
0.002157631
0.001917435
0.001456218
0.0009517173
0.0007347021
0.0009209163
0.001340342
0.001730828
0.001927343
0.001994909
0.002078496
0.002130002
0.002092857
0.001994893
0.00205741
0.002493286
0.003080352
0.003501632
0.003612915
0.003409908
0.003095356
0.003100636
0.00337169
0.003518334
0.003455394
0.003304566
0.003195248
0.003182554
0.003252423
0.003368021
0.003562711
0.003811569
0.004043088
0.004269834
0.004378694
0.004225686
0.003851979
0.003352931
0.002904643
0.002738122
0.002853215
0.003008365
0.003184111
0.00341206
0.003570424
0.003606669
0.003657496
0.003746077
0.003753591
0.003635214
0.003475953
0.003491808
0.003771991
0.004084664
0.004266962
0.004335458
0.004222793
0.003903662
0.003548049
0.003381485
0.003331554
0.003401287
0.003531092
0.003578477
0.003536893
0.003554523
0.003612072
0.003588564
0.003425838
0.003057222
0.002605753
0.002480173
0.002767308
0.003192106
0.003478912
0.003525098
0.003393614
0.003160457
0.002862668
0.002676721
0.002658788
0.002615446
0.002418827
0.002183688
0.002105152
0.002127623
0.00217425
0.002333443
0.002635352
0.003040156
0.003554162
0.004102739
0.004542496
0.004777457
0.00475561
0.004429855
0.003911635
0.003426135
0.003142836
0.003088858
0.00317608
0.003284766
0.003332143
0.003220345
0.002860404
0.002366029
0.002020218
0.002000234
0.002137223
0.002292492
0.002432999
0.002509549
0.002537233
0.002445253
0.002312041
0.002277225
0.002340752
0.002464816
0.002561563
0.002688213
0.002870495
0.002985355
0.002928401
0.002848867
0.002879034
0.00292397
0.002787737
0.002537851
0.002445581
0.002621629
0.002942799
0.003103895
0.002800015
0.0021119
0.001393159
0.0009563199
0.0009731007
0.001329149
0.001744706
0.001909078
0.001742405
0.001394886
0.001004804
0.0007877307
0.0009122484
0.001284654
0.001577157
0.001516257
0.001135548
0.0006668784
0.0003494778
0.0003732004
0.0007758851
0.001358573
0.001851828
0.002087948
0.002074526
0.001934781
0.001808628
0.001774701
0.001797153
0.001717873
0.001548592
0.001477786
0.001683258
0.002076433
0.002483122
0.002711584
0.002603963
0.002151789
0.001608531
0.001187531
0.0009286002
0.0009207018
0.001168272
0.001426045
0.00155636
0.001602584
0.001513601
0.001243225
0.0008868083
0.0005675215
0.0002627183
3.208659e-05
-2.465386e-05
-3.892452e-05
-0.0001566894
-0.0002374672
-9.902613e-06
0.0004437687
0.0008137948
0.0009248133
0.0007765589
0.0003816356
-0.0001201473
-0.0004038523
-0.0003318253
-0.0001129595
0.0001468847
0.0004769006
0.0006157857
0.0003885712
1.80805e-05
-0.0003136418
-0.0005264437
-0.0004720991
-9.52567e-05
0.000517809
0.001089938
0.001441881
0.001512255
0.001458241
0.001488819
0.001658392
0.001858238
0.001847309
0.001531971
0.001063618
0.0007074219
0.0007351407
0.001165963
0.001711381
0.001955758
0.001732197
0.001217971
0.0007635423
0.0006397523
0.0007061119
0.0008687103
0.001022399
0.0009933832
0.0007108422
0.0003879246
0.0001400855
-0.0001821592
-0.0004767946
-0.0005119589
-0.0004250725
-0.0004919233
-0.0006772077
-0.0008626467
-0.001034277
-0.001082689
-0.0009497078
-0.0007686176
-0.0007335042
-0.0007904484
-0.0007975097
-0.0006981636
-0.0005325855
-0.0004312058
-0.0005153033
-0.0006438267
-0.0006436762
-0.0004939911
-0.0002848958
-6.44631e-05
0.0001306481
0.0001063481
-9.193409e-05
-0.0002703386
-0.0003136597
-0.0002311428
-0.0001036154
-1.047224e-05
1.899444e-05
7.530349e-06
-9.146637e-06
-1.00105e-05
6.059714e-06
2.812241e-05
4.430092e-05
4.916238e-05
4.475233e-05
3.70814e-05
3.162786e-05
2.702254e-05
-5.708178e-05
-0.0003429807
-0.0007750453
-0.001100694
-0.001057386
-0.0007436075
-0.0004537602
-0.0003474154
-0.0005240799
-0.0008960289
-0.00125245
-0.001334755
-0.001016205
-0.0004721185
-8.091755e-05
-2.581989e-05
-0.0001286829
-0.0001897498
-0.0002330654
-0.0003037659
-0.0002941827
-0.0001556368
4.901396e-05
0.0002451971
0.0004783274
0.0006877495
0.0007280225
0.0005869295
0.0003493035
4.038097e-05
-0.0002121532
-0.0002650273
-0.0002300154
-0.0001833493
-0.0001029767
-0.0001177545
-0.000337873
-0.0006858498
-0.001023484
-0.00133796
-0.001545354
-0.001539661
-0.001361102
-0.001142292
-0.001037583
-0.001182349
-0.001433575
-0.001551837
-0.001462906
-0.00125235
-0.00105409
-0.0009166937
-0.0007508239
-0.0006522688
-0.0008285219
-0.001169327
-0.00141035
-0.001430903
-0.001341713
-0.001397015
-0.001632342
-0.001795087
-0.001703495
-0.001410563
-0.001102327
-0.000983405
-0.00114819
-0.001385349
-0.001509236
-0.001542373
-0.001520472
-0.001503135
-0.001426974
-0.00133705
-0.001336724
-0.001412106
-0.001605119
-0.001879714
-0.002047995
-0.001900507
-0.001563181
-0.001392351
-0.00153922
-0.001956501
-0.002473314
-0.00277694
-0.002731246
-0.002440376
-0.002116099
-0.001915848
-0.001873781
-0.00193306
-0.001996329
-0.001913355
-0.001695959
-0.001641869
-0.001879813
-0.002281605
-0.002627143
-0.002673098
-0.002334773
-0.001889202
-0.001665518
-0.001579021
-0.001515155
-0.001386068
-0.001148572
-0.0009624466
-0.0009033364
-0.0009737517
-0.001067823
-0.001027207
-0.0008066536
-0.0004280527
-0.0001694296
-0.0001946998
-0.0003723544
-0.0005250237
-0.0005617924
-0.0004956705
-0.0004336835
-0.0005376656
-0.0007244989
-0.0008035165
-0.0007167324
-0.0005746692
-0.000583579
-0.0006674535
-0.0005691314
-0.0003228099
-6.32507e-05
0.0002352684
0.0005793258
0.0008330821
0.0008433691
0.0006751023
0.0004484954
0.0003697958
0.000531268
0.0008343821
0.001108934
0.001176985
0.0009842634
0.0007553697
0.0006152132
0.0006236702
0.0008993206
0.001263963
0.001495494
0.001601519
0.001775148
0.002002348
0.002062501
0.001875332
0.001634591
0.001569038
0.001702444
0.002162699
0.002317689
0.002367831
0.00234589
0.002384229
0.002419154
0.002205948
0.001742232
0.001336376
0.001310296
0.001758524
0.002445492
0.00303061
0.003309295
0.003288496
0.003131972
0.003104476
0.003223563
0.00320597
0.002986463
0.002758822
0.002658745
0.00257561
0.002379305
0.00221542
0.002237332
0.002334601
0.002459018
0.002669864
0.003025626
0.00336539
0.003488563
0.00337518
0.003113989
0.002761459
0.002497383
0.002477469
0.002664502
0.002851326
0.002832472
0.002637208
0.00232
0.001963439
0.001678997
0.001532726
0.001514044
0.001561146
0.001608236
0.001619577
0.001595802
0.00156228
0.001616265
0.001803853
0.001874001
0.001658144
0.001352398
0.001183473
0.001215953
0.001372059
0.001529516
0.001602776
0.001497622
0.001142504
0.0007517298
0.0006205211
0.0007022307
0.0007427236
0.0007176715
0.0007575453
0.0007340215
0.0005711241
0.0004288294
0.0004361017
0.0006668028
0.00103099
0.001359252
0.001511316
0.001352581
0.0009144538
0.0005530891
0.0006808233
0.001338317
0.002162748
0.002665534
0.002724188
0.002555154
0.002308085
0.002154675
0.002187764
0.002259798
0.002323299
0.002387037
0.002314326
0.002071413
0.00185997
0.001775879
0.00180302
0.001678357
0.001224799
0.0005846745
2.93605e-05
-0.0002595807
-0.0002161626
0.0002244188
0.001029876
0.001936025
0.002559585
0.002609552
0.002097209
0.001238916
0.0003807182
-0.0001787916
-0.00027218
0.00010549
0.0006297878
0.0009422759
0.001038546
0.0009682305
0.0007818573
0.0006861178
0.0007738524
0.0008969753
0.0008102204
0.0005687606
0.0004454434
0.0004803303
0.0005814728
0.0007269709
0.0007861288
0.0006107786
0.000248067
-0.0001128967
-0.0002163731
7.278761e-05
0.0006038117
0.001082065
0.001243192
0.001199377
0.001145577
0.001014475
0.0008266986
0.0007347357
0.0008193293
0.001086404
0.00128041
0.0012291
0.001073648
0.001062821
0.001233784
0.001546721
0.001926908
0.002180276
0.002045853
0.001677418
0.001328406
0.001105029
0.001013816
0.001003747
0.001014557
0.001008024
0.0009767867
0.0009326891
0.0008433528
0.0006635689
0.0005240817
0.0005429571
0.000694391
0.0008078076
0.0007438703
0.0006229137
0.0005139506
0.0003359361
7.225716e-05
-0.0002061023
-0.0004123506
-0.0005062863
-0.0005074444
-0.0004638884
-0.0003412655
-6.658374e-05
0.0002255098
0.0003848581
0.0003800028
0.0002725664
0.0001524053
7.806803e-05
5.397677e-05
-2.610526e-05
-0.0001962574
-0.000398515
-0.0005549639
-0.0006258354
-0.0006225767
-0.0005862906
-0.0005555955
-0.0005422997
-0.0005393414
-0.0005387235
-0.0005370338
-0.0005348336
-0.0005342333
-0.0005367248
-0.0005416499
-0.0005171342
-0.0003856645
-0.00023298
-0.0001676721
-0.0001045178
2.246746e-05
7.985323e-05
-7.814176e-05
-0.0004642935
-0.0008978702
-0.001220333
-0.001339723
-0.001357502
-0.001360808
-0.001284381
-0.001144378
-0.001111717
-0.001268254
-0.001537148
-0.001850189
-0.002214736
-0.002506616
-0.002535723
-0.002297465
-0.001950859
-0.001676645
-0.001573271
-0.00168803
-0.001961849
-0.002157163
-0.002147809
-0.002060598
-0.002108553
-0.002339487
-0.002637713
-0.002861263
-0.002941386
-0.002895452
-0.002794616
-0.002705242
-0.00266667
-0.002744113
-0.002919521
-0.003112048
-0.00331237
-0.003497131
-0.003617815
-0.003577945
-0.003316133
-0.002941328
-0.002709425
-0.002777457
-0.002979688
-0.003068128
-0.003031312
-0.002887111
-0.002566643
-0.002179156
-0.00193769
-0.001934036
-0.002169617
-0.002468949
-0.002602133
-0.002509628
-0.002291042
-0.002105181
-0.002128141
-0.002405637
-0.002795256
-0.003089683
-0.003089715
-0.002777058
-0.002408461
-0.002169039
-0.002060779
-0.00211391
-0.002333295
-0.002615324
-0.002810935
-0.002755684
-0.00246082
-0.002185942
-0.002142167
-0.002293016
-0.002393237
-0.002276289
-0.001986225
-0.001672354
-0.001462712
-0.001399236
-0.001468421
-0.001687936
-0.002009501
-0.002306793
-0.002478911
-0.002508125
-0.002445005
-0.002358036
-0.002299448
-0.002256349
-0.002148709
-0.002023552
-0.001954119
-0.001865415
-0.001686739
-0.001457775
-0.001269446
-0.001178989
-0.001180203
-0.001225772
-0.001265771
-0.001272662
-0.001210501
-0.001088828
-0.001068907
-0.001169857
-0.001284957
-0.001332975
-0.001301168
-0.001179846
-0.0009351899
-0.0006516221
-0.0005261882
-0.0006448409
-0.0009141751
-0.001168403
-0.001288839
-0.001228019
-0.001013548
-0.0007836232
-0.0006314032
-0.0006377513
-0.000749215
-0.0008380176
-0.0008995527
-0.0009533248
-0.00100043
-0.001031157
-0.0009938845
-0.0009137102
-0.0009814734
-0.00119839
-0.001364564
-0.001355136
-0.001204366
-0.001020619
-0.0008963676
-0.0008664274
-0.0009047149
-0.000954752
-0.0009709762
-0.0009408275
-0.0008807664
-0.0008282883
-0.0008632822
-0.001033301
-0.00121952
-0.001265301
-0.001208669
-0.001188883
-0.001248824
-0.001291142
-0.001282692
-0.001270444
-0.001208848
-0.00104296
-0.0008234241
-0.0007071062
-0.0007932423
-0.001020309
-0.001236884
-0.00126869
-0.001061895
-0.0007340025
-0.0004529007
-0.0003186018
-0.0003459076
-0.0005091052
-0.0006700916
-0.0007399697
-0.000837695
-0.000999916
-0.001137465
-0.001184217
-0.001144769
-0.001099541
-0.001165587
-0.001327028
-0.00145494
-0.001490363
-0.001398953
-0.001212707
-0.00105253
-0.001056088
-0.001230604
-0.001434377
-0.001481998
-0.001324815
-0.001097248
-0.001002305
-0.00106257
-0.001129934
-0.001100215
-0.0009802144
-0.0008722031
-0.0008235451
-0.0007565602
-0.0006828063
-0.0006411769
-0.0006403965
-0.0006622399
-0.0006849054
-0.0006963328
-0.0006870643
-0.0006179331
-0.0004979805
-0.0004157957
-0.0004178157
-0.0004750803
-0.0004896302
-0.0003870492
-0.000235423
-0.0001286608
-0.0001013111
-0.000122292
-0.0001135524
-4.782664e-05
3.812476e-05
6.034899e-05
1.007365e-05
-7.676048e-05
-0.0001392967
-0.0001653612
-0.0001631516
-5.567064e-05
0.000133683
0.0002939383
0.0003564879
0.0003067569
0.000173502
6.711906e-05
6.601546e-05
0.0001562553
0.0002713769
0.0003528891
0.0003820591
0.0003728302
0.0003518583
0.000340196
0.0003452072
0.0003645087
0.0003813901
0.0003599703
0.0003538703
0.0003945976
0.0004461434
0.0004904
0.0005643717
0.0006602545
0.0007202229
0.000749053
0.0007517982
0.0006963963
0.0005915617
0.0004878053
0.0004600609
0.0005491296
0.0007037216
0.0008097992
0.0008225419
0.0007893088
0.0007557801
0.0007172922
0.0006915273
0.0007043604
0.0007480874
0.0007955361
0.0008395398
0.000907291
0.001002045
0.0010754
0.001061521
0.0009838372
0.0009325721
0.0009495653
0.001009444
0.00104381
0.001022413
0.0009840394
0.0009656331
0.0009740229
0.0009945061
0.00100859
0.001006462
0.0009894576
0.0009562797
0.0008988697
0.0008356772
0.0007809119
0.0007315439
0.0006584811
0.0005857832
0.000545228
0.000542488
0.0005613325
0.0005805644
0.000588426
0.0005847325
0.0005738014
0.0005621722
0.000550761
0.0005218553
0.0004803393
0.0004320207
0.0003790466
0.0003325651
0.000303264
0.0002933266
0.0002966556
0.0003041792
0.0003092205
0.0003105869
0.0003118766
0.0003267206
0.0003587175
0.0003981599
0.0004431017
0.0004840989
0.0005100809
0.0005143151
0.0004889385
0.0004528067
0.0004350114
0.0004428278
0.0004641268
0.0004816845
0.0004854914
0.00048476
0.000502943
0.0005438074
0.0005878816
0.0006045651
0.0005723838
0.0005061188
0.0004502886
0.0004406929
0.0004709581
0.0004988342
0.000492216
0.0004631659
0.0004299855
0.0003988602
0.0003750989
0.0003613716
0.0003553738
0.0003528788
0.0003498246
0.0003444457
0.0003375158
0.0003308052
0.0003255622
0.0003219226
0.0003191885
0.0003164187
0.0003125669
0.0003071706
0.0002995884
0.0002849289
0.0002688291
0.0002628754
0.0002688877
0.0002800873
0.0002883767
0.0002870979
0.0002727206
0.0002525261
0.0002308834
0.0002152755
0.0002164998
0.0002326215
0.0002439569
0.0002367066
0.0002257694
0.0002251026
0.0002353933
0.0002493042
0.0002591889
0.0002614784
0.0002573292
0.0002504549
0.0002444056
0.0002395312
0.0002317389
0.0002240514
0.0002238785
0.0002335053
0.0002438426
0.0002462956
0.0002402253
0.0002302249
0.0002213779
0.0002166477
0.0002186867
0.0002275495
0.0002353943
0.0002337597
0.0002225962
0.0002080817
0.0001966017
0.0001909195
0.0001898914
0.0001895852
0.0001853918
0.0001791976
0.0001751335
0.0001744229
0.0001756063
0.0001764248
0.0001739397
0.0001673162
0.0001610498
0.0001584574
0.0001590203
0.0001589919
0.0001566071
0.0001537786
0.0001520564
0.0001515163
0.0001514338
0.0001509123
0.0001494497
0.0001462127
0.0001390621
0.0001306694
0.0001259107
0.000124889
0.0001251144
0.0001246811
0.0001236758
0.0001238732
0.000124664
0.0001236188
0.0001220769
0.0001219799
0.0001226322
0.0001217925
0.0001195028
0.0001178073
0.0001171133
0.0001164757
0.0001155012
0.0001140227
0.0001124032
0.0001098896
0.0001068199
0.0001048068
0.0001039624
0.0001036787
0.0001038361
0.000104563
0.0001054555
0.0001058446
0.0001049937
0.0001030425
0.0001010184
9.927234e-05
9.801365e-05
9.734333e-05
9.664828e-05
9.563968e-05
9.431615e-05
9.30089e-05
9.214655e-05
9.17057e-05
9.136035e-05
9.080704e-05
8.994194e-05
8.876934e-05
8.718594e-05
8.539042e-05
8.399776e-05
8.331654e-05
8.309861e-05
8.288816e-05
8.237459e-05
8.151216e-05
8.044074e-05
7.935825e-05
7.839877e-05
7.757142e-05
7.681523e-05
7.607118e-05
7.530348e-05
7.45049e-05
7.368984e-05
7.287861e-05
7.208505e-05
7.131135e-05
7.054838e-05
6.978441e-05
6.902303e-05
6.827397e-05
6.753743e-05
6.681404e-05
6.610683e-05
6.541255e-05
6.472457e-05
6.403833e-05
6.335346e-05
6.267232e-05
6.199825e-05
6.133285e-05
6.067665e-05
6.003042e-05
5.939438e-05
5.87658e-05
5.814145e-05
5.752e-05
5.690271e-05
5.629249e-05
5.56901e-05
5.509505e-05
5.451031e-05
5.395002e-05
5.341627e-05
5.288886e-05
5.234336e-05
5.176569e-05
5.117286e-05
5.058597e-05
5.002141e-05
4.947658e-05
4.894107e-05
4.841057e-05
4.788662e-05
4.737178e-05
4.6867e-05
4.637307e-05
4.588971e-05
4.541025e-05
4.493046e-05
4.445196e-05
4.397889e-05
4.35142e-05
4.305927e-05
4.261437e-05
4.217608e-05
4.174024e-05
4.130706e-05
4.087838e-05
4.045498e-05
4.003684e-05
3.962493e-05
3.921975e-05
3.882085e-05
3.842744e-05
3.803913e-05
3.765577e-05
3.727755e-05
3.690527e-05
3.653916e-05
3.617893e-05
3.58242e-05
3.547476e-05
3.513057e-05
3.479174e-05
3.445834e-05
3.413041e-05
3.380804e-05
3.349119e-05
3.317977e-05
3.28737e-05
3.257295e-05
3.227753e-05
3.198745e-05
3.170273e-05
3.142337e-05
3.114935e-05
3.088065e-05
3.061728e-05
3.035922e-05
3.010648e-05
2.985904e-05
2.96169e-05
2.938006e-05
2.914852e-05
2.892226e-05
2.870128e-05
2.848559e-05
2.827517e-05
2.807002e-05
2.787013e-05
2.767551e-05
2.748614e-05
2.730202e-05
2.712315e-05
