-0.0003464985
-0.0003458542
-0.0003454314
-0.00034516
-0.0003448501
-0.0003443153
-0.0003435393
-0.0003428354
-0.0003426955
-0.0003434308
-0.0003449999
-0.0003470583
-0.0003486875
-0.0003482349
-0.0003439152
-0.0003350861
-0.0003232564
-0.0003118693
-0.0003049811
-0.000305443
-0.0003134439
-0.0003268109
-0.0003418822
-0.0003548117
-0.0003637293
-0.0003703582
-0.0003786692
-0.0003923276
-0.0004121969
-0.0004358781
-0.000458341
-0.00047156
-0.0004662688
-0.0004372094
-0.0003866151
-0.0003240906
-0.0002640883
-0.0002195929
-0.0001966405
-0.0001923796
-0.0001980746
-0.0002051628
-0.0002082923
-0.0002105803
-0.0002259456
-0.0002705726
-0.0003428519
-0.000411427
-0.0004367446
-0.0004027705
-0.0003261846
-0.0002413205
-0.0001841308
-0.0001803109
-0.0002318875
-0.0003161064
-0.0004054627
-0.000478042
-0.0005169071
-0.0005136366
-0.0004647472
-0.0003668003
-0.0002198165
-3.998504e-05
0.00014238
0.0003027167
0.0004227373
0.0004820023
0.0004609143
0.0003578452
0.0001948173
1.162706e-06
-0.0001943317
-0.0003545883
-0.0004389856
-0.0004204561
-0.0003026057
-0.0001313968
1.856732e-05
7.29696e-05
-5.666806e-06
-0.0001852213
-0.0003679043
-0.0004491643
-0.0003846415
-0.0002247187
-9.559213e-05
-0.0001213549
-0.0003425677
-0.0006809139
-0.0009876085
-0.001130365
-0.001069964
-0.0008684244
-0.00062628
-0.000405807
-0.000206564
6.887239e-06
0.0002579431
0.0005344014
0.0007809339
0.000937526
0.0009803575
0.0009209664
0.0007962025
0.0006568376
0.0005442203
0.0004581822
0.0003569887
0.0001947162
-3.267757e-05
-0.0002750554
-0.0004554186
-0.000529951
-0.0005412379
-0.0005787901
-0.0006855479
-0.0008142331
-0.0008633295
-0.0007563429
-0.000521853
-0.0002928676
-0.0002116157
-0.0003472484
-0.000642153
-0.0009314795
-0.001033692
-0.0008786911
-0.0005338125
-0.0001199371
0.0002367296
0.0004574709
0.0005663103
0.0006470987
0.0007349147
0.0007902824
0.0007491778
0.00055793
0.0002295241
-0.000116018
-0.0003353972
-0.0003498761
-0.0001744785
0.0001106543
0.0004094213
0.0006606505
0.0008873139
0.00116322
0.001525059
0.001917967
0.002234671
0.002345571
0.002116151
0.001511822
0.0006624294
-0.0001851089
-0.0008055135
-0.001111348
-0.00117047
-0.001162807
-0.001250288
-0.001434147
-0.001533622
-0.00132847
-0.0007868602
-0.0001091809
0.0004283442
0.0006156095
0.0004084355
-1.533714e-05
-0.0003423923
-0.0003781979
-0.0001710378
0.0001047332
0.0002548574
0.0001500678
-0.0001585076
-0.0004814654
-0.000650282
-0.0006363664
-0.0005233787
-0.000426448
-0.0004473816
-0.0006398675
-0.0009922332
-0.001421063
-0.00175973
-0.001811588
-0.001460641
-0.0007488799
0.0001119867
0.0008075278
0.001079306
0.0008836284
0.0003855488
-0.0001417359
-0.0004562809
-0.0004937814
-0.0003807265
-0.0003030824
-0.0003567989
-0.0004841346
-0.00052403
-0.0003217266
0.0001222983
0.0006221891
0.0009583556
0.001078268
0.001036924
0.0008729096
0.0005518313
8.656928e-06
-0.0006839223
-0.001324691
-0.001715523
-0.001790959
-0.001622088
-0.001325688
-0.001020026
-0.0007854331
-0.0006115602
-0.0004461564
-0.0002615096
-7.049624e-05
6.718624e-05
0.0001135234
0.0001803303
0.0004771556
0.001149377
0.002221401
0.003537526
0.00471724
0.005307468
0.005010011
0.003820081
0.00202602
9.504754e-05
-0.00150013
-0.002518605
-0.003016406
-0.003138924
-0.002977115
-0.002569857
-0.001889983
-0.0008817472
0.0003573202
0.00155855
0.002461538
0.002982574
0.003242034
0.003419396
0.003571839
0.003473573
0.002775138
0.001390222
-0.0003586411
-0.001926991
-0.002867003
-0.003038824
-0.002665198
-0.002240333
-0.002196833
-0.002598831
-0.003111049
-0.003267368
-0.002808087
-0.001828954
-0.0006485646
0.0004022259
0.001107006
0.001337295
0.0009745091
-1.340793e-05
-0.001334921
-0.002465766
-0.002962684
-0.002661821
-0.001697869
-0.0004029183
0.0008523928
0.001850704
0.00268448
0.003644005
0.004880307
0.006118946
0.006778153
0.006432195
0.005177257
0.003541321
0.002137404
0.001341277
0.001169404
0.001318743
0.001331635
0.0008579564
-0.0002044629
-0.00162286
-0.002926433
-0.003662731
-0.003606237
-0.002850324
-0.001696398
-0.0004911483
0.0005137401
0.001278912
0.001887267
0.002413959
0.002868042
0.003213188
0.003406379
0.003402445
0.003180989
0.002704728
0.001914635
0.0008847686
-9.933621e-05
-0.0005620115
-8.451486e-05
0.001264377
0.00284136
0.003814731
0.003700486
0.002668024
0.001463491
0.0009267304
0.001440546
0.002699465
0.004016173
0.004792822
0.004813004
0.004273734
0.003580368
0.003013244
0.002604965
0.002289559
0.002031526
0.001820848
0.001673943
0.001590136
0.001465047
0.001076022
0.0002235939
-0.001120435
-0.002724024
-0.004167858
-0.005012573
-0.00495073
-0.003960625
-0.002379913
-0.0007415984
0.0004825293
0.0010331
0.0009583659
0.0005890604
0.0003475768
0.0004818568
0.0008446571
0.0008883028
0.000172866
-0.001212276
-0.002818679
-0.004074815
-0.004439907
-0.00369826
-0.002111266
-0.0002075066
0.001483885
0.002644069
0.003229567
0.00335459
0.003147626
0.002759102
0.00236374
0.002059369
0.001840601
0.001616856
0.00120898
0.0004326948
-0.000676677
-0.001724203
-0.002141006
-0.001521968
0.0001042016
0.002243439
0.004175685
0.005331209
0.005568814
0.005143486
0.004520493
0.004078063
0.003932058
0.00395189
0.00392066
0.003761529
0.003455886
0.002947204
0.002199938
0.001235116
0.0001711594
-0.0007699787
-0.001348106
-0.001444632
-0.001112631
-0.0005067162
0.0001643588
0.0007317342
0.001106798
0.001207656
0.0009626828
0.0003579871
-0.0004993202
-0.001426285
-0.002256729
-0.002909184
-0.003381988
-0.003718246
-0.003952729
-0.004064353
-0.004031245
-0.003873475
-0.003661736
-0.003444596
-0.003181907
-0.002744637
-0.001929931
-0.0005971815
0.001201857
0.00319705
0.004931464
0.005952781
0.006019475
0.005240224
0.003991208
0.002677979
0.001558014
0.0007200942
0.0001300598
-0.0002798374
-0.0005268165
-0.0005441112
-0.0002403911
0.0003863038
0.001220623
0.002042936
0.002658101
0.003056791
0.00333147
0.003573943
0.003805903
0.003916025
0.003730319
0.003174798
0.002385807
0.001643581
0.001230524
0.001266341
0.001606981
0.001958476
0.002049953
0.001777797
0.001222632
0.0005919982
0.0001377877
2.09147e-05
0.0002206139
0.0005556874
0.0007838383
0.0007226945
0.000395409
3.515437e-05
-0.000141312
-0.0001026551
6.837793e-05
0.0002823419
0.0004304228
0.0004051659
0.000185739
-6.111438e-05
-9.129516e-05
0.0001564991
0.0005787937
0.001054648
0.001464143
0.001693883
0.001696588
0.001515988
0.001236993
0.0009590278
0.000800093
0.0008556494
0.001104816
0.0013763
0.00144266
0.001200492
0.0007587851
0.0003691327
0.0002337747
0.0003592769
0.0005694282
0.000662534
0.0005985476
0.0004962995
0.0005203337
0.000714203
0.0008809168
0.0007353121
0.0001635204
-0.0007202293
-0.001672358
-0.002422029
-0.002843196
-0.002999873
-0.003024487
-0.003026581
-0.003077221
-0.003182
-0.003283656
-0.003297351
-0.003107286
-0.002627301
-0.001900042
-0.001124256
-0.0005575412
-0.0002687498
-6.069304e-05
0.0002974537
0.0008361675
0.001345511
0.001485736
0.001065288
0.0002779348
-0.0004290698
-0.0006482971
-0.0002575777
0.0005082356
0.001215778
0.001522759
0.001434687
0.001217214
0.00109139
0.001128004
0.00124329
0.001241082
0.001031451
0.000738176
0.0005966026
0.0007903631
0.001357553
0.002222273
0.003198684
0.003984669
0.004290909
0.003975011
0.003061227
0.001703807
0.0001388565
-0.001372212
-0.002565589
-0.003249492
-0.003365147
-0.002996477
-0.002325998
-0.001545314
-0.0007942577
-0.0001632124
0.0002934141
0.0005883973
0.0007493324
0.000751807
0.0005440063
0.0001331445
-0.0003645101
-0.00076085
-0.0008817931
-0.0007350154
-0.0005493494
-0.0006152777
-0.001154082
-0.002167468
-0.003341786
-0.004253096
-0.004664051
-0.004579092
-0.004117825
-0.003413682
-0.002550988
-0.001573454
-0.0005326748
0.0005130848
0.001531929
0.002476352
0.003250254
0.00369019
0.003601132
0.00285618
0.001517498
-0.0001796036
-0.001943667
-0.003522541
-0.004737244
-0.005493426
-0.005815804
-0.00577193
-0.005397383
-0.004671624
-0.003560594
-0.002117298
-0.0005515245
0.000842687
0.001825756
0.002326879
0.002489861
0.002533933
0.002540342
0.00242051
0.00203617
0.001376374
0.0006003391
-8.115696e-05
-0.0005715542
-0.0009597976
-0.001411484
-0.001965127
-0.002411609
-0.002402598
-0.001734741
-0.0005796644
0.0006079103
0.001372851
0.001509121
0.001120862
0.0004836553
-0.0001590943
-0.0006544303
-0.0008827413
-0.0007766844
-0.0003743887
0.0002131929
0.0008237503
0.001249615
0.001335287
0.00105927
0.0004830539
-0.0002897957
-0.001135995
-0.001937032
-0.00258149
-0.002985018
-0.003140922
-0.003120694
-0.003037762
-0.002997039
-0.003030602
-0.003072458
-0.002970602
-0.002599117
-0.001961809
-0.001249007
-0.0007988604
-0.0009294809
-0.001742995
-0.00306494
-0.004510643
-0.005683057
-0.006321087
-0.006307813
-0.005644166
-0.004469675
-0.003052329
-0.001721905
-0.0007372724
-0.0001831077
7.10101e-05
0.0003066241
0.000753072
0.001483921
0.002451715
0.003515021
0.004548536
0.005449723
0.00602722
0.006083372
0.005545577
0.004496291
0.00321025
0.002053815
0.001263236
0.0008016423
0.0004430467
-7.252307e-08
-0.00052475
-0.0008806667
-0.0007355905
3.59416e-05
0.001251434
0.002504058
0.003330441
0.003442243
0.002868219
0.001966227
0.001234614
0.001001773
0.001306408
0.001955933
0.002574192
0.002777246
0.002377613
0.001469664
0.0003397466
-0.0006758694
-0.001268172
-0.001306734
-0.0009632661
-0.0006172022
-0.0006139621
-0.001042181
-0.001623088
-0.001864672
-0.001446955
-0.0004587907
0.0006803107
0.001523738
0.001864271
0.001752149
0.001341405
0.0007032603
-0.0001621802
-0.00116912
-0.002038346
-0.002392002
-0.002030982
-0.001073917
0.0001457327
0.00126112
0.001975309
0.002159488
0.001925369
0.001511666
0.001171924
0.001073191
0.001203715
0.001345706
0.001165639
0.0004487586
-0.0007106786
-0.00197153
-0.002963625
-0.003487623
-0.003525278
-0.003159591
-0.00248335
-0.001506385
-0.000212884
0.00129266
0.002753966
0.003842484
0.00430901
0.004140848
0.003572079
0.002951587
0.002497198
0.002164579
0.001758717
0.00118
0.0005479881
0.0001256109
0.0001413736
0.000612262
0.001331235
0.002009833
0.002412655
0.002439853
0.002092332
0.001426336
0.0005506575
-0.0003442263
-0.001023221
-0.001326914
-0.001203334
-0.0006675275
0.0001523753
0.000988224
0.001538521
0.001655898
0.001389663
0.0008964532
0.0003643062
-5.195124e-05
-0.000315764
-0.0005180207
-0.0008107837
-0.001286057
-0.001895471
-0.002465061
-0.002805867
-0.00280327
-0.00244356
-0.001824314
-0.001087129
-0.0003221867
0.0004009261
0.001048537
0.001613165
0.002034509
0.002186129
0.001959154
0.00135336
0.0005098399
-0.0003670436
-0.001115901
-0.001679002
-0.002078932
-0.002359765
-0.002556382
-0.002688554
-0.002715026
-0.002505518
-0.001923235
-0.0009552645
0.0002187863
0.001251996
0.001760562
0.00151166
0.0006198107
-0.0004737163
-0.001255252
-0.001446809
-0.001120428
-0.0005838064
-0.000149755
2.947517e-05
-1.147944e-05
-0.000120522
-0.0001325457
5.390468e-05
0.0004649108
0.001082255
0.001830705
0.00255613
0.003048756
0.003123658
0.002681653
0.001749743
0.0005119017
-0.0007376319
-0.001735832
-0.002249361
-0.002080076
-0.001160375
0.0003811432
0.002208137
0.003850907
0.004900185
0.005206891
0.004889974
0.004189332
0.003307284
0.002349325
0.001368015
0.0004610367
-0.0001663918
-0.0003115193
3.944782e-05
0.0006610938
0.001167095
0.001204906
0.0006485289
-0.000335484
-0.001395963
-0.002195726
-0.002532022
-0.002362233
-0.001787833
-0.001008265
-0.0002895459
8.716527e-05
-5.239771e-05
-0.0006111638
-0.001252102
-0.001571176
-0.001293398
-0.0004671677
0.00050014
0.00109006
0.001018026
0.0004165971
-0.0002794605
-0.0005954404
-0.0003355708
0.00030503
0.0009488534
0.001351671
0.001551283
0.001765209
0.002144457
0.002631502
0.003001661
0.003016534
0.002562055
0.001723248
0.0007566985
-6.343237e-05
-0.0005713874
-0.0007374061
-0.0006375638
-0.0003788654
-6.884415e-05
0.0001748594
0.0002287689
3.118936e-05
-0.0002701383
-0.0003274729
0.0001490102
0.00113435
0.002276858
0.00311217
0.003340627
0.002945514
0.002111887
0.001105208
0.0001168438
-0.0007890954
-0.001598898
-0.002273973
-0.002746132
-0.002969899
-0.002958912
-0.002697943
-0.002127611
-0.001222946
-7.652905e-05
0.001009496
0.0016058
0.001396467
0.0004315814
-0.0008436096
-0.001842706
-0.002178356
-0.001824226
-0.001039941
-0.0001845361
0.0004974187
0.001012104
0.001483087
0.001914031
0.002136415
0.001963746
0.001360358
0.0004995753
-0.0003305062
-0.0008847177
-0.001079516
-0.0009774768
-0.0006697217
-0.0001864535
0.0004651484
0.001219086
0.001884452
0.00217434
0.001900909
0.001152602
0.0002804469
-0.0003325837
-0.0004651198
-0.0001576915
0.0003062317
0.0005915267
0.0005161102
7.720866e-05
-0.000606284
-0.001341461
-0.001939801
-0.002287445
-0.002375904
-0.002337575
-0.002432263
-0.002815351
-0.003361075
-0.003683113
-0.003325889
-0.002012137
0.0001153656
0.002453273
0.004270817
0.005112767
0.00500534
0.004331854
0.003552591
0.00292316
0.002363942
0.001626261
0.0005827016
-0.0006817868
-0.001974379
-0.003147863
-0.004189376
-0.005246698
-0.006556592
-0.008194879
-0.009948539
-0.01143243
-0.01223654
-0.01207609
-0.01094838
-0.009158789
-0.007150562
-0.005306835
-0.00385577
-0.002801948
-0.001992677
-0.001341923
-0.0009807392
-0.001171812
-0.002079329
-0.003608881
-0.005344428
-0.006690913
-0.00718434
-0.006716435
-0.005523643
-0.004010558
-0.002533102
-0.001332929
-0.0005746176
-0.0003805877
-0.0008095608
-0.001804025
-0.00314182
-0.004431998
-0.005303571
-0.005644757
-0.005569739
-0.005282947
-0.004910972
-0.004425671
-0.003706113
-0.002688653
-0.001450507
-0.0001418902
0.001045069
0.001935687
0.002496442
0.002856793
0.003207085
0.003670789
0.004193336
0.004621471
0.004830424
0.004714215
0.004201149
0.003275048
0.001938438
0.0002089383
-0.001783884
-0.003784397
-0.005596562
-0.0071957
-0.008667002
-0.01005706
-0.01119604
-0.01168721
-0.01111057
-0.009302173
-0.006539244
-0.003490066
-0.0009794134
0.0003161224
0.0002172813
-0.0007801682
-0.001812293
-0.002134475
-0.001468794
-7.051338e-05
0.001471793
0.002530928
0.002685811
0.001825492
8.205791e-05
-0.002245372
-0.004760157
-0.007023949
-0.008605737
-0.009179651
-0.008605318
-0.006919951
-0.004314646
-0.001115424
0.002292158
0.005541514
0.008285095
0.01020946
0.01114712
0.01112874
0.0103897
0.009254244
0.007969994
0.006649001
0.005272342
0.003803466
0.002311068
0.0009608039
-0.0001311298
-0.001003824
-0.001853836
-0.002899822
-0.004202424
-0.005571995
-0.006660637
-0.007216496
-0.007246789
-0.006976396
-0.006663358
-0.006396495
-0.006046298
-0.00539348
-0.004332106
-0.003028917
-0.001880048
-0.001330961
-0.001602976
-0.002455198
-0.003352485
-0.003915301
-0.004190387
-0.004560804
-0.005441457
-0.006989836
-0.009068931
-0.01132588
-0.01327504
-0.01444959
-0.01453556
-0.01336029
-0.01090231
-0.007430669
-0.003531428
2.190921e-05
0.002418265
0.003037904
0.001700297
-0.001211664
-0.004906459
-0.008541779
-0.01146916
-0.0132567
-0.01370723
-0.0128262
-0.01074394
-0.007710134
-0.004112244
-0.0004973775
0.002453452
0.004149731
0.004284881
0.002847989
0.0001227221
-0.003333624
-0.006781094
-0.009499631
-0.01092372
-0.01075756
-0.009112413
-0.006489738
-0.00356205
-0.000957695
0.0009356859
0.002056588
0.002554463
0.002581799
0.002250993
0.001762282
0.001455078
0.00174025
0.002929497
0.005001142
0.007483866
0.009656036
0.01087321
0.01082809
0.009728138
0.008249875
0.007112569
0.006560662
0.006342079
0.006026449
0.005295842
0.004071069
0.002461897
0.0006607922
-0.001169441
-0.002899177
-0.004379658
-0.005476857
-0.006093716
-0.006130343
-0.005411453
-0.003700597
-0.0008227886
0.003116804
0.007599455
0.01181942
0.01497627
0.01661882
0.01676769
0.01576893
0.01402703
0.01179459
0.009147244
0.00613357
0.002900332
-0.0002553107
-0.002877663
-0.004534098
-0.005030945
-0.004479056
-0.00322744
-0.001771326
-0.0005689467
7.428083e-05
3.555905e-05
-0.0005789611
-0.001413282
-0.002099671
-0.002489541
-0.002694329
-0.002975922
-0.003576799
-0.004533677
-0.00561318
-0.006495328
-0.007008407
-0.007246595
-0.007555724
-0.008324097
-0.009729386
-0.01162726
-0.01359789
-0.01508374
-0.01555392
-0.01470842
-0.01257974
-0.009508093
-0.006023874
-0.002690536
8.657288e-05
0.002116377
0.00340661
0.004111376
0.004390262
0.004262943
0.003619307
0.002357768
0.0005664262
-0.001377425
-0.002918537
-0.003551585
-0.003070939
-0.001639757
0.0003808628
0.002681686
0.005121744
0.007725904
0.01048364
0.01312684
0.0151769
0.01611563
0.0155905
0.0136512
0.01084863
0.008098497
0.006332057
0.006116076
0.007417058
0.009603704
0.01167258
0.01250139
0.01120063
0.007596893
0.002359362
-0.003376901
-0.008493837
-0.01222699
-0.01439201
-0.0153158
-0.01551269
-0.01542558
-0.01542382
-0.01581799
-0.01680096
-0.01835574
-0.02018059
-0.0217163
-0.0223439
-0.02163319
-0.01948115
-0.01612338
-0.01212149
-0.008241351
-0.005246273
-0.003730361
-0.003836909
-0.005151603
-0.00697365
-0.008713419
-0.01010469
-0.0111989
-0.01216623
-0.01294229
-0.01310217
-0.01215246
-0.009888041
-0.006529657
-0.00265263
0.001050269
0.004102274
0.006483459
0.008477125
0.01031628
0.01197786
0.01311126
0.01318628
0.01181646
0.008941742
0.004869538
0.0002365626
-0.004179096
-0.007711375
-0.009869496
-0.01046652
-0.009702305
-0.008108231
-0.00634467
-0.004987301
-0.004335181
-0.004284776
-0.004449642
-0.0044778
-0.0042202
-0.003728199
-0.003134495
-0.002484117
-0.001731263
-0.0008458221
6.025973e-05
0.0007093302
0.0007980909
0.0001564826
-0.001118568
-0.002613172
-0.003708971
-0.003824318
-0.00263159
-0.0001965738
0.003017798
0.006321237
0.009041984
0.01074592
0.01138567
0.01126192
0.01083285
0.01054624
0.01072817
0.01148705
0.01266929
0.01397514
0.01512008
0.01588527
0.01617914
0.01607572
0.01574137
0.01528942
0.0147374
0.01410943
0.01348081
0.01296161
0.01260989
0.0123189
0.01187653
0.01112799
0.01003801
0.008592623
0.006701018
0.004240889
0.001231596
-0.002094718
-0.005395132
-0.008325685
-0.01065182
-0.01227437
-0.01320753
-0.01347412
-0.01302219
-0.01178531
-0.009790061
-0.007201713
-0.004322096
-0.001605713
0.0004581585
0.001570373
0.001780281
0.001448877
0.001091043
0.00111825
0.001645215
0.002459846
0.003230444
0.003710293
0.003926753
0.004231894
0.005059655
0.006638338
0.008878898
0.01146954
0.01399335
0.01607668
0.01751103
0.01822006
0.01811887
0.0171259
0.01534568
0.01309061
0.01074114
0.008563399
0.006612612
0.004782258
0.002996374
0.001332713
-4.262687e-05
-0.001007284
-0.001533326
-0.001682267
-0.001546474
-0.001182142
-0.0006018055
0.0002222234
0.00131643
0.002649558
0.004101758
0.005501912
0.006670198
0.007373397
0.00731198
0.006273743
0.004344075
0.001882789
-0.0006534899
-0.002868335
-0.004427011
-0.005130184
-0.004916551
-0.003754866
-0.001641652
0.00131737
0.00483471
0.008409881
0.01149142
0.01367847
0.01472011
0.01454509
0.01330114
0.01131845
0.008951039
0.006439444
0.0038698
0.001272805
-0.001212718
-0.003223589
-0.004157772
-0.003300606
-0.0001176998
0.005417301
0.0126469
0.02029514
0.02681261
0.03077333
0.03134298
0.02849648
0.0229023
0.0156831
0.008045287
0.0009588117
-0.005032024
-0.009830502
-0.01355721
-0.01623837
-0.01775405
-0.0179018
-0.01648525
-0.01353459
-0.009433005
-0.004859347
-0.0006791419
0.002300445
0.003609881
0.00317033
0.001292575
-0.001389978
-0.004079844
-0.006000878
-0.0065628
-0.005522948
-0.003073344
0.0001879801
0.003445736
0.005832795
0.006674254
0.005738612
0.003345498
0.0002020883
-0.002934398
-0.005512611
-0.007271294
-0.008144019
-0.00809926
-0.007083195
-0.004998941
-0.001771692
0.002452783
0.007188991
0.01174308
0.01549246
0.01800405
0.01906385
0.01869492
0.01706582
0.0143733
0.01086856
0.006903192
0.002821608
-0.001119092
-0.004739853
-0.007927502
-0.01067734
-0.01303428
-0.01505663
-0.01686542
-0.01861112
-0.02035501
-0.02205007
-0.02357096
-0.02476374
-0.02553808
-0.02594116
-0.02619483
-0.02668508
-0.02787766
-0.03008198
-0.0332044
-0.03667634
-0.03966516
-0.04138334
-0.04130733
-0.03933955
-0.03585886
-0.03159553
-0.02748187
-0.02432871
-0.02255196
-0.02209766
-0.02249456
-0.02305313
-0.0231444
-0.02238043
-0.02065337
-0.01807846
-0.01495549
-0.0116007
-0.008183287
-0.004828588
-0.001735335
0.0008153419
0.002658482
0.003877613
0.004697869
0.005361133
0.006013948
0.006742195
0.007638087
0.008772206
0.01013751
0.01165073
0.01318385
0.01455682
0.01563425
0.0163511
0.01665864
0.01658363
0.01630203
0.01611681
0.0162648
0.01676223
0.01739103
0.01785512
0.01793761
0.01747722
0.01619807
0.01375799
0.01001017
0.005188209
-7.967697e-05
-0.004895657
-0.008396789
-0.01012273
-0.01017051
-0.009032329
-0.00732555
-0.00546455
-0.003490256
-0.001122005
0.002006861
0.006071963
0.01089052
0.01587201
0.02017539
0.02300742
0.02391755
0.02296025
0.02054729
0.01712454
0.0130307
0.008593669
0.00416864
0.0001232716
-0.003200301
-0.005493414
-0.006404407
-0.005546172
-0.00264146
0.002357255
0.009089736
0.01671532
0.02404735
0.0298052
0.03301023
0.03333683
0.0310471
0.02673331
0.02115498
0.01513496
0.009525307
0.005039537
0.002075643
0.0006763143
0.0005976898
0.001413443
0.002663895
0.004057724
0.005607704
0.007557223
0.01013241
0.01337144
0.01695319
0.02009456
0.02171941
0.0208876
0.01728627
0.01139959
0.004389925
-0.00220285
-0.006921267
-0.008907965
-0.008107538
-0.005035354
-0.0004313877
0.004942943
0.01043529
0.01548
0.0196171
0.02246129
0.0236807
0.02300363
0.02036564
0.01609861
0.01081293
0.005164914
-0.0002765414
-0.00512705
-0.009051219
-0.01157742
-0.01210355
-0.01011722
-0.005483135
0.001335545
0.009166884
0.01641122
0.02161135
0.02388208
0.02314194
0.02010342
0.01598827
0.0120029
0.008861552
0.006635998
0.004911514
0.003071865
0.0006814706
-0.002255855
-0.005370354
-0.008111228
-0.009865886
-0.01019422
-0.009003001
-0.006534075
-0.0033583
-0.000289799
0.001882254
0.002783094
0.002673538
0.002360181
0.00272627
0.004118677
0.006123188
0.007855998
0.008330783
0.00685752
0.003413395
-0.001325987
-0.006423551
-0.01108027
-0.01482729
-0.01751514
-0.01916764
-0.01979427
-0.0193563
-0.01785993
-0.01548208
-0.01266011
-0.01004219
-0.008149196
-0.00704738
-0.006329952
-0.005244502
-0.003146165
-2.132488e-05
0.003327911
0.005647224
0.005865778
0.003542703
-0.000945132
-0.006607
-0.01228153
-0.01706461
-0.02045861
-0.02226399
-0.02247853
-0.02131754
-0.0191999
-0.01670309
-0.01448112
-0.01311664
-0.01288805
-0.01373365
-0.01535197
-0.01727678
-0.01894971
-0.01977829
-0.0193437
-0.01761035
-0.01495459
-0.01205679
-0.009671737
-0.008355048
-0.008193955
-0.008781313
-0.00957361
-0.01022309
-0.0106102
-0.01071757
-0.01043097
-0.009459386
-0.007550624
-0.004806059
-0.001783964
0.0007298111
0.002063424
0.001891238
0.0004822537
-0.001362645
-0.002809179
-0.003308841
-0.002586244
-0.0005564563
0.002712289
0.007013356
0.01201647
0.01726315
0.0220456
0.02538994
0.02630746
0.02420357
0.01900147
0.01111684
0.001616446
-0.0078071
-0.01544114
-0.02026376
-0.02217039
-0.02178567
-0.02006165
-0.01779878
-0.01533399
-0.01269395
-0.00986177
-0.006948944
-0.004239037
-0.002096386
-0.0008581442
-0.0006896857
-0.001568979
-0.003282033
-0.005364302
-0.007190801
-0.008222694
-0.008277802
-0.00764514
-0.006941308
-0.006794798
-0.007444063
-0.00854082
-0.00932208
-0.008959821
-0.006968018
-0.003571277
0.0002619054
0.003120776
0.0037684
0.001772561
-0.002248534
-0.007013869
-0.01112808
-0.01350357
-0.01356025
-0.01131582
-0.007275301
-0.002159792
0.003356854
0.008954966
0.01466043
0.02045149
0.02594003
0.03040494
0.03307857
0.03346413
0.03165358
0.02826397
0.02390781
0.01884444
0.01312571
0.007001307
0.001228443
-0.003119577
-0.005186166
-0.004860776
-0.003033929
-0.001391053
-0.001759852
-0.005196492
-0.01134219
-0.01852173
-0.02455483
-0.02777643
-0.02760099
-0.02441114
-0.01917895
-0.01303198
-0.006977845
-0.001723004
0.002384185
0.00528638
0.007063684
0.007947439
0.008424748
0.009089477
0.01036741
0.01230487
0.01456855
0.01664604
0.01809196
0.01880365
0.0190602
0.01932577
0.01999412
0.02110668
0.02229681
0.0230377
0.02292151
0.02194254
0.02050814
0.01913179
0.01806055
0.01719002
0.01622706
0.01486678
0.01299113
0.01072089
0.00824677
0.005714643
0.00317997
0.0006336784
-0.001793021
-0.00373718
-0.004817632
-0.004961951
-0.004458097
-0.003772209
-0.00338177
-0.003558189
-0.00421147
-0.004975713
-0.005461872
-0.005426081
-0.004853739
-0.004029385
-0.003438499
-0.00350207
-0.004292445
-0.00544612
-0.006329945
-0.006230332
-0.004556424
-0.001059598
0.00408155
0.0102771
0.01655254
0.02159426
0.02415607
0.02350193
0.01960167
0.01318191
0.00555748
-0.001702515
-0.00725589
-0.01030175
-0.01055968
-0.008164
-0.003588474
0.002389653
0.008760355
0.01453083
0.01880713
0.02086047
0.02039612
0.01775851
0.01383355
0.009768436
0.006681217
0.005411752
0.006362651
0.009442967
0.01401188
0.01893028
0.02278215
0.02433016
0.02295392
0.01885526
0.01287186
0.006125125
-0.0002910537
-0.005615675
-0.00954571
-0.01219892
-0.01390715
-0.01493481
-0.01533948
-0.01504084
-0.0139175
-0.01193608
-0.009249277
-0.006226326
-0.003324348
-0.0009760439
0.0004859712
0.0009068025
0.0002567151
-0.001462328
-0.004227895
-0.007843342
-0.01188559
-0.01579767
-0.01900831
-0.02116653
-0.02227815
-0.02252334
-0.02193721
-0.02015219
-0.01647159
-0.01042206
-0.002403466
0.006073863
0.01288816
0.01648706
0.01664262
0.01441707
0.01148523
0.009230756
0.008203473
0.008085716
0.008179114
0.008082937
0.007987652
0.008469064
0.009882134
0.01191217
0.01361183
0.01378515
0.01167095
0.007409687
0.00188827
-0.00387932
-0.009276411
-0.01414218
-0.01839614
-0.02167981
-0.02323449
-0.02217578
-0.01798077
-0.01090672
-0.002139692
0.006571155
0.01369568
0.01854159
0.0211405
0.02190755
0.02128866
0.01941173
0.01621224
0.01192483
0.0073545
0.003600448
0.001502452
0.001199395
0.002080176
0.003072373
0.003188009
0.002061768
5.704996e-05
-0.002161017
-0.004068377
-0.005396937
-0.006009425
-0.005746956
-0.00441657
-0.00188379
0.001775967
0.006060798
0.009873631
0.01169047
0.01025425
0.005250227
-0.002465494
-0.0111266
-0.01874377
-0.02402965
-0.02683599
-0.02781625
-0.02778561
-0.02723207
-0.02619045
-0.02462828
-0.02288137
-0.02171112
-0.02190445
-0.02351874
-0.02552904
-0.02615162
-0.02362892
-0.01714145
-0.007536277
0.002731527
0.01073178
0.01465906
0.01460599
0.01197235
0.008470193
0.005388519
0.003052953
0.0009500796
-0.00162979
-0.005049994
-0.00907453
-0.01304202
-0.01630167
-0.01863236
-0.02016781
-0.02100385
-0.02091085
-0.01938444
-0.01603561
-0.01105452
-0.005347807
-0.000297614
0.00271927
0.002962032
0.0007656082
-0.002734054
-0.00631866
-0.009172796
-0.01094105
-0.01156855
-0.01118911
-0.01002213
-0.008369868
-0.006524422
-0.004705642
-0.003154239
-0.002175608
-0.001970618
-0.002437709
-0.003154833
-0.003469719
-0.002640791
-4.65951e-05
0.004593006
0.01105319
0.01854964
0.02603487
0.03279423
0.03846016
0.04267333
0.04491377
0.04463076
0.04150996
0.03567444
0.02773385
0.01872258
0.009817955
0.001964597
-0.004348122
-0.009070212
-0.01241909
-0.01463051
-0.01584309
-0.01618511
-0.01584597
-0.01506506
-0.01409771
-0.0131643
-0.01234352
-0.01165017
-0.01112216
-0.01081345
-0.01080005
-0.01108291
-0.01140976
-0.01120336
-0.009730324
-0.006358844
-0.0008632039
0.006240036
0.01366471
0.01973389
0.02308584
0.02327955
0.02106933
0.01808663
0.01590295
0.0151961
0.01552036
0.0156501
0.01429241
0.01075537
0.005218758
-0.001506096
-0.008475822
-0.01498243
-0.02046422
-0.02426614
-0.02558579
-0.02382463
-0.01912154
-0.01257197
-0.005929824
-0.0008429168
0.002064601
0.003307068
0.003830841
0.004361648
0.00519217
0.006357606
0.00794532
0.01014888
0.01301333
0.01621816
0.01910325
0.02096872
0.02140083
0.02059692
0.01927591
0.01819002
0.01776677
0.01800424
0.01858264
0.01901646
0.01873013
0.01710868
0.01363204
0.008179995
0.001329849
-0.005591835
-0.01095469
-0.0134851
-0.01255517
-0.008327077
-0.001730926
0.005756056
0.01244992
0.01703952
0.01888413
0.01794935
0.0147478
0.01018227
0.005259319
0.0007398427
-0.003104738
-0.006453668
-0.009581383
-0.0125054
-0.01489344
-0.01630743
-0.01643498
-0.01520612
-0.01286799
-0.009934308
-0.007023977
-0.004590732
-0.002820419
-0.001781202
-0.001578901
-0.002220591
-0.003518492
-0.005124607
-0.006508713
-0.006969588
-0.005876776
-0.002995559
0.001318784
0.006126868
0.01014286
0.01212969
0.01126787
0.007419953
0.001257148
-0.00574433
-0.01158495
-0.01439334
-0.01313936
-0.008096546
-0.0008164524
0.006402515
0.01154336
0.01376135
0.01335588
0.0112728
0.00851024
0.005611219
0.002582754
-0.0007808011
-0.004490801
-0.008134688
-0.01095053
-0.01216193
-0.01137577
-0.008781839
-0.005057894
-0.001124847
0.002198379
0.00446103
0.00548893
0.005316934
0.004061866
0.001755564
-0.00154437
-0.005484031
-0.009291947
-0.01194798
-0.01254384
-0.01069483
-0.00676258
-0.001758195
0.003068739
0.006801208
0.009032149
0.009602753
0.008434541
0.005568232
0.001367285
-0.003401205
-0.007855854
-0.01146596
-0.01435083
-0.01712327
-0.02034865
-0.02391828
-0.02690334
-0.02802669
-0.02637121
-0.02195197
-0.01583886
-0.009766062
-0.005369761
-0.003529445
-0.004160859
-0.00651617
-0.009643239
-0.01270318
-0.01508655
-0.01641221
-0.01653094
-0.01546308
-0.01332056
-0.01027602
-0.006636256
-0.00280731
0.0007678251
0.003565842
0.005175546
0.005666116
0.005537269
0.005361477
0.005372578
0.005380233
0.004921907
0.003562751
0.001239697
-0.00165518
-0.00444725
-0.006554732
-0.00782185
-0.008509404
-0.009030299
-0.009558071
-0.009804189
-0.009111085
-0.006778063
-0.00253093
0.003245937
0.009620507
0.01545474
0.019953
0.02291668
0.02464234
0.02551091
0.02563085
0.02473629
0.02227999
0.01776819
0.01121447
0.00336643
-0.004559324
-0.01140919
-0.01645955
-0.01945833
-0.02044529
-0.01952684
-0.01675692
-0.01216184
-0.00591686
0.001478493
0.009166722
0.01609797
0.02135553
0.02435186
0.0249662
0.02354252
0.02081092
0.01765839
0.01479204
0.01256747
0.0110349
0.01008731
0.009625767
0.0095444
0.009626672
0.009485872
0.008630347
0.006706335
0.003811267
0.0005532692
-0.002383714
-0.004670013
-0.006415916
-0.007990466
-0.009636395
-0.01116468
-0.01203508
-0.01175571
-0.01026829
-0.008055002
-0.005940801
-0.004716554
-0.004663215
-0.005374923
-0.006078343
-0.006134653
-0.005353631
-0.003973963
-0.002406963
-0.0008836492
0.0006502051
0.002325184
0.003951802
0.00481878
0.003951456
0.0007605591
-0.004445277
-0.01046598
-0.01561304
-0.0183647
-0.01783864
-0.01396293
-0.00739228
0.0006583829
0.008741092
0.01579446
0.02152731
0.02613234
0.02981101
0.03249761
0.03375638
0.03294896
0.02968367
0.02424875
0.01758393
0.01088298
0.00524198
0.001441574
-0.0002986112
-0.0003169487
0.000801871
0.002512442
0.004381965
0.00613161
0.007651428
0.008962306
0.01016772
0.01131863
0.01231457
0.01298165
0.01319535
0.0129735
0.01247736
0.01187527
0.01120937
0.01048572
0.009770694
0.009161954
0.008728982
0.008432926
0.008090456
0.007550608
0.006894077
0.006402899
0.006336591
0.006717281
0.007212484
0.007174574
0.005967864
0.003418895
-5.267877e-05
-0.003678821
-0.006664796
-0.008404005
-0.008618614
-0.007380372
-0.005021878
-0.002102872
0.0006797472
0.00268178
0.003548528
0.003294903
0.002186424
0.0005584918
-0.001383637
-0.003532049
-0.005695261
-0.007587212
-0.008887644
-0.0093523
-0.008945069
-0.007913262
-0.006679543
-0.005617061
-0.00498336
-0.004858393
-0.005109996
-0.00548849
-0.00575263
-0.005744837
-0.005366061
-0.004574353
-0.003436697
-0.002120034
-0.0008901341
7.875049e-06
0.000497489
0.0006369184
0.0004672478
-3.675316e-05
-0.0009301237
-0.002251621
-0.003899378
-0.005544011
-0.006851206
-0.007744039
-0.008391201
-0.009065045
-0.009967241
-0.0110653
-0.012087
-0.01272749
-0.01280231
-0.01227433
-0.01123089
-0.009800022
-0.008059583
-0.006031606
-0.003817923
-0.001678015
1.157718e-06
0.0008791391
0.0009134209
0.0004044538
-0.0001880105
-0.0005338001
-0.0005763131
-0.0004517421
-0.0003901666
-0.0005625146
-0.0009725133
-0.001524046
-0.002050681
-0.002255095
-0.001709552
-7.451033e-05
0.002667843
0.006092369
0.009318741
0.01131457
0.01147309
0.009991405
0.00773024
0.00562459
0.004186042
0.003401078
0.002958244
0.002639221
0.00249849
0.002781826
0.003690353
0.005210441
0.007096957
0.008972566
0.0104711
0.01127454
0.01107783
0.009690234
0.007162181
0.003830196
0.0002424422
-0.003034329
-0.005673611
-0.0076931
-0.009319237
-0.01065383
-0.01143847
-0.01121274
-0.009690911
-0.007092217
-0.004177597
-0.00198058
-0.00139726
-0.002675575
-0.005247032
-0.008244686
-0.01105608
-0.01346779
-0.01546898
-0.01704446
-0.01808465
-0.01834236
-0.01753049
-0.01551377
-0.01239757
-0.008561018
-0.004628948
-0.001297032
0.0009633843
0.002068331
0.002325743
0.002351421
0.002733909
0.00372543
0.005176318
0.006667975
0.007785152
0.008383531
0.008614964
0.008663876
0.00853988
0.008114032
0.007307349
0.006314456
0.005669313
0.006032328
0.007772408
0.01066098
0.01385243
0.01619978
0.01686631
0.01574884
0.01342735
0.0107059
0.008147562
0.005860403
0.003605851
0.00113774
-0.001510089
-0.004060656
-0.006243903
-0.007954323
-0.009224693
-0.01015914
-0.01085345
-0.01132092
-0.01146395
-0.01113464
-0.01022276
-0.008733987
-0.00687086
-0.004983548
-0.003399123
-0.002282322
-0.001627019
-0.001351717
-0.001388649
-0.00164351
-0.001936463
-0.002027724
-0.001691853
-0.0008284281
0.0004785757
0.001962767
0.003266399
0.004199176
0.004866172
0.005619962
0.006882239
0.008889413
0.01147792
0.01407971
0.01594414
0.01638589
0.01508809
0.0123448
0.00890407
0.005519254
0.002563003
1.501436e-05
-0.002311653
-0.004491514
-0.006290246
-0.007164644
-0.006529918
-0.004145808
-0.0003857111
0.003778324
0.007183324
0.008996955
0.00901898
0.007691255
0.005819885
0.004089218
0.002796155
0.001916325
0.001317099
0.0009804866
0.00109171
0.001955275
0.003780783
0.006527246
0.00986197
0.01315568
0.01564996
0.01676402
0.01629286
0.01445
0.01176619
0.008933552
0.006553568
0.004883421
0.003820266
0.00306235
0.002283649
0.001319568
0.0002059822
-0.0009334899
-0.001908535
-0.002439994
-0.002235353
-0.001120033
0.0008505375
0.003307018
0.005615967
0.007094034
0.007282922
0.006170604
0.004266864
0.002360778
0.001134463
0.0009211964
0.001591547
0.002734955
0.004018571
0.00534446
0.006770528
0.008371148
0.01015616
0.01192765
0.01316129
0.01321805
0.01171898
0.008785045
0.004960808
0.0009703487
-0.002594079
-0.005475706
-0.007741841
-0.009583994
-0.01114173
-0.01238441
-0.01312701
-0.0132339
-0.01279413
-0.01209764
-0.01147686
-0.01117978
-0.01126807
-0.01155573
-0.01179634
-0.01187847
-0.01187882
-0.01198148
-0.0122613
-0.01248774
-0.0121449
-0.01068988
-0.007832842
-0.003713183
0.001013821
0.005259835
0.007872219
0.008136184
0.006024801
0.002162422
-0.00246793
-0.006877493
-0.01034097
-0.01242679
-0.01293035
-0.01186531
-0.009497882
-0.006325911
-0.003038893
-0.0003431422
0.00128408
0.001687742
0.001048403
-0.0003098279
-0.002268281
-0.005001884
-0.008704511
-0.01327563
-0.01819783
-0.02266982
-0.02590889
-0.02747816
-0.02746078
-0.02626707
-0.02430248
-0.02181602
-0.01886504
-0.01542895
-0.01168851
-0.008098411
-0.005267128
-0.00376241
-0.003838603
-0.00527608
-0.007483919
-0.009806439
-0.0116756
-0.01266153
-0.01251773
-0.0112198
-0.008912449
-0.005807484
-0.002164882
0.001706096
0.005457416
0.008707052
0.01108462
0.01230483
0.01231626
0.01138981
0.0100368
0.008788495
0.007909149
0.007261949
0.006501125
0.005346822
0.003772023
0.002054468
0.0005784411
-0.0004720492
-0.001244846
-0.002092237
-0.003326711
-0.005000751
-0.006872104
-0.008509443
-0.009450988
-0.009368645
-0.008166475
-0.006023101
-0.003382954
-0.0007927112
0.001309894
0.002687136
0.003350276
0.003486849
0.003265185
0.002721515
0.00179177
0.0004125934
-0.001300835
-0.002955879
-0.004036443
-0.004186832
-0.003369865
-0.001890658
-0.0002892147
0.0008972382
0.001401884
0.001381972
0.001295194
0.001577329
0.002413615
0.003697525
0.005106899
0.00623719
0.006760297
0.006554339
0.005672718
0.004233092
0.002445755
0.0006968956
-0.0005863402
-0.001172932
-0.001181528
-0.001074937
-0.001492501
-0.002883019
-0.005138371
-0.007619274
-0.009517459
-0.01025312
-0.009658879
-0.007978227
-0.005730142
-0.003433897
-0.001395809
0.0003116917
0.001752688
0.002973834
0.003951701
0.004684564
0.0052682
0.005851072
0.006531268
0.007311604
0.008085747
0.008697506
0.009046149
0.009081211
0.008766388
0.008098612
0.007132077
0.00599604
0.004899101
0.004050906
0.003554712
0.003359264
0.00330251
0.003206015
0.002952136
0.002532722
0.002081808
0.001809146
0.001878977
0.002384718
0.003378245
0.004870561
0.006816506
0.009015755
0.0110763
0.01247134
0.01272037
0.01160553
0.00928523
0.006133062
0.002543872
-0.001120075
-0.004600441
-0.007793761
-0.01067406
-0.01318256
-0.01515254
-0.01632662
-0.01653685
-0.01582546
-0.01443311
-0.01269693
-0.01088967
-0.009145187
-0.007407648
-0.005445543
-0.003053876
-0.0003433505
0.002183013
0.003818868
0.003920259
0.002280404
-0.0006247542
-0.003858837
-0.00651378
-0.007993359
-0.008203517
-0.007616742
-0.007016931
-0.007098158
-0.008208904
-0.01028216
-0.01287314
-0.01537783
-0.0173871
-0.01884989
-0.02000929
-0.02118015
-0.02247742
-0.02369957
-0.0244499
-0.02435685
-0.02318377
-0.0208815
-0.01760439
-0.01360437
-0.009158863
-0.004621007
-0.0003857319
0.003155854
0.005717204
0.0071638
0.007552512
0.00712569
0.006229533
0.005272754
0.004678465
0.004811128
0.005886829
0.007842306
0.0102687
0.01246725
0.013652
0.01322095
0.01097613
0.007207347
0.002579863
-0.00206413
-0.005926939
-0.008474683
-0.009578525
-0.009406482
-0.008283371
-0.006587342
-0.004626063
-0.002585031
-0.0005954886
0.001191653
0.002531324
0.003120551
0.002758704
0.001426578
-0.0006793503
-0.003205833
-0.005771061
-0.008096639
-0.01000219
-0.01140011
-0.01226465
-0.01261588
-0.01248667
-0.01187373
-0.01078543
-0.009291074
-0.007548998
-0.005825201
-0.004394561
-0.003366546
-0.002597471
-0.001738298
-0.0004172151
0.001484339
0.003697405
0.005687053
0.006900346
0.007013355
0.00600401
0.00399788
0.001101858
-0.002532025
-0.006546967
-0.0103602
-0.01328211
-0.01475002
-0.01451286
-0.01276481
-0.0100737
-0.007125872
-0.004467787
-0.002271783
-0.0002986757
0.001848349
0.004426601
0.007360662
0.01021272
0.0123041
0.01298387
0.01198152
0.009534682
0.006212495
0.002621051
-0.0008217358
-0.003911321
-0.006545056
-0.008598202
-0.009883147
-0.01026508
-0.009749856
-0.008529158
-0.0069894
-0.005588964
-0.004679197
-0.004376873
-0.004515298
-0.004702549
-0.00449423
-0.003554055
-0.001763857
0.0007186002
0.003479408
0.005919531
0.007372798
0.007302499
0.005573937
0.00262573
-0.000709045
-0.003608486
-0.005563605
-0.006437028
-0.006407436
-0.005791908
-0.004854354
-0.003728147
-0.002437335
-0.000980771
0.0005818612
0.002111233
0.003433612
0.004412145
0.004964438
0.005074153
0.004794253
0.004210907
0.003469815
0.0028048
0.002477415
0.002644437
0.003285706
0.004212243
0.005183334
0.006060301
0.006813645
0.00740409
0.007716998
0.007612685
0.007039974
0.006092731
0.004955024
0.003791227
0.002630799
0.001374277
-7.083967e-05
-0.001664071
-0.003245759
-0.004662063
-0.005826949
-0.006739331
-0.007424225
-0.007802141
-0.007680194
-0.006877807
-0.005408952
-0.003529323
-0.001552375
0.0003601827
0.002247782
0.004213542
0.006279828
0.008233187
0.009599668
0.009905406
0.008996449
0.007154615
0.004923883
0.002829241
0.001222709
0.0002361559
-0.0001887663
-0.0001624442
0.0002336738
0.0009287975
0.00181283
0.002709128
0.003427272
0.003890651
0.004105426
0.004036799
0.003617335
0.002862783
0.001986797
0.001378039
0.001426811
0.002312736
0.003894687
0.005815909
0.007719313
0.009375904
0.01073812
0.01179525
0.0123245
0.01187808
0.01005044
0.006806876
0.002576076
-0.001866545
-0.005632438
-0.008078102
-0.009035084
-0.008744815
-0.007657529
-0.006238393
-0.004840563
-0.003629263
-0.002657694
-0.001948164
-0.001515308
-0.00142184
-0.001813797
-0.002785178
-0.004131722
-0.005378744
-0.006009159
-0.005675428
-0.004359351
-0.002396768
-0.0003246461
0.001335425
0.002249147
0.002361237
0.001888529
0.001143808
0.0003835789
-0.0002725306
-0.0008860089
-0.001630911
-0.002657646
-0.003995497
-0.005540805
-0.007073293
-0.008269471
-0.008802733
-0.00846998
-0.007262457
-0.005404566
-0.003309489
-0.001402888
3.999409e-05
0.0009117581
0.001238231
0.001105838
0.0005434236
-0.0005089187
-0.00208302
-0.004042226
-0.006061999
-0.007733348
-0.00870143
-0.00877798
-0.00800977
-0.006711145
-0.005404689
-0.004646157
-0.004793058
-0.005840848
-0.00744596
-0.009091356
-0.01026303
-0.01058971
-0.009910015
-0.008237076
-0.005704406
-0.002555425
0.0008413427
0.004000579
0.006407825
0.007725102
0.007878354
0.007060043
0.00566697
0.004149449
0.002858392
0.001947114
0.001357022
0.0008926846
0.0002668405
-0.0007832032
-0.002314703
-0.004085853
-0.005603787
-0.006306758
-0.005743976
-0.003778038
-0.0006475725
0.003161515
0.007062506
0.01054221
0.01332495
0.01531748
0.01645496
0.01663394
0.01576486
0.01385168
0.01113698
0.008156022
0.005495466
0.003550107
0.002411361
0.001869127
0.001575835
0.001251519
0.000822227
0.0003784247
1.413285e-05
-0.0002898527
-0.0006658071
-0.001214603
-0.001912152
-0.002646524
-0.003325051
-0.003953021
-0.004593466
-0.0052854
-0.005996455
-0.006621957
-0.007017679
-0.007039321
-0.006570774
-0.005502322
-0.003796205
-0.00153566
0.00110247
0.003810303
0.006187698
0.007865514
0.00863326
0.00843805
0.007381628
0.005703769
0.00368032
0.001551815
-0.0004508691
-0.002041695
-0.002913804
-0.002901167
-0.002051311
-0.000598282
0.001117439
0.002768943
0.004153531
0.005236192
0.006067804
0.006641924
0.006854227
0.006607511
0.005926321
0.005001698
0.004184109
0.003884413
0.004385383
0.005702685
0.007589773
0.009596237
0.01119501
0.01190814
0.01140433
0.00961476
0.006805925
0.00350948
0.0002665393
-0.002506773
-0.004553031
-0.005817867
-0.006457178
-0.006683536
-0.006618169
-0.006299821
-0.005759484
-0.005078174
-0.004428429
-0.004014699
-0.003961267
-0.004260469
-0.004790681
-0.005351283
-0.005792607
-0.006100993
-0.006283381
-0.006239628
-0.005746383
-0.004541477
-0.00251789
0.0001152883
0.002877608
0.005211391
0.006689612
0.007173946
0.006893275
0.006304152
0.005813924
0.005619409
0.005722723
0.006028503
0.006430149
0.006820935
0.007095667
0.007167051
0.0070502
0.006903514
0.006902594
0.007095692
0.007345276
0.007404438
0.007075306
0.006359878
0.005410712
0.004389629
0.003436717
0.002652268
0.00208505
0.001803214
0.001922866
0.002470341
0.003265414
0.003970247
0.004225543
0.003785296
0.002667541
0.001155643
-0.000395346
-0.001761856
-0.002856536
-0.003630693
-0.004017059
-0.003957249
-0.003491896
-0.002823992
-0.002264619
-0.00206398
-0.00226729
-0.002683035
-0.002979682
-0.002820581
-0.001986708
-0.0004385661
0.001752488
0.004437087
0.007353699
0.01010619
0.01222807
0.01325776
0.01286272
0.01100581
0.008012324
0.00440552
0.0007638505
-0.002327174
-0.00442232
-0.005191642
-0.004358995
-0.001862686
0.001937222
0.006226413
0.009898916
0.01205564
0.01248296
0.01163137
0.01014673
0.00842329
0.006405299
0.003781851
0.0004709048
-0.00305616
-0.005888713
-0.007202576
-0.006636539
-0.004400916
-0.001238512
0.001839189
0.003894519
0.004209616
0.002496172
-0.0009955585
-0.005634245
-0.01060338
-0.01499232
-0.01798738
-0.01913123
-0.0183821
-0.01597143
-0.01227878
-0.00777261
-0.00305189
0.001197555
0.004375577
0.006188317
0.006723386
0.00639689
0.005832087
0.005547546
0.005694572
0.006085748
0.006408792
0.006449583
0.006175064
0.005738656
0.005411529
0.005364141
0.005562563
0.005856328
0.006040482
0.005910027
0.005352789
0.00438793
0.003139615
0.001813616
0.0006449682
-0.0001696367
-0.0005281104
-0.0004748584
-0.0001750521
0.000163871
0.0003614077
0.0003089721
-5.433835e-05
-0.0007542696
-0.001714386
-0.002734825
-0.003611899
-0.004208655
-0.004444236
-0.004347544
-0.004031746
-0.003606996
-0.003168297
-0.002801752
-0.002558337
-0.00245219
-0.002567483
-0.003057098
-0.004028599
-0.005447179
-0.007058192
-0.008474446
-0.009351151
-0.009480288
-0.008756897
-0.007173484
-0.004912021
-0.002315757
0.000263365
0.002485065
0.00402489
0.004669421
0.004404117
0.003400994
0.001921627
0.0002333268
-0.001473678
-0.003093697
-0.004470374
-0.00536461
-0.00553627
-0.00488604
-0.003610908
-0.002148414
-0.001020746
-0.0006237712
-0.001063095
-0.002156644
-0.003555366
-0.004902988
-0.00593115
-0.006510855
-0.006672488
-0.006553097
-0.006313566
-0.006062014
-0.005852901
-0.005709363
-0.005599863
-0.00547306
-0.005298205
-0.005045681
-0.004721406
-0.004382361
-0.004045421
-0.003615471
-0.002912873
-0.001739241
3.240181e-06
0.002160268
0.004322024
0.006020388
0.006982522
0.007164783
0.006636298
0.005487266
0.003780402
0.001604215
-0.0008165832
-0.003067624
-0.00466208
-0.005178634
-0.004408932
-0.002483012
0.0001453892
0.002862188
0.005048532
0.006213772
0.006109457
0.004767415
0.002471026
-0.0003030392
-0.003021288
-0.005260391
-0.006797469
-0.007600182
-0.007805063
-0.007674857
-0.007441022
-0.007141161
-0.006637203
-0.005770202
-0.00455161
-0.003252002
-0.002289406
-0.002002305
-0.002463682
-0.003467758
-0.004591448
-0.005394621
-0.005641239
-0.00535732
-0.00479693
-0.004333136
-0.004284026
-0.00474813
-0.00555457
-0.006424755
-0.007204723
-0.007882518
-0.008481104
-0.008936649
-0.00906235
-0.008641159
-0.007558856
-0.005893036
-0.003923438
-0.002079009
-0.0007573046
-0.0001124165
-5.878729e-05
-0.0003499136
-0.0007294444
-0.001030174
-0.001185081
-0.001227401
-0.001214372
-0.001170281
-0.001039973
-0.0006849694
5.735265e-05
0.001280707
0.002967219
0.004977304
0.007007156
0.008723193
0.009991863
0.01081013
0.01124985
0.01153962
0.01191887
0.01243419
0.01295945
0.01332085
0.01340866
0.01323251
0.01289432
0.01249563
0.01205387
0.01150203
0.01072549
0.009656845
0.00829651
0.006699464
0.005014139
0.003451126
0.002257142
0.001660158
0.001738257
0.002358746
0.003190825
0.003855079
0.004067263
0.003738059
0.002990116
0.002029585
0.001074486
0.0002961234
-0.0001984934
-0.0003760458
-0.0002411962
0.0002452554
0.001122116
0.002358001
0.003829046
0.005365202
0.006825164
0.008106219
0.009149484
0.009968228
0.01062191
0.01117023
0.01165667
0.01214533
0.01268636
0.01329689
0.01397694
0.01471255
0.01550391
0.01635542
0.01723329
0.01801298
0.01849566
0.01847756
0.01780726
0.01652443
0.01486769
0.01313719
0.01158679
0.01028473
0.009099818
0.00780883
0.006256671
0.004417924
0.002380388
0.0003093511
-0.001593547
-0.00316204
-0.004370757
-0.005348011
-0.00621363
-0.006935255
-0.007356406
-0.007278271
-0.006504858
-0.004973579
-0.002791583
-0.0002458183
0.00218429
0.004029007
0.004992805
0.005023026
0.004347213
0.003356812
0.00247147
0.002004859
0.002055084
0.002583176
0.003511051
0.004742688
0.006131644
0.007436641
0.008402358
0.008886917
0.008924492
0.008732951
0.008585924
0.008695968
0.009143148
0.009866717
0.01074
0.01163869
0.01247847
0.01315751
0.01355113
0.01356223
0.01318059
0.01252606
0.01180946
0.01119004
0.01069896
0.01023672
0.009636424
0.008817433
0.007783058
0.006556905
0.005231014
0.00393641
0.002753735
0.001693963
0.0007801865
6.224334e-05
-0.0004133873
-0.0005575421
-0.000240003
0.0006320046
0.002008947
0.003676753
0.005333581
0.006607021
0.007082937
0.006497932
0.004893125
0.002489881
-0.0003697176
-0.003250643
-0.005751748
-0.007571002
-0.00848096
-0.008338418
-0.007182121
-0.005249603
-0.002849626
-0.0003637978
0.001790897
0.003306574
0.004100431
0.004236689
0.003800454
0.002871987
0.00153171
-8.211395e-05
-0.001720692
-0.003061287
-0.003842183
-0.003938601
-0.003381638
-0.002336002
-0.00101108
0.0003591563
0.001487934
0.002099312
0.002051253
0.001360817
0.0001965607
-0.001150226
-0.002371299
-0.003224017
-0.003582891
-0.003423059
-0.002792534
-0.001769634
-0.0004195743
0.001160248
0.002784176
0.004183119
0.005046314
0.00513163
0.004406793
0.003127732
0.001679423
0.0003663201
-0.0007100649
-0.001625956
-0.002446085
-0.003118517
-0.003559749
-0.00382463
-0.004092708
-0.004499395
-0.005105719
-0.005840063
-0.006476362
-0.006783403
-0.006597719
-0.00584251
-0.004506332
-0.002627206
-0.0003289601
0.002207541
0.004705427
0.00682659
0.008284631
0.008888738
0.008600697
0.007634489
0.006429311
0.005428936
0.004916638
0.004945867
0.005350824
0.005930872
0.00658897
0.007250863
0.007837495
0.008251737
0.008364736
0.008100515
0.007535257
0.006864541
0.006185876
0.00539679
0.004311702
0.002819848
0.0009468177
-0.001194689
-0.00341069
-0.005476374
-0.007167268
-0.008269295
-0.00870911
-0.008514371
-0.007729293
-0.006438517
-0.004859873
-0.003317349
-0.002090401
-0.00135
-0.001134687
-0.001349429
-0.001886136
-0.002689834
-0.003635797
-0.004489791
-0.005027015
-0.005105931
-0.004684777
-0.003888328
-0.003001203
-0.002333014
-0.002086857
-0.002362559
-0.003144766
-0.004310014
-0.005754419
-0.007384988
-0.00903313
-0.01049871
-0.01156701
-0.01200684
-0.0116706
-0.01060765
-0.009005259
-0.007098327
-0.005142257
-0.003321347
-0.001749765
-0.0005605879
8.777746e-05
9.373057e-05
-0.0005029163
-0.00154851
-0.002830419
-0.00411094
-0.005185237
-0.005969096
-0.006451382
-0.006642207
-0.006618609
-0.006513355
-0.006425748
-0.006372837
-0.006255808
-0.005894353
-0.005195232
-0.004214482
-0.003130432
-0.002172686
-0.001531239
-0.001327163
-0.001543877
-0.002073781
-0.002850819
-0.003805196
-0.004797446
-0.005601311
-0.005970304
-0.00576238
-0.005013974
-0.003921693
-0.002697279
-0.001518771
-0.0004953958
0.0003528353
0.001029177
0.001520475
0.00174295
0.001601783
0.001048546
0.0001323222
-0.0009265077
-0.001820876
-0.002273633
-0.002076054
-0.001159993
0.0003487582
0.002187419
0.004100647
0.005862016
0.00735414
0.008563114
0.009485565
0.01015168
0.01060543
0.01083207
0.01072142
0.01011806
0.008941437
0.007223702
0.005083255
0.002727573
0.0003938462
-0.001721531
-0.003456698
-0.004636678
-0.005099465
-0.004813628
-0.003902238
-0.002655905
-0.001454935
-0.0006407645
-0.0004320916
-0.0008100561
-0.001499365
-0.002120286
-0.002413183
-0.00227862
-0.00177538
-0.001091691
-0.0004229653
8.3206e-05
0.0003558825
0.0004084084
0.0002966587
7.765856e-05
-0.0002592103
-0.0007449667
-0.001365214
-0.002098393
-0.00289769
-0.003622385
-0.004101739
-0.004268645
-0.00418851
-0.004032454
-0.004039633
-0.004367108
-0.004982691
-0.005707212
-0.006319847
-0.006641866
-0.006589567
-0.006214823
-0.005658703
-0.005020703
-0.00433185
-0.003568947
-0.002740713
-0.001949867
-0.00131144
-0.0008655649
-0.0005842275
-0.0004336968
-0.0003514116
-0.0002320047
-1.871346e-06
0.0003389264
0.0007461824
0.001145028
0.001459692
0.001649014
0.001683383
0.001501567
0.001070921
0.0004515773
-0.0002000156
-0.0006846784
-0.0008438081
-0.0006279411
-8.589605e-05
0.0006257557
0.001267542
0.001566213
0.001291445
0.0003658208
-0.001139654
-0.003014987
-0.004873084
-0.006239432
-0.006766805
-0.006389119
-0.005267662
-0.003734658
-0.002269834
-0.001305672
-0.001029993
-0.001323467
-0.001865287
-0.002279661
-0.002340289
-0.002104417
-0.001792806
-0.00164078
-0.001740424
-0.001986974
-0.002196818
-0.002222266
-0.00205454
-0.001768772
-0.001422462
-0.001019709
-0.0005355513
3.903911e-05
0.0006934714
0.001392219
0.002061236
0.002502914
0.002451305
0.001752686
0.0004042003
-0.001425946
-0.003436482
-0.005291548
-0.006715145
-0.007528474
-0.007680089
-0.007285585
-0.006531981
-0.005544012
-0.004404533
-0.003183787
-0.001932984
-0.0006883256
0.0004725703
0.001401335
0.00199046
0.002233933
0.002200263
0.001978307
0.001625638
0.001186279
0.0006709631
6.448781e-06
-0.000923697
-0.002091984
-0.003237323
-0.004048932
-0.004326318
-0.003985449
-0.003134635
-0.002131258
-0.001384217
-0.001090876
-0.001256936
-0.001703464
-0.00210969
-0.002215049
-0.001936664
-0.001332694
-0.0005095853
0.00034335
0.0009801107
0.001257361
0.001203105
0.000997514
0.0008959425
0.001093005
0.001611879
0.002374753
0.003223209
0.003856334
0.003977834
0.003453242
0.002295716
0.0006905349
-0.001001295
-0.00243227
-0.003386855
-0.003826641
-0.003867708
-0.00367059
-0.003304551
-0.002704627
-0.001862258
-0.0009118549
-5.164541e-05
0.0005448384
0.0007601726
0.0005700851
5.02606e-05
-0.000764599
-0.001948886
-0.003614786
-0.00576146
-0.008185713
-0.01052251
-0.01235326
-0.01336984
-0.01349275
-0.01284862
-0.01170004
-0.0102778
-0.00868508
-0.007048651
-0.005566378
-0.004340301
-0.003325732
-0.002438415
-0.001604999
-0.0007474528
0.0001091545
0.0008169485
0.001249824
0.001350935
0.001146374
0.0007581987
0.0003804528
0.0001928416
0.000299964
0.0007351122
0.001431115
0.002220047
0.002935052
0.003501607
0.003903744
0.00417685
0.004413848
0.004602631
0.004533701
0.003952133
0.002750041
0.00105098
-0.0008110627
-0.002421372
-0.003438712
-0.003700912
-0.003271431
-0.002345987
-0.001118996
0.000276549
0.001711836
0.003021819
0.004009152
0.004454708
0.004191134
0.003229396
0.001818578
0.0003416601
-0.0008416221
-0.001501964
-0.001611109
-0.001297963
-0.0007156582
4.763289e-05
0.0009696841
0.002061318
0.003273239
0.004461847
0.005402606
0.005882179
0.005852328
0.005447269
0.004922257
0.004492504
0.004166228
0.003782682
0.003196685
0.002405042
0.001563277
0.0008821843
0.000507517
0.0004563273
0.0005184517
0.0004004975
-4.95633e-05
-0.000763792
-0.001492791
-0.001956732
-0.002070074
-0.001861184
-0.001323813
-0.0004677601
0.0006075936
0.001709968
0.002597836
0.003082842
0.003131009
0.002845771
0.002370974
0.001803308
0.001135134
0.0002409376
-0.0009889218
-0.002508552
-0.004149594
-0.005721559
-0.007062231
-0.008063765
-0.008708644
-0.009062162
-0.009185571
-0.009099611
-0.008762067
-0.008136464
-0.007281015
-0.006309322
-0.005336672
-0.00440307
-0.003446886
-0.002346724
-0.001046291
0.0003060932
0.00141799
0.002046399
0.002154315
0.001893653
0.001513751
0.001307039
0.001456131
0.001971273
0.002738149
0.003587003
0.004404412
0.005167188
0.005904487
0.006587957
0.007094894
0.007268713
0.006952956
0.006105966
0.004876183
0.00351865
0.00224179
0.001123961
0.0001643814
-0.0006689957
-0.001338728
-0.001739267
-0.001804154
-0.001503823
-0.0009126974
-0.0002580858
0.0002211146
0.0004502327
0.0004966872
0.0004319038
0.0003112595
0.0001297346
-0.0002609078
-0.001028605
-0.002194779
-0.003626405
-0.005152128
-0.006589853
-0.007716244
-0.008319349
-0.00823915
-0.007363664
-0.005694543
-0.003422121
-0.0008786801
0.001560659
0.003571241
0.00499671
0.005874114
0.006299258
0.006406314
0.006369414
0.006283056
0.006073404
0.005569286
0.004647978
0.00327756
0.001540748
-0.0002941938
-0.001847972
-0.002807253
-0.003038995
-0.002640916
-0.001880082
-0.001037461
-0.0003298822
0.0001008304
0.0002093293
2.744971e-05
-0.0003840757
-0.0009267352
-0.001442746
-0.001752537
-0.001729331
-0.001326417
-0.0005878635
0.0003711105
0.001447863
0.002624813
0.003920026
0.005272734
0.006492056
0.007281847
0.00733103
0.006495791
0.004975628
0.003285634
0.001930882
0.001129375
0.0008252007
0.000789087
0.0008054221
0.000798077
0.0007907102
0.0007956333
0.0007560706
0.0005154578
-6.774388e-05
-0.0009304817
-0.001810379
-0.002417181
-0.002553655
-0.002161331
-0.001339638
-0.0002730492
0.0008250975
0.001732753
0.002283231
0.002394705
0.002054741
0.001346261
0.0004937328
-0.0002131592
-0.0005930024
-0.0006741627
-0.000632942
-0.0006765794
-0.0009520749
-0.001492646
-0.002188235
-0.002848742
-0.003301548
-0.003462738
-0.003339702
-0.002964677
-0.002377837
-0.001670332
-0.001011969
-0.0006075556
-0.0006070791
-0.001050609
-0.001869597
-0.002907639
-0.003955406
-0.004801092
-0.005339982
-0.005630345
-0.005811498
-0.005993015
-0.006196642
-0.006366886
-0.006393355
-0.006153073
-0.005579675
-0.004669251
-0.00349441
-0.002204226
-0.0009607541
0.0001145168
0.0009505653
0.001517238
0.001790617
0.00176001
0.001443744
0.0008829979
0.0001606238
-0.0005799095
-0.001160015
-0.001400501
-0.001203214
-0.0006567216
-2.313071e-05
0.0003805968
0.0003335145
-0.0001590064
-0.0009600896
-0.001930222
-0.002967059
-0.004026934
-0.005059934
-0.005946606
-0.00648599
-0.006442442
-0.005661874
-0.004205051
-0.002346348
-0.0004816955
0.0009591173
0.001701904
0.001746302
0.001332729
0.0008366885
0.0005921776
0.0007109516
0.001041264
0.001304514
0.001316343
0.001031647
0.0004896244
-0.0001850456
-0.0008283033
-0.001358258
-0.001776671
-0.002097455
-0.002342376
-0.002552759
-0.002785234
-0.003157026
-0.003765933
-0.004541326
-0.005253119
-0.00566589
-0.0056735
-0.005322448
-0.00477123
-0.004195534
-0.003699353
-0.00335088
-0.003162977
-0.003076703
-0.003004264
-0.002896718
-0.002727968
-0.002454603
-0.002041617
-0.001446602
-0.0006540693
0.0002270392
0.001005161
0.001539874
0.001750495
0.001585232
0.001073148
0.0003748997
-0.0003038095
-0.0007895622
-0.0009353111
-0.0006602342
-1.533276e-05
0.0008139443
0.001561662
0.001963162
0.001879188
0.001358664
0.0005706976
-0.0002837261
-0.001023194
-0.001537422
-0.00183568
-0.001995375
-0.002074067
-0.002088283
-0.001981051
-0.001647453
-0.00102925
-0.0001718517
0.0007914643
0.001712251
0.002450418
0.002903949
0.003068326
0.003002726
0.002796055
0.002550796
0.002344768
0.002201993
0.002076149
0.001895617
0.001638243
0.001342776
0.001057344
0.000773177
0.0004528399
0.0001199801
-0.0001400962
-0.0002948462
-0.0004015964
-0.0005053168
-0.000646117
-0.0008516992
-0.001051572
-0.001171415
-0.001203338
-0.001173184
-0.001141515
-0.001148837
-0.001161777
-0.001099651
-0.000903606
-0.0005774904
-0.0001213141
0.0004511346
0.001078448
0.001652998
0.002016554
0.002004155
0.001590806
0.0009268983
0.0002051956
-0.00043441
-0.0009475108
-0.001407866
-0.001968706
-0.002755285
-0.003729014
-0.004652451
-0.005221927
-0.005231041
-0.004635728
-0.003531503
-0.002102538
-0.0005639948
0.0008886659
0.002108657
0.002993131
0.003417085
0.003264538
0.00251559
0.001254087
-0.0003095322
-0.001867429
-0.003123029
-0.003892791
-0.004120162
-0.003862725
-0.003268162
-0.002515683
-0.001757554
-0.001119799
-0.0006966049
-0.0005615955
-0.0007562118
-0.001274725
-0.002051961
-0.002929895
-0.003710132
-0.004245464
-0.00445603
-0.004307862
-0.00377858
-0.002869993
-0.001651779
-0.0002924273
0.0009970301
0.002042341
0.002699916
0.002902995
0.00269924
0.002207769
0.001568042
0.0009153709
0.0003742075
3.351702e-05
-7.408428e-05
1.432865e-05
0.0001760657
0.0002341653
7.110398e-05
-0.0003002283
-0.000791845
-0.001304163
-0.001735087
-0.002055965
-0.002336105
-0.002633771
-0.002925937
-0.003100669
-0.003021605
-0.002613026
-0.001901442
-0.00103522
-0.0002368973
0.0002962433
0.0005124893
0.0004824838
0.0002720807
-0.0001355885
-0.0007973608
-0.001698278
-0.002719201
-0.003677377
-0.00440208
-0.004819086
-0.004949087
-0.004837296
-0.004516573
-0.004018041
-0.003341234
-0.002482001
-0.001551245
-0.0007665316
-0.0003285205
-0.0003307414
-0.0007478868
-0.001483872
-0.002416703
-0.003384992
-0.004171412
-0.004540191
-0.004343071
-0.003611458
-0.00255262
-0.001499458
-0.0007964397
-0.0006316146
-0.0009938315
-0.00170149
-0.002469137
-0.00303087
-0.003247745
-0.003107044
-0.002685728
-0.002135495
-0.001580491
-0.00102335
-0.0004476838
3.472663e-05
0.0002820659
0.0002290478
-0.0001419298
-0.0008228846
-0.001710035
-0.002568164
-0.003139109
-0.003248079
-0.00282709
-0.001942884
-0.0007879313
0.0004018998
0.001453191
0.002322811
0.003041148
0.003621695
0.003999898
0.004058779
0.0037171
0.003029025
0.002176642
0.001353738
0.0006850159
0.0001881748
-0.0002178705
-0.0006253344
-0.001049074
-0.001379628
-0.001442557
-0.00111466
-0.0003847625
0.0006461059
0.001796404
0.002866991
0.003653645
0.004005981
0.003857337
0.003210568
0.00219126
0.001041312
-5.084128e-06
-0.0008425325
-0.001512836
-0.002110723
-0.002680321
-0.003133361
-0.00327963
-0.002947444
-0.002118952
-0.0009510221
0.0003106137
0.001435944
0.002336132
0.003045276
0.003591491
0.003945885
0.004073716
0.004001492
0.003836298
0.003732302
0.003840815
0.004227338
0.004825036
0.00545227
0.005885905
0.005980701
0.005728216
0.005224554
0.004638512
0.004168662
0.003951407
0.004011126
0.00428593
0.004658612
0.005021487
0.005346407
0.005616988
0.005708487
0.005483974
0.004886763
0.003925298
0.002696436
0.001422838
0.0003953126
-0.0001630075
-0.0001666968
0.0003214222
0.001115038
0.001999629
0.00282118
0.003479841
0.003904815
0.004056171
0.00391086
0.003496649
0.002932414
0.002401689
0.002079425
0.002082881
0.002432495
0.003022452
0.00364343
0.004077214
0.004163127
0.00385666
0.003245415
0.002492625
0.001752695
0.001137094
0.0007010565
0.0004648765
0.0004482589
0.0006612355
0.00111006
0.001749406
0.002449093
0.003070113
0.003497777
0.003655157
0.003550017
0.003276793
0.002991621
0.002847415
0.002918642
0.003176437
0.003549962
0.003985302
0.004425279
0.004789307
0.005019187
0.005135648
0.005195868
0.005232326
0.005233102
0.005112702
0.004737028
0.004010794
0.002952258
0.001723696
0.0005845177
-0.0002248117
-0.0006096213
-0.0006227577
-0.0004040955
-0.0001018854
0.0002366644
0.0006825224
0.001307154
0.00207067
0.00285209
0.003496739
0.003825393
0.003735426
0.003254943
0.002493359
0.001540182
0.0004463932
-0.0007469103
-0.002038638
-0.003438366
-0.00489034
-0.006258025
-0.007320727
-0.007834933
-0.007672222
-0.006905354
-0.005747056
-0.004465665
-0.003304057
-0.002401666
-0.001745049
-0.001234566
-0.0007787838
-0.0003249132
0.000136519
0.0005751027
0.0009529267
0.001207429
0.00123894
0.001009046
0.000606119
0.0001911765
-5.117558e-05
2.248262e-05
0.0004188981
0.00100385
0.001580038
0.002005698
0.002253721
0.002393153
0.002550877
0.00280118
0.003118948
0.003420902
0.003565273
0.003385585
0.002769161
0.001711187
0.0003027728
-0.001305891
-0.002906724
-0.00426554
-0.005164783
-0.005466953
-0.005184793
-0.004485349
-0.003614815
-0.002821608
-0.002308464
-0.002171187
-0.002350209
-0.002717905
-0.003147124
-0.003498098
-0.003639983
-0.003490193
-0.00306193
-0.002399859
-0.001569015
-0.0006925034
0.0001163408
0.0008074276
0.001377535
0.001834627
0.002171123
0.002337086
0.002245914
0.00183787
0.001144303
0.0002912046
-0.0005248446
-0.001067328
-0.001150213
-0.0006856019
0.0003130319
0.00171782
0.003311514
0.004841435
0.006059316
0.006774501
0.006879189
0.006347762
0.005212036
0.003587032
0.001689446
-0.0002329081
-0.001868043
-0.002910839
-0.003208942
-0.002788759
-0.001821183
-0.0005538714
0.0007793858
0.002008746
0.002973569
0.003494566
0.003457285
0.002914466
0.002064872
0.001124984
0.0002603562
-0.0004241338
-0.0008772588
-0.001060794
-0.0009079179
-0.0003819891
0.0004495498
0.001418622
0.002293953
0.002860788
0.003047525
0.002973499
0.002851453
0.00286325
0.003064897
0.003362191
0.0035844
0.003636724
0.003585149
0.003600062
0.003841755
0.004364834
0.005085867
0.005808825
0.006335739
0.00654665
0.006362471
0.005759707
0.004816672
0.003674754
0.002506811
0.001485525
0.0007513792
0.0004052366
0.0004795451
0.0009210128
0.001635941
0.002534227
0.003519592
0.00445668
0.00517325
0.005511504
0.00537996
0.004811852
0.003979348
0.003131031
0.002455385
0.002007662
0.0017643
0.001672493
0.001711102
0.001939193
0.002428758
0.003170419
0.004035344
0.004792112
0.005165441
0.00498312
0.004297906
0.003328802
0.002324896
0.001445528
0.0007336522
0.0001723177
-0.0002476866
-0.0004969922
-0.0005099993
-0.0002288471
0.0003056086
0.0009454938
0.001535441
0.002036391
0.002525874
0.003105419
0.003808759
0.004559559
0.005221033
0.005668151
0.00582566
0.005678052
0.005298825
0.004829525
0.004424996
0.00419317
0.004200504
0.004481114
0.004964412
0.005453813
0.005685177
0.00544099
0.004674385
0.003583524
0.002508609
0.001736349
0.001403365
0.00149238
0.001861236
0.002298285
0.002623077
0.002775432
0.002791079
0.002744368
0.002710799
0.002698321
0.002640521
0.002422426
0.001912202
0.001048144
-7.570988e-05
-0.001240844
-0.002228418
-0.002907976
-0.003228754
-0.003191424
-0.00285442
-0.002283522
-0.001547638
-0.0007799722
-0.0001405224
0.0002946306
0.0005426593
0.0006387249
0.0006110668
0.0004607709
0.0001368117
-0.0003737464
-0.0009632649
-0.001476595
-0.001808721
-0.001939492
-0.001959223
-0.001995774
-0.002082039
-0.00214669
-0.002082299
-0.001842093
-0.001494489
-0.001214628
-0.001171297
-0.00140889
-0.001870266
-0.002438487
-0.003009075
-0.003568443
-0.0041838
-0.004903858
-0.005673547
-0.00630595
-0.0065747
-0.00634132
-0.005612873
-0.004544482
-0.003369799
-0.002319603
-0.001515397
-0.000901993
-0.0003445561
0.0002253711
0.0007647859
0.001206557
0.001510973
0.001661222
0.001672737
0.001591579
0.001458047
0.001274559
0.001016597
0.0006628228
0.000232727
-0.0002029037
-0.0006060285
-0.0009821602
-0.00134195
-0.001697432
-0.002058837
-0.002389575
-0.002607325
-0.002667035
-0.002598994
-0.002463714
-0.002303539
-0.002114661
-0.001830264
-0.001387833
-0.0008269026
-0.0002659693
0.0001939452
0.0004909063
0.0005796548
0.0004156358
-1.1194e-05
-0.0006281103
-0.001321146
-0.002021891
-0.002675458
-0.003176587
-0.003412299
-0.003365672
-0.003144151
-0.002913049
-0.00281984
-0.002900055
-0.003033412
-0.003045559
-0.002827426
-0.002387384
-0.001832906
-0.001301471
-0.0008654901
-0.0005237607
-0.000283014
-0.000152116
-0.0001035252
-0.0001509984
-0.0003747796
-0.0008606114
-0.001643259
-0.002667505
-0.003739164
-0.004583851
-0.004995581
-0.00489766
-0.004309278
-0.003344394
-0.00220452
-0.00111389
-0.0002548935
0.0002516859
0.0003761845
0.0001770444
-0.0002613584
-0.000849381
-0.001489355
-0.002073245
-0.002496682
-0.002698497
-0.002648421
-0.002331347
-0.00181448
-0.001255584
-0.0008279016
-0.0006169382
-0.0005822915
-0.0006567046
-0.0007830127
-0.0008941859
-0.0009313512
-0.0008732425
-0.0007398065
-0.0005241964
-0.0001762203
0.0003018766
0.0007898306
0.001114922
0.001164833
0.0009137512
0.0004595446
-2.246613e-05
-0.0004128115
-0.0006914085
-0.0009227977
-0.001186861
-0.001481274
-0.001721532
-0.001823347
-0.001739777
-0.001463726
-0.001055023
-0.0006649547
-0.0004540474
-0.0004575776
-0.0006118703
-0.0008372883
-0.001057936
-0.001234164
-0.001336676
-0.001337633
-0.001212375
-0.0009742078
-0.0006897334
-0.000456363
-0.0003730603
-0.000458058
-0.0006315308
-0.0007751205
-0.0008197495
-0.0007898782
-0.0007275657
-0.0006583443
-0.0005971546
-0.0005193259
-0.00035667
-5.186898e-05
0.0003583466
0.0006867964
0.0007114405
0.000360023
-0.000267411
-0.0009802738
-0.001613817
-0.002094148
-0.002447377
-0.002757688
-0.003088884
-0.003411223
-0.003598177
-0.003545923
-0.003261507
-0.002838547
-0.002416163
-0.002129837
-0.002023871
-0.002008875
-0.001961345
-0.001784492
-0.001426228
-0.0009160021
-0.0003659975
0.000112166
0.0004790323
0.0007912122
0.001191709
0.001791474
0.002520821
0.003185124
0.003628484
0.003788659
0.003684197
0.003402929
0.003085191
0.00282598
0.002586844
0.002288335
0.001935466
0.001635485
0.001516137
0.001661175
0.001996534
0.002280815
0.002329998
0.002115754
0.001766525
0.001488807
0.001447297
0.00162564
0.001865658
0.002023474
0.002033959
0.001933354
0.00183752
0.001848163
0.001973938
0.002120995
0.002173342
0.002071925
0.001867153
0.001705352
0.001687409
0.001767387
0.001805916
0.001673824
0.001296842
0.0007116209
8.928436e-05
-0.0003593975
-0.0005292714
-0.0004678868
-0.0003388712
-0.0003233747
-0.0005127817
-0.0008877774
-0.001332441
-0.001706993
-0.001953919
-0.002116772
-0.002243822
-0.002322212
-0.002308158
-0.002174783
-0.00190976
-0.001537456
-0.001103434
-0.00068369
-0.0003552611
-0.0001323357
2.193611e-06
8.573682e-05
0.0001360248
0.0001273379
3.009022e-05
-0.0001907416
-0.0005454679
-0.0009680973
-0.001297571
-0.001354477
-0.001061205
-0.0004934872
0.0001809091
0.0008057029
0.001270905
0.001532923
0.001611554
0.001553403
0.001426012
0.001285094
0.001137414
0.0009405674
0.0006374662
0.0002081364
-0.0002944326
-0.0007877566
-0.001231798
-0.001609348
-0.001888891
-0.002036846
-0.002036844
-0.001881292
-0.001613552
-0.001322971
-0.001061351
-0.0008604462
-0.0007821167
-0.0008982948
-0.001228391
-0.001710184
-0.002227373
-0.002623553
-0.0027843
-0.002694346
-0.002419294
-0.002061814
-0.001781305
-0.001637368
-0.001639759
-0.001749829
-0.00190643
-0.002044493
-0.00212263
-0.002145158
-0.002148847
-0.002178186
-0.002278623
-0.002484842
-0.002778029
-0.003061818
-0.003234245
-0.003237147
-0.003054204
-0.002693887
-0.002202117
-0.001658995
-0.001137706
-0.0007271189
-0.0004936929
-0.0004372815
-0.0005180306
-0.000651149
-0.0007601815
-0.000834483
-0.0009124048
-0.000988641
-0.001002762
-0.0008798565
-0.0005734449
-0.0001248249
0.0003559095
0.000761856
0.001005054
0.00103668
0.0008914612
0.000695216
0.0005800829
0.0006012328
0.0007426499
0.0009045703
0.0009697565
0.000936083
0.0008387687
0.0006209617
0.0002380384
-0.0002304576
-0.0005894383
-0.0006011954
-0.0001682224
0.0005134989
0.001110917
0.001420704
0.001444267
0.001274121
0.001012071
0.0007566416
0.0005626045
0.0004463276
0.0003910142
0.0003615377
0.0003914441
0.0005529632
0.0008222649
0.001090555
0.00128484
0.001368917
0.001275131
0.001028758
0.0007906303
0.0006753032
0.0006895724
0.0008274225
0.001098424
0.00145368
0.001791583
0.002046824
0.002224386
0.002335742
0.002399647
0.002462085
0.002550486
0.002633331
0.002638267
0.002555188
0.002463991
0.002423413
0.002410755
0.002362864
0.002230457
0.001961169
0.001503885
0.000913397
0.0003375347
-0.0001081717
-0.0003296882
-0.000229264
0.000219795
0.000941039
0.001822155
0.002734923
0.003527154
0.004058334
0.004237597
0.004078606
0.003699082
0.003253006
0.002854207
0.002582213
0.002470309
0.002444854
0.002372539
0.002187816
0.001941594
0.001684995
0.00141877
0.001162827
0.0009673615
0.0008396111
0.0007475569
0.0006876269
0.0006709141
0.000704501
0.0007975098
0.0009058778
0.0009680092
0.0009907249
0.001019585
0.001071508
0.001118972
0.0011376
0.001110145
0.001036688
0.0009459691
0.0009109832
0.001023514
0.001332185
0.001810039
0.002313382
0.002648657
0.002739946
0.002631969
0.00235706
0.001925381
0.001361859
0.0006973928
3.70707e-06
-0.0005870043
-0.0009315239
-0.0009277582
-0.0005793717
-1.568232e-05
0.0005835723
0.001072278
0.001338163
0.0013315
0.001116072
0.0008141056
0.0005234813
0.0002816801
6.691965e-05
-0.0001655759
-0.0004141283
-0.0006229768
-0.0007283818
-0.0007031439
-0.0005864936
-0.00045079
-0.0003730749
-0.0004063486
-0.000548324
-0.0007443695
-0.0009281751
-0.001064369
-0.00113984
-0.001182857
-0.001237599
-0.001285668
-0.001303033
-0.00129351
-0.001251705
-0.001195292
-0.001180078
-0.001292697
-0.001580186
-0.001996702
-0.002454477
-0.002861986
-0.003165563
-0.003356436
-0.003446815
-0.003456087
-0.00337046
-0.003169753
-0.002855583
-0.002499072
-0.002216967
-0.002065551
-0.002020285
-0.002013815
-0.001963376
-0.001849769
-0.001737409
-0.001680603
-0.001665876
-0.001658102
-0.00162542
-0.001529171
-0.001362375
-0.001170074
-0.0009952114
-0.0008466707
-0.0007268342
-0.0006739368
-0.0007153087
-0.0008411227
-0.001038663
-0.001286331
-0.00155672
-0.00182772
-0.002071962
-0.002267054
-0.002424834
-0.002563584
-0.002639527
-0.002581431
-0.002359325
-0.002001737
-0.001601584
-0.001270417
-0.001078523
-0.00101336
-0.001046929
-0.001182519
-0.001412535
-0.001693414
-0.001953042
-0.002164614
-0.002346716
-0.002516051
-0.00267
-0.002778355
-0.002826467
-0.002828641
-0.002799755
-0.002733368
-0.002610322
-0.002416086
-0.002146117
-0.001801081
-0.001392476
-0.0009428838
-0.000534104
-0.0003030761
-0.0003137327
-0.0005313139
-0.000866044
-0.001204533
-0.001438508
-0.001514398
-0.001463187
-0.001352645
-0.001246049
-0.001194609
-0.001218014
-0.00128971
-0.001381087
-0.001475311
-0.001555015
-0.001619562
-0.001666086
-0.001674564
-0.001629516
-0.001556829
-0.001496371
-0.001454464
-0.001444566
-0.001482512
-0.001540953
-0.001571199
-0.001539
-0.001441655
-0.001312848
-0.001206276
-0.001142532
-0.001073787
-0.0009472909
-0.0007564081
-0.0005230964
-0.0002866747
-0.0001000478
-2.274625e-07
1.174599e-05
-3.05142e-05
-6.882629e-05
-5.597975e-05
2.461706e-05
0.00016463
0.000331693
0.0004881131
0.0006155286
0.0007105092
0.0007746092
0.0008148933
0.0008234745
0.0007572122
0.0005994313
0.0004055791
0.0002284601
8.277547e-05
-2.831486e-05
-0.0001074781
-0.0001558487
-0.0001691294
-0.0001532045
-0.0001073969
-3.16211e-05
5.53734e-05
0.0001222465
0.0001656583
0.0002025201
0.0002403134
0.0002800396
0.0003189064
0.0003419076
0.0003421583
0.000327643
0.0003132496
0.0003032981
0.0002863951
0.0002619834
0.0002348065
0.0002199072
0.0002199406
0.0002240929
0.0002513026
0.0003165206
0.000397784
0.0004745638
0.0005344583
0.0005537423
0.0005096415
0.0004022739
0.0002403644
3.294678e-05
-0.000186511
-0.0003576889
-0.0004399027
-0.0004267819
-0.000324605
-0.000153809
4.739799e-05
0.0002428741
0.0004250513
0.0006088098
0.0007983648
0.0009792026
0.001143398
0.001302474
0.001454495
0.001567977
0.001614022
0.001584843
0.001479177
0.001312192
0.001125145
0.000960547
0.0008417826
0.0007758832
0.0007730988
0.0008298649
0.0009151246
0.0009933546
0.00103585
0.001019751
0.0009372396
0.0008130243
0.0006946225
0.0006167364
0.0005848954
0.0005827553
0.0005820396
0.0005569534
0.0004977658
0.0004224029
0.0003643932
0.000342423
0.0003442925
0.0003380666
0.000301537
0.0002350552
0.0001607164
0.0001054732
7.380364e-05
5.67368e-05
5.269869e-05
6.362258e-05
9.163279e-05
0.0001377704
0.0001986739
0.0002608877
0.0003035642
0.0003147194
0.0002925658
0.00024763
0.0002000139
0.0001642088
0.0001380329
0.0001138192
9.258028e-05
7.920668e-05
7.900268e-05
0.0001017807
0.0001402841
0.0001754298
0.0001984558
0.0002050907
0.00019396
0.0001699599
0.0001411669
0.0001089966
6.907519e-05
2.529974e-05
-1.228377e-05
-3.601204e-05
-3.854538e-05
-1.628997e-05
2.068391e-05
5.461053e-05
7.268041e-05
7.025576e-05
5.624223e-05
4.555819e-05
4.6537e-05
6.034941e-05
8.328034e-05
0.0001084272
0.0001263524
0.0001341305
0.0001388844
0.000146357
0.0001599427
0.000181541
0.0002093689
0.0002376525
0.0002591814
0.0002704306
0.0002704288
0.0002620713
0.0002499528
0.0002358703
0.0002211383
0.0002076056
0.0001956584
0.0001852633
0.0001770667
0.0001739059
0.0001790624
0.0001911842
0.0002049934
0.00021475
0.0002174703
0.0002137368
0.0002060165
0.0001968465
0.0001883654
0.000182937
0.000183302
0.0001895223
0.0001989621
0.0002079361
0.000213353
0.0002134036
0.0002078529
0.0001987598
0.0001891244
0.000181752
0.0001776402
0.0001757736
0.0001747266
0.0001729172
0.0001688711
0.0001619663
0.0001526949
0.000142795
0.0001337766
0.0001260273
0.0001193184
0.0001135356
0.0001092828
0.0001074419
0.0001080449
0.0001108218
0.0001150707
0.0001193449
0.0001223747
0.0001235697
0.0001232469
0.0001216886
0.0001189359
0.0001151772
0.0001108141
0.0001065506
0.000103103
0.0001005878
9.881749e-05
9.78722e-05
9.777281e-05
9.83244e-05
9.939771e-05
0.0001005859
0.0001013325
0.0001015747
0.000101434
0.0001010074
0.0001003024
9.917045e-05
9.753323e-05
9.56723e-05
9.40655e-05
9.307848e-05
9.289847e-05
9.355488e-05
9.493234e-05
9.674814e-05
9.860951e-05
0.0001002589
0.0001016771
0.0001029058
0.0001039398
0.0001047524
0.0001053857
0.0001059015
0.0001062084
0.0001061928
0.0001059688
0.0001057841
0.0001058049
0.0001060596
0.0001065077
0.0001070506
0.0001076145
0.0001082338
0.0001089461
0.0001097636
0.0001107162
0.0001118194
0.0001130305
0.0001142797
0.0001155402
0.0001168172
0.0001181179
0.0001194448
0.0001207869
0.000122138
0.0001235144
0.0001249359
0.0001264001
0.0001278861
0.0001293719
0.0001308381
0.0001322776
0.0001337004
0.0001351238
0.0001365567
0.0001379995
0.0001394515
0.0001409091
0.0001423668
0.0001438206
0.0001452701
0.0001467172
0.0001481641
0.0001496127
0.0001510646
0.0001525201
0.0001539783
0.0001554372
0.0001568949
0.0001583495
0.0001598
0.0001612456
0.0001626864
0.0001641224
0.0001655536
0.0001669802
0.0001684022
0.0001698195
0.0001712321
0.0001726398
