5.472039e-05
5.452662e-05
5.431962e-05
5.408259e-05
5.382544e-05
5.353852e-05
5.321669e-05
5.287253e-05
5.25468e-05
5.228639e-05
5.206314e-05
5.169032e-05
5.083207e-05
4.918024e-05
4.671248e-05
4.393684e-05
4.181844e-05
4.146312e-05
4.340735e-05
4.722706e-05
5.201443e-05
5.69471e-05
6.18188e-05
6.738855e-05
7.454564e-05
8.406632e-05
9.648008e-05
0.0001106283
0.0001224137
0.0001253707
0.0001162761
9.566891e-05
6.428082e-05
2.127509e-05
-3.054968e-05
-8.110207e-05
-0.0001144878
-0.0001170881
-9.163481e-05
-5.898982e-05
-4.438129e-05
-5.587092e-05
-7.485112e-05
-6.778478e-05
-1.440409e-05
7.141375e-05
0.0001535092
0.0002004735
0.0002028759
0.0001674026
0.0001111313
5.758127e-05
3.478164e-05
6.797956e-05
0.0001650372
0.0002943493
0.0004039823
0.0004579362
0.0004586058
0.000441472
0.0004505979
0.0005073533
0.0005845276
0.0006228219
0.000569385
0.0004009927
0.0001299418
-0.000190376
-0.0004890796
-0.0007083489
-0.0008191948
-0.0008113941
-0.0007185687
-0.0006142789
-0.0005667653
-0.0006016775
-0.0006682257
-0.0006668057
-0.0005104142
-0.0001811204
0.0002772376
0.0007701796
0.001205221
0.001522126
0.001699067
0.001726648
0.001571022
0.00120497
0.0006320856
-6.974516e-05
-0.0007399382
-0.001230098
-0.001447168
-0.00136174
-0.0009689065
-0.000289566
0.0005359429
0.001311086
0.001874989
0.002113936
0.001944041
0.001368336
0.0005073073
-0.0004051937
-0.001081406
-0.001291067
-0.0009985476
-0.0003678809
0.0003673038
0.0009859668
0.001326896
0.001401345
0.001382268
0.001431732
0.001586736
0.001764521
0.001830031
0.001699146
0.001406426
0.0009887521
0.0003981574
-0.0004163061
-0.001458443
-0.002641593
-0.003768106
-0.004618857
-0.004975104
-0.004672001
-0.003557567
-0.001550375
0.001046543
0.003644525
0.005631436
0.006635115
0.006657289
0.005974308
0.0048719
0.003515621
0.001892027
0.0001968451
-0.001217291
-0.002193514
-0.002785707
-0.003087332
-0.003114188
-0.002831994
-0.002304772
-0.001767997
-0.001466445
-0.001445593
-0.001579804
-0.001725598
-0.001801817
-0.00178346
-0.001719907
-0.001677681
-0.001703282
-0.001758315
-0.001621122
-0.0008889527
0.0007178239
0.003050233
0.005596706
0.007728847
0.0090578
0.009481707
0.009045956
0.007735367
0.0055232
0.002566416
-0.0006049067
-0.003146852
-0.004441474
-0.004521535
-0.004031296
-0.003726102
-0.003935608
-0.004462843
-0.004886256
-0.00498737
-0.004873278
-0.004744758
-0.004548874
-0.003940175
-0.002550463
-0.000308235
0.002424361
0.004902198
0.006168346
0.00543782
0.00234318
-0.002376806
-0.006889434
-0.009405942
-0.009247976
-0.007091221
-0.004237547
-0.001552055
0.0008484714
0.003180459
0.005393612
0.007052411
0.00783862
0.007856014
0.007475278
0.006935032
0.006292807
0.005537512
0.004763627
0.004042239
0.003167875
0.001646598
-0.0009792967
-0.004644353
-0.00858088
-0.01158389
-0.01279429
-0.01210639
-0.01004716
-0.007224039
-0.003925014
-0.0003915857
0.002998225
0.005775005
0.007409222
0.007556133
0.006209238
0.00392414
0.001594876
-9.196136e-05
-0.0009908997
-0.00129224
-0.001321222
-0.00162973
-0.002812543
-0.004936331
-0.007418346
-0.00930867
-0.009627707
-0.007566811
-0.0029665
0.003297973
0.009322084
0.01324245
0.01426013
0.0127513
0.00960283
0.005739343
0.001762817
-0.00180076
-0.004456601
-0.005970093
-0.006557133
-0.006721325
-0.006848154
-0.006946094
-0.006687904
-0.005781696
-0.004407338
-0.00316486
-0.002468977
-0.002186643
-0.001826363
-0.000988178
0.0002735865
0.001537543
0.00239339
0.002678875
0.002320289
0.001127876
-0.001158093
-0.004361882
-0.007717194
-0.01041085
-0.01190477
-0.01197366
-0.01039645
-0.007070776
-0.002457762
0.002124438
0.005212871
0.006045567
0.004838205
0.002627396
0.0008563393
0.0004883074
0.001527779
0.003159627
0.004385913
0.004655992
0.004077759
0.0031415
0.002404253
0.002400714
0.003658727
0.006456916
0.01039067
0.0143544
0.01690731
0.01697876
0.01435873
0.009818693
0.004669376
-0.0002151812
-0.004765834
-0.009173775
-0.0131814
-0.01590319
-0.01662181
-0.01544835
-0.01305074
-0.01002195
-0.006844627
-0.003975026
-0.001910817
-0.0009348473
-0.0007156957
-0.0002831763
0.001338969
0.004209992
0.007338135
0.009356272
0.009404049
0.007479529
0.004207418
0.0005088632
-0.0027195
-0.004770026
-0.005246596
-0.004400359
-0.003075299
-0.002188646
-0.002245715
-0.003286232
-0.004849959
-0.006169695
-0.006680031
-0.006252245
-0.005015533
-0.00325053
-0.00128927
0.0007310006
0.002933134
0.005461453
0.008178146
0.01043283
0.01124776
0.009934918
0.006703804
0.002604813
-0.001065146
-0.003398513
-0.004283115
-0.004309535
-0.004231303
-0.004597612
-0.005600664
-0.00712499
-0.008913016
-0.01055213
-0.01139888
-0.01085124
-0.008670872
-0.005370119
-0.002076288
0.0001480309
0.000839201
8.680528e-05
-0.001684344
-0.00397219
-0.006365956
-0.008466105
-0.00993218
-0.01062557
-0.0106672
-0.01030057
-0.009586964
-0.0083759
-0.006508567
-0.004161021
-0.001951854
-0.0004443877
0.0002785838
0.0006048143
0.001058115
0.001882802
0.002826145
0.003192483
0.00216752
-0.0005748758
-0.004615408
-0.008860322
-0.01190198
-0.01288522
-0.01177823
-0.009013173
-0.005208394
-0.0008359132
0.003863554
0.008639611
0.01277134
0.01542544
0.01623299
0.01532858
0.0131607
0.01014503
0.006401054
0.0020027
-0.00247483
-0.006049104
-0.007990561
-0.008314931
-0.007666037
-0.006798281
-0.006007275
-0.005210167
-0.004084341
-0.002322609
0.0001358481
0.002940309
0.005394801
0.006861788
0.007028773
0.005933969
0.00383404
0.001161312
-0.001399464
-0.003268167
-0.004193491
-0.004239051
-0.003687036
-0.002765902
-0.001466065
3.242569e-05
0.00123302
0.001696842
0.001441726
0.0008625486
0.0004970577
0.0007631301
0.001767929
0.003217311
0.004773381
0.006276074
0.007572645
0.008411387
0.00845713
0.007354967
0.005025083
0.001779431
-0.001715226
-0.004628137
-0.006355512
-0.006655244
-0.005701318
-0.003969076
-0.002032423
-0.0003540295
0.0008138056
0.001554302
0.00213479
0.00271012
0.003323738
0.00393509
0.004426889
0.004629989
0.00433239
0.003480045
0.002164129
0.0004097184
-0.001778623
-0.004223629
-0.006323212
-0.007378562
-0.007043749
-0.005609494
-0.003761547
-0.001956415
-0.0002180156
0.001491701
0.00297808
0.003968867
0.004424916
0.004597014
0.004878186
0.005405664
0.005974715
0.006262042
0.005959568
0.004842235
0.002955892
0.000652049
-0.001487737
-0.002957512
-0.003507157
-0.003025883
-0.001563948
0.0007372261
0.003478194
0.006027946
0.007882622
0.008875567
0.009043957
0.008423458
0.007095199
0.005361372
0.003597578
0.002135067
0.001221505
0.001002803
0.001360808
0.001876083
0.001975883
0.001171014
-0.0007315886
-0.003454745
-0.006344859
-0.008605833
-0.009710772
-0.009547165
-0.008393565
-0.0066759
-0.004646261
-0.002337687
8.496927e-05
0.002285688
0.00390327
0.004683893
0.00456155
0.003562407
0.001825398
-0.0003213441
-0.002510064
-0.00456693
-0.006649478
-0.00886831
-0.01093633
-0.01231839
-0.01271697
-0.01235844
-0.01187475
-0.01191346
-0.01258466
-0.01335325
-0.01321976
-0.0114161
-0.007894254
-0.003487202
0.0005158879
0.003206164
0.004354466
0.004252609
0.003492603
0.002616184
0.001940467
0.001644276
0.001845909
0.002497669
0.003149571
0.003116176
0.00208185
0.000414012
-0.001092613
-0.001697077
-0.001064943
0.0006135454
0.002707969
0.004453649
0.005243241
0.004797707
0.00326857
0.0009969454
-0.001820971
-0.005000269
-0.00816424
-0.01076778
-0.0124433
-0.0132181
-0.01339285
-0.01319625
-0.01265689
-0.01173695
-0.01045297
-0.008830687
-0.007025828
-0.005364256
-0.004167462
-0.003539497
-0.003365486
-0.003469479
-0.003718244
-0.003939354
-0.004042425
-0.004135677
-0.004468777
-0.005107302
-0.005754711
-0.005852928
-0.00490586
-0.003051043
-0.001062674
0.0003050974
0.0006532464
5.241073e-05
-0.001159328
-0.002625729
-0.004123844
-0.005583726
-0.006874317
-0.007778663
-0.008184759
-0.00821219
-0.007965953
-0.007372926
-0.00630008
-0.004841615
-0.003339469
-0.00226892
-0.001964614
-0.002480283
-0.003706284
-0.00546162
-0.007453965
-0.009360199
-0.01087551
-0.01174755
-0.01186115
-0.01121405
-0.01000887
-0.008702828
-0.007692375
-0.006909223
-0.005948286
-0.00452427
-0.002570252
-0.0001623803
0.002366679
0.004561875
0.006096209
0.006907575
0.007051176
0.00654409
0.005438696
0.003861051
0.001926442
-0.0002759407
-0.002648731
-0.005112427
-0.007568868
-0.009775217
-0.01138072
-0.01215152
-0.01216959
-0.01175654
-0.01121938
-0.01074478
-0.01052945
-0.01075013
-0.0113026
-0.01168816
-0.01124697
-0.009391002
-0.005845169
-0.001272971
0.003029942
0.006012051
0.007380603
0.007535466
0.00715928
0.006729463
0.006428749
0.006306959
0.006391893
0.006550673
0.006523439
0.006160338
0.00557442
0.005257583
0.005787254
0.007288967
0.009252218
0.01088843
0.0115504
0.01111329
0.009893903
0.008445418
0.00735708
0.007036336
0.007546773
0.008577385
0.009456655
0.009451923
0.008077214
0.005363814
0.001833778
-0.001781879
-0.004895658
-0.00720668
-0.008797042
-0.01003682
-0.01129535
-0.01265243
-0.01387308
-0.0145989
-0.01445833
-0.01316774
-0.0105791
-0.006880785
-0.002403215
0.002516926
0.007285041
0.01129609
0.01439138
0.0168315
0.0190105
0.02105073
0.02269385
0.02359622
0.02359351
0.02275536
0.0210768
0.01857006
0.015415
0.01194075
0.008692072
0.00593425
0.003547299
0.001317248
-0.000832579
-0.002496447
-0.003101827
-0.002648419
-0.001810462
-0.001442573
-0.002085218
-0.003546124
-0.004942044
-0.005512622
-0.005128796
-0.004114854
-0.002808706
-0.00142499
-0.0002013674
0.0005109112
0.0004030725
-0.0004784932
-0.001615637
-0.00242239
-0.002632025
-0.002407348
-0.00227224
-0.002580472
-0.003096971
-0.003188033
-0.002469796
-0.001083018
0.000567716
0.002120857
0.003343266
0.004091999
0.004204888
0.003363716
0.00129824
-0.001900748
-0.005605348
-0.008904816
-0.0111405
-0.01216583
-0.01242161
-0.01251984
-0.01273771
-0.01290624
-0.01243302
-0.01044972
-0.006199473
0.000214578
0.007946183
0.01540866
0.02073545
0.0227911
0.02148936
0.01745841
0.01174845
0.005561956
-3.123769e-05
-0.004482674
-0.007877668
-0.01051634
-0.01248327
-0.01361072
-0.01379067
-0.01308262
-0.0116409
-0.009711215
-0.007683811
-0.006018966
-0.004986694
-0.004439213
-0.003988922
-0.003467189
-0.003081808
-0.003161885
-0.003745125
-0.004432889
-0.00461322
-0.003939207
-0.002503825
-0.0006260018
0.001450768
0.003688322
0.006108947
0.008644782
0.01107199
0.01314015
0.01452929
0.01481068
0.01361586
0.01073329
0.006294991
0.001092979
-0.003198536
-0.004845427
-0.003057496
0.001738703
0.008011259
0.01363905
0.01691043
0.01752386
0.0165423
0.01553269
0.01551176
0.01659982
0.01812243
0.01892726
0.01800588
0.01529896
0.01145367
0.007348702
0.003911339
0.001850208
0.001390348
0.002353456
0.004393829
0.007355427
0.01119219
0.0154721
0.01940674
0.02233222
0.02409502
0.02499938
0.02544254
0.0255453
0.02514486
0.02402293
0.02198148
0.0189916
0.01521527
0.01088245
0.006291852
0.001888295
-0.00176259
-0.004083369
-0.004844922
-0.004312278
-0.003259192
-0.00262533
-0.003026419
-0.00448681
-0.006434847
-0.008087452
-0.008667057
-0.007380155
-0.003767074
0.002091352
0.009328993
0.01627024
0.02123036
0.02363507
0.02406682
0.02337681
0.02193264
0.01959523
0.0161135
0.0113279
0.00559449
-0.0003847631
-0.005878526
-0.01020082
-0.0127893
-0.01329713
-0.01163315
-0.008094139
-0.00343696
0.001536143
0.006542163
0.01165602
0.01682001
0.02163177
0.02531944
0.02728136
0.02739224
0.02597052
0.02371368
0.02143403
0.01963638
0.0183463
0.01726538
0.01615703
0.0149579
0.01356527
0.01145915
0.008036288
0.003120627
-0.003048715
-0.009501882
-0.01476855
-0.01751912
-0.01708943
-0.01312368
-0.005569037
0.00519638
0.01764128
0.02930842
0.03771297
0.04139804
0.04024978
0.03512558
0.02686859
0.01698422
0.007430553
-0.0005831463
-0.006824801
-0.01154351
-0.01529893
-0.01850902
-0.02108666
-0.0227305
-0.02337581
-0.02321475
-0.02233911
-0.02043597
-0.01693449
-0.0114317
-0.004104689
0.004158063
0.01206662
0.01824503
0.02179298
0.02252434
0.02066879
0.01645612
0.01059302
0.004606972
-4.328012e-06
-0.002525929
-0.003032671
-0.002060549
-0.0002338127
0.001790947
0.003314383
0.003917164
0.003787528
0.003593874
0.003989091
0.005287017
0.007323771
0.009577831
0.01156536
0.01310599
0.01417347
0.01475728
0.01481639
0.01425432
0.01305792
0.01129965
0.009073804
0.006578152
0.004066233
0.001779369
-9.318876e-05
-0.001601484
-0.00281574
-0.003654027
-0.003844904
-0.002972117
-0.0008113824
0.002502192
0.006341651
0.009774671
0.01193816
0.01233122
0.0111955
0.009404923
0.007872387
0.00701036
0.006604373
0.006096051
0.004925003
0.002878392
-8.485446e-05
-0.004026436
-0.008819161
-0.01367364
-0.01733398
-0.01889096
-0.0182113
-0.01560956
-0.01157623
-0.006675315
-0.001480421
0.003418791
0.007442991
0.01043906
0.01267877
0.01453758
0.01609958
0.01699895
0.01648046
0.01385673
0.008702811
0.001420219
-0.006389519
-0.01284841
-0.01660855
-0.01742223
-0.01600363
-0.01331407
-0.01026496
-0.007562013
-0.005544765
-0.004177886
-0.003108308
-0.001842256
-6.159623e-05
0.00212812
0.00447856
0.006726729
0.008525636
0.009569697
0.009751153
0.009137347
0.008107842
0.007168477
0.00673087
0.006874017
0.0074682
0.008409639
0.00956853
0.01055744
0.01072588
0.009556706
0.007043644
0.003665491
0.0002758898
-0.002292107
-0.003527648
-0.003449319
-0.002562359
-0.001448366
-0.000431713
0.0004258445
0.00118048
0.001871857
0.002385823
0.002338141
0.001346394
-0.0005854059
-0.00297245
-0.005084998
-0.006441178
-0.006984544
-0.006941135
-0.006613335
-0.006290317
-0.00628744
-0.006902628
-0.00813535
-0.009548712
-0.01051687
-0.0105734
-0.009675124
-0.008122104
-0.006103417
-0.003559153
-0.0005218623
0.002480686
0.004613928
0.005243172
0.00426306
0.002148006
-0.0002776515
-0.002183445
-0.003109058
-0.002998064
-0.002071127
-0.0008299592
3.250799e-05
-0.0001888752
-0.001717001
-0.004093543
-0.006732419
-0.009056582
-0.01062351
-0.01136074
-0.01134438
-0.0106554
-0.009355252
-0.007364036
-0.004648357
-0.001502357
0.001376975
0.003173448
0.003556064
0.002848662
0.001674795
0.0003946479
-0.001192776
-0.00347086
-0.006375423
-0.009346423
-0.01171647
-0.01294828
-0.01272435
-0.010936
-0.007962048
-0.004628443
-0.00177001
0.0002109901
0.001340481
0.001967373
0.002630937
0.003882924
0.005876531
0.008226724
0.01024858
0.01145884
0.01171835
0.01120992
0.01026236
0.009299085
0.00868345
0.00864361
0.00909216
0.009729212
0.01021784
0.01034804
0.01001452
0.009156613
0.007677267
0.005279097
0.00161003
-0.003274161
-0.008644896
-0.01344547
-0.01654146
-0.01730954
-0.01570599
-0.01218044
-0.007784631
-0.004106078
-0.002637542
-0.003966357
-0.007541772
-0.01210865
-0.01627157
-0.01899791
-0.01981832
-0.01884733
-0.01660159
-0.01373028
-0.01064728
-0.007271571
-0.003290139
0.001462846
0.006635585
0.01126002
0.01414002
0.01454898
0.01236183
0.008067158
0.001995614
-0.005226547
-0.01246797
-0.01876582
-0.02391732
-0.02814904
-0.03151833
-0.03372805
-0.03445959
-0.03376269
-0.03188545
-0.02892708
-0.02498024
-0.02015002
-0.0146119
-0.00884141
-0.003448704
0.001112343
0.004346784
0.005588692
0.004378396
0.0008308549
-0.004356101
-0.01023592
-0.01573251
-0.0198529
-0.02193173
-0.02191861
-0.020082
-0.01700596
-0.01342704
-0.01008057
-0.007427953
-0.005401761
-0.003475962
-0.001107425
0.001791356
0.004819922
0.007342826
0.009021953
0.009923629
0.01018719
0.01010879
0.01017258
0.01077782
0.01198994
0.01353463
0.01488494
0.01535687
0.01421131
0.01104357
0.006190464
0.0004290622
-0.005442996
-0.01042847
-0.01336287
-0.01346074
-0.01039938
-0.004665293
0.002178005
0.008603325
0.01374662
0.01729867
0.01930869
0.02017014
0.02036005
0.02020337
0.01974131
0.01884895
0.01729735
0.01487798
0.0117336
0.008526271
0.006078124
0.004837396
0.004713029
0.005327234
0.006279554
0.007412331
0.008777619
0.01057274
0.01290297
0.01557389
0.01818725
0.02031139
0.02182641
0.02287649
0.02366653
0.02448969
0.02550054
0.02672946
0.02820982
0.0298447
0.03120953
0.03167867
0.03082843
0.02865416
0.02551529
0.02193277
0.01815308
0.014444
0.01137963
0.009508279
0.008801616
0.008572375
0.008010053
0.006607018
0.004338641
0.001518284
-0.001503799
-0.004400368
-0.006944094
-0.008950034
-0.01021506
-0.01051507
-0.00961027
-0.007358475
-0.003870672
0.0004989509
0.005169031
0.009390145
0.012646
0.01474462
0.0156393
0.01529954
0.01372243
0.01097129
0.007217999
0.002926461
-0.001487861
-0.00608161
-0.0109031
-0.01547181
-0.01902857
-0.02111669
-0.02170331
-0.0210507
-0.01960008
-0.01773891
-0.01590224
-0.01470744
-0.01468899
-0.01586503
-0.01773164
-0.01964871
-0.02114088
-0.021988
-0.02216429
-0.02176692
-0.02083263
-0.0194005
-0.01762035
-0.01598859
-0.01529839
-0.01604315
-0.01795213
-0.02010781
-0.02157421
-0.02191133
-0.0211952
-0.01977639
-0.0180322
-0.01618189
-0.01417299
-0.01183902
-0.009155388
-0.006352821
-0.003829096
-0.001844467
-0.0006303558
-0.0005097418
-0.001600672
-0.003765333
-0.006759317
-0.0101791
-0.0137464
-0.01758647
-0.02161607
-0.02527642
-0.02797404
-0.02946712
-0.02984458
-0.02925825
-0.02784611
-0.02591032
-0.02399927
-0.02250892
-0.02147674
-0.02064365
-0.0195335
-0.01762948
-0.01472845
-0.01097131
-0.006578248
-0.001626213
0.003708094
0.009159318
0.01440453
0.01893622
0.02230517
0.02434941
0.02509374
0.02457973
0.02301315
0.02077094
0.01816607
0.01535084
0.01239016
0.009388679
0.006567746
0.004077143
0.001943149
0.0001657795
-0.001223796
-0.002183998
-0.002710916
-0.002757762
-0.002302093
-0.001442635
-0.0003570294
0.0006474481
0.001130666
0.0007434632
-0.0005437903
-0.002453896
-0.004620271
-0.006658474
-0.008227277
-0.009051457
-0.008894575
-0.007696763
-0.005844871
-0.004030112
-0.002796661
-0.002326852
-0.002479556
-0.002950279
-0.003409361
-0.003563198
-0.003167155
-0.002024662
4.351116e-05
0.003056026
0.006787112
0.01088716
0.01497933
0.01868342
0.02177732
0.0241568
0.02579175
0.02658038
0.02634193
0.02507014
0.02293372
0.02017256
0.01725217
0.01488583
0.01373823
0.01412399
0.01588866
0.01858402
0.02192586
0.02564356
0.02957434
0.03371102
0.03799956
0.04224945
0.04610435
0.04912497
0.05106673
0.05197734
0.0519501
0.0510942
0.04956113
0.04759008
0.04539505
0.04320055
0.04122822
0.03965189
0.03857636
0.03811343
0.03835207
0.03931099
0.04084865
0.04248853
0.04357987
0.04362528
0.04252033
0.04041603
0.03725471
0.03286808
0.02749952
0.0219719
0.01687728
0.01230566
0.008081659
0.004033032
0.0002881234
-0.002933687
-0.005627669
-0.0080401
-0.01042617
-0.0129999
-0.01597187
-0.01951114
-0.02354054
-0.02777516
-0.03174436
-0.03511491
-0.03784276
-0.03996019
-0.04156879
-0.04301063
-0.04473484
-0.04656892
-0.04808385
-0.04915411
-0.04987983
-0.05046927
-0.05110272
-0.05179968
-0.0524746
-0.05312276
-0.05380469
-0.05457874
-0.05558143
-0.05683036
-0.0581831
-0.05926736
-0.05982332
-0.05992342
-0.05968088
-0.05909038
-0.0580892
-0.05665024
-0.05490098
-0.0530951
-0.05128103
-0.04913851
-0.04648111
-0.0434654
-0.04026654
-0.03689967
-0.0334523
-0.03010867
-0.02714588
-0.02481929
-0.02323882
-0.02227517
-0.02163875
-0.02106223
-0.02034647
-0.01945667
-0.01850157
-0.0174597
-0.01609616
-0.01438842
-0.01265426
-0.01125719
-0.01048268
-0.01046827
-0.01102048
-0.01171605
-0.01222644
-0.01241819
-0.01222795
-0.01160143
-0.01059422
-0.009299612
-0.007823824
-0.006132398
-0.003991351
-0.001412864
0.001165564
0.003201694
0.004323191
0.004438225
0.003775227
0.002698896
0.001495497
0.0004068259
-0.0001950686
3.176169e-05
0.001268927
0.003558568
0.006561616
0.009505584
0.01169957
0.01289994
0.01319924
0.01268126
0.01127381
0.008889229
0.00561769
0.001646036
-0.002757585
-0.007236271
-0.01125685
-0.01410101
-0.01525646
-0.01469863
-0.01256678
-0.008835707
-0.003512747
0.003032951
0.009825407
0.01586708
0.02055163
0.02376964
0.0256187
0.02627405
0.02598275
0.02503571
0.0236854
0.02208237
0.02029397
0.0183201
0.01632746
0.01463436
0.01336621
0.01235929
0.01140823
0.01055828
0.01002546
0.009956466
0.01031351
0.01090919
0.01146158
0.01174002
0.01155038
0.01057009
0.008345262
0.004716149
-8.369222e-05
-0.005714223
-0.01168603
-0.01732486
-0.02206561
-0.0258017
-0.02865864
-0.03075042
-0.03208931
-0.03270456
-0.03262469
-0.03175408
-0.02980425
-0.02642119
-0.02155768
-0.01565882
-0.00941739
-0.003804413
0.0005154854
0.003622856
0.005740671
0.006922293
0.007218174
0.00673106
0.00571487
0.004412348
0.002777179
0.0007071361
-0.001588378
-0.003579042
-0.004597785
-0.004339099
-0.003066083
-0.001396345
-1.755422e-05
0.0006461756
0.000551032
-6.029815e-05
-0.0008790285
-0.001870192
-0.003208526
-0.005058421
-0.007488962
-0.0103558
-0.0133067
-0.01585131
-0.01749517
-0.01779296
-0.01647057
-0.01365269
-0.009923132
-0.00616963
-0.003280246
-0.00179889
-0.001820617
-0.002954368
-0.004572055
-0.006184606
-0.007423256
-0.008023914
-0.007870727
-0.007196826
-0.006453271
-0.005909026
-0.005450136
-0.004696227
-0.003277392
-0.001154309
0.00117384
0.002924985
0.00345767
0.002417248
-0.0001102924
-0.003838389
-0.008399719
-0.01309935
-0.01713865
-0.01987548
-0.02106485
-0.02084686
-0.01950399
-0.01734285
-0.01451238
-0.01127792
-0.007969403
-0.004927592
-0.002440874
-0.0004666007
0.001185948
0.002529681
0.003411274
0.003554435
0.002832204
0.00145414
-0.0002791807
-0.001968752
-0.003221604
-0.003979557
-0.004452886
-0.004806158
-0.005066725
-0.005259373
-0.005429326
-0.005519631
-0.005177497
-0.003920213
-0.001361244
0.002583852
0.007530122
0.01277011
0.01767791
0.02177028
0.02466437
0.02618191
0.0264154
0.02565396
0.02430359
0.02284996
0.02187385
0.02173019
0.0222522
0.02299035
0.02369063
0.02436978
0.02513448
0.02601023
0.02681527
0.02727893
0.02727225
0.02690246
0.02630731
0.02551865
0.02452766
0.02325228
0.0216059
0.01955384
0.01712639
0.01443099
0.01165338
0.009113148
0.00708716
0.005648078
0.004573927
0.003528904
0.002367283
0.001223628
0.0001834719
-0.0008077755
-0.001776866
-0.002620362
-0.003154212
-0.003199875
-0.00269793
-0.001836273
-0.0009541119
-0.0003605247
-0.0002455281
-0.0005994578
-0.001325613
-0.002373607
-0.003713856
-0.005256546
-0.006845443
-0.008423936
-0.009950059
-0.01129764
-0.01243598
-0.01358264
-0.01501109
-0.01680752
-0.01904043
-0.02167917
-0.024614
-0.02750824
-0.02988784
-0.03142662
-0.0321161
-0.03207963
-0.03127337
-0.02954923
-0.02703932
-0.02421704
-0.02166507
-0.01983847
-0.01884931
-0.01857993
-0.01901422
-0.02016722
-0.02183941
-0.02366698
-0.02528828
-0.0263931
-0.02678406
-0.02643912
-0.02535464
-0.02344648
-0.02070509
-0.01744989
-0.01433399
-0.01206689
-0.01101553
-0.01103009
-0.01169233
-0.01244463
-0.01280934
-0.01253885
-0.01152029
-0.009813096
-0.007728539
-0.005746653
-0.004311733
-0.003621252
-0.003553031
-0.003842228
-0.004215317
-0.004489568
-0.004568383
-0.004329837
-0.003625707
-0.002533823
-0.001509761
-0.001053054
-0.001276005
-0.001919199
-0.002634635
-0.003218941
-0.003509919
-0.003415416
-0.002949319
-0.002141134
-0.001034601
8.575302e-05
0.0007889927
0.0007690416
-6.114037e-05
-0.0014235
-0.002854919
-0.00395345
-0.004386359
-0.003910883
-0.002253908
0.0007190438
0.004625738
0.008740617
0.01265713
0.0163503
0.01986854
0.02320522
0.02642412
0.02956497
0.03244831
0.03477253
0.03643027
0.03756505
0.03834108
0.03877681
0.03866754
0.03776028
0.03609319
0.03399992
0.03176019
0.02940065
0.02686705
0.02435887
0.0221853
0.02054013
0.01947813
0.01883477
0.01839031
0.0180538
0.01785657
0.01790586
0.01819067
0.01853888
0.01867926
0.01837293
0.01756647
0.01645656
0.01535054
0.01447478
0.01394245
0.01378141
0.01387429
0.01404716
0.01405961
0.01372033
0.01296822
0.01185125
0.01045526
0.008931752
0.007408738
0.006020457
0.004807887
0.00376556
0.002879802
0.002195703
0.001738808
0.001477571
0.001453714
0.001793534
0.002563558
0.003660724
0.004775134
0.005563509
0.005762517
0.005272534
0.0041401
0.002422273
0.0002617913
-0.002224705
-0.004895713
-0.007496779
-0.009772199
-0.01141394
-0.01213373
-0.01178648
-0.01023671
-0.007410313
-0.003661478
0.0001285546
0.002977612
0.00432102
0.004357067
0.003858113
0.003437581
0.0030731
0.002278728
0.0007204744
-0.001543259
-0.004195221
-0.006894851
-0.009316938
-0.01120979
-0.01241755
-0.01294847
-0.01294472
-0.0125823
-0.01204588
-0.01148439
-0.01085316
-0.009966174
-0.008728124
-0.007302887
-0.006025521
-0.00514728
-0.004667045
-0.004442696
-0.004430015
-0.004705173
-0.005342862
-0.006277465
-0.007294753
-0.008129831
-0.008612549
-0.008605113
-0.007969488
-0.006614136
-0.004432919
-0.001628418
0.001332782
0.003940668
0.00574724
0.006541334
0.006301792
0.005159344
0.003374729
0.001282737
-0.0008963964
-0.003105016
-0.005262039
-0.007275067
-0.009099879
-0.01073566
-0.01223949
-0.01364067
-0.01484646
-0.01568946
-0.01599736
-0.01566504
-0.01469992
-0.01314435
-0.01100999
-0.008374588
-0.005584598
-0.003055817
-0.001001517
0.0006167036
0.001902173
0.002827265
0.003225489
0.00309186
0.002678485
0.002422653
0.002716052
0.003734851
0.005544509
0.008137471
0.01133073
0.0146794
0.01769245
0.02004697
0.02166532
0.02271849
0.02337774
0.02360338
0.02333941
0.02264408
0.02158517
0.02015183
0.01825105
0.01586624
0.01316609
0.0103985
0.007738681
0.005389489
0.003623678
0.002646466
0.002400301
0.002519398
0.00258103
0.002313125
0.001618955
0.0005412899
-0.0007229161
-0.001918139
-0.002900877
-0.003615868
-0.004064774
-0.004419693
-0.004861532
-0.005376117
-0.0059335
-0.006501379
-0.007000029
-0.007308429
-0.007310375
-0.006912645
-0.006128312
-0.005145676
-0.004295559
-0.003978183
-0.004479626
-0.00581348
-0.007807158
-0.01024855
-0.01292066
-0.01549878
-0.01765829
-0.01911665
-0.01962286
-0.01907831
-0.01748672
-0.01493701
-0.01172968
-0.0082335
-0.004719797
-0.001454602
0.001252377
0.003222299
0.004468925
0.005128316
0.005240205
0.004685593
0.003266733
0.0008916201
-0.002095495
-0.004953186
-0.007148702
-0.008700886
-0.009930498
-0.01101234
-0.01181563
-0.01205637
-0.01153337
-0.01021356
-0.008169533
-0.00552459
-0.002445467
0.0006878244
0.003385105
0.005282199
0.006198606
0.006230635
0.005607624
0.004591755
0.003390626
0.002143501
0.0009330091
-0.0002938403
-0.001592621
-0.002890457
-0.004048575
-0.004926803
-0.005423404
-0.0054904
-0.005075365
-0.004159632
-0.002960278
-0.001856098
-0.001049078
-0.0005072564
-3.464004e-05
0.0005828966
0.00143936
0.002426839
0.003415788
0.004271654
0.004729143
0.004404541
0.003154098
0.001285182
-0.0007366911
-0.002556821
-0.004145317
-0.005755078
-0.007663493
-0.009931982
-0.0123267
-0.01458132
-0.01641208
-0.01760831
-0.01808488
-0.01775434
-0.0164188
-0.01406035
-0.01107658
-0.008140721
-0.005837436
-0.00433457
-0.003446487
-0.002977119
-0.002798646
-0.002746569
-0.002660095
-0.002285281
-0.001416723
-5.336854e-05
0.001623096
0.003410907
0.005210565
0.007027988
0.00882127
0.01036988
0.01150175
0.01214305
0.01241997
0.01244374
0.01212277
0.01134676
0.01025581
0.009203474
0.00844022
0.007947868
0.007579779
0.007208375
0.006856973
0.006715229
0.006876611
0.00723634
0.007661957
0.008070606
0.008445945
0.008774195
0.009066216
0.009410442
0.009960892
0.01087876
0.0121083
0.0133842
0.01448181
0.01528597
0.01576701
0.01593881
0.01584873
0.01557592
0.01518646
0.01461587
0.01363682
0.01210765
0.01015994
0.008212934
0.006718573
0.005910278
0.005761763
0.006086636
0.006678446
0.007291104
0.007653584
0.007633811
0.007377584
0.007166855
0.007211132
0.007561401
0.008159673
0.008791922
0.009257602
0.009449134
0.009212803
0.008199007
0.006091209
0.003176807
0.00010523
-0.002633037
-0.004854574
-0.006541679
-0.007710557
-0.008359169
-0.008534361
-0.008258089
-0.007495645
-0.006168889
-0.004401677
-0.002551885
-0.0008233563
0.0008100183
0.002385194
0.003887772
0.005221157
0.006181623
0.006682071
0.006800952
0.006603306
0.006213974
0.005972699
0.006224493
0.007019437
0.00816348
0.009395543
0.01062208
0.01187792
0.01320178
0.01454283
0.01578836
0.01687225
0.01773413
0.01831736
0.01858796
0.01857571
0.01836469
0.01796647
0.01723993
0.01603468
0.01438359
0.01249357
0.01054746
0.008615516
0.006773785
0.005118422
0.003687834
0.002471632
0.00150508
0.0006702117
-0.0003012868
-0.001642731
-0.003265129
-0.004626906
-0.005190125
-0.004882129
-0.003996347
-0.002840717
-0.001550773
-0.0002516054
0.0007979889
0.00127972
0.000939292
-0.0001949535
-0.001888834
-0.003888754
-0.005980368
-0.007957328
-0.009672744
-0.01104006
-0.0120317
-0.01265594
-0.01290258
-0.01278456
-0.01241836
-0.01194429
-0.01141594
-0.01074979
-0.009769142
-0.008292887
-0.006352275
-0.004167735
-0.002007092
-0.0001124358
0.00138429
0.002410633
0.00296102
0.003056158
0.002854338
0.002462101
0.001755228
0.0005973027
-0.0008879317
-0.002352328
-0.003401096
-0.003831585
-0.003768298
-0.003413
-0.002729508
-0.00154594
0.0002779659
0.002750501
0.005440766
0.007779667
0.009468687
0.01049565
0.01087523
0.01038461
0.00883892
0.006346335
0.003316202
0.000307865
-0.002146479
-0.003576607
-0.003757199
-0.002513133
0.0001874924
0.00400303
0.008207392
0.0118158
0.01423147
0.01552029
0.01607838
0.01612742
0.01567872
0.01474674
0.01336039
0.011618
0.009626638
0.007440427
0.00519019
0.003074761
0.001275435
-4.108212e-05
-0.0006956999
-0.0006680917
-0.0002400396
0.0002626251
0.0006827589
0.0009404343
0.0009110378
0.0002779279
-0.001222759
-0.003541203
-0.00624274
-0.008796901
-0.01091124
-0.01250702
-0.01352756
-0.01382612
-0.01338375
-0.01237813
-0.01107388
-0.009704392
-0.008413579
-0.007249413
-0.006191328
-0.005257763
-0.004549302
-0.004174594
-0.00412215
-0.004306659
-0.004618411
-0.004948812
-0.005122338
-0.004901257
-0.004097208
-0.002711406
-0.0009215812
0.0009369642
0.002516575
0.003563133
0.003930297
0.003654687
0.002919961
0.001910393
0.0007982601
-0.0002119362
-0.001048765
-0.001823778
-0.002685776
-0.003720132
-0.004857072
-0.005719904
-0.005871644
-0.005267011
-0.004177052
-0.002851597
-0.001415966
4.840392e-05
0.001488093
0.002754067
0.003534819
0.003548927
0.002710721
0.001179732
-0.0008927209
-0.003185974
-0.005253553
-0.006620584
-0.00707081
-0.00674873
-0.006022256
-0.005342882
-0.005024674
-0.005091102
-0.005364836
-0.005639536
-0.005728927
-0.005516265
-0.005129129
-0.004830903
-0.004864625
-0.005336509
-0.006169409
-0.007210521
-0.008309597
-0.009208296
-0.009720096
-0.009975329
-0.01010405
-0.01004705
-0.009707637
-0.009095146
-0.008369381
-0.007796474
-0.007633757
-0.007925243
-0.008360982
-0.008544073
-0.008388766
-0.008136617
-0.008137888
-0.008517558
-0.009034868
-0.009249687
-0.008778406
-0.00749864
-0.005524395
-0.002938722
0.0002299923
0.00388854
0.007735547
0.01137354
0.01442216
0.01665608
0.01800524
0.01860838
0.01865354
0.01830087
0.01772653
0.01704015
0.01624623
0.01528803
0.01415309
0.01295379
0.01189889
0.0113264
0.01157257
0.01264032
0.01418575
0.01568917
0.01671508
0.01709891
0.01688109
0.01609981
0.0148484
0.01317785
0.01114086
0.009092409
0.007514931
0.00669043
0.006543887
0.00670508
0.006861759
0.006870595
0.006749211
0.006628191
0.006574589
0.006584346
0.006651511
0.006794997
0.007135848
0.007734343
0.008495792
0.009284989
0.009995379
0.01060777
0.01106347
0.011309
0.01132294
0.01114042
0.01077633
0.01018198
0.009340927
0.008206412
0.006755192
0.005217144
0.004058796
0.003677123
0.004115904
0.005145589
0.006449228
0.007736011
0.008976292
0.01036648
0.01193552
0.01358281
0.01516154
0.0164931
0.01733992
0.01757255
0.01726323
0.01663553
0.01585677
0.01507704
0.01448778
0.01406434
0.01347686
0.01243685
0.0110387
0.009697763
0.008737362
0.008164464
0.007694419
0.00711722
0.006542475
0.0061938
0.006153479
0.006317476
0.006427214
0.006257224
0.005620851
0.004511913
0.003094953
0.001501503
-0.0002240768
-0.001938458
-0.003353194
-0.004300871
-0.004813873
-0.005111237
-0.005465069
-0.005934283
-0.006375642
-0.006645733
-0.006707591
-0.006696153
-0.006706267
-0.006720771
-0.006725411
-0.006713073
-0.006698012
-0.006769099
-0.006980792
-0.007222307
-0.007276222
-0.007063872
-0.006759787
-0.006586759
-0.006527634
-0.006418884
-0.006208655
-0.005846124
-0.005332417
-0.004725419
-0.004025533
-0.003224996
-0.002220881
-0.0008104492
0.001035705
0.003102351
0.005212719
0.007336789
0.00943451
0.01132048
0.01267017
0.01330359
0.0133683
0.01312319
0.01263792
0.0117739
0.01036009
0.008524559
0.006659604
0.005054215
0.003639524
0.002341556
0.00130097
0.0007362161
0.0008309603
0.001542444
0.002665197
0.004095891
0.005806869
0.007620076
0.009295591
0.01049482
0.01103153
0.01106795
0.0109593
0.01095505
0.01105961
0.01117861
0.01124111
0.0112201
0.01107414
0.0107421
0.01026147
0.009794314
0.009529072
0.009625647
0.01021581
0.01128882
0.01252875
0.01350174
0.01390355
0.01369873
0.01313299
0.01238741
0.01155248
0.01083648
0.01045487
0.01046179
0.01064726
0.01076994
0.01077566
0.01075492
0.01082411
0.01102775
0.01128637
0.01151172
0.01163778
0.01167203
0.01164085
0.01152542
0.01122352
0.01060301
0.009625326
0.008339938
0.006903388
0.005530754
0.00432122
0.003193887
0.002129509
0.001214436
0.0004657168
-0.0001126758
-0.0005066012
-0.0008324248
-0.001237831
-0.00175418
-0.00228235
-0.002644044
-0.002807905
-0.002959998
-0.003313259
-0.003836494
-0.004250971
-0.00426898
-0.00378329
-0.002937398
-0.002041903
-0.001285339
-0.0007483437
-0.0007246087
-0.00161663
-0.003430298
-0.005724755
-0.007894914
-0.00939082
-0.01003026
-0.01001343
-0.009640681
-0.009050574
-0.008238994
-0.007163679
-0.005830523
-0.004302141
-0.002742562
-0.001389025
-0.000379227
0.0003798634
0.001111427
0.001961154
0.002953957
0.004114317
0.005445203
0.006882033
0.008278106
0.00953121
0.01054326
0.01125431
0.0117117
0.01193692
0.01172607
0.01076857
0.009100322
0.007147744
0.00543631
0.004229958
0.003471267
0.002982513
0.00269419
0.002641265
0.002722271
0.002593004
0.002069802
0.001275248
0.0005229102
7.974233e-05
2.590232e-05
0.0002073081
0.0003663368
0.0003134303
-5.182457e-06
-0.0005780749
-0.001481499
-0.002720681
-0.004137271
-0.005342945
-0.00592386
-0.005766186
-0.005125679
-0.004339458
-0.00356048
-0.002736035
-0.00171979
-0.0005499367
0.000597383
0.001525259
0.002083597
0.002221899
0.001992208
0.001466927
0.0007493335
3.209519e-05
-0.0004625421
-0.0006803144
-0.0008494
-0.001303533
-0.002157549
-0.003243932
-0.004291069
-0.005088298
-0.005530851
-0.005665642
-0.005610777
-0.005475631
-0.005326098
-0.005302741
-0.005543623
-0.006095626
-0.006875149
-0.007657381
-0.008160498
-0.008240917
-0.007953467
-0.007390099
-0.006536567
-0.005327607
-0.00369176
-0.001724762
0.0002851198
0.002053471
0.003437661
0.00437385
0.004864451
0.004970939
0.004674458
0.003915059
0.002735264
0.001324249
-0.0001420183
-0.001599676
-0.002978351
-0.004074433
-0.004606383
-0.004468613
-0.003817291
-0.002901605
-0.001960394
-0.001084585
-0.0001465254
0.0009396813
0.002045468
0.002982367
0.003706053
0.004384859
0.005154005
0.005947265
0.006620248
0.007005724
0.006977341
0.006551321
0.00569373
0.004276
0.002287568
-9.113519e-05
-0.002516653
-0.004676408
-0.006417447
-0.007671147
-0.00835411
-0.008466929
-0.008077225
-0.007313412
-0.006375245
-0.005504224
-0.004889375
-0.004757432
-0.005258189
-0.006336884
-0.007841088
-0.00969839
-0.01186499
-0.0141456
-0.01628125
-0.01819416
-0.01997151
-0.02151951
-0.02262613
-0.02317034
-0.02314188
-0.02262556
-0.02179967
-0.02083074
-0.01978212
-0.01860951
-0.01726796
-0.01570736
-0.01412399
-0.01283677
-0.01201856
-0.01162924
-0.01155852
-0.01172796
-0.01194875
-0.01196862
-0.01167526
-0.01115848
-0.01061991
-0.01022619
-0.00997601
-0.009824788
-0.009736175
-0.009707601
-0.009801594
-0.01000162
-0.01023608
-0.01044233
-0.01053516
-0.01035496
-0.009784504
-0.008913506
-0.007979514
-0.007167409
-0.006580462
-0.006188118
-0.005943356
-0.00591235
-0.006193973
-0.006737186
-0.007346628
-0.007836746
-0.008207905
-0.008610485
-0.009122002
-0.00969051
-0.01020803
-0.01052936
-0.01060702
-0.0105161
-0.0103181
-0.01005151
-0.009783809
-0.009557028
-0.009358297
-0.009110511
-0.008703278
-0.008070149
-0.007244941
-0.00629128
-0.005240708
-0.004034651
-0.002616354
-0.001067983
0.0004190121
0.001712265
0.0027955
0.003651452
0.004255004
0.004590577
0.004747582
0.004985385
0.005439533
0.00594086
0.006239561
0.006350392
0.006557134
0.007093352
0.007878857
0.008600448
0.008999067
0.009072342
0.008933712
0.008601747
0.00806044
0.0073713
0.006741656
0.006432083
0.006545835
0.006981837
0.007559616
0.008082829
0.008417291
0.008589882
0.00869966
0.008767248
0.008638987
0.00812691
0.007197407
0.00589786
0.004257788
0.002160648
-0.000380201
-0.003154327
-0.005796053
-0.007871949
-0.009172202
-0.009716023
-0.009645423
-0.009210245
-0.008605173
-0.007913683
-0.007190646
-0.006463312
-0.005627084
-0.004557418
-0.003180364
-0.001625365
-0.0001721912
0.0009470409
0.001740608
0.002314074
0.002605959
0.002386607
0.001540102
0.0002716241
-0.001044338
-0.002102168
-0.002848366
-0.003367842
-0.00377126
-0.0041064
-0.004464394
-0.004940552
-0.005489954
-0.005981138
-0.006058155
-0.005477157
-0.004365092
-0.003108733
-0.002096684
-0.001515667
-0.001405984
-0.001808946
-0.002736155
-0.004019788
-0.005522482
-0.007220591
-0.00910563
-0.01104456
-0.01279931
-0.01423709
-0.01531632
-0.01609551
-0.01662145
-0.0168274
-0.01664221
-0.01609094
-0.01522563
-0.01405664
-0.01253138
-0.01057696
-0.008324157
-0.006216487
-0.004682517
-0.003920532
-0.003792616
-0.003986983
-0.004256077
-0.004537142
-0.004845313
-0.00516697
-0.005445253
-0.005588999
-0.005562571
-0.00540399
-0.005161932
-0.004896619
-0.004696994
-0.004737986
-0.005258731
-0.006312159
-0.00765815
-0.009004514
-0.01008063
-0.01072735
-0.01096514
-0.01089049
-0.01064861
-0.01041165
-0.01027918
-0.01028077
-0.01049434
-0.01089799
-0.01130516
-0.01153568
-0.01155689
-0.01135686
-0.01090391
-0.0102345
-0.009392148
-0.008392398
-0.00724945
-0.005976215
-0.004626047
-0.003272332
-0.002079584
-0.001272627
-0.00105569
-0.001454127
-0.002216942
-0.003031699
-0.00365221
-0.003929739
-0.003825979
-0.003372067
-0.002640986
-0.001757245
-0.0008470849
-5.040864e-05
0.0005619066
0.0009218489
0.000993342
0.0008456829
0.0006331129
0.000514875
0.0005170311
0.0005463054
0.0006165002
0.0009206773
0.001629428
0.002656064
0.003630209
0.004244244
0.004563339
0.004928844
0.005561024
0.006309112
0.006807864
0.006870453
0.006671598
0.006530048
0.006532974
0.006505387
0.006190209
0.005530045
0.004666324
0.003644358
0.002362815
0.0008072161
-0.0009434913
-0.002814549
-0.004604044
-0.006116264
-0.007274561
-0.007935897
-0.00796446
-0.007377706
-0.006301704
-0.004918903
-0.003477222
-0.002247557
-0.001387643
-0.000924219
-0.0008860608
-0.001339327
-0.002266155
-0.003533216
-0.004974004
-0.006525437
-0.008200348
-0.009950622
-0.01173285
-0.01348906
-0.01500498
-0.01592217
-0.01599351
-0.01528374
-0.01408575
-0.01277479
-0.01161361
-0.01072781
-0.01025793
-0.01038228
-0.01114357
-0.01223941
-0.01321079
-0.0136937
-0.01360531
-0.01313135
-0.01248205
-0.01172155
-0.01085588
-0.009826268
-0.008686654
-0.007714834
-0.007184994
-0.007131939
-0.007347354
-0.007668656
-0.008177646
-0.009011555
-0.01015275
-0.01140359
-0.01250608
-0.01330489
-0.01378654
-0.01408222
-0.01442647
-0.01498471
-0.01570079
-0.01637832
-0.01688438
-0.01723277
-0.01732975
-0.01689998
-0.01585331
-0.01442103
-0.01297131
-0.01180474
-0.01098597
-0.01041453
-0.01001753
-0.009884099
-0.01008472
-0.01055674
-0.01112913
-0.01159422
-0.01187569
-0.01202149
-0.01209248
-0.01216076
-0.01232935
-0.0126246
-0.01296765
-0.01321745
-0.01320374
-0.01279218
-0.01193227
-0.01064978
-0.009059253
-0.007290528
-0.005528531
-0.003965267
-0.002710699
-0.001827773
-0.001351035
-0.001295703
-0.001646533
-0.002333587
-0.003206058
-0.0041579
-0.005188446
-0.006359072
-0.007625018
-0.008697055
-0.009226423
-0.009021229
-0.008186884
-0.006949591
-0.005494412
-0.00390173
-0.002257624
-0.0007898646
0.0002065313
0.0005649922
0.0002897628
-0.0005023188
-0.00173009
-0.00345776
-0.005696579
-0.008183753
-0.01052381
-0.01246214
-0.01396184
-0.01496738
-0.01535864
-0.01502417
-0.01394261
-0.01230004
-0.01042955
-0.008673379
-0.007189074
-0.005898661
-0.004608006
-0.003223148
-0.001783981
-0.0004574208
0.0006283937
0.001460284
0.002065111
0.002536872
0.002911902
0.003123793
0.003193611
0.003337597
0.003752473
0.004519504
0.005626364
0.00698199
0.00845316
0.009949483
0.01133557
0.0123031
0.01263498
0.01228628
0.01136926
0.01005811
0.008569058
0.00711271
0.005796954
0.004738383
0.003992361
0.003493861
0.003125637
0.002793638
0.002478723
0.002205533
0.001965155
0.001668505
0.001249176
0.0007443398
0.0002650038
-0.0001060358
-0.0003648874
-0.0005427687
-0.0007196146
-0.0009890825
-0.001319158
-0.001656257
-0.001990511
-0.002236481
-0.002316829
-0.00220293
-0.001745441
-0.0007747517
0.0006676918
0.002236998
0.003508956
0.004280101
0.004537288
0.004525047
0.004571795
0.004808887
0.005163992
0.005499865
0.005830489
0.006406491
0.007379774
0.008602681
0.00980231
0.01083345
0.01171985
0.01251194
0.01319462
0.01369622
0.01397979
0.0140962
0.01407585
0.01388327
0.01355137
0.01314195
0.01265348
0.01210765
0.01149512
0.01081109
0.01008346
0.009452219
0.009038971
0.008906845
0.00907978
0.00955093
0.01012401
0.01039256
0.01009622
0.00927198
0.008087448
0.006719314
0.005198974
0.003623493
0.002214648
0.001200261
0.0005741759
0.0001280114
-0.0002779606
-0.0005813577
-0.0006335321
-0.0004146857
-2.196853e-05
0.0004378722
0.0008536985
0.001173456
0.001330464
0.001259415
0.00103808
0.0007497088
0.0004925218
0.0005425276
0.001202547
0.0024887
0.004150454
0.005869566
0.007285107
0.00817404
0.0085773
0.008675478
0.008608261
0.008380641
0.007921553
0.007234944
0.006328675
0.005165056
0.003709532
0.002061271
0.000558425
-0.0004562512
-0.0008807888
-0.0008303551
-0.000434985
0.0002625389
0.00128359
0.00252881
0.003702382
0.004443467
0.004521306
0.003995859
0.003109195
0.002055673
0.0009059485
-0.0003645573
-0.001761907
-0.003151958
-0.004289487
-0.004987399
-0.005194786
-0.00495184
-0.004329576
-0.003456365
-0.002467176
-0.001479746
-0.000673799
-0.0002032075
-0.0001242543
-0.0004130064
-0.001013717
-0.001837386
-0.002775275
-0.003811828
-0.004999889
-0.006331676
-0.007650974
-0.008850136
-0.009847728
-0.01051371
-0.01062454
-0.01000221
-0.00871673
-0.007057929
-0.005296254
-0.003552365
-0.001781131
1.270431e-05
0.001601244
0.00269676
0.003209115
0.003236584
0.002989283
0.002612749
0.002160228
0.001654346
0.001139626
0.0006074128
2.244613e-05
-0.0006398985
-0.00133621
-0.001997891
-0.002569024
-0.003040218
-0.003451774
-0.003874791
-0.004352087
-0.004874015
-0.005372377
-0.005749094
-0.005975447
-0.006051987
-0.00596605
-0.005725525
-0.005296317
-0.004692014
-0.003947507
-0.003043946
-0.002034419
-0.0009380514
0.0004366823
0.002189881
0.004233762
0.006360807
0.008404659
0.01032061
0.01205214
0.01341555
0.01430592
0.01480662
0.0151027
0.0153115
0.0154524
0.01545734
0.01527838
0.01488766
0.0143505
0.0137035
0.0129623
0.01225272
0.01179962
0.01165519
0.01167787
0.0117677
0.01185966
0.01192595
0.01194418
0.01190217
0.011798
0.01166763
0.01155751
0.01153602
0.01146114
0.01101943
0.01008753
0.008792794
0.007439787
0.006305133
0.00545564
0.004778185
0.004242282
0.00397332
0.004004468
0.004151486
0.004176521
0.003912194
0.003389004
0.0028412
0.002498181
0.002424564
0.002525459
0.002631854
0.002625722
0.002477079
0.00217829
0.001739081
0.001254218
0.0008083526
0.000437432
0.0001877099
2.989377e-05
-0.000195777
-0.00064148
-0.001284073
-0.001917367
-0.002298399
-0.002301698
-0.001988904
-0.001543574
-0.001080932
-0.0006176163
-0.0001969898
0.0001141971
0.0002535433
0.0001572365
-0.0002068823
-0.000730987
-0.001188441
-0.001540431
-0.001994927
-0.002695734
-0.003534978
-0.004210211
-0.004482433
-0.004378264
-0.004146665
-0.004003726
-0.003922499
-0.003783913
-0.003608018
-0.003493042
-0.003421152
-0.003163236
-0.002487434
-0.001348013
8.591332e-05
0.0015448
0.002824642
0.003801653
0.004439728
0.004737345
0.004638434
0.004063995
0.003188108
0.002476436
0.002313757
0.002716777
0.003313535
0.003646162
0.003514701
0.00300157
0.002412925
0.002039342
0.001976267
0.002172144
0.002502099
0.002897512
0.003325556
0.003678022
0.003841608
0.003840201
0.003856
0.004134782
0.004691833
0.005320594
0.005765422
0.005960149
0.005995792
0.005935668
0.005653762
0.005078549
0.004397911
0.003897949
0.003789452
0.004146745
0.004821017
0.00558816
0.006374243
0.007162362
0.007918141
0.008592831
0.009185816
0.009764015
0.01035051
0.01092945
0.01148496
0.0119807
0.01241086
0.01285561
0.01343332
0.01420573
0.01506278
0.01575191
0.0161322
0.01619874
0.01598321
0.01544883
0.01458455
0.01337711
0.01177497
0.009986164
0.008397633
0.007186732
0.006357061
0.005853384
0.005569813
0.005626658
0.006156307
0.007029704
0.007924463
0.008589739
0.009065213
0.009533505
0.01010886
0.01072649
0.01120811
0.01146507
0.01158869
0.01156964
0.01119182
0.01031648
0.009051258
0.007768902
0.006885493
0.006482457
0.00636147
0.006299157
0.00622096
0.006200996
0.006299093
0.006542307
0.006938395
0.00740663
0.007864674
0.008365182
0.008932936
0.009567692
0.0102814
0.0110166
0.01170512
0.01236347
0.01297228
0.01348834
0.01387389
0.01408912
0.01410456
0.01389245
0.01339428
0.01254737
0.01143978
0.01029967
0.009361843
0.008744153
0.008507758
0.008582889
0.008744507
0.008762805
0.008598094
0.008350128
0.008036269
0.007622198
0.007170852
0.006753749
0.006339795
0.005850585
0.005198307
0.00434719
0.003351576
0.002331806
0.001416377
0.0007157145
0.000239944
-3.97174e-05
-0.00011966
2.398436e-05
0.0003997498
0.0009422981
0.001496464
0.001937282
0.002246448
0.0025238
0.002874607
0.003298737
0.003685598
0.003870719
0.003807045
0.003532837
0.003066977
0.002483318
0.00185746
0.001236175
0.0006083452
1.054402e-05
-0.0004504912
-0.0008112736
-0.00116071
-0.001509277
-0.001829674
-0.002066868
-0.002251681
-0.002531403
-0.002958632
-0.003394319
-0.003616499
-0.003443678
-0.002910683
-0.00220618
-0.001490649
-0.0008779502
-0.000409661
-0.0001385341
-9.852836e-05
-0.0002809878
-0.0006162845
-0.000986976
-0.001195673
-0.0009834216
-0.0002721148
0.0006519419
0.001510244
0.002353545
0.00337907
0.004574808
0.005686923
0.00650034
0.00699653
0.007314937
0.00755648
0.007596335
0.00724358
0.006549131
0.005778952
0.005175883
0.004793971
0.004546613
0.004333206
0.004107631
0.003846985
0.003567194
0.003324485
0.003120327
0.002852784
0.002420995
0.001980822
0.001791488
0.001879888
0.00203411
0.002044616
0.001851151
0.001524853
0.001224246
0.00101921
0.0008257306
0.0005545432
0.0001787163
-0.0002313905
-0.0005626959
-0.0007459823
-0.0008198637
-0.0007915297
-0.0005686897
-8.541167e-05
0.0006329577
0.001380957
0.001838956
0.001926028
0.001870539
0.00195004
0.002208186
0.002525998
0.002757415
0.002875348
0.002994264
0.003224392
0.003549942
0.003830656
0.003866522
0.003594883
0.003144702
0.002714316
0.002431835
0.002287125
0.002228814
0.002234892
0.002296299
0.002260758
0.001963268
0.001460096
0.0008759686
0.0002836178
-0.0002972084
-0.0008439912
-0.001355662
-0.001811191
-0.00222558
-0.002520996
-0.002564295
-0.00229375
-0.001768803
-0.001070689
-0.0001458618
0.0009948126
0.00222576
0.003371234
0.00425764
0.004791866
0.005064815
0.00530316
0.005649784
0.006078857
0.006489897
0.006861338
0.00721452
0.00762646
0.00815364
0.008763574
0.009363156
0.009992101
0.01075067
0.01159842
0.01233932
0.01265124
0.01233602
0.01145578
0.01024611
0.008854818
0.007306437
0.005564951
0.003561476
0.001419502
-0.0006231219
-0.002331255
-0.003555707
-0.00433324
-0.004789585
-0.005069051
-0.005337091
-0.005615704
-0.005904626
-0.006332619
-0.006926272
-0.007493511
-0.007969509
-0.008389578
-0.008611689
-0.008468981
-0.007961647
-0.007270164
-0.006555533
-0.005868185
-0.005226262
-0.004626214
-0.004101753
-0.003639548
-0.003265548
-0.003049003
-0.002986753
-0.003066147
-0.003286933
-0.00361363
-0.004034921
-0.00456719
-0.00518656
-0.005868934
-0.006589542
-0.007271688
-0.007852038
-0.008345213
-0.008794752
-0.009150643
-0.00927972
-0.0090486
-0.008468993
-0.007847879
-0.007542283
-0.007619023
-0.007869969
-0.007977999
-0.007820571
-0.007544483
-0.007287123
-0.006956292
-0.006401198
-0.005632451
-0.004818234
-0.004131809
-0.003609348
-0.003171035
-0.002827623
-0.00269171
-0.002823977
-0.003053641
-0.003085125
-0.002717456
-0.001937709
-0.0009562979
-6.052356e-05
0.0005485875
0.00078417
0.0007031001
0.000421697
4.879806e-06
-0.0004895495
-0.001045708
-0.001716137
-0.002516057
-0.003412873
-0.004324279
-0.005203416
-0.006072225
-0.006979265
-0.007892453
-0.0087485
-0.009426401
-0.009801146
-0.009861837
-0.009637625
-0.009163773
-0.008590195
-0.0081907
-0.008056283
-0.007957633
-0.007671489
-0.007157563
-0.006539537
-0.006028863
-0.005867978
-0.006131405
-0.006635385
-0.007167207
-0.007583528
-0.007850411
-0.008038508
-0.008082411
-0.007810375
-0.007142611
-0.00620778
-0.005217393
-0.004211254
-0.003043358
-0.001714835
-0.0005063467
0.0002437443
0.0005561725
0.0007711439
0.001102848
0.001494837
0.00174873
0.001681732
0.00129078
0.0007509689
0.0003242821
0.00019345
0.000345665
0.0006374858
0.0009804168
0.001318137
0.00152806
0.001446619
0.0009852352
0.0002801709
-0.0003858621
-0.0008636478
-0.001207472
-0.001597741
-0.002152254
-0.002825022
-0.003485822
-0.004188243
-0.005148011
-0.006456764
-0.00788274
-0.009018998
-0.00960166
-0.00960539
-0.009218314
-0.008683026
-0.008140416
-0.00766402
-0.007311077
-0.007095474
-0.007010408
-0.007095131
-0.007352363
-0.007720926
-0.008124039
-0.008526183
-0.008810847
-0.008799738
-0.008416785
-0.00770047
-0.006751426
-0.005678819
-0.004607171
-0.00364172
-0.002952768
-0.002657182
-0.002767071
-0.003314144
-0.00433312
-0.00561679
-0.006799362
-0.00765898
-0.008240977
-0.00877868
-0.009413111
-0.009996724
-0.01028404
-0.01021352
-0.009925893
-0.009532987
-0.008987765
-0.008048458
-0.006585339
-0.004767497
-0.002897664
-0.001145272
0.0004990382
0.002021087
0.003332992
0.004307407
0.004936673
0.005326125
0.005634689
0.006031755
0.006560568
0.007061024
0.007242018
0.006965977
0.006297765
0.005399324
0.004364668
0.003289054
0.002224682
0.001163737
9.181268e-05
-0.0009200193
-0.001845784
-0.00273427
-0.003637864
-0.004413705
-0.004737231
-0.004388149
-0.003391253
-0.001939791
-0.0002835433
0.001369631
0.002767289
0.003640578
0.003778
0.003214504
0.002228442
0.001174986
0.0002902091
-0.0003053439
-0.0005894707
-0.0006467568
-0.0005980759
-0.0005219877
-0.000383108
-0.000176233
1.55739e-05
0.0001488651
0.0002652176
0.0004068806
0.0005318568
0.0005995177
0.0006691475
0.0007697967
0.0008995092
0.001126019
0.001492535
0.001958585
0.002494767
0.003059831
0.003600906
0.004115251
0.004558943
0.004810206
0.004733511
0.004295697
0.003630101
0.002948762
0.002350766
0.001830489
0.001286589
0.0006837086
0.0001901671
-0.0001016717
-0.0002804846
-0.0005823599
-0.001128634
-0.001740281
-0.002169292
-0.00233218
-0.002318588
-0.00228395
-0.002310869
-0.002296673
-0.002096365
-0.001662119
-0.001072858
-0.000399239
0.0003705354
0.001222171
0.002013627
0.002558119
0.002834476
0.002951984
0.003096963
0.003386441
0.003782407
0.004132796
0.004292793
0.004220343
0.003891495
0.003307489
0.002602862
0.001846823
0.000948268
-0.0001490476
-0.001296512
-0.002240143
-0.002863401
-0.003261115
-0.003614086
-0.004040962
-0.004447812
-0.004694202
-0.004820574
-0.005061458
-0.005585046
-0.006349626
-0.007121304
-0.00764292
-0.008005218
-0.008387273
-0.008786315
-0.009055503
-0.009021609
-0.008663812
-0.00812962
-0.007693222
-0.007519022
-0.00741962
-0.007123447
-0.006612254
-0.006068943
-0.005733003
-0.005749087
-0.006024386
-0.006328208
-0.006402816
-0.00609771
-0.005395905
-0.004373326
-0.003211897
-0.00214742
-0.001341871
-0.0008755634
-0.0007782116
-0.0009419241
-0.001128643
-0.001200777
-0.00124003
-0.001418778
-0.001869394
-0.002490853
-0.003038741
-0.00332739
-0.003383797
-0.003285668
-0.00301269
-0.002448035
-0.001418869
0.0001761928
0.002138793
0.004161536
0.005982685
0.007461353
0.008540613
0.009163749
0.00932349
0.009142844
0.008748929
0.008235098
0.007758999
0.007412992
0.007175717
0.007040118
0.006980604
0.006952336
0.006943966
0.007008334
0.007199413
0.007568474
0.008083976
0.00861357
0.008951706
0.008867164
0.008207966
0.007153503
0.006129935
0.005444793
0.0050837
0.004816113
0.004533943
0.004364278
0.004427253
0.004570167
0.004461418
0.003888462
0.002981121
0.002103883
0.001539675
0.001316575
0.001259986
0.001191261
0.000985739
0.0005924688
-0.0001122205
-0.001214291
-0.002568202
-0.003904138
-0.005015241
-0.00587041
-0.006501994
-0.00690417
-0.007004996
-0.006718719
-0.006100395
-0.005207618
-0.004039412
-0.002627806
-0.001050306
0.00050936
0.001797182
0.002712333
0.003220357
0.003292042
0.002955123
0.002314031
0.001524268
0.0007874762
0.0002980823
0.00012269
0.0001615014
0.0002619434
0.000328845
0.0003013554
0.0001928826
0.0001059088
0.0001216277
0.0001893576
0.0001924846
3.839055e-05
-0.0002718804
-0.0006226471
-0.001026806
-0.001557276
-0.002199981
-0.002831012
-0.003302926
-0.003567162
-0.003708122
-0.003849296
-0.004042128
-0.004302778
-0.004661641
-0.005079815
-0.005426436
-0.005512165
-0.005340525
-0.005158369
-0.005175768
-0.005363275
-0.005493584
-0.005366432
-0.004998719
-0.004626707
-0.004328497
-0.003916656
-0.003260246
-0.002495685
-0.001799457
-0.001251633
-0.0009312326
-0.0009108726
-0.001236196
-0.00185194
-0.002642058
-0.0034555
-0.00414271
-0.004651563
-0.005006394
-0.005227579
-0.005283638
-0.005113963
-0.004750974
-0.004239049
-0.003619178
-0.002947202
-0.002244859
-0.001478432
-0.0005733353
0.0004851159
0.001573617
0.002523235
0.003231811
0.003707513
0.004012492
0.004273271
0.004561365
0.004722497
0.004559973
0.004113612
0.003654308
0.003460382
0.003474018
0.003351275
0.002951099
0.002562955
0.002532578
0.002972342
0.003748114
0.004621996
0.005455482
0.006195832
0.006714068
0.006811762
0.0062849
0.005123359
0.003582431
0.002037856
0.000715712
-0.0004019555
-0.001443662
-0.002544132
-0.003646518
-0.004581489
-0.005309849
-0.005970839
-0.006774018
-0.007740433
-0.008610982
-0.009081116
-0.009077686
-0.00880158
-0.008444724
-0.008003003
-0.007388337
-0.006596568
-0.005783195
-0.005107736
-0.004640224
-0.004319658
-0.00397305
-0.003424256
-0.002694701
-0.002034538
-0.001700173
-0.001633985
-0.001607248
-0.001458759
-0.001172794
-0.000874129
-0.0006924063
-0.0005544525
-0.0003078374
-2.230363e-05
0.0001491783
0.000127733
-6.193181e-05
-0.0003129922
-0.0005425775
-0.0007804866
-0.001132128
-0.001687908
-0.002458781
-0.003330348
-0.004161394
-0.004886949
-0.00545688
-0.005814685
-0.006023322
-0.006245128
-0.006613104
-0.007136849
-0.007782752
-0.008476846
-0.009075041
-0.009436457
-0.009477943
-0.009140933
-0.008394516
-0.007279635
-0.005915785
-0.004456535
-0.003161785
-0.002323121
-0.002011103
-0.002046564
-0.002130557
-0.002071595
-0.001954285
-0.001972954
-0.002235419
-0.002590256
-0.002806672
-0.002905433
-0.003037929
-0.003244251
-0.003468607
-0.003565591
-0.003382275
-0.002966835
-0.002572554
-0.002383498
-0.002392862
-0.002547942
-0.002823464
-0.003202573
-0.003599423
-0.003835424
-0.003831471
-0.00366342
-0.003432438
-0.003205809
-0.002965484
-0.002638479
-0.002190297
-0.001624861
-0.0009745963
-0.0003134315
0.0002737706
0.0007728943
0.001152053
0.001330583
0.001242662
0.0008596351
0.0002272657
-0.0004523671
-0.0009814964
-0.001366294
-0.001528373
-0.001335609
-0.0008526304
-0.0002206466
0.0004440047
0.0009884613
0.001252392
0.001216246
0.001055375
0.001056942
0.001407856
0.002128276
0.003149441
0.004306568
0.005357749
0.006080919
0.006403748
0.006330936
0.00588403
0.005063974
0.003906031
0.002537081
0.001230694
0.0002393974
-0.0003220917
-0.000536272
-0.0005270933
-0.0004799864
-0.0005485653
-0.0007368946
-0.0009864526
-0.001241679
-0.001517732
-0.001863126
-0.00227614
-0.00275102
-0.003127449
-0.003102025
-0.002460992
-0.001259629
0.0002781972
0.001871906
0.003374944
0.004849188
0.006302216
0.007491876
0.00805432
0.007825012
0.007021428
0.005992282
0.004975757
0.004030654
0.003076578
0.002059013
0.001098866
0.0003776234
-1.271512e-05
-0.0001635141
-0.0001862295
-0.0001561086
-0.000111567
-1.94032e-05
0.0001783339
0.0004637849
0.0007674907
0.001042497
0.001247834
0.001404851
0.001582716
0.001780024
0.001989239
0.002217449
0.002471743
0.00275587
0.00303123
0.003106299
0.002822179
0.002348404
0.002037253
0.00209618
0.002466634
0.002924654
0.003240337
0.003470199
0.003708236
0.003822726
0.003600851
0.002959249
0.00200212
0.0009652259
6.092838e-05
-0.0006075302
-0.001016699
-0.001100812
-0.0007113173
0.0002585
0.001744213
0.003421541
0.004839144
0.005805971
0.006442292
0.006957143
0.007396056
0.007645381
0.007636678
0.00735524
0.006800736
0.006029515
0.005136772
0.004178392
0.003191989
0.002218479
0.00131539
0.0005595584
-4.492079e-05
-0.0005324744
-0.0007646354
-0.000465709
0.0004325016
0.00166808
0.002862169
0.003857677
0.004749502
0.005743917
0.006866519
0.007919255
0.008690463
0.00914645
0.00939136
0.009545868
0.009659929
0.009679112
0.009504162
0.009109539
0.008494896
0.007677491
0.006735546
0.005780199
0.004888113
0.00404845
0.003201216
0.002350577
0.001545713
0.0009323722
0.0006057863
0.0005951091
0.0008493283
0.001234782
0.001584397
0.001821947
0.001939593
0.00194422
0.00182348
0.001505075
0.000868498
-0.0001578526
-0.001393748
-0.002506653
-0.003303588
-0.003843467
-0.004269314
-0.004600888
-0.004839653
-0.004970845
-0.004917005
-0.004678093
-0.004362231
-0.004013052
-0.00359485
-0.003118813
-0.002665472
-0.002294761
-0.002007693
-0.001777506
-0.001603132
-0.001585419
-0.001988119
-0.003000707
-0.004518133
-0.006149938
-0.007437914
-0.008181679
-0.008423588
-0.008316808
-0.008021467
-0.007584104
-0.007038374
-0.006395697
-0.00571246
-0.005131945
-0.004708734
-0.004425595
-0.004221922
-0.003954489
-0.003592325
-0.003241472
-0.003007985
-0.002884703
-0.002868904
-0.002906485
-0.002892151
-0.002833094
-0.002831521
-0.002996339
-0.003298105
-0.003621985
-0.003872232
-0.004008591
-0.003998622
-0.003763871
-0.003253279
-0.002576363
-0.001883231
-0.001278819
-0.0007760426
-0.0003175843
0.0001572002
0.000644879
0.001148416
0.001675378
0.002135155
0.002407444
0.00243593
0.002231008
0.001888418
0.001526532
0.001333596
0.001473315
0.00194041
0.002451678
0.002645088
0.002391377
0.001916262
0.001498978
0.001256768
0.001123151
0.0009923804
0.0008964142
0.001015813
0.001401217
0.001909664
0.002236863
0.002155194
0.001762343
0.001284549
0.00074351
1.956283e-05
-0.0008665513
-0.001795677
-0.002627373
-0.003223965
-0.003528027
-0.003657118
-0.003725528
-0.003747018
-0.003682829
-0.003482628
-0.00315503
-0.002780584
-0.002516986
-0.002512498
-0.002815069
-0.003327616
-0.003869031
-0.004233629
-0.004334318
-0.004193413
-0.003853814
-0.003371936
-0.002817458
-0.002244988
-0.001684188
-0.001144769
-0.0005478972
0.0001402959
0.0007062127
0.0008835713
0.0007260762
0.000568075
0.0007405595
0.001288993
0.001935058
0.002326415
0.00235753
0.002240338
0.001994985
0.001482151
0.0007162355
-0.0001082334
-0.000740705
-0.001040565
-0.001032701
-0.0008468581
-0.0006455454
-0.0005676098
-0.0006600347
-0.0009160431
-0.001358109
-0.002008704
-0.002893815
-0.003811161
-0.00432064
-0.004209318
-0.003741543
-0.003262579
-0.002960927
-0.002789699
-0.002537938
-0.002051899
-0.001305383
-0.000351348
0.000612683
0.001411786
0.001973183
0.002335863
0.002482693
0.002320856
0.001985645
0.001763542
0.001815747
0.002074059
0.00228302
0.002224645
0.001900572
0.001463145
0.001041981
0.0007329178
0.0005818668
0.000514632
0.0004064047
0.0001982363
-8.54977e-05
-0.000354315
-0.0005457515
-0.0006068934
-0.0004692674
-8.101195e-05
0.0004894128
0.001011986
0.001363667
0.001712954
0.002360218
0.003438596
0.004813904
0.006205085
0.007385001
0.008296462
0.008987002
0.009512941
0.009898102
0.01011109
0.0101067
0.00984405
0.009332593
0.008612859
0.007699023
0.006675816
0.00578272
0.005172659
0.004815182
0.004534465
0.004187595
0.003807029
0.003570093
0.003558588
0.003686186
0.003776652
0.003744926
0.003688987
0.003784327
0.004093417
0.004521402
0.004949662
0.005386744
0.005839643
0.006185951
0.00629511
0.006090856
0.005669812
0.00527838
0.005078885
0.005079963
0.005134495
0.005088759
0.004900952
0.004671423
0.004464939
0.004299545
0.004182807
0.004118838
0.0041813
0.004391893
0.004703797
0.005044466
0.005277572
0.005326253
0.005315163
0.005425505
0.005622744
0.005791703
0.005954345
0.006145025
0.006357664
0.006552389
0.006585706
0.00623723
0.005473494
0.004490653
0.003536192
0.002722411
0.002011862
0.001315174
0.0005980598
-5.711474e-05
-0.0005450513
-0.0008194515
-0.0008958266
-0.0008801939
-0.0008519614
-0.0008545277
-0.0008811952
-0.000945496
-0.001049453
-0.001195243
-0.001387888
-0.001587981
-0.001739787
-0.001788936
-0.001716237
-0.00157714
-0.00147234
-0.001488647
-0.001618431
-0.001829039
-0.002217483
-0.002889458
-0.003658211
-0.004224704
-0.004407017
-0.004297971
-0.004138557
-0.004007007
-0.003756838
-0.003220442
-0.002445614
-0.00173813
-0.001290104
-0.0009989624
-0.0006483595
-0.0001413025
0.0004266081
0.0008710757
0.00106018
0.0009966599
0.0006883947
0.000148622
-0.0004648127
-0.0009484191
-0.001198204
-0.001252291
-0.001145933
-0.0009328134
-0.0006310032
-0.0002655659
0.000120547
0.000462338
0.0006735986
0.000663612
0.0004483602
0.0001147556
-0.000277901
-0.0006733455
-0.0009857339
-0.001125292
-0.001172396
-0.001378063
-0.001764954
-0.002060836
-0.001986449
-0.001506136
-0.0008593278
-0.0002711753
0.0002231413
0.0006412268
0.0009106679
0.0009511846
0.0008142172
0.0006255869
0.0004580875
0.0003174629
0.0001793743
-1.073478e-05
-0.0002561439
-0.0004805378
-0.0005783359
-0.0005093546
-0.0003128805
-9.180266e-05
3.824553e-05
0.000134351
0.0004179789
0.0009681877
0.001604678
0.002065731
0.002213978
0.002097506
0.001880911
0.00171591
0.001657004
0.001664516
0.001672428
0.001629882
0.001495247
0.001261168
0.0008955688
0.0003665555
-0.0002064487
-0.000632176
-0.0007146085
-0.000366348
0.0002338061
0.0008129629
0.001281287
0.001806707
0.002488449
0.003104419
0.003321497
0.003019979
0.002367057
0.001710327
0.001340646
0.001298874
0.001307274
0.001216767
0.001090083
0.001015324
0.00102585
0.001015568
0.0008744706
0.0005779316
0.0001969729
-0.0001603935
-0.0003714258
-0.0003712677
-0.0001814643
7.346707e-05
0.0002925503
0.0004188363
0.0003706895
0.000120553
-0.0002041597
-0.0004868385
-0.0007540707
-0.001065511
-0.001438821
-0.001900927
-0.002404174
-0.00269516
-0.002560244
-0.002049861
-0.001388365
-0.0008093621
-0.0004193568
-0.0001099619
0.0002911104
0.0007182588
0.0009531181
0.0009076897
0.0007251506
0.0006285434
0.0007316285
0.0009856191
0.00129664
0.001655204
0.002037431
0.002307544
0.002275317
0.001799747
0.00097156
8.557409e-05
-0.0006717919
-0.001230803
-0.001620822
-0.00188173
-0.002058956
-0.002244951
-0.002479562
-0.002627089
-0.002517249
-0.002074625
-0.00135148
-0.0005566369
5.931766e-05
0.0003880165
0.0004395272
0.0002295211
-0.0002223447
-0.0007616758
-0.001263241
-0.001687888
-0.001955518
-0.00192249
-0.001573531
-0.001124508
-0.0008051204
-0.0007278394
-0.0008442027
-0.001008335
-0.001109241
-0.001139387
-0.001142909
-0.001065271
-0.0008457222
-0.000488164
-8.835801e-05
0.0002887759
0.0005975109
0.0008121651
0.000891905
0.0008198597
0.0006542721
0.0004109937
6.849431e-05
-0.0003084421
-0.0007021596
-0.001094835
-0.001451038
-0.001674985
-0.001679932
-0.001500029
-0.001328722
-0.001300309
-0.001379106
-0.001397785
-0.001308802
-0.001232714
-0.001364133
-0.001724415
-0.002136945
-0.002424931
-0.002578136
-0.002793547
-0.003218307
-0.003720616
-0.004096031
-0.004317694
-0.004474919
-0.004650751
-0.004745708
-0.004568589
-0.003944821
-0.002806727
-0.001337934
0.0001614521
0.001402519
0.002284514
0.002839763
0.003118541
0.003183104
0.003079769
0.002751042
0.002194087
0.001497342
0.0008065979
0.0002163258
-0.0002429941
-0.0005844159
-0.0008239314
-0.0009340861
-0.0009007496
-0.0007882027
-0.0006988943
-0.0006641748
-0.0005773077
-0.0004255614
-0.0004162418
-0.000709718
-0.001170491
-0.001498455
-0.001578521
-0.001578389
-0.001659715
-0.0018527
-0.002024786
-0.002037151
-0.001922399
-0.001808365
-0.001710993
-0.001556966
-0.001287469
-0.001002984
-0.0008336393
-0.0008882323
-0.00119923
-0.001683493
-0.002178835
-0.002602924
-0.003015984
-0.003515666
-0.004086237
-0.004508873
-0.004526531
-0.004154424
-0.00363596
-0.003166051
-0.002797717
-0.002513655
-0.002257989
-0.001943064
-0.001641489
-0.00151078
-0.001611599
-0.001854505
-0.002151942
-0.002572358
-0.003171032
-0.003810114
-0.004235268
-0.004302283
-0.004113482
-0.003997086
-0.004156757
-0.004498539
-0.004726291
-0.004684045
-0.004489878
-0.004339415
-0.004282483
-0.004174972
-0.003897784
-0.00352551
-0.003233812
-0.003129471
-0.003171974
-0.003233399
-0.00318712
-0.002996905
-0.002742882
-0.002533618
-0.002470747
-0.002585102
-0.002829175
-0.003119325
-0.003457488
-0.003840644
-0.004187902
-0.004439194
-0.004566565
-0.004548919
-0.00438333
-0.004103236
-0.003696057
-0.003185647
-0.002732432
-0.002518918
-0.002634251
-0.002870406
-0.002954781
-0.002857923
-0.002711472
-0.002715181
-0.002940496
-0.003227572
-0.003285405
-0.003020964
-0.002654248
-0.00239005
-0.002210769
-0.00188617
-0.001268218
-0.00046178
0.0003720823
0.001231021
0.002152269
0.00301387
0.003634867
0.003950066
0.004015536
0.003977209
0.003976739
0.004031291
0.004094537
0.004055029
0.003846773
0.00346976
0.002987494
0.002434892
0.001866263
0.001304802
0.0008228784
0.0005166241
0.0004764732
0.0007616248
0.001310793
0.001894842
0.002305483
0.002541944
0.002673317
0.0027519
0.002888862
0.003201636
0.003619107
0.00404088
0.004425642
0.004663732
0.00452185
0.003928714
0.003074547
0.002272804
0.001767034
0.001628924
0.001717755
0.001812087
0.001839099
0.001804962
0.001797487
0.001899375
0.002093714
0.002284628
0.002440219
0.00259909
0.002742604
0.002856757
0.002999598
0.003161266
0.003312064
0.0034328
0.003467255
0.003386185
0.003211357
0.002997182
0.002745159
0.002408121
0.001984919
0.001552856
0.001111003
0.0006971597
0.0004710553
0.0005456078
0.0009112072
0.001352696
0.001588285
0.001530863
0.001326146
0.001104121
0.0008717079
0.0005011578
-0.0001312735
-0.0009693689
-0.001789834
-0.002374184
-0.002650257
-0.002740155
-0.002758248
-0.002720039
-0.002622681
-0.002465442
-0.002224586
-0.001902378
-0.0015808
-0.001390998
-0.001387112
-0.001549076
-0.001828512
-0.002159358
-0.002576893
-0.003084733
-0.003599227
-0.004025641
-0.004352327
-0.004555944
-0.004630035
-0.004594472
-0.004369369
-0.003888185
-0.003342152
-0.00303946
-0.003056326
-0.003161562
-0.003120772
-0.002866449
-0.002519425
-0.002289049
-0.002227023
-0.002190338
-0.002083766
-0.002052568
-0.00234243
-0.002922423
-0.003468396
-0.003740105
-0.003707964
-0.003499441
-0.003300655
-0.003210169
-0.003218497
-0.003252395
-0.003312421
-0.00349861
-0.003893166
-0.004337426
-0.004496253
-0.004305786
-0.004093569
-0.003949661
-0.004082494
-0.0043811
-0.00464848
-0.004738464
-0.004591646
-0.004211956
-0.003655659
-0.003073536
-0.002582125
-0.002224438
-0.002060256
-0.002180955
-0.002472783
-0.002648803
-0.002512778
-0.002130372
-0.001713981
-0.001411997
-0.001148107
-0.0007624291
-0.0002471074
0.0002027151
0.0004385027
0.0005628054
0.0007796164
0.001222336
0.001842459
0.002500284
0.003031844
0.003274795
0.003170724
0.002795644
0.002212794
0.001542294
0.000843679
0.0001233129
-0.0005371798
-0.001090391
-0.001528294
-0.001826407
-0.001930845
-0.001829796
-0.00155843
-0.001227072
-0.0009355488
-0.00066462
-0.0003829498
-0.0001220566
4.636657e-05
8.195055e-05
-8.273859e-05
-0.0004336968
-0.0007631595
-0.0007652439
-0.0002947852
0.0004472818
0.001145402
0.001664888
0.002098102
0.002522882
0.002862716
0.002964953
0.002742272
0.002324897
0.001987234
0.001808887
0.001676396
0.001475249
0.001219838
0.001070006
0.001076017
0.001069332
0.0009125015
0.0006765821
0.0005236036
0.0005530026
0.0007636272
0.001052094
0.001286261
0.001401352
0.001446101
0.001504302
0.001655878
0.001879472
0.002097098
0.002194287
0.00208719
0.00184737
0.001550068
0.001181531
0.0007208485
0.0002419746
-0.0001403149
-0.000343644
-0.0003058628
2.613031e-05
0.0006055828
0.001253223
0.001760317
0.00204713
0.002179103
0.002255495
0.002393674
0.002694408
0.003157589
0.003737732
0.004355965
0.004890185
0.00527476
0.005506894
0.00564886
0.005714362
0.005645403
0.005413822
0.005045132
0.004617978
0.004170314
0.003708632
0.003303217
0.002973416
0.002672809
0.002434992
0.002338868
0.002402667
0.002466663
0.002362358
0.002092566
0.001759955
0.001476219
0.001290163
0.001129346
0.0009431703
0.0008455989
0.0009958487
0.001433113
0.001973956
0.002433709
0.002805949
0.003165997
0.003549368
0.003928864
0.004202571
0.004300901
0.004250489
0.004118421
0.00392198
0.003674567
0.00344202
0.003257227
0.003160817
0.003185583
0.003264076
0.003237833
0.003015798
0.002684343
0.002400083
0.002312898
0.002493132
0.002862386
0.003281841
0.003615921
0.003815701
0.003872572
0.003752231
0.003420722
0.00291259
0.002319761
0.001772006
0.001349923
0.0009402294
0.0003856129
-0.0002963044
-0.0008984366
-0.001182309
-0.001082536
-0.0007262865
-0.0002664205
0.0002917622
0.0009746612
0.001648089
0.002151405
0.002363474
0.002281583
0.00202198
0.00170844
0.001389909
0.001068171
0.0007423212
0.0004257314
0.0001225648
-0.0001475519
-0.0003476514
-0.0005182078
-0.0007162073
-0.0008461133
-0.0007058958
-0.0002556212
0.0003199716
0.0008081931
0.0011013
0.001215567
0.001268639
0.001367458
0.001528002
0.00170171
0.001829616
0.001892169
0.001877741
0.001790431
0.001618422
0.001339039
0.0009982056
0.0007354873
0.0006287669
0.0005926177
0.0005088311
0.0003305535
0.000124067
4.356403e-05
0.0001054268
0.0001304038
-2.693035e-05
-0.0002925145
-0.0004700459
-0.0003872778
-4.654964e-05
0.0003647109
0.0006629016
0.0008061172
0.0008399341
0.0008129472
0.0007332941
0.0005725246
0.0003033174
-7.124272e-05
-0.0004886817
-0.0008754817
-0.001144862
-0.001253008
-0.001230893
-0.001125945
-0.0009664683
-0.0007672516
-0.0005511641
-0.0003390857
-0.0001594076
-2.623064e-05
6.533811e-05
0.000121124
0.000125554
5.858929e-05
-1.654863e-05
3.906843e-05
0.000280581
0.0006076423
0.0008873444
0.001059767
0.001159481
0.001294531
0.001463967
0.001566342
0.001514892
0.001361069
0.001222683
0.001147307
0.001128068
0.001137667
0.001146648
0.001141801
0.001117898
0.001018412
0.0007892896
0.0005127806
0.0003018862
0.0001902254
0.0001589934
0.0001712138
0.0001952278
0.0001944968
0.0001298907
-2.484006e-06
-0.0001732954
-0.0003384337
-0.0004679728
-0.0005394145
-0.0005213849
-0.0004239612
-0.0002948193
-0.0001700792
-0.0001102893
-0.0001772983
-0.0003475498
-0.0005724453
-0.000820613
-0.001035937
-0.001159246
-0.001183826
-0.001120409
-0.001003728
-0.0009385608
-0.001017703
-0.001225818
-0.001449961
-0.001558311
-0.001508932
-0.001356961
-0.001185084
-0.001040526
-0.0009442828
-0.0009099678
-0.0009709465
-0.001116891
-0.001289496
-0.001472385
-0.001685945
-0.001920809
-0.002123537
-0.002256893
-0.002329301
-0.002381113
-0.002427456
-0.002471587
-0.002503795
-0.002514848
-0.002522668
-0.002542695
-0.002564888
-0.002553632
-0.002503336
-0.002458171
-0.00244207
-0.002412522
-0.002306685
-0.002106506
-0.001864295
-0.001659913
-0.001531015
-0.001467
-0.0014197
-0.00135961
-0.001276185
-0.001165883
-0.001053743
-0.0009740161
-0.0009269893
-0.0008864967
-0.000829511
-0.0007471526
-0.0006154873
-0.0004192347
-0.0002002933
-3.79452e-05
1.579684e-05
-1.500394e-05
-6.6604e-05
-8.484472e-05
-6.04234e-05
-1.745631e-05
7.281399e-06
-1.560813e-05
-8.707527e-05
-0.0001837354
-0.0002661737
-0.0003131125
-0.0003279421
-0.0003185449
-0.0002780748
-0.0002072545
-0.0001553768
-0.0001727038
-0.0002468745
-0.000306706
-0.0002967067
-0.0002171575
-0.0001106432
-2.324957e-05
3.76958e-05
8.236231e-05
9.711709e-05
6.30195e-05
-1.373356e-05
-0.0001121786
-0.0002025858
-0.0002669746
-0.0003066729
-0.0003252147
-0.0003243362
-0.0003025626
-0.0002571253
-0.0002032768
-0.0001715877
-0.0001846292
-0.0002232364
-0.0002401415
-0.0002146423
-0.0001646796
-0.0001257674
-0.0001137004
-0.0001179321
-0.0001224016
-0.00011411
-9.052099e-05
-5.895012e-05
-2.54318e-05
9.254386e-06
4.344177e-05
7.042827e-05
8.265397e-05
7.340885e-05
5.492417e-05
5.093139e-05
6.251837e-05
7.31481e-05
6.826348e-05
4.927745e-05
3.175363e-05
2.876209e-05
3.236875e-05
2.296858e-05
-8.896796e-06
-5.565983e-05
-9.985626e-05
-0.0001287775
-0.0001410279
-0.0001434738
-0.0001463469
-0.0001559052
-0.0001717507
-0.000187151
-0.0001981345
-0.000206775
-0.0002145153
-0.0002197204
-0.00022164
-0.0002222891
-0.0002232558
-0.0002242315
-0.0002236892
-0.0002200498
-0.0002124114
-0.000202117
-0.000192139
-0.0001854616
-0.0001812589
-0.0001774512
-0.0001741912
-0.000174509
-0.0001791544
-0.0001841496
-0.0001844912
-0.0001791029
-0.0001729217
-0.000172208
-0.0001784088
-0.0001865109
-0.0001926157
-0.0001964527
-0.0001981741
-0.0001983368
-0.0001974812
-0.0001947476
-0.0001895418
-0.0001819456
-0.0001720458
-0.0001603421
-0.0001473323
-0.0001344762
-0.0001246953
-0.0001208775
-0.0001231171
-0.0001276591
-0.0001293209
-0.0001255147
-0.0001181601
-0.0001102573
-0.0001033717
-9.738265e-05
-9.158813e-05
-8.535505e-05
-7.894749e-05
-7.316815e-05
-6.834917e-05
-6.455625e-05
-6.16406e-05
-5.904225e-05
-5.638209e-05
-5.415164e-05
-5.273624e-05
-5.17074e-05
-5.025958e-05
-4.784029e-05
-4.454091e-05
-4.095862e-05
-3.789152e-05
-3.57981e-05
-3.463908e-05
-3.389865e-05
-3.290011e-05
-3.124775e-05
-2.918637e-05
-2.731055e-05
-2.57318e-05
-2.424267e-05
-2.278376e-05
-2.1387e-05
-2.017772e-05
-1.929345e-05
-1.87927e-05
-1.852311e-05
-1.828419e-05
-1.804409e-05
-1.787901e-05
-1.77519e-05
-1.75868e-05
-1.737238e-05
-1.711857e-05
-1.68039e-05
-1.63578e-05
-1.574257e-05
-1.506113e-05
-1.454229e-05
-1.430682e-05
-1.426605e-05
-1.427586e-05
-1.423037e-05
-1.41337e-05
-1.405687e-05
-1.401059e-05
-1.394426e-05
-1.380988e-05
-1.360682e-05
-1.337045e-05
-1.315373e-05
-1.296658e-05
-1.277825e-05
-1.257024e-05
-1.236752e-05
-1.220102e-05
-1.20674e-05
-1.193999e-05
-1.179526e-05
-1.163266e-05
-1.146977e-05
-1.132239e-05
-1.119916e-05
-1.109829e-05
-1.101182e-05
-1.093379e-05
-1.086117e-05
-1.079315e-05
-1.072935e-05
-1.06692e-05
-1.061111e-05
-1.055281e-05
-1.049333e-05
-1.043357e-05
-1.037536e-05
-1.032002e-05
-1.026852e-05
-1.022138e-05
-1.01784e-05
-1.01392e-05
-1.010329e-05
-1.007045e-05
-1.004084e-05
-1.001484e-05
-9.992516e-06
-9.973402e-06
-9.956909e-06
-9.942722e-06
-9.930847e-06
-9.921503e-06
-9.914852e-06
-9.910885e-06
-9.909542e-06
-9.910758e-06
-9.914525e-06
-9.920837e-06
-9.929698e-06
-9.941095e-06
-9.955006e-06
-9.971404e-06
-9.990273e-06
-1.001159e-05
-1.003535e-05
-1.006154e-05
-1.009012e-05
-1.01211e-05
-1.015445e-05
-1.019017e-05
-1.022823e-05
