-3.999129e-05
-4.16689e-05
-3.539168e-05
-3.632434e-05
-3.898102e-05
-5.552166e-05
-6.731082e-05
-7.137683e-05
-5.621529e-05
-4.603855e-05
-4.003609e-05
-4.621499e-05
-3.064962e-05
-1.986032e-05
-1.247368e-05
-5.790267e-05
-0.0001190889
-0.0001633653
-0.0001456297
-6.959567e-05
1.967737e-05
0.0001186516
0.0001676118
0.0001127172
1.057122e-05
2.357434e-05
0.0002026912
0.000504142
0.0008639025
0.001065915
0.0009706325
0.0005529224
0.0001378542
-0.0002503547
-0.0004878908
-0.0007216125
-0.000984672
-0.0008835703
-0.0005153572
-4.750048e-05
0.0001495549
-3.966173e-05
-0.0005233933
-0.001035922
-0.00143055
-0.001281244
-0.0001642361
0.000935543
0.001538241
0.001230902
-5.894485e-06
-0.001350335
-0.001445233
-0.0001948534
0.001254051
0.001953659
0.001749602
0.001034073
-3.993373e-05
-0.001387897
-0.003228715
-0.004705087
-0.005011793
-0.004018373
-0.002250294
3.308033e-05
0.002200352
0.003949576
0.004519999
0.003598492
0.0024271
0.001989177
0.002324252
0.003097677
0.004015402
0.004743592
0.005181075
0.004194988
0.001741126
-0.0008900221
-0.002821994
-0.002230921
0.0005414751
0.002430065
0.001068947
-0.00291285
-0.007067316
-0.009705101
-0.0103291
-0.008684457
-0.005892231
-0.003256052
-0.0001817757
0.003809193
0.007157529
0.007880705
0.005910385
0.002693138
-8.295064e-05
-0.002244818
-0.00372652
-0.004964064
-0.004829855
-0.00138939
0.004588105
0.009698195
0.01074502
0.005517155
-0.004579481
-0.01391733
-0.01654245
-0.009309562
0.002785463
0.01004304
0.008272093
0.001370752
-0.003390375
-0.002603101
0.0008271223
0.003849074
0.005546398
0.007390162
0.00896849
0.009171948
0.006805873
0.002338716
-0.001887407
-0.004622339
-0.003682569
0.001068209
0.004614792
0.006907525
0.007123414
0.003071203
-0.003314983
-0.008047413
-0.008108682
-0.005523517
-0.001156023
0.002192818
0.002699784
-0.001304704
-0.007734166
-0.01033678
-0.008524764
-0.003492843
0.002374513
0.005581503
0.00379119
-3.42036e-05
-0.004287069
-0.004730321
-0.002100445
0.003361088
0.006073005
0.004307483
0.0003419635
-0.00179562
-0.0007384608
0.001769596
0.00530828
0.006896096
0.007002692
0.004437514
-6.986554e-05
-0.004001807
-0.008503293
-0.008946348
-0.005480901
-0.002126937
-0.00154193
-0.006810054
-0.01459399
-0.01791039
-0.01150794
0.004130379
0.01880059
0.02355701
0.01860233
0.007567112
-0.006473009
-0.01441525
-0.01092341
-0.002832414
0.004176989
0.007906673
0.008596401
0.003972217
-0.001272709
-0.003607528
-0.003666951
-0.002513981
-0.001799154
-0.002391991
-0.002877238
-0.00150154
0.004522508
0.01342365
0.01920446
0.01769993
0.009112651
-0.001694788
-0.009169145
-0.01086468
-0.004158772
0.003556852
0.007022541
0.005633532
0.001506177
-0.003259514
-0.006755623
-0.008023782
-0.008621183
-0.008832132
-0.008885361
-0.009175503
-0.00530826
0.002100867
0.008174593
0.007910322
0.001151897
-0.007972335
-0.01345687
-0.01191418
-0.003776773
0.003963235
0.00794044
0.007088751
0.001771798
-0.00371843
-0.007015152
-0.00813668
-0.008215398
-0.004234824
0.003091205
0.009657477
0.01273111
0.01271821
0.009738705
0.006548756
0.004173879
0.002248878
0.0006976365
0.0006636653
0.0009019105
0.002135581
0.00214125
-0.0003366208
-0.003591372
-0.006455238
-0.008057719
-0.009862902
-0.009764125
-0.007878174
-0.004565415
1.766981e-05
0.003551356
0.004573327
0.00279838
-0.001523399
-0.00733078
-0.008617569
-0.003696429
0.002963823
0.006384625
0.005182365
4.565276e-05
-0.005697472
-0.006252011
-0.001523762
0.004927907
0.009317164
0.0111765
0.008722712
0.002736471
-0.001399835
-0.001304828
0.001371484
0.005848935
0.007342982
0.003689235
-0.002240308
-0.007450038
-0.009042478
-0.006815144
-0.002356134
-0.0002205211
-0.004497884
-0.01478906
-0.0254968
-0.02290489
-0.009819536
0.005017744
0.01184494
0.01253457
0.006524183
5.146236e-05
1.390736e-05
0.008092921
0.01842829
0.02163579
0.01740589
0.006850068
-0.0002076327
-0.0003774572
0.007212
0.012587
0.008226672
-0.004388856
-0.0180651
-0.02279077
-0.02223936
-0.01016304
0.007712297
0.01753475
0.01202022
-0.001257046
-0.01277182
-0.01519628
-0.01123437
8.706123e-05
0.01395055
0.01616715
0.008778024
0.001036297
0.0006808003
0.003031652
0.005399812
0.002409039
-0.003811271
-0.00914955
-0.01124384
-0.003441727
0.005715542
0.01227659
0.01136447
0.003050106
-0.004515654
-0.007156516
-0.003361049
0.003536596
0.005138494
0.0008480986
-0.005264461
-0.008975023
-0.005599268
0.000365291
0.004958649
0.005173454
0.001523643
-0.001561221
-0.002440806
0.001627993
0.006734166
0.008725467
0.006968606
0.0008801169
-0.003496139
-0.003140728
-0.0004127476
0.001875488
0.002039781
0.001919643
0.002055149
0.002385393
0.001047523
-0.003277751
-0.00705758
-0.008277397
-0.003471192
0.004695339
0.0105533
0.01193091
0.007911616
0.002293227
0.0003081059
0.002003596
0.003718868
0.002236232
-0.001295378
-0.002343628
0.0006013779
0.005411016
0.008744006
0.008604122
0.005067038
-0.001069969
-0.006790976
-0.008285137
-0.004578849
0.002148595
0.00878309
0.01245169
0.01190068
0.006647431
-0.001305173
-0.00865132
-0.0111791
-0.007118993
0.0004675876
0.004765375
0.0008052856
-0.01099877
-0.02126204
-0.02352903
-0.01576713
-0.006364883
-0.003124391
-0.005710661
-0.008081587
-0.003589535
0.006922418
0.01807867
0.02294876
0.02006363
0.01126198
0.001550505
-0.005756331
-0.006270414
-0.0001275905
0.007674058
0.01296499
0.01394971
0.00893172
-0.0004942392
-0.0106737
-0.01819373
-0.02074218
-0.01774869
-0.01020139
-0.001992004
0.002587409
0.003380504
0.001838487
-0.001095147
-0.003705669
-0.004021069
-0.001711534
0.002954223
0.007417435
0.008115133
0.004687567
-0.0002994579
-0.003969373
-0.004214447
-0.001712014
0.002256692
0.00247054
-0.002106011
-0.007047385
-0.009384566
-0.004889763
0.005234063
0.01553065
0.01962409
0.01532508
0.004427507
-0.009152119
-0.01610952
-0.01157676
-0.00175041
0.004838761
0.006470739
0.002130699
-0.006684615
-0.01314564
-0.01200915
-0.00654344
-0.002959061
-0.002957302
-0.004344236
-0.00433944
-0.002577307
0.00085354
0.001539752
-0.002894752
-0.00883898
-0.01444761
-0.01467305
-0.008158271
-0.0004268915
0.00434544
0.004909363
0.00463224
0.007022184
0.01401528
0.0212762
0.02113397
0.01142604
-0.002768599
-0.01212675
-0.0113828
-0.00192121
0.009812199
0.01894545
0.0171545
0.003734433
-0.01088232
-0.0180895
-0.01861101
-0.01328879
-0.007916859
-0.006765196
-0.00734321
-0.007511598
-0.005564338
-0.002478235
-0.0003639796
0.0008631049
0.0007110796
0.0001089858
0.000377163
0.001899506
0.00422027
0.003857194
-0.001073621
-0.009253398
-0.0168576
-0.02155261
-0.02276364
-0.02010146
-0.01562477
-0.01205908
-0.01110283
-0.01236381
-0.01501379
-0.01921619
-0.02334735
-0.02689363
-0.02902317
-0.02904006
-0.0269193
-0.02394041
-0.02301096
-0.02504215
-0.02849996
-0.03254148
-0.03842831
-0.04673061
-0.05516494
-0.06275118
-0.06311759
-0.04778239
-0.01939497
0.01003865
0.03356742
0.0447035
0.04284144
0.04291578
0.04974874
0.06217694
0.07813021
0.09768706
0.1156615
0.1228927
0.1268352
0.1247733
0.1173525
0.1087981
0.09742849
0.08200098
0.06232587
0.03267416
0.0008523732
-0.02846468
-0.04292531
-0.04825816
-0.0532058
-0.053624
-0.05781945
-0.06504024
-0.07806921
-0.08898303
-0.09291934
-0.08930801
-0.07377388
-0.05033193
-0.02800503
-0.01093655
0.002612312
0.01142701
0.02316883
0.03481289
0.05173268
0.07017846
0.0836977
0.09858184
0.10338
0.1000265
0.08335769
0.05313096
0.01617926
-0.005062286
-0.02871981
-0.05161254
-0.067549
-0.08354168
-0.09623017
-0.1113256
-0.1220284
-0.1311493
-0.139235
-0.1394733
-0.1315812
-0.1131139
-0.08504446
-0.05528335
-0.01905639
0.01302558
0.0293903
0.04358932
0.05888631
0.07440017
0.09379688
0.1105283
0.1270701
0.1386637
0.1457237
0.1544867
0.1551938
0.1453986
0.1186361
0.07529586
0.03032675
0.002652324
-0.01473487
-0.0263031
-0.03402203
-0.03921696
-0.04423758
-0.05395707
-0.06799301
-0.08354169
-0.09296942
-0.09341341
-0.08625749
-0.07303263
-0.058664
-0.04438073
-0.02639043
-0.003791504
0.01950363
0.04429483
0.06657953
0.08501888
0.09968339
0.1025966
0.09342657
0.07544988
0.05189913
0.02847547
0.01150582
-0.002899663
-0.01385802
-0.0202541
-0.02332382
-0.02299041
-0.025445
-0.03618789
-0.05579619
-0.07611472
-0.09394308
-0.1055089
-0.1065899
-0.09565232
-0.07534123
-0.04684712
-0.02147402
-0.003405407
0.01571232
0.03317754
0.04558267
0.05594255
0.06315459
0.06862897
0.07148918
0.07101536
0.06714343
0.0583191
0.04386467
0.02810776
0.01301545
-0.001506008
-0.01312442
-0.0258232
-0.03577926
-0.04362139
-0.04947503
-0.05186387
-0.05242737
-0.05009226
-0.04355714
-0.03298846
-0.02167324
-0.01327724
-0.008624509
-0.003520835
0.005265602
0.01769053
0.03086406
0.0372768
0.03602687
0.0283982
0.01947452
0.01247534
0.01011146
0.01108625
0.009715782
0.004256336
-0.004343969
-0.01266434
-0.01957805
-0.02475212
-0.02740019
-0.03189347
-0.03741226
-0.04172094
-0.04420986
-0.04153645
-0.03376221
-0.02358173
-0.01320898
-0.005971906
-0.003970334
-0.003413378
0.00116755
0.01077392
0.0227193
0.03047017
0.03242069
0.02992964
0.0253324
0.02092137
0.01927493
0.02134841
0.0242617
0.02641326
0.02820794
0.02966074
0.02903061
0.02641692
0.02265343
0.01872069
0.01350477
0.008432169
0.006461907
0.009551587
0.01316226
0.01605488
0.01781292
0.01800016
0.01434494
0.008547071
0.003384279
-0.004392586
-0.01153298
-0.01708611
-0.02112968
-0.02113856
-0.0195061
-0.01688496
-0.01548033
-0.01656371
-0.01939584
-0.0205411
-0.01815399
-0.01452708
-0.009875213
-0.006314786
-0.008194118
-0.01390356
-0.018363
-0.01875253
-0.01300334
-0.003199508
0.005061814
0.01409507
0.01690233
0.0175274
0.01080958
-0.00209568
-0.01805832
-0.03045228
-0.0409735
-0.04037318
-0.02856963
-0.01332685
-0.001855636
0.008001517
0.006287615
-0.002709271
-0.01315324
-0.01993207
-0.02303493
-0.01478169
-0.0005643876
0.01278188
0.02447495
0.03405155
0.03538644
0.03663218
0.03500603
0.03258512
0.02888448
0.02211139
0.01447055
0.007543457
0.0007123437
-0.001643609
-0.00266887
-0.003105049
-0.001393358
-0.001081014
-0.002004157
-0.003066539
-0.002948581
-0.004600399
-0.007823976
-0.01098326
-0.01523879
-0.01495068
-0.00659186
0.005965813
0.01764589
0.02566745
0.02632226
0.02287164
0.01844621
0.01426492
0.008861901
0.003168396
-0.003489632
-0.00641916
-0.003397049
0.001660783
0.005315099
0.004980137
0.0007098992
-0.00706247
-0.01549474
-0.0214474
-0.02365257
-0.02111624
-0.01421901
-0.006352007
0.001750938
0.007959288
0.01059429
0.01276754
0.01758582
0.0245432
0.03253137
0.04003366
0.0427531
0.0379128
0.02754972
0.01682065
0.006259096
-0.002361242
-0.006204061
-0.00887965
-0.01159098
-0.01572513
-0.02166758
-0.02875427
-0.03502356
-0.04014415
-0.04438994
-0.04446972
-0.04092383
-0.03744002
-0.03471006
-0.03052644
-0.02285545
-0.01157701
-0.0003393617
0.007863562
0.008317444
0.003929502
0.001299397
0.001754911
0.002552019
0.004044173
0.003819497
0.005145391
0.006716925
0.009580607
0.01452028
0.02010749
0.02392616
0.02314282
0.0184283
0.01348117
0.007695498
0.005571244
0.007327939
0.0110677
0.01177844
0.01030316
0.007552797
0.00476327
0.002614738
0.0005373941
0.0001555567
0.002380093
0.004880603
0.008750682
0.01248738
0.01561872
0.01711583
0.01653613
0.01726822
0.01675213
0.0159522
0.01229034
0.007835903
0.004407811
0.002240889
0.001916385
0.001698388
0.002572114
0.002246753
-0.002099479
-0.007082006
-0.01163983
-0.01568381
-0.0177599
-0.01956253
-0.02070999
-0.02527977
-0.03031705
-0.03240665
-0.03056106
-0.02557254
-0.02078582
-0.01645732
-0.01486674
-0.01801973
-0.02393807
-0.02928737
-0.03012041
-0.02455518
-0.01691248
-0.009715564
-0.005534598
-0.004854158
-0.005539772
-0.004473452
0.0003574121
0.005467223
0.009761089
0.01051919
0.007716307
0.003583032
0.0004838602
-0.001062726
-0.001693075
-0.001155287
0.001925696
0.004169377
0.005057069
0.002752485
-0.0001602972
-0.002185936
-0.002448952
-0.0003501358
0.00249257
0.005454185
0.006181681
0.003556147
3.049817e-05
-0.003341275
-0.00497467
-0.005463256
-0.006018231
-0.004934966
-0.003666272
-0.0002832008
0.003697619
0.008208086
0.01401998
0.0193198
0.02271774
0.02573243
0.02905974
0.03200543
0.03423001
0.03490037
0.03443967
0.0294707
0.02245133
0.01430073
0.005612141
-0.0009160502
-0.006648752
-0.01097496
-0.01652256
-0.02202762
-0.02647575
-0.02956451
-0.02903052
-0.0264021
-0.02333908
-0.01889352
-0.01403322
-0.009124672
-0.005085775
-0.003765067
-0.004854426
-0.005670937
-0.004333539
-4.86703e-05
0.006292129
0.01263777
0.01566268
0.01492163
0.01134885
0.007148106
0.004264166
0.002520553
0.002808393
0.004489775
0.006608187
0.00991072
0.01310929
0.01511769
0.01269396
0.005148299
-0.006134346
-0.01891811
-0.02747627
-0.02905589
-0.02569343
-0.01938504
-0.01495129
-0.01335473
-0.0148902
-0.01716657
-0.01688351
-0.01426824
-0.0115478
-0.00848723
-0.003711127
0.002199866
0.008440756
0.01583147
0.02329367
0.02873536
0.02997542
0.02818379
0.02465778
0.02110513
0.01829275
0.01674309
0.01751354
0.01939134
0.01925587
0.01570715
0.01030177
0.004223588
-0.001281296
-0.005138434
-0.007793182
-0.01012195
-0.01301269
-0.01660264
-0.01952985
-0.01952331
-0.01736806
-0.01417175
-0.01212379
-0.01188862
-0.01179949
-0.01087907
-0.007806503
-0.002930714
0.002641545
0.008435402
0.01575234
0.02281317
0.02568128
0.02378326
0.02012206
0.01551
0.01216301
0.01066033
0.009704664
0.007652204
0.003977276
0.001045607
-0.0009509609
-0.001550295
-0.003767033
-0.006639644
-0.009903643
-0.01431472
-0.01776501
-0.01759477
-0.01306198
-0.008184036
-0.00538273
-0.006234486
-0.008796038
-0.01180662
-0.01290517
-0.01332988
-0.01199643
-0.009854021
-0.008606739
-0.00587812
-0.001801159
0.001161612
0.001544769
-0.0001838391
-0.004815272
-0.01073783
-0.0134575
-0.0126286
-0.007828303
-0.001444606
0.00332629
0.003550436
-0.0004316963
-0.004743383
-0.006687603
-0.002397029
0.004868162
0.01208279
0.01565713
0.01496385
0.01242779
0.009737218
0.01045785
0.01384383
0.0155036
0.01582395
0.01459159
0.01152215
0.009547073
0.006519019
0.003981002
0.0005894492
-0.002416043
-0.004862503
-0.003834243
-0.001191009
0.003553263
0.005931442
0.003873787
-0.0007439478
-0.006575683
-0.01225017
-0.008564975
0.002197799
0.01310925
0.02160501
0.02415843
0.01933677
0.0116621
0.008287422
0.005163276
0.002614361
0.002034029
0.000148051
-0.002312098
-0.005446092
-0.006494892
-0.007683374
-0.008283201
-0.007492899
-0.008165288
-0.008162376
-0.008178838
-0.006726222
-0.005885434
-0.004958264
-0.002818517
-0.001038824
0.00182305
0.005341719
0.008200162
0.00854977
0.006935142
0.004483948
0.001243886
-0.002121867
-0.006027178
-0.007976729
-0.007648277
-0.006754808
-0.005882026
-0.006082184
-0.006049907
-0.004658002
-0.002046805
0.0006512176
0.001991045
0.003011842
0.003311555
0.004057553
0.005113053
0.005179788
0.003974305
0.00249749
0.001918316
0.001584286
0.003046118
0.00500455
0.005916752
0.005913843
0.004231876
0.001635708
-0.002257862
-0.005450568
-0.00779573
-0.008829464
-0.008066994
-0.005808899
-0.002629075
-0.00110413
-0.001498751
-0.001601133
-0.001517542
-0.0005085678
0.0006865222
0.001174876
0.000222969
-0.001571898
-0.001517726
-0.0004080609
0.002237905
0.00453312
0.003154328
-0.0009090155
-0.004705612
-0.005778453
-0.003666775
9.730484e-05
0.002740587
0.003595774
0.004797092
0.0043625
0.002879312
0.003994411
0.004619119
0.004723368
0.001845528
-0.002012077
-0.002898831
-0.001671905
0.001762855
0.004774052
0.006007245
0.003559766
-0.002386809
-0.006201062
-0.00722427
-0.005345159
-0.00216541
0.0008586504
0.000853964
-0.002074576
-0.00435344
-0.00522174
-0.003073853
0.0003694492
0.002297164
0.002490648
0.001155526
-0.001797762
-0.002308886
-0.0006931646
0.001941559
0.001655093
0.001054139
-0.001073458
-0.002465516
-0.002578413
-0.001797408
-0.0003962226
0.001141943
0.0001348656
-0.0006471533
-0.0004357704
0.001046918
0.004442773
0.006968967
0.007794336
0.002558508
-0.002235002
-0.002055137
-0.0009380085
0.002970563
0.004918297
0.004567606
0.002719831
-0.001119371
-0.002306656
-0.004149426
-0.004557189
-0.002405691
-0.002059776
-0.002621291
-0.004448385
-0.00529084
-0.003967842
-0.003999189
-0.00433327
-0.006166407
-0.007119216
-0.00689008
-0.005886611
-0.003226535
-0.001270107
0.0009065052
0.001452335
-0.0001439181
-0.001673118
-0.00285535
-0.002806171
0.000846184
0.002886268
0.00353006
0.002689945
0.001989528
0.002927743
0.003733317
0.005976606
0.007658746
0.009671558
0.009894909
0.00910265
0.009037472
0.008895652
0.008539567
0.007182298
0.00389284
0.0008444256
-0.0005163231
0.0003084222
0.002798284
0.003124077
0.0008296203
-0.003214553
-0.00811644
-0.01164041
-0.01186686
-0.007750214
-0.001276762
0.003595635
0.003255997
-0.001673458
-0.005707684
-0.008081936
-0.007029693
-0.004769922
-0.003781098
-0.005931945
-0.008091732
-0.006812483
-0.00519807
-0.002942372
-0.001771052
-0.004690517
-0.008225493
-0.01254591
-0.01373085
-0.009686083
-0.004444472
-0.001297826
0.0003350814
5.113263e-05
-0.00148208
-0.0009911767
-0.001402775
-0.002530001
-0.002922767
-0.003519897
-0.0003638554
0.003884868
0.00725863
0.008440792
0.007497016
0.006687692
0.006588581
0.006908079
0.005946646
0.00478114
0.002964031
0.0004342899
-0.0001686563
0.0001975802
0.001547574
0.003286712
0.003884185
0.001895365
-0.0032024
-0.008815234
-0.01257858
-0.01354772
-0.01179358
-0.008148481
-0.004399507
-0.0001566723
0.004824596
0.00942254
0.01171044
0.01125696
0.01011159
0.009400086
0.01004482
0.0119659
0.01173611
0.008700665
0.004160544
0.003464185
0.004536959
0.006261965
0.007103257
0.006485458
0.004407155
0.0001066028
-0.003766538
-0.005378455
-0.007641283
-0.005229736
-0.003232599
-0.001268889
-0.002359284
-0.003442237
-0.005725282
-0.01024823
-0.01286744
-0.01336264
-0.01192039
-0.009071479
-0.006467929
-0.00425381
-0.0004172036
0.001462477
0.00244998
0.003172279
0.003290403
0.003967607
0.004154121
0.004251351
0.00496055
0.005182076
0.005433805
0.005134387
0.005628696
0.006605102
0.007316218
0.007102488
0.005693205
0.003711849
0.0008899073
-0.001744254
-0.003173355
-0.002506757
-0.0002860254
0.003294954
0.003995915
0.0013265
-0.001631616
-0.005037448
-0.006335778
-0.003200027
0.0002421376
0.001676577
0.002411934
0.002273282
-0.001288341
-0.003339862
-0.003512635
0.0006532476
0.006758166
0.01005449
0.008875538
0.0044688
0.0005758764
-0.001905268
-0.0003603323
0.005089489
0.008644476
0.008380983
0.004832942
-0.0005274302
-0.005905749
-0.009030315
-0.008939178
-0.007813526
-0.006117479
-0.005255568
-0.005089464
-0.004080905
-0.002633768
-0.002481661
-0.001172337
0.0007817661
0.002240839
0.001355774
-0.0006635657
-0.001549073
-0.0008421749
0.0009443464
0.003560463
0.003877203
0.0009655909
-0.003764543
-0.006322271
-0.007451835
-0.005318944
-0.003095789
-0.002032175
-0.002617723
-0.006292675
-0.006748233
-0.005913845
-0.005479684
-0.004579449
-0.005488047
-0.00698705
-0.007477139
-0.004875312
-0.0001640224
0.003793583
0.004427231
0.0006108939
-0.004598323
-0.006992624
-0.006151788
-0.001932673
0.00342745
0.007621194
0.0073273
0.004638701
0.001808773
-0.0004709804
4.799498e-05
0.001942425
0.002160746
-0.001399803
-0.005704821
-0.007419206
-0.007553227
-0.007707736
-0.008839292
-0.009135099
-0.007711067
-0.005719856
-0.003946785
-0.003941602
-0.005645233
-0.008501687
-0.01002335
-0.007346254
-0.001292931
0.005875339
0.01320417
0.01675112
0.01651169
0.01371177
0.01114503
0.01008426
0.009509929
0.008457145
0.004856376
0.00190698
-0.0002277488
0.0009283464
0.003704372
0.006170037
0.007224607
0.006161388
0.003925526
0.0007807038
0.0006992032
0.002930551
0.00487623
0.004972454
0.002506191
-0.001216451
-0.003502322
-0.004029776
-0.002601398
-0.000864313
0.0003431822
-0.002977628
-0.007610542
-0.008515595
-0.007248838
-0.001223935
0.004526266
0.009761275
0.01061413
0.0066827
0.003390333
0.001211979
0.0002404881
0.00203133
0.004426511
0.004787447
0.003837703
0.003937609
0.003568149
0.0019387
0.001930237
0.001198876
0.0001965552
-0.0006094724
-0.0001235978
0.0004311586
0.0003218355
0.001562879
0.003707063
0.004666665
0.004357246
0.003475368
0.001977499
0.001429391
0.001401534
0.0002432152
-0.002306845
-0.004196427
-0.004678918
-0.004618237
-0.0045774
-0.004198889
-0.002492174
-7.605962e-05
0.003511957
0.006907957
0.007988085
0.007112593
0.004494474
0.002624949
0.003402058
0.005082917
0.006540467
0.006577724
0.005896993
0.0047328
0.001988596
-0.0007349302
-0.003655249
-0.005650426
-0.006925906
-0.00807997
-0.007339373
-0.006344449
-0.003696148
-0.0005061805
0.001916135
0.0022468
0.00188373
0.001037952
-0.001961813
-0.005270242
-0.006627211
-0.003199693
0.001628555
0.005029005
0.007067992
0.00692586
0.004318851
-0.0002815088
-0.002938899
-0.003983151
-0.00440883
-0.003064352
-0.002299695
0.0005426405
0.003291583
0.004742485
0.003926354
0.001202096
-0.001200863
-0.003224203
-0.005543047
-0.007492118
-0.007096725
-0.004559138
-0.00203881
-0.0003671035
-0.002770953
-0.005092922
-0.006336014
-0.006902378
-0.005834532
-0.004329449
-0.001567847
0.001880113
0.006373737
0.009890838
0.0103208
0.008267859
0.004099657
0.0001659974
-0.002235745
-0.00151925
0.002015181
0.003089083
0.0007353037
-0.00334932
-0.008123494
-0.00891849
-0.005829191
-0.001832575
0.0004906717
0.0009794874
0.0002288188
-3.533518e-05
0.0004866823
0.001500301
0.003235301
0.004326458
0.004079687
0.003436397
0.002861403
0.003227846
0.003955641
0.004972973
0.005220804
0.003192624
-0.0004116069
-0.004107153
-0.005801689
-0.005207588
-0.003249405
-0.002237694
-0.001460902
-0.001419007
-0.002594302
-0.004567057
-0.006307889
-0.007674467
-0.008112578
-0.007654958
-0.005804748
-0.003991739
-0.002723021
-0.00145111
0.0006642136
0.003332785
0.003638447
0.002487528
0.001427285
0.0004082282
-0.0009674248
-0.002766658
-0.003498018
-0.003033038
-0.0006034104
0.002352339
0.00373583
0.003285171
0.00169762
-0.001022509
-0.003650562
-0.006304647
-0.007245856
-0.006823888
-0.004922662
-0.001735413
-0.000177078
-0.000257836
-0.002004922
-0.003260931
-0.004060446
-0.004898903
-0.006110239
-0.006523753
-0.006236861
-0.00605587
-0.005225206
-0.003570278
-0.0007824356
0.002453278
0.004027395
0.001495826
-0.003566885
-0.006926368
-0.007146913
-0.004058621
0.001020713
0.004082482
0.003325446
0.001856729
0.0001843533
-0.002229876
-0.004215245
-0.004325587
-0.001484213
0.003357888
0.005352683
0.005378723
0.004328333
0.004175259
0.005414755
0.004645776
0.002730638
-0.0004225743
-0.00436696
-0.004482513
-0.0023728
0.0001298582
0.001493475
0.002079335
0.0007984056
-0.0001813494
0.001572176
0.004151056
0.004547349
0.003542107
0.0003488752
-0.002138258
-0.002628698
-0.001691908
0.001552752
0.004211813
0.005006633
0.003210842
0.000422838
-0.001780826
-0.003869313
-0.002836201
-0.0003519881
-0.0009180026
-0.002077011
-0.002354537
-0.001482661
0.0008965826
0.003423712
0.003853363
0.002127571
-0.001264804
-0.004488095
-0.005768163
-0.00266251
0.001927815
0.006278476
0.008078854
0.007550364
0.006719732
0.0058697
0.004991452
0.004567705
0.005137698
0.00602996
0.006100027
0.006111094
0.006392515
0.005690046
0.005414636
0.006007594
0.006146462
0.004811324
0.001760166
-0.0005870626
-0.002421435
-0.003456484
-0.002419367
-0.002020654
-0.003066247
-0.004159838
-0.004429667
-0.004522473
-0.004539218
-0.002959373
-0.0009998181
-0.001410758
-0.003008698
-0.00409177
-0.002424582
0.001943273
0.005637052
0.007973067
0.007968771
0.007046476
0.007109651
0.007281625
0.007656448
0.007902883
0.007552187
0.007078678
0.005890557
0.005166525
0.003574668
0.0008759451
-0.001408634
-0.003595621
-0.005195325
-0.006002809
-0.006540283
-0.006229578
-0.00539396
-0.004133373
-0.004085947
-0.005347595
-0.006300901
-0.006273556
-0.005487321
-0.003398736
-0.001174703
0.002742371
0.004685175
0.004865622
0.005923179
0.00660178
0.006100007
0.004872728
0.002390991
-0.001867234
-0.003807696
-0.004603309
-0.003921578
-0.002553172
0.0005684761
0.002934546
0.003039652
0.000141598
-0.002883101
-0.005956304
-0.005571631
-0.002447525
-0.0007255444
0.0005139325
0.000998313
0.002013192
0.002832022
0.002767286
0.003048414
0.002495773
-0.0004517379
-0.004763121
-0.007580862
-0.008961504
-0.006900843
-0.004621115
-0.003158707
-0.002192946
-0.0002150849
0.001014098
0.001316933
0.0004071239
-0.0006248336
-0.0003317846
-0.0003704872
0.0008428909
0.00391553
0.002304993
0.0002603553
-0.0006699515
-0.002749052
-0.001936025
0.0003169419
0.0008837259
0.000514298
0.0005975103
-0.0006165014
-0.0007116951
-0.001462056
-0.00246211
-0.00429925
-0.003711846
-0.001285621
0.001581012
0.004420966
0.006663613
0.006697157
0.00640629
0.007352237
0.008055739
0.006510778
0.004870609
0.004395883
0.004735772
0.005012418
0.0055343
0.00624691
0.005130061
0.002634482
0.0002938356
-0.003519935
-0.00676532
-0.007738577
-0.007210809
-0.006510268
-0.004596058
-0.001941597
-0.000616932
0.001826105
0.004694861
0.00560213
0.00355508
0.001201181
-0.0003833849
6.031829e-05
0.002145051
0.003534138
0.004432719
0.004684894
0.003162881
0.0006860238
-0.0001054612
6.370211e-06
0.0002028163
-0.0008224751
-0.002877475
-0.004025574
-0.006450514
-0.008110866
-0.007546304
-0.006850354
-0.005700624
-0.003919866
-0.001525844
-0.0002399795
-0.0001888686
0.001043218
0.002074179
0.0018145
0.001770147
0.002555065
0.003722292
0.003632281
0.002849505
0.001430347
-8.138327e-05
-0.001750841
-0.002522334
-0.0005071453
0.0008343804
2.076715e-05
-0.002020991
-0.005342083
-0.006978882
-0.007994291
-0.006726178
-0.00319796
0.001334388
0.006277949
0.009573206
0.009268661
0.006093254
0.0007803034
-0.002539255
-0.004934933
-0.00129632
0.003005686
0.008344739
0.01066235
0.007706809
0.003068441
-0.001306436
-0.004868763
-0.005817507
-0.004021656
-0.001994431
0.001382433
0.001313024
-0.0005893299
-0.0003094583
0.001579491
0.0003771559
0.0003197971
-0.003418348
-0.008055882
-0.01130478
-0.009592596
-0.005697164
-0.002116191
-9.850188e-05
-0.000296596
-0.00169748
-0.003924004
-0.006178373
-0.005279846
-0.002722326
0.0001106283
0.002187061
0.003906947
0.00497693
0.004748037
0.003633301
0.0005957693
-0.0007437488
-0.0004384131
0.000274339
0.001263506
0.002558742
0.002033128
-0.0009217181
-0.004028515
-0.004864651
-0.005266002
-0.004434068
-0.004015235
-0.004495365
-0.00573779
-0.007036694
-0.008382358
-0.007527736
-0.0032435
0.00169325
0.003385009
0.001679162
-0.002161203
-0.006362459
-0.007987008
-0.007045012
-0.003208692
0.0004047
0.002211335
0.002257036
0.0001774686
-0.002234361
-0.002742413
-0.0001600159
0.002625735
0.003025991
0.0003235451
-0.002049182
-0.00246417
-7.982934e-06
0.003558595
0.005005577
0.005418338
0.003775677
0.0006540656
-0.002277342
-0.004447817
-0.004111051
-0.00184684
0.0009449113
0.001279108
-0.001169374
-0.003451786
-0.004578144
-0.003854427
-0.00230989
-0.001271277
-7.022156e-05
-0.0005290266
-0.003107039
-0.005458177
-0.005144301
-0.001631999
0.002462466
0.005329258
0.007043485
0.005847578
0.002538473
0.0007363825
0.002076974
0.005471587
0.008966859
0.009366148
0.005802727
0.002285293
0.0008744165
0.001341163
0.003022124
0.00432892
0.004189195
0.0003154695
-0.003859745
-0.006417505
-0.008603511
-0.008543838
-0.006939245
-0.005506932
-0.006301499
-0.006772216
-0.00591296
-0.004383908
-0.0007463867
0.002341984
0.002240429
0.0007655987
-0.0006788081
-0.001107037
-2.780455e-05
0.002092068
0.005124106
0.008903614
0.01277343
0.01592457
0.01632437
0.01309411
0.009012456
0.006294332
0.004243016
0.002249374
0.002384443
0.002849685
0.003610633
0.004646622
0.003359355
0.001977378
-0.0004986036
-0.00316951
-0.00535114
-0.00662678
-0.00629102
-0.005399896
-0.003292963
-0.0009248217
-0.0001848909
-0.0003773953
0.00139249
0.002362283
0.001010464
-0.0008182416
-0.001092501
0.0005434144
0.002299655
0.002610328
0.001721668
0.001440496
0.001312565
0.001753834
0.004189467
0.007946523
0.007595566
0.005168311
0.002319496
0.0003854065
-0.001301297
0.0007437154
0.002862164
0.003088723
0.001610687
-0.001812472
-0.00647948
-0.01004846
-0.01106545
-0.008461701
-0.005311835
-0.003786171
-0.00580476
-0.006951353
-0.006640843
-0.004366885
0.0003862666
0.00310398
0.004428192
0.003700033
0.002725258
0.002785751
0.003946294
0.005574224
0.009354988
0.01130275
0.01124806
0.007722939
0.004619079
0.002674752
0.001451893
0.0009742887
-0.001066899
-0.001984028
-0.003217026
-0.00498764
-0.004775786
-0.004061212
-0.003016326
-0.004183759
-0.006489949
-0.006512568
-0.006137863
-0.004669414
-0.002882288
-0.0004160235
1.407964e-06
-0.0003782719
-0.000467313
-0.0007564808
-0.001043018
-0.002568519
-0.003548148
-0.002868492
-0.002006696
-0.000785325
-2.898338e-05
0.0003749809
0.002158329
0.00409288
0.004737233
0.00426543
0.003900785
0.002867718
0.001708108
0.00205913
0.003694956
0.005216036
0.005633634
0.00480542
0.003230118
0.001242273
-0.0006796251
-0.00169653
-0.002125417
-0.001824382
-0.003025677
-0.004570926
-0.005694316
-0.005537364
-0.00415004
-0.002411119
-0.002335749
-0.00391351
-0.006145522
-0.007722739
-0.008182412
-0.006896947
-0.003038375
0.001666038
0.00639995
0.009565952
0.008920038
0.005864655
0.001536751
-0.002798933
-0.004132235
-0.003836701
-0.00206376
0.0004396371
0.002824818
0.003149753
0.000613721
-0.002675448
-0.005069773
-0.005397327
-0.004941409
-0.005000987
-0.004198508
-0.001642929
-0.0002784691
-0.0003501607
0.0008567019
0.001919283
0.001742646
0.001485656
0.001536278
0.002257725
0.003951191
0.005483577
0.006236717
0.005493397
0.003631305
0.004185594
0.004873185
0.003618023
0.000947199
-0.0005345833
-0.0007421441
0.0006506962
0.002815841
0.003623752
0.004346773
0.002482954
0.0003613018
0.001762496
0.002985058
0.003026673
0.001607782
0.001674646
0.0007262461
-0.001998079
-0.003413799
-0.004617792
-0.004626465
-0.005617597
-0.005418668
-0.003934325
-0.001868843
-0.001765426
-0.001211537
0.001580106
0.003122137
0.004598371
0.005530493
0.00776149
0.007490168
0.005799665
0.006359642
0.006977668
0.007128057
0.006711446
0.004978215
0.002743098
0.001724648
0.0003199019
-0.0009381839
-0.001173071
-0.001821862
-0.001386598
-0.0006657609
-0.0009802429
-0.003387723
-0.006227643
-0.008869528
-0.009876512
-0.01007381
-0.008019848
-0.005964636
-0.005680239
-0.004980513
-0.003375459
-0.001283297
3.425093e-05
-0.0002449909
-0.0007809549
-0.00186831
-0.001218743
-4.478511e-05
-0.0003637424
-0.001127568
-0.002032308
-0.002018858
-0.0005047314
0.0008227859
0.001094668
0.001293708
0.00153209
0.001393471
0.001693493
0.002129991
0.00148858
-0.001303672
-0.004984876
-0.00626657
-0.005111683
-0.003645891
-0.00287354
-0.003152712
-0.003663198
-0.003698336
-0.003884089
-0.004224167
-0.003805861
-0.003042082
-0.003137766
-0.002991642
-0.00285174
-0.001992243
0.0001518145
0.002329525
0.004094029
0.003891735
0.003535377
0.002832541
0.0003161772
-0.002236545
-0.003219441
-0.003486243
-0.003098608
-0.002834734
-0.002390735
-0.002485708
-0.003681579
-0.00418288
-0.003540567
-0.002348509
-0.0007145316
0.00112831
0.002914734
0.004531727
0.006015891
0.006898412
0.00818468
0.01042009
0.01311485
0.01386926
0.01192959
0.010039
0.008008513
0.005867976
0.004852891
0.004545159
0.003731201
0.001477447
-0.001823447
-0.004040152
-0.005069254
-0.005587938
-0.006086746
-0.006848944
-0.007888678
-0.00875852
-0.009227046
-0.008225548
-0.005848574
-0.003620959
-0.003686123
-0.004668713
-0.004403057
-0.003019738
-0.001055877
0.00127087
0.00390282
0.005713744
0.00590079
0.004909512
0.003836373
0.003119637
0.003743899
0.005064145
0.004736953
0.002243141
6.261365e-05
-0.0007627518
-0.001120605
-0.0001810276
0.001620035
0.002835798
0.003133865
0.001679142
-0.001162831
-0.003387019
-0.004511776
-0.004940504
-0.004142446
-0.001857752
-0.000599896
-0.0004076431
0.000959451
0.001916163
0.00157392
0.0006368799
-0.0002521167
-0.001603311
-0.002085987
-0.001707891
-0.0006342485
0.001935821
0.003801339
0.003266092
0.001726733
0.000374626
0.0005188753
0.001147579
0.0009943913
0.0007793969
0.001315232
0.002345068
0.001997199
-8.264122e-05
-0.002423953
-0.003523549
-0.00381478
-0.003788879
-0.00386412
-0.003825396
-0.002833216
-0.0009492978
0.001688475
0.004318367
0.005690866
0.005060197
0.003854222
0.003617607
0.0034338
0.003384696
0.003138508
0.00228173
0.001743895
0.001043754
-0.0001247466
-0.00152283
-0.001315418
-0.0003246518
-0.001032265
-0.002173562
-0.00338148
-0.004322969
-0.003916402
-0.002372429
-0.0004313753
0.00192512
0.003386741
0.002701049
0.001450523
0.001172403
0.0009060666
0.0008439919
0.001180615
0.001683901
0.001875508
0.0002770511
-0.001903298
-0.002753088
-0.003705556
-0.004064678
-0.00391856
-0.00391103
-0.003063527
-0.001536353
-0.001792176
-0.002859214
-0.002197485
-0.00106094
0.0001379213
0.001169282
0.001075576
0.0002251221
-0.001184319
-0.002146687
-0.001444348
0.0006596913
0.003304153
0.005372033
0.006178785
0.005894186
0.00441963
0.003198271
0.001596584
0.0005818771
0.001822994
0.004592387
0.006846948
0.007625051
0.007581272
0.00645346
0.004653956
0.00239489
0.0002113461
-0.001120868
-0.001914912
-0.003882378
-0.005677612
-0.005928174
-0.005004773
-0.004403251
-0.004141613
-0.003910212
-0.003373232
-0.003107241
-0.005272451
-0.007271786
-0.006765377
-0.005660773
-0.003809774
-0.001245246
0.001005182
0.003021986
0.004918565
0.006695458
0.008790876
0.009186007
0.007900954
0.00675479
0.004375344
0.002875586
0.003190061
0.003208341
0.003395155
0.001949498
0.0003588162
-0.001377588
-0.004711191
-0.0080753
-0.00911409
-0.008362186
-0.007984299
-0.006958024
-0.004970691
-0.002288456
-0.0007523206
0.0001624071
0.002111461
0.003228969
0.001399006
0.0001088411
-0.001958906
-0.002166235
-0.001297786
-0.000143826
0.002251074
0.003642833
0.004983534
0.00460197
0.003972393
0.002239203
0.002920093
0.002474124
0.0002452884
-0.0009539188
-0.004050777
-0.004638819
-0.001745278
0.000347027
0.001965902
0.002586928
0.002337199
-0.000111988
-0.003771228
-0.007762687
-0.01076433
-0.01134412
-0.008896413
-0.004405127
-0.001477223
0.000301331
-0.0004227754
-0.0008083487
-0.0007522006
-0.001643021
-0.002272471
-0.000645372
0.0008807526
0.00275272
0.003602424
0.004219988
0.004599153
0.005228295
0.007412343
0.009658184
0.01011477
0.006913657
0.002494102
-0.0009889317
-0.004225963
-0.004260699
-0.002108998
-5.286626e-05
-0.001093552
-0.003718218
-0.005930842
-0.00718872
-0.008790594
-0.009674368
-0.009553038
-0.007935326
-0.006252017
-0.00533778
-0.003873637
-0.002990653
-0.001592682
0.0008015926
0.003683854
0.006474341
0.009062336
0.01019162
0.009835748
0.008881842
0.007130627
0.006650679
0.006555906
0.005084195
0.002992087
0.00044794
-0.001102513
-0.001636491
-0.002312182
-0.002363608
-0.003169642
-0.004162802
-0.005063866
-0.006278315
-0.006202941
-0.004772976
-0.003234619
-0.002118602
-0.001462813
-0.001791024
-0.002550632
-0.002182732
-0.0009321518
0.0005005651
0.002512244
0.002898659
0.001153389
-0.0006541763
-0.0003902388
0.002225069
0.004739628
0.00582343
0.005700161
0.004241274
0.002188869
0.0003257954
-0.0001340308
0.00127181
0.003032928
0.002995786
0.002298868
0.001905298
0.0007470925
-0.001054925
-0.002500698
-0.002459409
-0.002037103
-0.002234663
-0.002065171
-0.0009311248
0.0001478471
0.0004712293
0.0006238346
9.253044e-06
-0.0003727554
-0.0002355599
-0.0001185744
0.0007957941
0.002972971
0.004438692
0.004740572
0.004638889
0.004887668
0.00521332
0.003996675
0.0006882595
-0.001670919
-0.001953219
8.672596e-05
0.001205277
0.0004910216
-0.0005293759
-0.002174416
-0.00403959
-0.005268935
-0.003760872
-0.0009617028
0.0009898865
0.002915242
0.002996935
0.003023729
0.001614801
-0.0009337906
-0.003253119
-0.00250848
-0.0005138158
0.001841755
0.002614604
0.001287458
-0.001846809
-0.003475914
-0.003102756
-0.002794747
-0.0007921347
0.0003318359
0.0002764669
-0.001199619
-0.002276708
-0.001255869
0.0001143155
0.0009136619
-0.0007236459
-0.003004104
-0.003226533
-0.0009194181
0.002498019
0.00417178
0.004681382
0.004207498
0.001344781
-0.001637757
-0.002387838
-0.0004875051
0.001662891
0.001203165
0.00020112
-0.001796858
-0.002820577
-0.002712788
-0.001874273
-0.001180618
-0.001839695
-0.00472191
-0.007330035
-0.008482588
-0.007890081
-0.003796794
0.0003459043
0.002637676
0.00383403
0.004336618
0.004001344
0.004410436
0.004694588
0.003651149
0.0016901
-7.601e-06
-0.000389169
0.0001927149
0.0005404031
0.00137853
0.002390216
0.002456383
0.002267535
0.002180341
0.001165231
-0.0008992283
-0.002622513
-0.002238677
0.0003907546
0.002239692
0.002451111
0.002352562
0.002151196
0.001570883
9.832742e-05
-0.0009704346
-0.002139022
-0.002587763
-0.002162871
-0.001328725
0.000323873
0.0009904878
0.0007687954
-0.0003953763
-0.001542967
-0.001788978
-0.001810093
-0.000626468
0.001349618
0.002826812
0.003241184
0.003531772
0.003191391
0.00236924
0.002106496
0.0006355767
-0.001527772
-0.003368762
-0.006121307
-0.007612658
-0.005739012
-0.002509475
-0.0007531047
-0.000498057
-0.0007553045
-0.001758246
-0.001998443
-0.003231766
-0.003899018
-0.003113886
-0.00179818
-0.0002070482
-0.0004308444
0.0009650428
0.002513351
0.002693909
0.001794287
0.001387678
0.002085468
0.0008808233
0.0004495245
0.0002343512
-0.0004414856
0.001706332
0.00303327
0.002947893
0.002713334
0.00296438
0.002530144
0.00169632
0.003142451
0.003312797
0.002369411
0.0002912216
-0.001708745
-0.001885766
-0.0009166839
0.000185617
0.0005005233
9.584204e-05
-0.001234703
-0.001884361
-0.001066556
0.0004637231
0.0004765018
-0.0006713265
-0.0005436847
-0.000413127
0.0001074917
0.0009073294
0.001941937
0.002921194
0.003156794
0.003270265
0.003145177
0.003439472
0.002726722
0.002550949
0.002461299
0.002115128
0.00265883
0.001889876
0.0009867258
-0.0007576862
-0.002285056
-0.002340551
-0.003587195
-0.005474307
-0.00673692
-0.007178605
-0.006401997
-0.006028045
-0.006697306
-0.008539161
-0.00701952
-0.006240949
-0.004993755
-0.002996971
-2.523472e-05
0.002541022
0.003730378
0.004508971
0.005131335
0.004894178
0.003976674
0.002679601
0.002425091
0.003330438
0.003976674
0.003761687
0.002240443
0.00126933
0.0001191896
0.000250269
0.001222185
0.001336261
-0.0004712195
-0.003059242
-0.003994054
-0.003737117
-0.002139483
-0.001212989
-0.002260231
-0.003113308
-0.003448805
-0.002383113
-0.0001478448
0.001004459
0.0009441366
0.0002997985
0.0005978301
0.0007584915
0.0008060283
0.0007863823
0.001679807
0.002913402
0.003162979
0.003237856
0.003010541
0.00319604
0.00298065
0.002565357
0.002019134
0.001096637
0.00181858
0.003760087
0.005172136
0.004947633
0.002452391
-8.864807e-05
-0.00133068
-0.001822788
-0.0005393896
4.282678e-05
0.0009288697
0.002019319
0.002509368
0.00237415
0.002460558
0.002436844
0.001259661
-0.0005041866
-0.0004653519
-0.001963334
-0.003494517
-0.003156276
-0.001243586
-0.0003965609
-1.223029e-07
0.001052526
2.509224e-05
0.0004437057
-0.000437957
-0.000361094
0.0001301215
0.001059367
0.002485224
0.002491018
0.001027643
-0.0007191047
-0.00153198
-0.001240916
-0.0001781393
-0.0003875411
-0.002095924
-0.002882692
-0.002773447
-0.000849346
0.0006215709
-0.0003096682
-0.001094672
-0.002058311
-0.003035619
-0.003039875
-0.002384055
-0.001661315
-0.001044112
-0.0007145932
-0.0008155019
-0.001760672
-0.001847899
-0.001018178
-0.0009484719
-0.0009689487
-0.0004988297
-0.0008071841
-0.0007539898
0.0001924616
0.001439195
0.001209493
0.001330348
0.001923493
0.001965432
0.001378412
-2.855059e-05
-0.0009915824
-0.0007959468
-0.0002715828
0.0005469123
0.00194471
0.004295005
0.004754141
0.003400535
0.001719357
8.49058e-05
-0.001115241
-0.0004116279
0.0004079759
0.0003775155
-0.0008529142
-0.001157301
-0.001307864
-0.001856741
-0.001663239
-0.002460976
-0.004973642
-0.006723917
-0.005504753
-0.006582141
-0.00883777
-0.007011803
-0.004268884
-0.00346979
-0.001310204
0.001941978
0.002220909
0.00170672
0.0007988614
0.001388562
0.001793162
0.001596702
0.001602093
0.001747247
0.001722577
0.0005723109
-0.001879536
-0.003959961
-0.00433351
-0.003714232
-0.002350891
-0.001405175
-0.0006690387
-0.0017603
-0.002260854
-0.002491674
-0.004324474
-0.004466834
-0.003921001
-0.001936691
0.0001938373
0.001766158
0.002479217
0.003296518
0.003766247
0.003548305
0.003178694
0.002789554
0.003595409
0.005522604
0.006474056
0.006052207
0.004729654
0.003336358
0.002023744
0.0004591317
-0.000521105
-0.0007558756
-0.0007481241
-0.0006797303
-0.001430793
-0.003303581
-0.004772294
-0.004280375
-0.003861415
-0.003558053
-0.003490832
-0.003882713
-0.003887168
-0.003401076
-0.002534922
-0.001962676
-0.0008672073
0.0006052037
0.001321317
0.001526693
0.002323272
0.002291224
0.002176694
0.002773541
0.003849821
0.004441095
0.00501378
0.004352001
0.003271364
0.003088378
0.002282749
0.001289076
0.0004411958
0.001686216
0.001239503
7.789915e-05
-0.0006388026
-0.002911999
-0.0009565686
-0.0005218266
-0.001123611
-0.001916921
-0.003388243
-0.003938713
-0.003612442
-0.0001969778
-0.0001179884
0.001193689
0.002217749
0.0004704572
0.0004920518
0.0004057852
0.0002753939
0.001739872
0.001759636
0.001737432
0.001955337
0.004410363
0.004562506
0.003893867
0.002184675
0.0006605953
-0.0008431667
-0.001947254
-0.001016488
0.0002945449
0.002195555
0.002909612
0.001805701
0.0008259998
-0.0001020692
-0.0007479014
-0.001728
-0.003074337
-0.002268806
-0.001382166
-0.001045282
-0.001581413
-0.001639496
-0.001367046
-0.001604383
-0.002805809
-0.004141618
-0.004089477
-0.002623597
-0.0006125244
0.001612637
0.003075828
0.002253931
0.0008962076
0.001085489
0.002023839
0.002701702
0.001980219
0.001229334
0.001389979
0.001811099
0.001767119
0.001497035
0.0003089243
-0.0007735515
-0.001210388
-0.0002966645
0.00021821
-0.0006066564
-0.001589398
-0.002111628
-0.003012923
-0.004120686
-0.004568883
-0.004691117
-0.003699268
-0.00234474
-0.001375512
-1.429604e-05
0.001881527
0.002968471
0.001210363
-0.001260544
-0.001501619
-0.0005266387
0.001473675
0.003072433
0.003911941
0.004459821
0.00334297
0.0004850787
-0.001876574
-0.003954946
-0.006514336
-0.008546768
-0.008346666
-0.005986981
-0.003842076
-0.003189333
-0.002588826
-0.002454072
-0.003050289
-0.002154311
-0.0009361444
0.001546959
0.003861945
0.003192012
0.003025156
0.004323103
0.005228605
0.005962391
0.005330431
0.004069596
0.003520641
0.002576514
0.001867652
-0.001126483
-0.001994875
-0.001480592
-0.002394845
-0.003966845
-0.006345935
-0.006463832
-0.00488467
-0.00416792
-0.003480369
-0.003615639
-0.004376414
-0.002783076
-0.0004038746
0.001700636
0.002515109
0.00282106
0.002780368
0.002821838
0.002579298
0.001896853
0.002141623
0.002829095
0.002476135
0.002264952
0.001907211
0.002086615
0.002727387
0.001993011
0.0010868
0.0005014922
0.0003714391
0.0003239543
2.711351e-06
0.0001581994
-0.0006278278
-0.001420194
-0.002102538
-0.002207128
-0.001444698
-0.0002013925
0.0005898084
0.0003430398
7.87941e-05
0.000199896
0.0002757448
0.0002444669
0.0006114763
0.001859829
0.003329805
0.004190618
0.004312492
0.003920399
0.002612181
0.002437851
0.0027549
0.00142971
-0.0003742188
-0.001300288
-0.00064182
0.001470616
0.003764517
0.004394091
0.002946251
0.0006001119
-0.0007646515
-0.001481087
-0.001869692
-0.0009128866
0.0006906481
0.0005681938
-0.0001876363
0.0003344649
0.001836432
0.002817451
0.002726733
0.002958783
0.003897802
0.003725037
0.00252845
0.002102297
0.00226389
0.002566507
0.001119985
-0.001188429
-0.002008257
-0.002447136
-0.002381486
-0.003410487
-0.00512452
-0.005192376
-0.003351173
0.000153545
0.002413944
0.002430142
0.001951261
0.002040718
0.002363901
0.002305346
0.002058546
0.002216035
0.001176799
-0.000260944
-0.0001312017
0.001106678
0.002748414
0.003391102
0.003651708
0.003318515
0.00179319
0.0003076439
-9.927059e-05
0.001077765
0.002778259
0.002821571
0.002535224
0.003021972
0.002538354
0.001706723
0.0006774545
-0.0002122987
-6.509699e-05
0.0002289699
5.863808e-05
-0.0002356685
-0.0003011601
0.000277101
0.00150987
0.002106138
0.001577128
0.001492133
0.0007886686
-0.0002587185
-0.0006233508
-0.001588726
-0.002676105
-0.002658182
-0.002002731
-0.001152621
-0.0007101289
-0.0007070737
-0.001877012
-0.003096935
-0.003275951
-0.003316717
-0.002708876
-0.001968047
-0.001033985
-0.0001835553
-0.0002561734
-0.0004980272
-0.0004006834
-0.0003427101
-0.0002994962
0.0001169515
0.0009595547
0.001522068
0.002081876
0.002431434
0.00229654
0.001309095
-0.001153268
-0.003076352
-0.0031022
-0.002994733
-0.002952156
-0.003139378
-0.002872721
-0.003056787
-0.003778315
-0.003060863
-0.002047598
-0.001079397
-0.0003257952
-0.0004126737
-0.0001138556
0.00119295
0.002184456
0.002561245
0.003620545
0.00464015
0.004528708
0.004339663
0.004660386
0.004910974
0.004038729
0.001543945
-0.0008470452
-0.002391975
-0.004135435
-0.004908661
-0.003917588
-0.002657417
-0.003045851
-0.003071825
-0.002696856
-0.002678385
-0.002678061
-0.002781071
-0.002710033
-0.001860913
-0.0002430382
0.0005304259
0.001262219
0.002100801
0.002058176
0.001940021
0.002208555
0.002439844
0.001988106
0.0006113534
-0.0004002602
-0.0002158849
0.0001689528
0.0003255849
0.0002298405
-0.0009149126
-0.003603932
-0.005533509
-0.005239594
-0.004592662
-0.004129631
-0.003034358
-0.002492827
-0.002833832
-0.002484286
-0.001497294
-0.001496982
-0.001249841
-0.0001523529
0.0008657017
0.002329552
0.002141157
0.001855161
0.002062223
0.001605864
0.0002556363
-0.0006745302
-0.000756659
-0.001012419
-0.0005324925
-0.0006828762
-0.0002430966
-0.001469006
-0.003503102
-0.003229087
-0.002685156
-0.002228685
-0.0009384615
0.000368361
0.001510875
0.001810794
0.000983804
0.0007145635
0.002001874
0.002208457
0.001850153
0.001729975
0.001863357
0.002189806
0.002269195
0.001174925
-0.001342376
-0.002751424
-0.001395281
-0.0004819646
-8.339816e-05
-0.0007130032
-0.0009459274
-0.0007494642
-0.0006403493
-0.0006136013
-0.0006221681
-0.0005616733
-0.0005420006
-0.0007706582
-0.001338123
-0.001494126
-0.0001649134
-0.0004079314
-0.0008160737
-0.0007702173
-0.000596398
-0.0004445715
-0.001240392
-0.003106169
-0.004291991
-0.003950583
-0.00227773
-0.001582016
-0.0008534091
-0.001943894
-0.004225287
-0.00258747
-0.0004752152
7.060902e-05
0.0003566635
0.001528568
0.001251755
-0.0008810682
-0.001104101
-0.0002101327
-0.0001303482
-0.0005059763
-0.0004433151
0.0005521278
0.001931698
0.002188277
0.001934272
0.002584894
0.002763029
0.001421359
0.0001063275
-0.001162419
-0.0004828012
0.0002936214
0.001610545
0.002746853
0.001878392
0.001621108
0.001826426
0.001922554
0.002040646
0.002200898
0.002265304
0.001624825
-4.206995e-05
-0.001095074
0.0007209925
0.002227067
0.00182725
0.0009940563
0.0009301736
-0.0005288263
-0.0009355701
-0.0003308604
-0.00040271
-0.0005554125
-0.0002173124
0.0005851833
0.0005896862
-0.0003072514
-5.085295e-05
0.00113994
0.002085489
0.003447501
0.004256773
0.004032554
0.003326836
0.003150388
0.002596582
0.001754142
0.001855761
0.000827397
-0.000578767
-0.000791366
-0.0004479221
-1.560486e-05
0.0009455661
0.001626181
0.0008717901
0.0004036798
0.00129532
0.001480632
0.0014035
0.001994601
0.002179033
0.002698955
0.002481686
0.001366618
0.0003576919
-0.0006752344
-0.0006119207
-0.0001058093
-0.0005805755
-0.002066578
-0.003439893
-0.003230485
-0.002071881
-0.0009341217
-0.0009696957
-0.001109349
-0.001206472
-0.001583117
-0.0008699309
-0.0004681181
-0.0007352665
-0.0008261593
-0.0008531623
-0.0009063718
-0.0007702614
-0.0001268066
0.0006670697
0.0001019137
-0.001161732
-0.0007207229
0.001086487
0.00212179
0.001742088
0.00122429
0.001053905
0.0009643141
0.001188643
0.0001856979
-0.001080142
-0.0009839077
-0.0006124518
-0.0006171236
-0.0007315272
-0.0009422642
-0.001417201
-0.00180222
-0.00108572
-0.0006640966
-0.0009315259
-0.001020911
-0.001073767
-0.001397048
-0.001701766
-0.001136766
-0.0008691862
-9.192688e-05
0.001795881
0.002727701
0.004069974
0.003908894
0.003027366
0.00185977
0.0008092985
-0.0001622747
-0.001439163
-0.002713413
-0.00354741
-0.003333885
-0.002480302
-0.00100637
-0.0005280194
-0.001766633
-0.003363174
-0.003824438
-0.003274922
-0.003100444
-0.0032344
-0.002998098
-0.002364627
-0.001886018
3.389617e-05
0.002583265
0.003586962
0.00319988
0.001423207
0.0006494895
0.00134557
0.002321779
0.00365385
0.004316444
0.003886783
0.003007526
0.001650097
0.0004512969
-0.0003869562
-0.001293069
-0.002292082
-0.003262738
-0.001000495
-0.0003671374
-0.001304379
-0.0008427298
0.0005329034
0.001031607
0.0009459102
-0.001055486
-0.001887821
-0.001592863
-0.00167566
-0.0006254565
-0.001053801
-0.001481546
-0.001298784
-0.0005347969
0.0004756215
0.0007704831
0.001599188
0.00146836
0.001248773
0.0004596723
-0.001188956
-0.001371216
-0.0002040999
7.073384e-05
-0.001597798
-0.001436405
-0.001017034
-0.001075817
-0.001126331
-0.001119853
-0.001115122
-0.001365761
-0.001883828
-0.001948912
-0.00110941
-0.0008598327
0.0005075232
0.001911049
0.001115954
0.000836722
0.0009609532
0.001331698
0.002394491
0.003728078
0.003908597
0.003350845
0.003407622
0.003752593
0.003748921
0.002867977
0.001219248
-0.0001138814
-0.001020895
-0.00119348
-0.0009432776
-0.000977419
-0.0007871462
-0.0004568433
-0.001144175
-0.002372882
-0.002391154
-0.002404638
-0.002191593
-0.001447428
-0.00176242
-0.001428251
-0.0007923819
0.0008506073
0.001826113
0.0008987759
-0.0003594994
-0.001816558
-0.002948109
-0.003254643
-0.002196366
-0.0008721845
-0.0010015
-0.001582526
-0.001572308
-0.001439038
-0.001472578
-0.001378542
-0.0005171023
0.001003879
0.001404706
0.001866269
0.00316054
0.002276983
0.0002436204
-0.001028022
-0.001498713
-0.0007795176
0.0006725638
0.001521164
0.001318083
0.0008696228
1.757524e-05
-0.001512593
-0.001744864
-0.001173471
-0.0007803822
-1.793764e-05
0.0005455538
0.0005785132
-0.0007153513
-0.001989532
-0.001697718
-0.0006135899
0.0006017602
0.0007989185
-3.402624e-05
-0.002744533
-0.003942998
-0.003245327
-0.001532912
-0.001350266
-0.002350976
-0.001640576
-0.001434105
-0.001652125
-0.001599883
-0.001007822
3.411733e-05
0.0004540494
0.001019154
0.0009248279
0.0007743571
0.0009020442
0.0009809354
0.001014192
0.0009972033
0.001021096
0.001010099
0.0009339388
0.0007984427
0.0009361403
0.001684014
0.002598934
0.00176442
-0.0001375489
-0.00141023
-0.001742037
-0.001242191
-0.001101817
-0.001537671
-0.001840053
-0.001312894
0.000487564
0.002438969
0.003270316
0.001925528
0.001111401
-9.203264e-06
-0.001149765
-0.001093519
0.0001327713
0.0006759865
0.001148871
0.0009512236
0.0006342505
0.0003517583
9.714313e-06
0.000399526
-0.0003410511
0.0002005805
0.001389271
0.0009916788
0.0001001186
-0.0001340414
0.001117362
0.001306102
0.0008353429
0.0003903823
7.812383e-05
0.0005176831
-1.168163e-05
0.001141763
0.001978256
0.003179042
0.002787158
0.0005700572
0.0003620499
0.00181772
0.002198357
0.0005403709
0.0004047549
0.0008422482
0.00187204
0.003392187
0.002895055
0.0005457247
0.0001333185
0.001244153
0.001399618
0.0002230379
-0.001748928
-0.002184697
-0.0007455145
0.001021247
0.00188346
0.00205993
0.00222328
0.003170185
0.003079899
0.003090139
0.002635744
0.0008738472
-0.001038126
-0.002381899
-0.001425655
-0.0003897093
0.0008535769
0.001206136
0.0003238666
-0.0003653256
-0.0008054662
-0.0001275259
-0.0003223761
-0.002081508
-0.003629433
-0.001259568
0.001470426
0.0006621948
-0.001358733
-0.001608916
-0.001884974
-0.001507577
-0.001286805
-0.0009534727
-0.0002409812
-0.0003635768
0.0001605489
0.0003365204
-0.00155851
-0.002244162
-0.00156099
-0.001305913
-0.0007428915
0.0005561904
0.001023062
0.0004928185
0.0005146987
0.0005594744
1.981976e-05
-0.0008992023
-0.0002996594
0.0005989449
0.001109276
0.0006404667
0.0004471816
0.0005608944
0.0006491463
0.000753931
0.0008226165
0.0005839976
-0.0003448414
-0.001566094
-0.001831655
-0.001296666
-0.000964235
-0.0006627159
-0.0007622589
-0.0018467
-0.002528113
-0.003260353
-0.002696141
-0.001187017
-0.0008654895
-0.0006298383
0.0004841721
0.0009006603
0.0005038002
0.0004442374
0.0007288934
0.001353721
0.002078904
0.002415476
0.002818306
0.002344193
0.001645151
0.001516226
0.002305625
0.002110038
0.0005940325
0.0002704239
0.0007605379
0.0006514213
8.462472e-05
-0.0001319277
0.000309852
0.0002927772
0.0006880028
6.869254e-05
-0.0002748764
0.0002472494
0.0001892305
0.000680548
0.0004247584
0.0004764461
0.001291069
0.00210596
0.001751153
0.001097782
0.001780463
0.001892758
0.0009489934
0.0006514056
0.0003752692
0.0002543951
-0.0007460624
-0.001767648
-0.001307625
-0.001176165
-0.001156229
-0.000568719
0.0001927543
6.949307e-05
-0.0003233239
7.351137e-05
-0.0002245623
6.322267e-05
0.0006695348
0.0001907478
-0.000828246
-0.00161624
-0.001254236
-0.0001869245
0.0002358985
-0.000421241
-0.0007681858
-8.451762e-06
0.0003906342
0.0001569675
0.0001160236
0.0001651708
-0.0002018535
-0.001202483
-0.001880275
-0.001743205
-0.001424228
-0.0009131975
-0.000462229
8.333465e-05
0.0001251173
-0.0001139143
-8.545788e-05
1.617875e-05
4.953762e-05
4.205675e-05
-1.858827e-05
-0.0001420979
-8.39434e-05
0.0005141027
0.001457948
0.001312412
0.0002189963
-0.0006629993
-0.001068535
-0.0008955638
-0.0002076197
-0.000193277
-0.0001859376
-0.0001090473
-0.0004528509
-0.0008293003
-0.0006377153
-0.0002349384
-0.0003495392
-0.0001793001
-4.203588e-05
-0.0002048117
-0.0001843636
0.0001712549
0.0005404275
0.0001894682
-0.0003322862
-0.000186409
-4.146393e-05
-0.0003780223
-0.0008534912
-0.0007300655
-0.0003113727
5.991071e-05
-9.475171e-05
-0.0002547891
-0.0002402667
-0.0001449466
0.0001295429
0.0004651854
0.0003801311
0.0002603273
0.0002705244
0.0002702759
0.0002669126
0.0002433866
0.0002860239
0.0004441126
0.0005388328
0.0001924454
8.088559e-05
-6.220697e-05
-0.0003526896
-0.0002319248
-0.0002165259
-0.0002841292
-0.000280756
-8.888954e-05
0.0002566691
0.000360983
0.0005748499
0.0004561292
0.000154938
-0.0002925383
-0.0004464372
-0.0002782727
-0.0002413263
-5.068343e-05
0.0003658142
0.0004351792
0.0001004953
4.167743e-06
0.0001743538
-0.0002135363
-0.0002595043
-2.598165e-05
-0.000425969
-0.0006490743
-0.0006518081
-9.850361e-05
-0.0001791794
-0.0003843292
-0.0005944672
-0.0007851065
-0.0006174045
-0.0003783812
-0.0004668691
-0.0005094708
-0.0003529466
-0.0001618242
-2.392284e-05
0.0001892057
0.0002273664
0.0001342649
0.0001368034
0.000159471
0.0001664449
0.0001463503
0.0001274743
0.0001167391
0.0001247914
9.316359e-05
-6.781187e-05
-0.0003138337
-0.0003989174
-0.0002963047
-0.0001452104
-0.0001961289
-0.0002675814
-0.0003691267
-0.0005109665
-0.0005255077
-0.0004453369
-0.0003423684
-0.0001835962
-0.0001199611
-0.0001957102
-0.000194746
-0.0001099638
-9.004057e-06
-1.358892e-05
-0.0001593499
-0.0002548773
-0.0002205287
-0.0001367877
-0.0001014906
-0.0001696429
-0.0002774941
-0.0002670438
-0.0001871008
-0.0001204746
-8.439374e-05
-5.922825e-05
-1.111781e-05
4.512994e-05
9.082498e-05
7.832134e-05
8.155601e-05
9.846286e-05
3.317317e-05
-2.418149e-05
-1.768733e-05
6.026395e-06
9.255212e-06
7.269334e-06
3.584954e-06
-3.380617e-06
-1.308813e-05
-1.295609e-05
-4.844416e-05
-5.833063e-05
-3.389926e-05
-1.153075e-05
1.718355e-05
3.218794e-05
3.442628e-05
2.457729e-05
3.30531e-05
5.406035e-05
4.848537e-05
4.885329e-05
6.146881e-05
9.686669e-05
0.0001182057
0.0001069747
8.967209e-05
7.212569e-05
6.375653e-05
6.933064e-05
7.289064e-05
7.075404e-05
6.908351e-05
7.056587e-05
7.165468e-05
6.665728e-05
5.349321e-05
4.531504e-05
4.885775e-05
6.193433e-05
7.046272e-05
7.834413e-05
7.501937e-05
7.226293e-05
7.331083e-05
7.380671e-05
7.348942e-05
7.356793e-05
7.483032e-05
7.43353e-05
6.822e-05
6.649535e-05
6.636375e-05
6.907075e-05
6.748755e-05
6.504593e-05
6.285185e-05
6.080245e-05
6.219395e-05
6.325699e-05
6.14888e-05
5.879101e-05
5.809168e-05
5.580758e-05
5.434747e-05
5.332144e-05
5.285195e-05
5.128811e-05
4.967068e-05
4.859707e-05
4.766553e-05
4.644795e-05
4.468526e-05
4.341235e-05
4.194005e-05
4.047817e-05
3.902268e-05
3.753162e-05
3.609107e-05
3.481118e-05
3.356592e-05
3.226533e-05
3.097651e-05
2.97792e-05
2.861569e-05
2.744605e-05
2.62683e-05
2.510435e-05
2.395566e-05
2.282552e-05
2.171337e-05
2.062264e-05
1.955133e-05
1.85013e-05
1.747162e-05
1.646431e-05
1.547896e-05
1.451599e-05
1.357535e-05
