-0.0003487739
-0.0003493371
-0.0003498589
-0.0003503073
-0.0003506981
-0.0003510244
-0.0003512454
-0.0003513225
-0.0003512797
-0.0003511069
-0.0003505695
-0.000349747
-0.0003497956
-0.0003507005
-0.0003513497
-0.0003512754
-0.0003511635
-0.0003517304
-0.0003514735
-0.0003482533
-0.0003425031
-0.0003359379
-0.0003301317
-0.0003264264
-0.0003252978
-0.0003237426
-0.0003212424
-0.0003216599
-0.0003237866
-0.0003246205
-0.0003322853
-0.0003473727
-0.0003533108
-0.0003485797
-0.0003437698
-0.0003449965
-0.0003382479
-0.0002925775
-0.0002381524
-0.0002163699
-0.0002154564
-0.0002052724
-0.000170876
-0.0001354127
-0.0001235084
-0.0001429778
-0.00017797
-0.0002014931
-0.0002198618
-0.0002529047
-0.0003037856
-0.0003516804
-0.0003625695
-0.0003494589
-0.000341574
-0.0003518922
-0.0003532077
-0.000297385
-0.0002636086
-0.0003226614
-0.0003731486
-0.0003737214
-0.0004210296
-0.0004980071
-0.0005216365
-0.0004274596
-0.0002677925
-0.0001728209
-0.0001154983
-1.472983e-05
6.540608e-05
5.082963e-05
-6.531724e-05
-0.00016267
-0.0001663533
-0.0001447455
-0.0001695473
-0.0002477271
-0.0003093679
-0.0003168278
-0.0003458493
-0.0003808952
-0.0002638738
-0.0001083803
-6.566483e-05
3.645689e-05
0.0002146764
0.0001598876
-4.814902e-05
-0.0001600285
-0.0001214819
-2.498453e-05
7.370709e-05
0.0002111326
0.0004124136
0.0005158041
0.0004429188
0.0002464781
4.44479e-05
-0.0001267054
-0.0003503356
-0.0006172296
-0.000771173
-0.0008788519
-0.001063239
-0.001217633
-0.001266834
-0.001285819
-0.001298775
-0.001251765
-0.0009865576
-0.0004447644
0.0003405507
0.001174029
0.001859048
0.00184112
0.001342556
0.001385433
0.001879656
0.002116578
0.00192174
0.001512989
0.0009620083
0.000378431
-0.0001721365
-0.0007018231
-0.001173078
-0.001428325
-0.001416027
-0.001146997
-0.001044225
-0.00124904
-0.001499166
-0.001597161
-0.001553116
-0.001298726
-0.0008893648
-0.0005457159
-0.0002797049
4.381315e-05
0.0004597352
0.00096933
0.001831873
0.002191517
0.001184062
0.001173502
0.00229777
0.002572643
0.00192426
0.001361948
0.001313279
0.00139703
0.00117593
0.0006374179
5.204909e-05
-0.0002733731
-0.0004268689
-0.0006466752
-0.0009681088
-0.00129577
-0.001574072
-0.001532696
-0.000913516
-0.0003164383
-0.0001417741
-0.0003208736
-0.0004747975
-0.0003999154
-0.0005015084
-0.001049094
-0.001517889
-0.001756716
-0.002060651
-0.002234156
-0.001973833
-0.001329801
-0.0007422156
-0.0005244518
-0.0003424523
0.0001055921
0.0006426709
0.001013498
0.001093507
0.001026211
0.001004936
0.001247988
0.001610503
0.001809132
0.001762297
0.001568647
0.001333355
0.001141461
0.001056173
0.001133137
0.001338059
0.001344044
0.001142013
0.001078239
0.001183089
0.001220371
0.0007735768
-7.901601e-05
-0.0008482129
-0.001490525
-0.002337456
-0.003904513
-0.005704104
-0.006733682
-0.006885374
-0.006674593
-0.006635798
-0.006394338
-0.004861982
-0.00250647
-0.0003174408
0.0014093
0.002717784
0.003271042
0.003691828
0.004536478
0.004495688
0.003209292
0.002340086
0.002379437
0.002522619
0.002104228
0.001280112
0.0005083984
0.0003446816
0.001045488
0.001598251
0.001450418
0.0008988322
0.0005401047
0.0005701962
0.0003816917
-0.0001517558
0.0001049298
0.001381151
0.003061187
0.004082075
0.004271655
0.004702893
0.005313839
0.005153946
0.004388528
0.003550634
0.002724626
0.00206374
0.001829227
0.001857263
0.001935005
0.00187358
0.001205762
-0.0004397943
-0.001849345
-0.002351426
-0.002243203
-0.002134626
-0.002231811
-0.002556536
-0.003004204
-0.003273976
-0.003312826
-0.003242252
-0.002747449
-0.001610452
-0.0003716506
0.0005678317
0.001174335
0.001290452
0.0009712619
0.001294826
0.002101475
0.002254464
0.001664251
0.0009887051
0.0008543912
0.001089344
0.001092437
0.0008408395
0.0006181618
0.0002582948
-0.0001696147
-0.0001122954
6.614853e-05
-0.0001835573
-0.0006819529
-0.001028751
-0.001057994
-0.001210704
-0.001814449
-0.00262126
-0.003235103
-0.003369596
-0.003108303
-0.002636956
-0.0018719
-0.0008716449
-2.544244e-05
0.0006290023
0.001242828
0.001666547
0.001823213
0.001742231
0.001533638
0.001263238
0.0009789815
0.0006955303
0.000449677
0.0003055094
0.0003054774
0.0001905106
-0.0002478522
-0.001120057
-0.001883298
-0.001700735
-0.0009326855
-0.0002717141
0.0002444971
0.0008975605
0.001751594
0.00241824
0.002618728
0.003491701
0.005107071
0.005059564
0.003510353
0.002334588
0.001524309
0.0002113282
-0.001055233
-0.001998799
-0.002930378
-0.003260703
-0.002458043
-0.001078659
0.0002186018
0.001399792
0.002285409
0.002740554
0.003148866
0.00345558
0.003001085
0.002370764
0.002489503
0.003044504
0.0033683
0.003117834
0.002490092
0.001747719
0.001280617
0.001101807
0.0006103549
-0.0001294973
-0.000604123
-0.001023283
-0.001694436
-0.002187101
-0.002153541
-0.001410122
-0.0007354154
-0.0007028904
-0.0008582616
-0.0007108231
-0.0002464688
-5.607066e-06
-0.0004178518
-0.001108378
-0.00159471
-0.001560768
-0.001259906
-0.001032978
-0.000897794
-0.00065704
-0.0001158299
4.273535e-05
-0.0009737874
-0.002088309
-0.00239207
-0.002429079
-0.00263694
-0.002607544
-0.002156318
-0.001492442
-0.0009994084
-0.0007273083
-0.000495341
-0.0002593637
-9.652164e-05
0.0003741632
0.001188438
0.001751339
0.001619003
0.0007553429
-0.0002484801
-0.001037457
-0.001427349
-0.001794123
-0.002545776
-0.003408438
-0.004019119
-0.004391947
-0.004722826
-0.005061406
-0.005289085
-0.00523115
-0.004197021
-0.002331138
-0.0007278471
0.000219744
0.0006861584
0.0008715404
0.0008149297
0.0006157914
0.0002292739
-0.0004953263
-0.001628986
-0.003203836
-0.004805467
-0.006156064
-0.007109193
-0.007674927
-0.007593504
-0.007202653
-0.006898896
-0.006545238
-0.005910304
-0.004849637
-0.003744918
-0.003043697
-0.002701837
-0.002460584
-0.001930078
-0.001186739
-0.0006537085
-0.0002824624
0.0002216099
0.0005386562
0.0003892106
0.0002532594
0.0002808463
7.515119e-05
-0.0007754713
-0.002383957
-0.003629275
-0.003996012
-0.003684827
-0.003247072
-0.002908862
-0.00221526
-0.0009152073
-8.935715e-05
-0.0001490423
-0.000441791
-0.0004891416
-0.0004474344
-0.0008885893
-0.001932461
-0.00264553
-0.002809249
-0.002900931
-0.0032312
-0.003634731
-0.003352614
-0.002303849
-0.0009621222
0.0001045592
0.0006906472
0.001423429
0.002613593
0.003251503
0.003007183
0.002678198
0.002711628
0.00290126
0.002954928
0.002858379
0.002914034
0.003303479
0.003945197
0.004595796
0.004785895
0.004539304
0.003996074
0.003384492
0.002810194
0.002272786
0.001429344
-0.0003413268
-0.002409478
-0.004015038
-0.005931532
-0.008435661
-0.009857827
-0.008974965
-0.005746454
-0.002505187
-0.0003786504
0.001729611
0.004614258
0.007419142
0.009330173
0.009918282
0.01036174
0.01155845
0.01253344
0.01264427
0.01243609
0.01254145
0.01299864
0.0126118
0.01071373
0.008084291
0.00573042
0.003920907
0.002054695
-9.24906e-05
-0.001227276
-0.001140937
-0.0002857849
0.0001726346
-0.0003793413
-0.0004839068
0.0003987157
0.0004556729
-0.000627089
-0.001707423
-0.001959633
-0.001628611
-0.001857526
-0.00242346
-0.001983218
-0.00105207
-0.0006847311
-0.0005295912
-0.0003525617
-0.0009280086
-0.002124003
-0.003340742
-0.003959767
-0.004298322
-0.005840392
-0.007351878
-0.006495443
-0.003604172
-5.909666e-07
0.003242531
0.005984593
0.007391327
0.007742658
0.007793283
0.007856619
0.007532291
0.005056148
-0.001060495
-0.00723162
-0.01067125
-0.01107716
-0.01049203
-0.01033108
-0.01053645
-0.01039431
-0.00982959
-0.008969259
-0.007619875
-0.005145399
-0.001444919
0.00225374
0.00529081
0.007435774
0.008869746
0.009202186
0.009024485
0.0089938
0.009185656
0.009237196
0.008542549
0.006770169
0.003968659
0.001719943
0.0005762247
-0.0002637997
-0.001091222
-0.001506146
-0.003026268
-0.006346735
-0.008409698
-0.00870402
-0.009248669
-0.009895779
-0.00954715
-0.009289111
-0.008981109
-0.006162308
-0.001056527
0.004812772
0.008457898
0.009016188
0.008440518
0.00796935
0.007185811
0.005191506
0.001468416
-0.002955821
-0.006068812
-0.004243374
0.001158886
0.005807489
0.01039604
0.01627096
0.02167657
0.02557551
0.02740096
0.02751254
0.02635976
0.02305684
0.01782689
0.01284455
0.01014443
0.0091367
0.008405866
0.007697235
0.00769456
0.008375047
0.009162475
0.009146791
0.007414048
0.003360883
-0.002318318
-0.01239671
-0.02538198
-0.03318366
-0.03510553
-0.03256516
-0.02738845
-0.02095357
-0.01320765
-0.003071786
0.005282512
0.009623011
0.01026077
0.009032617
0.006091711
0.0004208715
-0.009561597
-0.01702265
-0.0184922
-0.01490541
-0.008806764
-0.00318605
0.001858881
0.006048716
0.009164051
0.009091671
0.006272091
0.002469642
-0.001024697
-0.004047298
-0.006509888
-0.008220867
-0.00912226
-0.009488631
-0.008892973
-0.006161315
-0.002471343
0.0004429378
0.001055939
-0.0003380194
-0.002647304
-0.00606697
-0.01178849
-0.01780054
-0.02127836
-0.02113851
-0.01820738
-0.01336934
-0.008177219
0.0009954004
0.01282532
0.02276944
0.02872006
0.03057961
0.03106559
0.0305147
0.026745
0.01734453
0.006006768
-0.002954449
-0.009403427
-0.01556393
-0.02065178
-0.02309457
-0.02357164
-0.02340915
-0.02239997
-0.01912195
-0.01067298
0.0007347227
0.01109505
0.01715384
0.01913654
0.01953672
0.01885431
0.01721515
0.01536691
0.01441616
0.01472964
0.01598708
0.01744119
0.01860026
0.01932106
0.01978063
0.01989014
0.01846256
0.01506134
0.009900521
0.003931592
-0.001242459
-0.003438393
-0.003611852
-0.00372573
-0.004855776
-0.006000387
-0.005397053
-0.003275817
-0.0009658043
3.363316e-05
-0.0003458258
-0.00149373
-0.003201751
-0.005610186
-0.008468182
-0.0112892
-0.01196991
-0.008453653
-0.006372432
-0.007120917
-0.007742457
-0.006349299
-0.00404892
-0.002662873
-0.002291415
-0.002060174
-0.001534658
-0.0008437201
-0.0001093702
0.0006302465
0.001438094
0.002653162
0.004536846
0.007238105
0.009893965
0.01170824
0.01185157
0.01111715
0.01154182
0.0118168
0.009257508
0.002819346
-0.007393507
-0.01581113
-0.0197181
-0.02129825
-0.02398932
-0.02601745
-0.0251514
-0.02269957
-0.01872284
-0.01138499
-0.0006779746
0.01126751
0.02070744
0.02605197
0.02893032
0.02829943
0.02431726
0.01820017
0.01101296
0.00463521
0.000737451
-0.001554629
-0.003725303
-0.00611701
-0.006214022
-0.002620466
0.002214118
0.006154609
0.008771852
0.01032723
0.01028874
0.007345147
0.001771597
-0.004818686
-0.009907231
-0.01198506
-0.008627792
-0.002606243
0.002107616
0.004778408
0.006797211
0.008105615
0.008336664
0.00797208
0.007579473
0.007201657
0.006772375
0.006462843
0.006684316
0.006987227
0.006706735
0.00561529
0.004345739
0.003905393
0.002990646
-0.0002524188
-0.004706378
-0.008053967
-0.008570628
-0.008062129
-0.008542564
-0.00986611
-0.01034855
-0.008291867
-0.005339367
-0.00344482
-0.002188186
-0.0007294446
-2.329031e-05
-0.00131487
-0.00530973
-0.01179728
-0.01905859
-0.02464878
-0.02669823
-0.02582727
-0.02088826
-0.01303644
-0.004410893
0.001858282
0.004979048
0.00614054
0.006698209
0.00707043
0.006617735
0.004812464
0.002986236
0.002035831
0.001922564
0.001613269
0.0005521234
0.001024322
0.003616903
0.006042122
0.006824526
0.006245764
0.005890577
0.006192057
0.005712764
0.004416253
0.003460857
0.003207107
0.003395848
0.004732522
0.006299874
0.006589826
0.006281813
0.006520676
0.007719324
0.008726803
0.00830992
0.006819587
0.005068705
0.002607123
-0.0008787849
-0.005268691
-0.01023382
-0.01401464
-0.01175274
-0.004890774
0.00125614
0.006702382
0.01310571
0.01749845
0.01861301
0.01735955
0.0152499
0.01266984
0.009491233
0.005884506
0.002312867
-0.0002356301
-0.001993267
-0.003659773
-0.004911767
-0.005720039
-0.006974657
-0.008041763
-0.007701071
-0.006577639
-0.005693154
-0.005248667
-0.004673999
-0.003593402
-0.002835787
-0.003078958
-0.004406885
-0.00643221
-0.008582584
-0.009255026
-0.008839339
-0.008559349
-0.007124102
-0.003343332
0.0006974765
0.003635807
0.005801548
0.007195863
0.007448902
0.00646842
0.004440135
0.001405839
-0.001924654
-0.004877667
-0.007017911
-0.008393772
-0.008975293
-0.007617161
-0.005074693
-0.002887092
-0.002061281
-0.002664599
-0.004844884
-0.007446564
-0.009220386
-0.009956775
-0.01003307
-0.009395465
-0.008256187
-0.006874292
-0.005361146
-0.003749907
-0.002233209
-0.001067081
-0.0003217575
4.619608e-05
0.000221967
0.0005051082
0.0007554778
0.0005795588
-0.0007751712
-0.002103936
-0.00199883
-0.003374514
-0.007137915
-0.01026911
-0.01155196
-0.01228729
-0.01401728
-0.01540417
-0.01502949
-0.0146
-0.01558386
-0.0178106
-0.01850076
-0.01652284
-0.01543362
-0.01500593
-0.01173152
-0.004713839
0.003445958
0.008252699
0.00972679
0.009442274
0.009001658
0.00875006
0.00845484
0.007978823
0.007570585
0.007702537
0.008491443
0.01032572
0.01254841
0.0142575
0.01576643
0.01723864
0.01669418
0.01437763
0.01163135
0.006807585
0.0008640623
-0.002484369
-0.003449422
-0.002196038
-0.001513081
-0.003668166
-0.005668501
-0.005487902
-0.004706398
-0.004703289
-0.005132067
-0.00461022
-0.002979319
-0.0006235019
0.002429833
0.002939031
0.0008187153
-0.0008431216
-0.001614619
-0.003218809
-0.005766479
-0.008413094
-0.01058548
-0.01109311
-0.01045147
-0.01080396
-0.0122518
-0.01367311
-0.01485999
-0.01585162
-0.01645209
-0.01627961
-0.01497908
-0.01208048
-0.009436631
-0.00820097
-0.005334304
-0.0005574763
0.002060831
0.001989809
0.001453022
0.001917824
0.002266395
0.0007570582
-0.002584088
-0.006158461
-0.008172189
-0.008497209
-0.008063684
-0.007961562
-0.007892659
-0.007022066
-0.006207956
-0.005881372
-0.005106993
-0.003578352
-0.001858659
-0.0009765182
-0.001213895
-0.002708548
-0.003710163
-0.003276786
-0.00227075
-0.001693472
-0.001568365
-0.001318297
-0.0006701378
0.0002303024
0.001562828
0.003305327
0.004107795
0.004217187
0.004897684
0.006376357
0.007944735
0.008930362
0.009460818
0.009993952
0.01087945
0.01173485
0.01182616
0.01204522
0.01327359
0.01467705
0.01552191
0.01594529
0.01652068
0.01701596
0.01626805
0.0136075
0.009092792
0.002362531
-0.004520692
-0.009733406
-0.01477798
-0.01952907
-0.02266693
-0.0241521
-0.02316356
-0.01833331
-0.01176906
-0.004821802
0.001521798
0.007127915
0.01160681
0.01439311
0.01475674
0.01464584
0.0156988
0.01696339
0.01721844
0.01651086
0.01650914
0.01750826
0.01735992
0.01562499
0.01316704
0.008784061
0.003359071
-0.0001515279
-0.003004973
-0.006663877
-0.009909045
-0.01302366
-0.0166445
-0.01838953
-0.01681646
-0.01214869
-0.00617325
-1.846295e-05
0.006940807
0.01339982
0.01709145
0.01855132
0.01901936
0.01915046
0.01871093
0.01746675
0.01552687
0.01284007
0.008028981
0.00276706
-0.0007141948
-0.003194411
-0.005948656
-0.007626552
-0.006914378
-0.003760926
-0.0001809402
0.002512482
0.004629753
0.005938958
0.006699292
0.007119712
0.00727442
0.007088306
0.006234049
0.005367191
0.005419778
0.006095832
0.006762347
0.007305368
0.008565794
0.01129083
0.01376369
0.01502399
0.01593467
0.01696951
0.01763677
0.01614689
0.01109316
0.002958554
-0.005783283
-0.01419395
-0.01957987
-0.02174607
-0.02300685
-0.02432254
-0.02493973
-0.02425201
-0.02303774
-0.02250159
-0.02193083
-0.0201369
-0.01648391
-0.01191395
-0.007199325
-0.003023367
-0.000173466
0.0008343747
0.0003465228
0.0004429763
0.001986613
0.0045429
0.005606997
0.004194967
0.003134721
0.003557196
0.004203807
0.004184085
0.003692351
0.003070575
0.002753203
0.00304729
0.003916741
0.004829248
0.005021892
0.00459702
0.004094809
0.003990629
0.004189291
0.004385929
0.00430949
0.004040555
0.004145938
0.005112125
0.007069397
0.009240887
0.01117707
0.01299417
0.01419553
0.01320322
0.01021486
0.006011523
-0.0005279002
-0.008609843
-0.01657465
-0.0245839
-0.03059471
-0.03305573
-0.03289252
-0.03203482
-0.03114252
-0.02934194
-0.02602079
-0.02064642
-0.01320122
-0.005684209
0.0007016959
0.006482903
0.01229381
0.01724161
0.02016793
0.02035203
0.01944286
0.01915226
0.01904952
0.01786788
0.01427019
0.009032847
0.003599726
-0.0006854834
-0.003788448
-0.00627597
-0.009668843
-0.01451517
-0.01896679
-0.02081929
-0.01978105
-0.01710955
-0.0138128
-0.01034043
-0.006943006
-0.003646454
-0.0004932632
0.00206795
0.003770859
0.004107955
0.00395739
0.004274582
0.005157557
0.005889725
0.005586915
0.004252089
0.002533797
0.001552907
0.0006380797
-0.001962286
-0.004316384
-0.004741963
-0.00364638
-0.002405685
-0.001543446
-0.0001439015
0.002470602
0.007100336
0.01166607
0.0135907
0.01385297
0.01412874
0.01471969
0.01494911
0.01396534
0.01135268
0.007061937
0.000208719
-0.007311319
-0.01377426
-0.02111863
-0.0270005
-0.03169957
-0.03766753
-0.04374438
-0.0477828
-0.04817304
-0.0457792
-0.04207904
-0.03652002
-0.02775432
-0.018959
-0.01288548
-0.008107773
-0.002737625
0.00305736
0.008409528
0.01288852
0.01687103
0.02075909
0.02454718
0.02787347
0.02985129
0.03020859
0.02805659
0.0211783
0.009275464
-0.003309154
-0.0142274
-0.02486236
-0.03538841
-0.0428276
-0.04714736
-0.04778733
-0.04302495
-0.03307109
-0.02207245
-0.01175312
-0.00456419
0.0001832914
0.003686789
0.006257664
0.006992603
0.005966953
0.00368549
0.001063843
-0.001421258
-0.00372664
-0.005323427
-0.006494641
-0.008474223
-0.01093103
-0.0127894
-0.01291951
-0.01197033
-0.01171966
-0.01062679
-0.007100181
-0.004001281
-0.002892796
-0.002433086
-0.001213229
-0.0006683242
-0.003181332
-0.006782764
-0.0096728
-0.01264996
-0.01374141
-0.01115734
-0.006504144
-0.0008427107
0.006887293
0.01566637
0.02382413
0.03091095
0.03644154
0.04031154
0.04375188
0.0465084
0.04638316
0.04443156
0.0424261
0.04041159
0.03761876
0.03495663
0.03329548
0.03259454
0.03171778
0.02983673
0.02685744
0.02238715
0.01475554
0.004033457
-0.006790535
-0.01400097
-0.0177935
-0.02057678
-0.02540643
-0.03064796
-0.03114623
-0.02742186
-0.023082
-0.02050209
-0.01940247
-0.01917771
-0.01849037
-0.01684321
-0.01632752
-0.01750189
-0.01843589
-0.01927438
-0.02123129
-0.02058311
-0.0158247
-0.009587728
-0.004857214
-0.002206288
-0.001325602
-0.001971693
-0.003074949
-0.004756808
-0.008215804
-0.01425477
-0.02146627
-0.02711409
-0.03142589
-0.03634929
-0.04398985
-0.05131512
-0.05490849
-0.05478301
-0.05207578
-0.04535822
-0.03242895
-0.01474569
0.004305335
0.01955064
0.03005912
0.03943945
0.0478278
0.05484441
0.06057648
0.06479541
0.06668582
0.06676667
0.06594627
0.06398152
0.06003872
0.0519013
0.03672055
0.02212495
0.01520577
0.01246515
0.009419895
0.005793515
0.003385295
0.002396842
0.001981795
0.001605262
0.0001167188
-0.00307287
-0.007263142
-0.01105063
-0.01363209
-0.01508111
-0.01526011
-0.01305375
-0.009772233
-0.004413155
0.003828435
0.0143511
0.02506223
0.03383843
0.03845993
0.0371795
0.03058385
0.01861603
0.003755089
-0.01214816
-0.02813228
-0.04127312
-0.05042347
-0.05539589
-0.058574
-0.05810825
-0.05255841
-0.04168728
-0.0239619
-0.003448297
0.01653492
0.03459852
0.04799047
0.05609749
0.06075071
0.06312609
0.06387505
0.06163607
0.05604423
0.04661234
0.03435986
0.01814126
0.001673524
-0.0126034
-0.02892849
-0.03934515
-0.04368817
-0.04345518
-0.03962864
-0.03343956
-0.02262056
-0.00748863
0.006736715
0.01838353
0.02805969
0.03723926
0.04407374
0.04804721
0.04932366
0.04933294
0.04861011
0.04594591
0.03986329
0.02898986
0.01678789
0.006236129
-0.00348201
-0.01277514
-0.0210011
-0.02777663
-0.03229191
-0.03124978
-0.02543209
-0.01825132
-0.01158218
-0.004767153
0.003424844
0.01328845
0.02342735
0.03263754
0.03927679
0.04393179
0.04870854
0.05431546
0.06068675
0.06641343
0.06960357
0.07044952
0.07004854
0.06785238
0.06269945
0.05348068
0.04081048
0.02731718
0.01555357
0.00631134
-0.001580816
-0.008872377
-0.01583407
-0.0223049
-0.02812892
-0.03414133
-0.04118036
-0.04983381
-0.05993377
-0.07060821
-0.08044702
-0.08755973
-0.09142233
-0.09212405
-0.08982962
-0.08445935
-0.07643738
-0.06578116
-0.05652034
-0.04982338
-0.0418459
-0.03079467
-0.01727276
-0.00380552
0.008013848
0.02112108
0.03876829
0.05768284
0.07465698
0.08974028
0.1047389
0.1187816
0.128853
0.1361681
0.1395332
0.1397733
0.1379551
0.1346573
0.1299358
0.1235953
0.1154587
0.1046399
0.08849994
0.06761009
0.04192586
0.01608384
-0.006589956
-0.02421737
-0.03790232
-0.0500328
-0.06121323
-0.06915982
-0.0697603
-0.06267039
-0.04921218
-0.03084953
-0.01033534
0.005954321
0.01184648
0.00872655
-0.001504943
-0.01676342
-0.03276394
-0.04987272
-0.07037131
-0.09452064
-0.1158906
-0.1243694
-0.1224661
-0.1162022
-0.1082085
-0.09949547
-0.08831754
-0.07481114
-0.06106462
-0.0475147
-0.03618882
-0.02934477
-0.02339295
-0.01567733
-0.004939047
0.008944464
0.02669541
0.04386247
0.05555712
0.06481382
0.07477406
0.08485556
0.09159531
0.09440041
0.09261895
0.08835493
0.08263111
0.06952965
0.04788392
0.02019817
-0.01104518
-0.04243777
-0.07139577
-0.09687626
-0.125812
-0.157753
-0.1873675
-0.2019884
-0.1959454
-0.1667795
-0.1189762
-0.0659791
-0.01049873
0.04257774
0.08480381
0.1134712
0.1307762
0.1386198
0.1426671
0.145396
0.1464474
0.1403483
0.1265621
0.1110378
0.09793428
0.08662542
0.07413719
0.06073896
0.04798506
0.03375819
0.0152032
-0.006395617
-0.02616015
-0.04541358
-0.0649312
-0.08816786
-0.1186675
-0.148392
-0.174275
-0.1923287
-0.1979607
-0.1931993
-0.1802607
-0.1540136
-0.1209632
-0.08947642
-0.05953915
-0.03290431
-0.0086619
0.01439817
0.03604156
0.05367033
0.06474646
0.06918486
0.06824848
0.06374325
0.05876898
0.05449274
0.05062255
0.04651885
0.04200825
0.03788856
0.03494777
0.0337915
0.03337068
0.03233889
0.02996167
0.02459429
0.01273669
-0.005736614
-0.02797285
-0.05133962
-0.07269105
-0.08984287
-0.1010938
-0.1030211
-0.09301025
-0.06272468
-0.01984827
0.01875336
0.04502854
0.06698019
0.08819229
0.1048519
0.1131268
0.1158313
0.1178233
0.1197509
0.1211736
0.1215616
0.1205115
0.1169226
0.1103268
0.09860362
0.08044057
0.06065513
0.04005593
0.01374582
-0.01540916
-0.04636115
-0.08041912
-0.1100811
-0.127532
-0.1364847
-0.1388315
-0.1348769
-0.1245485
-0.1048182
-0.07911598
-0.05186072
-0.02786716
-0.006571024
0.0114323
0.0231813
0.02915056
0.03288029
0.03690977
0.03873345
0.03730086
0.03329932
0.02682577
0.01776683
0.005508021
-0.01118838
-0.03061619
-0.05053415
-0.06779134
-0.07959987
-0.08842845
-0.09435626
-0.093658
-0.08867947
-0.08181399
-0.07339863
-0.06270332
-0.04665564
-0.02711792
-0.005048975
0.01666592
0.03270544
0.04332575
0.05323018
0.06228995
0.06735839
0.06927538
0.06918664
0.06748943
0.06349016
0.05563286
0.04579518
0.03660013
0.02740695
0.01784285
0.008836018
0.002013433
-0.00271013
-0.006091046
-0.008688579
-0.01084817
-0.01302243
-0.01506943
-0.01651426
-0.01855487
-0.02262049
-0.02678619
-0.02943847
-0.03086977
-0.03113563
-0.03020269
-0.02966192
-0.02959657
-0.02827442
-0.02562243
-0.02268809
-0.02073533
-0.01981479
-0.01978179
-0.02047616
-0.0218462
-0.02278052
-0.02252906
-0.01954898
-0.01491209
-0.01054551
-0.007027172
-0.003985183
-0.00299253
-0.004383787
-0.006647563
-0.009034548
-0.0118674
-0.01511247
-0.01913265
-0.02483475
-0.02962026
-0.03208157
-0.03180993
-0.0279458
-0.02187019
-0.01433695
-0.004562618
0.006052663
0.01413448
0.01894908
0.02343313
0.0286423
0.03322009
0.03588178
0.03699206
0.03740059
0.03805754
0.03935926
0.04022062
0.04000538
0.0385817
0.03538941
0.02970232
0.02358359
0.01787183
0.01096888
0.003850022
-0.00168646
-0.005059485
-0.007286592
-0.008939512
-0.01080344
-0.01309514
-0.01559748
-0.01808038
-0.02067497
-0.02344439
-0.02518497
-0.02381354
-0.01947262
-0.01323609
-0.006564682
0.0002744237
0.006890209
0.01293122
0.01655909
0.01815847
0.01863177
0.01809747
0.0162718
0.0128302
0.007741242
0.00169853
-0.004144757
-0.009647078
-0.01552188
-0.02251521
-0.03053043
-0.03772944
-0.04280221
-0.04584228
-0.04707175
-0.04574891
-0.04243513
-0.03732445
-0.03135376
-0.02534406
-0.01968941
-0.01451824
-0.01148795
-0.01060643
-0.01029105
-0.009956651
-0.01015876
-0.01072255
-0.01130068
-0.01205151
-0.01235695
-0.01132635
-0.009593554
-0.007875003
-0.006165517
-0.004282648
-0.002226075
-0.0002288679
0.001547043
0.00310052
0.004569937
0.006149462
0.008633574
0.01275717
0.01709386
0.02061049
0.02361891
0.02657134
0.02911951
0.03148441
0.03410306
0.03683932
0.0395235
0.04265229
0.04586902
0.04834804
0.0495021
0.04932585
0.04805338
0.04525955
0.0398779
0.03408553
0.02971014
0.026177
0.02260184
0.01921034
0.01700331
0.01636765
0.01711769
0.0178152
0.01746005
0.01663848
0.01595053
0.0144365
0.01211499
0.009863137
0.008140928
0.006639215
0.004898865
0.003296564
0.00235119
0.002299578
0.003013627
0.004333752
0.00672888
0.0108843
0.01496956
0.01760165
0.01790489
0.01662278
0.01371947
0.007317207
-0.003078259
-0.0132665
-0.01986273
-0.02383809
-0.0285984
-0.0342703
-0.03900871
-0.04168614
-0.04233644
-0.04144147
-0.03844357
-0.03348971
-0.02795255
-0.02278084
-0.01798288
-0.01483188
-0.01421058
-0.01531884
-0.01690766
-0.01795504
-0.01933482
-0.02174113
-0.02321199
-0.02288835
-0.02087359
-0.01805166
-0.01507871
-0.01257866
-0.01041395
-0.008198213
-0.005951621
-0.004013559
-0.002983081
-0.003010936
-0.003245706
-0.003034125
-0.00227222
-0.001485255
-0.0009716286
-0.0002667118
0.001013829
0.002843712
0.004631128
0.005885717
0.006271791
0.006264181
0.007226633
0.009234019
0.01159657
0.01481138
0.01950754
0.02469516
0.02934163
0.03311205
0.03592294
0.0374417
0.03839956
0.03912236
0.03870955
0.03726812
0.03545785
0.03086183
0.02255961
0.01534343
0.01001961
0.004819751
0.0005117984
-0.002686097
-0.005257653
-0.006929542
-0.007823543
-0.008195462
-0.008651731
-0.009592658
-0.0111575
-0.01309948
-0.01548547
-0.01866444
-0.02261015
-0.02624182
-0.02852063
-0.02888177
-0.02698042
-0.02354676
-0.0181467
-0.01021837
-0.000374704
0.0104869
0.0182021
0.02220607
0.02424512
0.0251434
0.02209316
0.01613994
0.00694937
-0.004944286
-0.01331791
-0.01638928
-0.01789879
-0.02000093
-0.02227091
-0.02336119
-0.02273947
-0.02122913
-0.01957794
-0.01710171
-0.01364395
-0.01044549
-0.008416239
-0.00760862
-0.00710535
-0.006400276
-0.005194025
-0.003808267
-0.002573724
-0.0008876659
0.001687068
0.004199913
0.005764643
0.005988137
0.005146395
0.003247896
0.0009230626
-0.001602205
-0.00473801
-0.007150391
-0.007789498
-0.007815132
-0.008019811
-0.007914816
-0.008047991
-0.009099479
-0.01055117
-0.01201898
-0.01380833
-0.01540577
-0.01612327
-0.01514796
-0.01264015
-0.009404533
-0.006080619
-0.002662061
0.0002246528
0.002393014
0.003894046
0.005044986
0.005835433
0.006210072
0.006163483
0.005313397
0.003651256
0.001594136
-0.000854018
-0.003793619
-0.006582188
-0.008790967
-0.0104759
-0.01232128
-0.01467295
-0.01749338
-0.02017125
-0.02203904
-0.02215664
-0.02017971
-0.01591502
-0.01083478
-0.006102126
-0.00148259
0.003302658
0.006652256
0.008511657
0.00960685
0.01024546
0.01039946
0.01062655
0.01120815
0.01218488
0.01301747
0.01331978
0.01294235
0.01207674
0.0109891
0.01000137
0.009406042
0.01062174
0.01378628
0.01767105
0.02024681
0.02028297
0.01800275
0.01452369
0.01063795
0.00601419
0.0003772866
-0.0047966
-0.008351309
-0.01014521
-0.01103094
-0.01134091
-0.01101329
-0.009837334
-0.007216134
-0.00442298
-0.002606929
-0.0007274013
0.00193868
0.004742826
0.006668682
0.007212606
0.006980154
0.006776153
0.00709998
0.007489456
0.007308768
0.006210165
0.00425351
0.001687499
-0.0007346866
-0.002381366
-0.003280078
-0.004032915
-0.005482047
-0.007781447
-0.01068506
-0.01359129
-0.01608382
-0.01792534
-0.01973086
-0.02184635
-0.02288304
-0.02226401
-0.02077735
-0.01915667
-0.01722065
-0.01475383
-0.0119114
-0.009004183
-0.006371983
-0.004206195
-0.002202205
-0.0001722288
0.001565084
0.002582896
0.002534053
0.001955484
0.001286585
0.0004027316
-0.0005136724
-0.000614408
0.0008674926
0.004426941
0.008589306
0.01233591
0.01631913
0.020985
0.02606026
0.03078423
0.03470184
0.03892155
0.04411303
0.04891752
0.05243708
0.0549623
0.05688937
0.05793898
0.05785174
0.05653714
0.05430071
0.05205038
0.05043301
0.04893278
0.04708005
0.04532714
0.04391905
0.04267233
0.04164885
0.04094224
0.04011493
0.03848227
0.03552338
0.03110804
0.02520187
0.01726929
0.007528485
-0.003380411
-0.01393632
-0.02328554
-0.03208343
-0.04044446
-0.04814019
-0.05454546
-0.05900692
-0.06193926
-0.06384202
-0.06515808
-0.06619373
-0.06727797
-0.06731547
-0.06492892
-0.06020759
-0.05321637
-0.03775558
-0.01590139
0.00274908
0.02074989
0.0370501
0.04966315
0.05926593
0.06579549
0.06787904
0.06705968
0.06376294
0.05574615
0.04240654
0.0271861
0.0109204
-0.005596876
-0.02134396
-0.032958
-0.03778735
-0.03608661
-0.0280475
-0.01473256
-0.00274951
0.005534663
0.01144181
0.0149434
0.01678456
0.01614247
0.01346951
0.01020814
0.00781656
0.006646861
0.006264521
0.006307842
0.00639734
0.00571756
0.004134964
0.001662531
-0.001929598
-0.006607109
-0.01208777
-0.01738942
-0.02183651
-0.02501928
-0.02610813
-0.02408449
-0.0189624
-0.01102645
-0.0009669046
0.009404088
0.01684501
0.02295335
0.03025179
0.0367714
0.04082618
0.04250168
0.04300638
0.04229986
0.03952186
0.03425889
0.02458657
0.01008564
-0.004505231
-0.01599796
-0.02511932
-0.03208761
-0.03743236
-0.04198021
-0.04625239
-0.0479251
-0.0466017
-0.04371439
-0.0410017
-0.03849176
-0.03472096
-0.02971335
-0.02448116
-0.0189628
-0.01241392
-0.006531639
-0.002692945
-0.0005017772
0.001109012
0.002382508
0.00306557
0.002965557
0.002128395
0.0007131377
-0.0007272087
-0.001259144
-0.001159308
-0.001227248
0.0007019787
0.004285401
0.008053352
0.01186677
0.01547509
0.01841232
0.02144966
0.0250781
0.02817276
0.02997321
0.03066807
0.03055767
0.02932001
0.02720712
0.02452882
0.02112053
0.01658006
0.01083892
0.00426788
-0.002368809
-0.008586006
-0.01445895
-0.01961549
-0.02277482
-0.02422305
-0.02460745
-0.02512531
-0.02624615
-0.02781731
-0.02991959
-0.03309051
-0.03693622
-0.04073388
-0.04397366
-0.04623493
-0.04743701
-0.0475039
-0.04666308
-0.04547348
-0.04377166
-0.04103834
-0.03868985
-0.03720424
-0.03461573
-0.03063884
-0.02649014
-0.02234192
-0.01753257
-0.01130036
-0.004298592
0.0008144337
0.004231213
0.007758121
0.01180551
0.01539193
0.01740959
0.01796167
0.01682366
0.01493761
0.01335207
0.01150943
0.008890306
0.005940843
0.003390213
0.001675827
0.001177719
0.001942535
0.004009125
0.006789719
0.01001603
0.01379177
0.01809039
0.02159308
0.02390642
0.02512583
0.02571255
0.02569245
0.02532854
0.02489664
0.02455046
0.02385049
0.02240848
0.02131408
0.02121843
0.02172095
0.02175092
0.02074565
0.01937852
0.01813555
0.0166625
0.01471602
0.01229759
0.009584243
0.006668782
0.003483827
0.0003422788
-0.002334511
-0.003857114
-0.004501476
-0.004591399
-0.004842428
-0.005584056
-0.00632329
-0.006888483
-0.007816324
-0.009615251
-0.01224931
-0.01521175
-0.01817197
-0.02117937
-0.02427414
-0.02743365
-0.03065555
-0.03287987
-0.03276516
-0.03033983
-0.0267759
-0.02239489
-0.01750936
-0.01251869
-0.008904834
-0.007376754
-0.00673432
-0.006046583
-0.005646776
-0.005778645
-0.00613824
-0.006124586
-0.005562243
-0.004145117
-0.002016617
0.0005433029
0.003243452
0.006101572
0.009311853
0.01262659
0.01530896
0.01761635
0.02006508
0.02207983
0.02328141
0.02362105
0.02367905
0.0239292
0.0239858
0.02340904
0.02214144
0.02092591
0.02025236
0.01979701
0.01904305
0.0177014
0.01573753
0.01345424
0.01200547
0.01137365
0.01084773
0.01047992
0.0104354
0.01045886
0.0109177
0.01217172
0.01390506
0.01588586
0.01829768
0.02085498
0.02330536
0.02637401
0.03014217
0.03365715
0.03601452
0.03713914
0.03695069
0.03566946
0.03376164
0.03004001
0.02110473
0.009210157
-0.001741419
-0.009192835
-0.01372417
-0.01830351
-0.02378773
-0.02887665
-0.03231681
-0.03388232
-0.03292745
-0.03007224
-0.02615698
-0.02172094
-0.0168862
-0.01153201
-0.005877248
-0.0004025411
0.004352002
0.00823065
0.0111362
0.01296314
0.01351957
0.01316544
0.01205979
0.01064859
0.008843694
0.005895876
0.002494117
-0.0002941427
-0.001896505
-0.002435998
-0.001936097
-0.0001554894
0.002615809
0.005604314
0.008623297
0.01188254
0.01432178
0.01580646
0.01788859
0.01992341
0.01993179
0.01790279
0.01510781
0.0123197
0.008819021
0.003769304
-0.002924824
-0.00817404
-0.00993923
-0.01055156
-0.01157195
-0.01142562
-0.009211882
-0.00569001
-0.002595076
-0.0003544909
0.001468903
0.00337077
0.005322463
0.006780624
0.007911636
0.009372758
0.0110509
0.01236794
0.01245459
0.01077948
0.007319365
0.004456395
0.002822008
0.001172978
-0.0008887037
-0.003195111
-0.005840998
-0.006342723
-0.003135485
0.001761594
0.00608429
0.009618731
0.01366286
0.01851352
0.02303675
0.02641793
0.02839412
0.02886702
0.02809928
0.02638785
0.02415678
0.02130124
0.01618259
0.00929078
0.003013446
-0.000676545
-0.003408064
-0.007114685
-0.01126828
-0.01497978
-0.01807301
-0.01989146
-0.02104905
-0.02256394
-0.02419533
-0.02538147
-0.02607771
-0.02646318
-0.02666915
-0.02684561
-0.02717362
-0.02775348
-0.02832189
-0.02870873
-0.02902232
-0.02995089
-0.03164728
-0.03304748
-0.03411417
-0.03532008
-0.03592575
-0.03561478
-0.03456144
-0.03237836
-0.02921772
-0.02597794
-0.02338472
-0.02138061
-0.01936011
-0.01748171
-0.01672904
-0.01655842
-0.01598198
-0.01479783
-0.01322286
-0.01132259
-0.009549496
-0.008076455
-0.006697206
-0.005242439
-0.003781413
-0.00258387
-0.001567188
-0.0004591658
0.0008589672
0.002422747
0.004392812
0.00662638
0.008938258
0.01147171
0.01409445
0.0161656
0.01739216
0.01786492
0.0173843
0.01627802
0.01484914
0.01223927
0.008866664
0.006478166
0.005402766
0.005122628
0.00576913
0.007421392
0.00965955
0.01076496
0.01074216
0.01054383
0.01087698
0.01150383
0.01112075
0.009621004
0.007696308
0.005372556
0.002452612
-0.0009195587
-0.003620805
-0.004848788
-0.004336181
-0.003047366
-0.001535421
9.922272e-05
0.001735963
0.002861365
0.00315364
0.002656717
0.001510275
-6.215139e-05
-0.001976992
-0.004062146
-0.005814662
-0.006343969
-0.005583228
-0.004028003
-0.002028294
0.0003118763
0.002760423
0.005365995
0.008023512
0.009431779
0.009484058
0.00850167
0.007163377
0.005757292
0.003900641
0.001330245
-0.001981502
-0.006043732
-0.009648234
-0.01140451
-0.01105538
-0.009503984
-0.007653029
-0.006041444
-0.004636001
-0.002971086
-0.0008624772
0.001490425
0.003140407
0.003615496
0.003377928
0.003071214
0.003130391
0.003474611
0.003767787
0.003449965
0.002632043
0.001762542
0.001262811
0.001154953
0.001310447
0.001518367
0.001425204
-0.0003855234
-0.003093594
-0.00493606
-0.00580417
-0.006163857
-0.005602384
-0.004528327
-0.003587614
-0.003059431
-0.002684563
-0.002126444
-0.001325208
-0.0005002059
-0.0001498729
-0.0001891702
-0.0002192036
-9.946653e-06
0.000469232
0.001314182
0.002415094
0.003727509
0.005286751
0.007135991
0.009297387
0.01116901
0.01229916
0.01277143
0.01312461
0.01362401
0.01384783
0.01336028
0.01190434
0.01014922
0.008852803
0.00808203
0.007613565
0.007526958
0.007265209
0.006264885
0.005076851
0.00419119
0.003443601
0.003045429
0.003270628
0.004075988
0.005085783
0.005754455
0.005468205
0.003806178
0.00188456
0.0001676671
-0.002285107
-0.00585543
-0.009994118
-0.01349203
-0.0160171
-0.01784461
-0.01906493
-0.01989434
-0.02081836
-0.02213971
-0.0238121
-0.0246656
-0.02397248
-0.02163724
-0.0181454
-0.01342873
-0.007974997
-0.002296209
0.003534818
0.008777302
0.01170283
0.01301424
0.01381519
0.01386381
0.01278892
0.01019695
0.007047893
0.004574599
0.002927494
0.001400685
-0.0006256469
-0.002415536
-0.003114087
-0.002564883
-0.001358153
0.0003806871
0.001871346
0.002630351
0.003409517
0.004611992
0.005790472
0.006686215
0.007390498
0.007849998
0.008067725
0.008178027
0.008153163
0.007804835
0.007098564
0.005920809
0.00382831
0.0005364846
-0.003659697
-0.007410529
-0.01038764
-0.01303937
-0.01495152
-0.016316
-0.01906683
-0.02191053
-0.02199464
-0.0193156
-0.01573844
-0.01253442
-0.009525176
-0.005991242
-0.001728867
0.002718501
0.005596108
0.006731315
0.006415468
0.005147599
0.003316139
0.001704137
0.0003845869
-0.001076635
-0.002681948
-0.004214771
-0.005979224
-0.007824077
-0.009163342
-0.009006919
-0.007435376
-0.00447345
-0.001233937
0.001134453
0.002631315
0.003817519
0.005440772
0.007303491
0.008618837
0.009329244
0.01000678
0.01191006
0.01470201
0.01657112
0.01690279
0.0159166
0.01341529
0.008787523
0.001219549
-0.005685646
-0.009496204
-0.01139222
-0.01375163
-0.01635021
-0.01792895
-0.01840853
-0.01826494
-0.01725737
-0.01520592
-0.01305633
-0.01128814
-0.009645512
-0.007765995
-0.005238846
-0.002488555
-0.000606368
0.0002120252
0.0002157787
-0.0002292172
-0.0008599753
-0.001498344
-0.002633785
-0.004791863
-0.006868736
-0.007841038
-0.007505089
-0.00719158
-0.007649513
-0.007293196
-0.005448302
-0.003257194
-0.001890612
-0.001494915
-0.0007787905
0.0006009915
0.001582913
0.001957992
0.002290113
0.003057239
0.00386579
0.003749813
0.002815069
0.001528065
-8.372533e-05
-0.001857647
-0.003185418
-0.004363709
-0.005930053
-0.007851229
-0.009837735
-0.01182593
-0.01343221
-0.0144683
-0.01546246
-0.01652557
-0.01727187
-0.01730999
-0.01667847
-0.01618985
-0.01645469
-0.01749124
-0.01810836
-0.01777065
-0.01748474
-0.01729849
-0.01624281
-0.01397613
-0.01113007
-0.008505663
-0.00620688
-0.004008072
-0.001825879
0.0002089351
0.001702314
0.002459932
0.002478038
0.002252237
0.002170449
0.002418948
0.002841333
0.003194945
0.003426826
0.003635605
0.003888409
0.004356305
0.005339176
0.005988159
0.005552604
0.004247335
0.003040528
0.002518877
0.002281947
0.001922111
0.00173201
0.001724602
0.001600609
0.001344834
0.001147064
0.001283279
0.002225448
0.004250547
0.005732219
0.005937285
0.005704763
0.005770662
0.006134345
0.007526362
0.009855738
0.01201762
0.01341534
0.01422597
0.01528701
0.0168336
0.01834484
0.01995074
0.02221419
0.02445463
0.02611781
0.02722342
0.02799757
0.02850954
0.02929265
0.03027915
0.03008945
0.02918274
0.02894901
0.0288259
0.02763113
0.02477007
0.02123989
0.01798191
0.01492666
0.01179967
0.008678314
0.005840399
0.003286066
0.0007664327
-0.001511985
-0.003172601
-0.003760067
-0.003773541
-0.003813807
-0.003829598
-0.003582516
-0.003326792
-0.003066059
-0.002557505
-0.001940673
-0.00147578
-0.001433891
-0.001597565
-0.001632729
-0.001554642
-0.001538461
-0.0017021
-0.001997488
-0.002370366
-0.002992807
-0.003824556
-0.004541744
-0.005179579
-0.005965691
-0.006774558
-0.007480511
-0.008177849
-0.008874384
-0.009401959
-0.009213832
-0.00844999
-0.007419458
-0.00605201
-0.004271816
-0.002664534
-0.001254811
0.0004806853
0.002489088
0.00439327
0.005956335
0.006998004
0.007114978
0.006541543
0.005714487
0.004859659
0.00382764
0.002258298
0.0004724318
-0.001063159
-0.002230832
-0.003069358
-0.003506837
-0.003537806
-0.003296436
-0.002779367
-0.002622644
-0.003497735
-0.004310986
-0.004322742
-0.003911283
-0.003319783
-0.00230996
-0.001321634
-0.0005907335
0.0003222461
0.001236478
0.001502152
0.00099596
0.0001016958
-0.0008248663
-0.001438376
-0.001567755
-0.00163164
-0.001939199
-0.002430591
-0.00284985
-0.003072763
-0.003158746
-0.003025282
-0.002318063
-0.001464692
-0.0009493263
-0.0006064843
-6.994791e-05
0.0008162848
0.001473399
0.001479259
0.001095417
0.0007253828
0.0005667706
0.0003900453
-5.261788e-06
-0.0004044613
-0.0005815729
-0.0005022302
-0.0005997213
-0.001128072
-0.001745554
-0.002103284
-0.002109854
-0.002436882
-0.003471235
-0.004529724
-0.005118165
-0.005348778
-0.005618658
-0.005921498
-0.005427941
-0.004302103
-0.003296433
-0.002601167
-0.002020975
-0.001781725
-0.001860318
-0.002057273
-0.002527499
-0.003657526
-0.006202368
-0.009688898
-0.01310013
-0.0150312
-0.01546469
-0.01529953
-0.0152785
-0.01535919
-0.0149864
-0.01405621
-0.0130259
-0.01212488
-0.01100685
-0.009538314
-0.007976538
-0.006288626
-0.005306867
-0.006012431
-0.007136891
-0.007519151
-0.007219106
-0.007058172
-0.007431691
-0.007541274
-0.006819691
-0.004887114
-0.002911575
-0.002190646
-0.001644542
-0.0001271367
0.001786438
0.003388734
0.004683932
0.005407058
0.005379937
0.00506278
0.004659729
0.003862252
0.001966005
-0.001162232
-0.004539197
-0.00726398
-0.009133807
-0.0105255
-0.01165891
-0.01155275
-0.01055125
-0.009763183
-0.009473853
-0.009287738
-0.008833469
-0.008167997
-0.007525113
-0.006999743
-0.006527235
-0.006026995
-0.005459951
-0.004844613
-0.004312632
-0.003856889
-0.00258751
-0.0004426273
0.001529368
0.002738423
0.003297286
0.003560561
0.003874359
0.004802262
0.005800909
0.006013968
0.005889904
0.00604011
0.00613921
0.006150334
0.006452233
0.007075929
0.007868481
0.008748383
0.009692443
0.01072908
0.01154831
0.01197833
0.01247189
0.01309856
0.01338808
0.01300254
0.01202914
0.0108052
0.009414236
0.007469286
0.005194202
0.003071051
0.001468912
0.0003416369
-0.0004011124
-0.0006748708
-0.0005852918
-0.0004122923
-0.0003613443
-0.0004924238
-0.0007715036
-0.001182215
-0.001647789
-0.002013714
-0.002172257
-0.00222876
-0.00225598
-0.002160748
-0.001955678
-0.001764301
-0.002096672
-0.003087151
-0.00377281
-0.003487453
-0.002265229
-0.0006894486
0.0008835742
0.001776302
0.002071897
0.002082542
0.002791088
0.004572679
0.006367063
0.007703497
0.009099145
0.01016691
0.01042137
0.01068433
0.01122226
0.01121288
0.01034943
0.008969522
0.007256055
0.00558407
0.004781875
0.004211569
0.00314932
0.002558896
0.002737563
0.003142352
0.003328573
0.003257477
0.002817412
0.002338944
0.002314388
0.002464034
0.002251547
0.001197822
-0.0003129527
-0.001687549
-0.002476264
-0.002813071
-0.003628887
-0.004609945
-0.004735071
-0.003940511
-0.002868212
-0.002946748
-0.00358656
-0.003318592
-0.002451014
-0.001961229
-0.002344999
-0.002963412
-0.003085794
-0.003050563
-0.003434152
-0.00439961
-0.005592635
-0.006720742
-0.008049464
-0.009990744
-0.01298942
-0.01610654
-0.01818942
-0.01982229
-0.02152393
-0.02259974
-0.02261784
-0.02185335
-0.02095956
-0.02039698
-0.02055699
-0.02043255
-0.01905652
-0.01576836
-0.0116022
-0.008756147
-0.007157479
-0.005587508
-0.003189375
-0.0001574631
0.002834149
0.005368215
0.007318584
0.008694179
0.009552074
0.009796129
0.009331111
0.008176138
0.007280611
0.00724347
0.007565797
0.007411771
0.006095298
0.004467269
0.003531393
0.003629827
0.004193612
0.0048308
0.004386578
0.002527135
0.001317053
0.001471382
0.002212476
0.002200746
0.001128608
2.389365e-05
-0.0007843792
-0.002053258
-0.003303472
-0.003821189
-0.00417315
-0.004910891
-0.005918812
-0.006233152
-0.005470577
-0.004657451
-0.004739793
-0.005840054
-0.007309467
-0.008725663
-0.009635873
-0.009804334
-0.009193066
-0.008746592
-0.009068291
-0.01036692
-0.01137089
-0.01078781
-0.009120266
-0.007343349
-0.00642362
-0.005900218
-0.004695813
-0.00246958
0.0002622092
0.002225726
0.003138107
0.003559887
0.004354029
0.005770977
0.006951741
0.007430652
0.007352777
0.006816936
0.005677248
0.004494781
0.003687814
0.003500512
0.003558176
0.003423023
0.002734563
0.001442138
-0.0003998411
-0.00223924
-0.003519195
-0.003939374
-0.0038957
-0.004056272
-0.004517166
-0.004948838
-0.004773621
-0.004025519
-0.003118941
-0.002480684
-0.00224915
-0.001976918
-0.001400347
-0.0008156095
-0.0003171528
0.0003842867
0.001146544
0.001673487
0.001868803
0.001952538
0.002101816
0.002353041
0.002658749
0.003002815
0.003278335
0.003246198
0.003141641
0.003191207
0.002870062
0.001989445
0.0009792666
0.0001132029
-0.0006736975
-0.001383878
-0.002008591
-0.002578824
-0.003101607
-0.003521608
-0.003533975
-0.003205671
-0.003007994
-0.003042718
-0.003085878
-0.002805694
-0.002477177
-0.002906272
-0.003984554
-0.005192409
-0.005823317
-0.005952883
-0.006238361
-0.007389737
-0.009675724
-0.01192179
-0.01312401
-0.01298608
-0.01262984
-0.01287483
-0.01326159
-0.01316799
-0.01253484
-0.01190857
-0.01163168
-0.01103423
-0.009814009
-0.008398027
-0.006838612
-0.004802281
-0.002862335
-0.0015049
-0.0005000802
0.0006195441
0.002183997
0.003834061
0.005104285
0.005863868
0.00638233
0.006906125
0.007455104
0.007938485
0.008370401
0.008797761
0.009164817
0.009710317
0.01095377
0.01210367
0.01238712
0.01223505
0.0119941
0.01125747
0.01024407
0.009349449
0.008248455
0.006980909
0.006323525
0.005690872
0.004340469
0.003072188
0.002685103
0.003281184
0.003895875
0.003847206
0.003630916
0.003653798
0.003574579
0.003301342
0.003031268
0.002908503
0.002722347
0.001538503
-0.0009270473
-0.004288019
-0.006722775
-0.007567349
-0.007490683
-0.007642188
-0.008363209
-0.009500708
-0.01083394
-0.01286568
-0.01436239
-0.01353521
-0.01119643
-0.008986861
-0.007731689
-0.006826313
-0.00551065
-0.003013885
0.0005887892
0.003670745
0.005462395
0.0062877
0.006954979
0.007654747
0.008326491
0.00884562
0.009151685
0.009082361
0.008441429
0.006990253
0.004696321
0.002200708
-0.0003850187
-0.003342187
-0.005522999
-0.006498976
-0.006702356
-0.006605487
-0.006233067
-0.005873547
-0.005491597
-0.003897769
-0.001270281
0.001451302
0.003584319
0.005119928
0.006025222
0.006615363
0.00781173
0.009190646
0.009698232
0.008994156
0.007311927
0.004858084
0.002651173
0.001625243
0.00107503
7.274313e-05
-0.00181587
-0.003897034
-0.005378938
-0.006215852
-0.00677167
-0.006769573
-0.006012969
-0.004560353
-0.00306399
-0.00200984
-0.002168884
-0.00320135
-0.004642145
-0.005691279
-0.00600595
-0.005921086
-0.00594909
-0.006202632
-0.00654089
-0.006802184
-0.006598262
-0.006224226
-0.006609403
-0.007055822
-0.006704344
-0.006546062
-0.007420442
-0.009192921
-0.01054885
-0.01051817
-0.009528404
-0.00849156
-0.007882887
-0.007281126
-0.006128755
-0.004168874
-0.001646409
0.0003415251
0.001515342
0.002118742
0.0027113
0.003516831
0.004299704
0.004820301
0.005065672
0.005207851
0.005321631
0.005298261
0.005154425
0.005200875
0.005500534
0.005905288
0.006203852
0.00634393
0.006321333
0.006292734
0.006406244
0.006234649
0.005527344
0.004983882
0.004916935
0.005131787
0.005170974
0.004857873
0.004274633
0.003597326
0.002957094
0.002489258
0.002221411
0.002109569
0.002140811
0.00235787
0.002675877
0.002970098
0.002855879
0.002389771
0.002165919
0.00216141
0.001960627
0.001746506
0.00173842
0.001805221
0.001788854
0.001698876
0.001922933
0.002739586
0.004249154
0.005905853
0.007112619
0.008076837
0.009234274
0.01073983
0.01239268
0.01393669
0.01506018
0.01553433
0.01529691
0.01443896
0.01361636
0.01310445
0.01276227
0.01233693
0.01180811
0.01143661
0.01134991
0.0116002
0.01202239
0.01247457
0.0130442
0.01381963
0.01476052
0.01565625
0.01630977
0.01645723
0.01621794
0.01590277
0.01534314
0.01413193
0.0122218
0.009771831
0.007140854
0.004858305
0.003273676
0.002085872
0.0008768053
-0.0004772252
-0.001772275
-0.002780948
-0.003259719
-0.003344733
-0.003297017
-0.003441612
-0.00396258
-0.004585765
-0.00510981
-0.005644654
-0.006459248
-0.007857032
-0.008887353
-0.008788638
-0.008095999
-0.00785119
-0.008736212
-0.0098601
-0.0102785
-0.009768832
-0.008721166
-0.007461079
-0.006406294
-0.005803765
-0.005723831
-0.005752619
-0.00474944
-0.002977035
-0.001406648
-0.0004627429
4.145427e-05
9.508588e-05
0.000283214
0.001528766
0.003036425
0.003694138
0.003696306
0.00375592
0.004150419
0.004847905
0.005542253
0.005850248
0.00542315
0.004151394
0.003716337
0.00453998
0.004981713
0.004741633
0.004811583
0.004959241
0.004588844
0.004134901
0.003939359
0.003835034
0.003461382
0.002740431
0.001963488
0.001017104
-0.0007279887
-0.002126842
-0.002102486
-0.001203227
-0.0003254212
0.0001603854
0.0006125106
0.001360341
0.001816583
0.00171411
0.001467217
0.001594339
0.002272189
0.003065683
0.003625595
0.003848487
0.004336828
0.005645729
0.006449909
0.005957024
0.005986892
0.007015762
0.007844982
0.008130479
0.008346079
0.008510301
0.00851953
0.008504553
0.008397906
0.007968132
0.007139322
0.00613859
0.005304686
0.004724519
0.004400149
0.004656814
0.00536306
0.005745185
0.005607081
0.005302668
0.005556121
0.006429106
0.007597854
0.00830179
0.007959271
0.006447142
0.004097148
0.002484066
0.001850941
0.001497422
0.0007198347
-0.0005709743
-0.002258372
-0.003551819
-0.003766155
-0.003650247
-0.003934306
-0.004579778
-0.005207362
-0.005681244
-0.005948862
-0.006043435
-0.006159096
-0.006444358
-0.006985854
-0.007612997
-0.008161958
-0.008609807
-0.008918075
-0.008894417
-0.008711701
-0.008593749
-0.008450729
-0.008059821
-0.007251377
-0.00639044
-0.005890651
-0.00589182
-0.006129527
-0.006255744
-0.006202448
-0.006083233
-0.006098876
-0.006209712
-0.005863885
-0.004815651
-0.003172205
-0.00130328
0.0006232982
0.002247596
0.003301856
0.003529824
0.003859728
0.005180109
0.006883875
0.008152411
0.008578513
0.008590006
0.008664737
0.008685046
0.008365412
0.007934294
0.007605294
0.007360959
0.007230465
0.007287784
0.007576196
0.007914773
0.008058642
0.007656984
0.006719124
0.006094051
0.005875029
0.005459682
0.004787986
0.004265129
0.004424216
0.004642388
0.004011953
0.003047498
0.002493312
0.002502914
0.002687941
0.002770435
0.002954141
0.003411593
0.003601109
0.003508379
0.003618227
0.004038409
0.004428422
0.003994001
0.002788219
0.001133508
-0.0001020738
-0.0005123699
-0.0005919949
-0.0007682632
-0.0009448689
-0.000820662
-0.0003844538
-0.0003951462
-0.001122817
-0.00227422
-0.002746978
-0.002143241
-0.001360086
-0.001071567
-0.001247176
-0.001751015
-0.002430112
-0.002527793
-0.002125156
-0.001827184
-0.001958148
-0.002286106
-0.002044674
-0.001292204
-0.0005526698
0.0002905065
0.001492954
0.00250754
0.003134375
0.003551469
0.003597077
0.003154163
0.002943361
0.003180702
0.003390025
0.003748599
0.004554856
0.004962106
0.004651133
0.004227232
0.004472592
0.005475744
0.006705858
0.007559887
0.007478293
0.006619344
0.005306054
0.004883208
0.005642949
0.006703897
0.007151872
0.006768788
0.0056315
0.004629765
0.005287889
0.006980642
0.00843982
0.008929103
0.008775964
0.008212153
0.00796133
0.008652447
0.009508964
0.00985743
0.009848972
0.009980888
0.0104541
0.01094509
0.0111935
0.01111816
0.01113376
0.01164423
0.01208957
0.01200261
0.01176784
0.01177738
0.01199368
0.01185687
0.0111953
0.01091073
0.0111348
0.01129759
0.01129526
0.01130964
0.0110513
0.010238
0.008822693
0.007373974
0.006273635
0.00576101
0.005088929
0.003476984
0.001862228
0.0008812051
-0.0002371291
-0.001572632
-0.002481629
-0.003192919
-0.004030195
-0.004554891
-0.005020802
-0.006035405
-0.006787907
-0.007009082
-0.007703182
-0.008673857
-0.009057099
-0.009268795
-0.009736081
-0.01006874
-0.01047226
-0.01145681
-0.01231077
-0.01264828
-0.01303553
-0.01380876
-0.01481437
-0.01561473
-0.01604847
-0.01620734
-0.01634261
-0.01655958
-0.01675245
-0.01666713
-0.01599178
-0.01503126
-0.01412575
-0.01315842
-0.01193654
-0.01027714
-0.008439886
-0.006772568
-0.005256891
-0.003780822
-0.002593955
-0.001688856
-0.0009169326
9.521441e-05
0.001374752
0.001974488
0.002123352
0.002948498
0.004021461
0.004493024
0.004757322
0.005341289
0.006196916
0.007014849
0.007630935
0.007876279
0.008055632
0.008882889
0.01013511
0.01124063
0.01194014
0.01250499
0.01351899
0.01460544
0.0150258
0.01516604
0.01552121
0.01587451
0.01601874
0.01602692
0.01594478
0.01565836
0.01472667
0.01355894
0.01287376
0.01268001
0.01250032
0.0118045
0.01060242
0.009230298
0.008686803
0.008942904
0.008739928
0.007875961
0.007061262
0.006658768
0.006465273
0.00622036
0.005887929
0.005583238
0.005443191
0.005413702
0.005234555
0.00480036
0.004149003
0.003346522
0.002621901
0.002381968
0.00253352
0.002806685
0.00263332
0.001947792
0.001128537
0.0007447398
0.001018984
0.001146521
0.0007558219
0.000313878
9.623527e-05
-1.71368e-05
1.620628e-05
0.0003719717
0.001263737
0.002061267
0.002068768
0.001419894
0.0006617521
9.891802e-05
-0.0001667777
-0.0001005822
-0.0001166495
-0.0003704284
-0.000600853
-0.0009711642
-0.001833542
-0.002460174
-0.002376437
-0.001834373
-0.001264056
-0.0007179638
-0.0002276998
0.0001556768
9.541435e-05
0.0001241542
0.001048875
0.002615313
0.003979806
0.003835726
0.00252559
0.001164116
0.0009864679
0.0017071
0.001964057
0.001547512
0.001188938
0.001319258
0.001680499
0.001627129
0.001131708
0.0005639153
0.0002156663
5.272294e-05
1.777238e-05
-0.0001776792
-0.0007900558
-0.001486391
-0.001910361
-0.001746732
-0.001145157
-0.0004181115
-0.000628985
-0.002010481
-0.002644708
-0.002133616
-0.001564939
-0.001536456
-0.001795842
-0.00203247
-0.002005006
-0.001630725
-0.001254706
-0.001157969
-0.00153282
-0.001959984
-0.002026107
-0.002474378
-0.003573705
-0.004406587
-0.004638149
-0.004582527
-0.004135071
-0.003437248
-0.003556278
-0.004412273
-0.005178434
-0.005283449
-0.004959234
-0.004607988
-0.004240048
-0.003647137
-0.003179369
-0.003068569
-0.003371455
-0.003093034
-0.001287485
0.0004370784
0.001055101
0.001399848
0.0020928
0.002850982
0.003169773
0.002951351
0.002682992
0.002197128
0.0009059678
-0.0008642637
-0.002654507
-0.00435492
-0.005702606
-0.006353631
-0.006763674
-0.007510858
-0.008874321
-0.009992638
-0.01008072
-0.01022279
-0.01092096
-0.01115123
-0.01099518
-0.01133371
-0.01249741
-0.01377231
-0.01402922
-0.0136946
-0.01366102
-0.01401507
-0.01431174
-0.01422818
-0.01386095
-0.01340024
-0.01266734
-0.01158237
-0.01034379
-0.009206702
-0.008243908
-0.007283529
-0.006268056
-0.005352075
-0.004350374
-0.00302678
-0.002065753
-0.00164431
-0.0008197147
0.0004751291
0.001566356
0.002136937
0.002406071
0.002949027
0.003646506
0.003996125
0.003967024
0.003781963
0.003576491
0.003543529
0.003835524
0.004084629
0.00401732
0.003721607
0.003343701
0.002877834
0.002397466
0.001889958
0.001038258
-0.0001545664
-0.001402274
-0.002047537
-0.002210427
-0.00303128
-0.004439177
-0.005548818
-0.006072308
-0.006560675
-0.007770711
-0.009145312
-0.00975999
-0.009577456
-0.00896601
-0.007942403
-0.007524716
-0.008711576
-0.01015084
-0.01057217
-0.009975064
-0.009568307
-0.01011266
-0.01097276
-0.01133967
-0.01097082
-0.009689498
-0.007328736
-0.006152181
-0.00676223
-0.007156787
-0.006150808
-0.004172172
-0.002707499
-0.002320808
-0.002499617
-0.002470566
-0.00201109
-0.001649459
-0.001722305
-0.00178113
-0.001764619
-0.002211838
-0.0029362
-0.003394798
-0.00310556
-0.002642991
-0.002936411
-0.003388975
-0.003186428
-0.00275494
-0.002461338
-0.002040995
-0.001960388
-0.002654741
-0.003556539
-0.004070128
-0.004015981
-0.003690131
-0.003380912
-0.003299616
-0.003540822
-0.00427379
-0.004791877
-0.004580612
-0.004153048
-0.003984743
-0.004060695
-0.004608026
-0.005662521
-0.006013283
-0.0052845
-0.004182507
-0.00373081
-0.004311019
-0.005164195
-0.005617089
-0.005592428
-0.004980371
-0.003551911
-0.002630543
-0.002758538
-0.003260204
-0.003082779
-0.001839159
-0.0007595519
-0.0004349756
4.174752e-05
0.0006106574
0.0003996919
0.000197667
0.0008384878
0.001825244
0.002275063
0.00190997
0.00163834
0.00208052
0.003032965
0.003930303
0.004507715
0.004700693
0.004683475
0.005203156
0.006275868
0.007465442
0.008009818
0.007727146
0.007422457
0.007546357
0.007895495
0.007703887
0.006686803
0.005470048
0.004341646
0.002943999
0.001775932
0.001364887
0.001315712
0.001092451
0.0004520715
-0.0003190951
-0.0009209854
-0.001292342
-0.001614813
-0.002043763
-0.002715203
-0.003540549
-0.003867237
-0.003789744
-0.003871507
-0.003919631
-0.003631647
-0.003732551
-0.00432677
-0.004899684
-0.004850838
-0.004201359
-0.003887975
-0.004077649
-0.004229919
-0.004319552
-0.004649494
-0.005250789
-0.005843657
-0.006141142
-0.006246615
-0.006349351
-0.006393492
-0.006441497
-0.006735741
-0.007216787
-0.007601621
-0.00730099
-0.006759902
-0.006955217
-0.007504665
-0.007638591
-0.007393999
-0.00718858
-0.007221219
-0.007486567
-0.007770223
-0.007289165
-0.006316802
-0.005743127
-0.006229667
-0.007497288
-0.007867231
-0.007230319
-0.006614052
-0.00635804
-0.00607255
-0.005385341
-0.004586549
-0.004278177
-0.004100947
-0.003515012
-0.002629168
-0.001827573
-0.001359595
-0.001127165
-0.0009333271
-0.0006393649
-0.0002866946
2.973219e-05
0.0002880878
0.0005308458
0.0007964429
0.001081042
0.001362879
0.001476447
0.001112123
0.0007821254
0.0009830062
0.001466228
0.001754443
0.001618906
0.001358705
0.00130271
0.001613083
0.002003389
0.002118941
0.002245001
0.002678464
0.00290369
0.00259234
0.001949611
0.001943203
0.002808915
0.002779571
0.001538487
6.961404e-05
-0.0003471411
0.0003855061
0.000696881
9.338532e-05
-0.000764106
-0.001354917
-0.001726556
-0.002009307
-0.002732645
-0.00426304
-0.005148781
-0.004952784
-0.004939393
-0.00531005
-0.005537464
-0.006106749
-0.006898821
-0.00727637
-0.007257869
-0.007286804
-0.007685406
-0.008332556
-0.008962706
-0.009340141
-0.009493334
-0.009499276
-0.009142731
-0.008479555
-0.007933897
-0.007600382
-0.007196532
-0.00607945
-0.004239725
-0.002058078
-0.0001737111
0.001291434
0.002437361
0.003429181
0.004328575
0.005435962
0.006778603
0.00805061
0.008687482
0.008535225
0.008040474
0.00766927
0.007575514
0.008132423
0.009031593
0.009300227
0.009163733
0.009338688
0.009501625
0.009189497
0.008450742
0.007877888
0.007735106
0.007507146
0.007026267
0.006523853
0.005666048
0.004565976
0.004073485
0.004082217
0.003981466
0.003477477
0.002781782
0.002140058
0.001554485
0.001028738
0.0007307649
0.0001278366
-0.001134876
-0.002322314
-0.002882837
-0.002923345
-0.00322578
-0.003941983
-0.0044745
-0.004779247
-0.005131161
-0.005277953
-0.005205344
-0.005153217
-0.005170524
-0.005226415
-0.005386025
-0.005315632
-0.004822728
-0.004424513
-0.004280924
-0.004127007
-0.003968043
-0.00380695
-0.003421563
-0.003035143
-0.002963466
-0.003297314
-0.003635776
-0.003619147
-0.003584123
-0.003787363
-0.004019838
-0.003949596
-0.003566538
-0.003350244
-0.003379088
-0.003359837
-0.003059221
-0.002614575
-0.002358914
-0.002356502
-0.00246455
-0.00257555
-0.002598519
-0.002470911
-0.002224902
-0.001935947
-0.001650913
-0.001354063
-0.001098156
-0.001071286
-0.001269757
-0.001587995
-0.00201502
-0.00237121
-0.002421906
-0.002147031
-0.001778358
-0.001613473
-0.001747024
-0.002113171
-0.002729866
-0.003040415
-0.002594871
-0.002818152
-0.003756216
-0.004140958
-0.003357589
-0.002084267
-0.001401532
-0.001479234
-0.001776123
-0.001534215
-0.0008816391
-0.0003512996
4.805495e-05
0.0006197217
0.00158259
0.00275345
0.003766265
0.00388414
0.003675853
0.004170345
0.005294896
0.006228874
0.006233568
0.005717105
0.005411403
0.005504046
0.005472882
0.005062101
0.005076567
0.005283649
0.004807773
0.004124833
0.003857832
0.003924929
0.004054427
0.004040679
0.003242676
0.002335289
0.002142702
0.001892062
0.001142955
0.0002389218
-0.0006752214
-0.001485069
-0.001827461
-0.001804303
-0.001830146
-0.002634624
-0.003982746
-0.005274983
-0.00671722
-0.008054325
-0.008692411
-0.00902113
-0.009572595
-0.0103424
-0.01074051
-0.01063615
-0.01049604
-0.01080735
-0.01149506
-0.01167763
-0.01141767
-0.01136016
-0.0112094
-0.01071828
-0.01045591
-0.01045761
-0.01018414
-0.00948684
-0.008666117
-0.00798054
-0.007504403
-0.007163466
-0.006376751
-0.005097256
-0.003913593
-0.003249831
-0.003076478
-0.002513866
-0.001444252
-0.0007214975
-0.0001730185
0.0007952759
0.002003965
0.003044491
0.003758679
0.004747029
0.00628494
0.007248957
0.007372863
0.007274283
0.007406972
0.007670423
0.007813723
0.007966802
0.008408957
0.008807004
0.00874387
0.008032169
0.007548951
0.007890841
0.008431306
0.008596087
0.008405379
0.008171258
0.007952783
0.007221402
0.006270142
0.005777889
0.00547331
0.004929208
0.004185713
0.003411216
0.002639371
0.001774222
0.001202043
0.001384473
0.001435563
0.0006157491
-0.0009082934
-0.001889677
-0.001399583
-0.0005587347
-0.0003514811
-0.0005683723
-0.0007759207
-0.0008444728
-0.0005705712
-0.0002407941
-0.0003889051
-0.0008137038
-0.001000294
-0.0004476966
0.0003233495
0.0004734933
-0.0004895737
-0.001919278
-0.002536123
-0.001752255
-0.0001614119
-9.199351e-05
-0.001843795
-0.00363514
-0.003417368
-0.001210477
0.0002814562
0.0002381339
-0.0001332727
0.0002788523
0.001133874
0.0006932758
-0.0003282535
9.10501e-05
0.002322367
0.004527876
0.004190235
0.002552247
0.001887648
0.002876054
0.004284742
0.005017564
0.00523226
0.00562499
0.006801507
0.007716007
0.006981821
0.005362029
0.004396747
0.005086162
0.006453792
0.007368537
0.00719188
0.006480348
0.0064712
0.006848964
0.006527462
0.00573454
0.00512831
0.004948031
0.005043888
0.005281957
0.005483253
0.0055158
0.004942701
0.004214892
0.004074106
0.00436625
0.004593945
0.004570119
0.004322979
0.003770854
0.002355799
0.0006099876
0.0002274768
0.0008284049
0.001165495
0.0006593136
-0.0004107885
-0.001745714
-0.002834827
-0.003368226
-0.002737999
-0.001518249
-0.00140679
-0.002391793
-0.003401701
-0.003503337
-0.002969901
-0.00263716
-0.002772993
-0.003039977
-0.002833117
-0.002408234
-0.002787083
-0.003731847
-0.004369552
-0.003888734
-0.002959646
-0.002614048
-0.002867914
-0.003080399
-0.002531456
-0.001978706
-0.002468399
-0.002701855
-0.001866205
-0.0008925832
-0.0005424678
-0.0006876167
-0.0006407752
-0.0001722074
0.0004899257
0.001082658
0.001569255
0.002020143
0.002475191
0.002878773
0.002870461
0.002141091
0.001759131
0.002369691
0.002994043
0.003090683
0.003003774
0.00269822
0.002003876
0.001428485
0.001322647
0.001636478
0.002215029
0.002935907
0.003125996
0.002833148
0.002533581
0.002046936
0.001056881
4.654839e-05
-0.0004860792
-0.0004924867
-0.0008695859
-0.001830896
-0.001505811
-0.0004813428
-0.0007211831
-0.001254842
-0.0009804555
-0.0008867389
-0.001478308
-0.002204784
-0.002206937
-0.001656595
-0.001810463
-0.002432381
-0.002421486
-0.002006768
-0.001777413
-0.001328715
-0.0008622803
-0.001040217
-0.001364984
-0.001273923
-0.001066402
-0.0007408571
9.215286e-05
0.0009709783
0.00143167
0.001512298
0.001649294
0.002174806
0.0028159
0.00318582
0.003032581
0.002578918
0.002027916
0.0015445
0.001243695
0.001482232
0.001629903
0.0004660252
-0.0008330866
-0.0009292051
-0.0006482811
-0.0006893791
-0.0006089866
-0.0007823736
-0.001620267
-0.002062645
-0.001883321
-0.001784653
-0.001378288
-0.0001728112
0.0005297048
0.0001404809
-0.00060899
-0.0008751429
-0.00061099
-0.0003149925
-0.0001279515
0.0003036084
0.000904338
0.001412289
0.001866842
0.002411733
0.003089141
0.003533478
0.003377658
0.003011877
0.002879723
0.003067738
0.003247978
0.003214703
0.00335124
0.003887357
0.004817417
0.0054635
0.00516963
0.004448367
0.003902089
0.003435497
0.003502063
0.004757577
0.005731192
0.005617421
0.005224138
0.005389782
0.006120589
0.006321102
0.005619567
0.005728424
0.006663398
0.007055977
0.006423672
0.005342762
0.005191742
0.005924305
0.00665648
0.00718274
0.007747406
0.007853514
0.007499306
0.006990927
0.006307028
0.005306042
0.004181884
0.003257984
0.002723292
0.002876045
0.00361353
0.003327199
0.002382152
0.002308458
0.002883365
0.003176164
0.002872048
0.002228118
0.001309218
0.0004006783
-0.0004147865
-0.001851815
-0.002970166
-0.002248952
-0.001190914
-0.001409718
-0.002927896
-0.004100619
-0.0032808
-0.002295499
-0.003108729
-0.004968718
-0.006024065
-0.005039798
-0.003391928
-0.002601426
-0.002758171
-0.003050302
-0.002890511
-0.002444571
-0.002057158
-0.001506213
-0.0006355666
0.0003476687
0.00106546
0.001303919
0.001262323
0.001358347
0.002431439
0.00365708
0.003714936
0.003401097
0.003755403
0.004434744
0.004446389
0.003322637
0.002320751
0.002311593
0.002778374
0.003010416
0.002923533
0.002520687
0.001871446
0.001513017
0.001444626
0.001256332
0.00112037
0.001339209
0.001623366
0.001705056
0.001565045
0.001490638
0.001624633
0.001654745
0.001435488
0.001170313
0.001153982
0.001394481
0.001395358
0.001010148
0.0005383213
0.0001271855
-0.000308402
-0.0004991357
-0.0004075317
-0.0003713475
-0.0004827667
-0.0005641616
-0.0003797575
-8.606955e-05
-0.0001482649
-0.0001369242
0.0005765542
0.001154684
0.001063739
0.0008249802
0.0005247499
-0.0002275783
-0.0006876763
-0.0004046943
0.0005431296
0.0009528941
-0.000214914
-0.001568075
-0.00194029
-0.002027018
-0.002360234
-0.002630547
-0.002739207
-0.002716879
-0.00221671
-0.001118024
-0.0008590688
-0.000580666
7.39529e-05
0.0001261075
-0.0002490313
0.0001902496
0.0010793
0.00148202
0.001420589
0.001264492
0.0009946286
0.001068003
0.001772308
0.00248651
0.002595439
0.001832781
0.001533161
0.002512687
0.003207042
0.002673324
0.001514204
0.00101362
0.001483428
0.001774636
0.001412122
0.001042762
0.000769641
0.0002491699
0.0004945752
0.001506598
0.001711613
0.001325343
0.001522981
0.001987928
0.002072557
0.00182964
0.001687262
0.001842608
0.001952336
0.001899232
0.002297051
0.002917403
0.003035408
0.002676667
0.00231511
0.002360702
0.002775861
0.003338395
0.003333075
0.002519444
0.00162055
0.001442549
0.002182168
0.002693937
0.00246048
0.002804223
0.003711391
0.004033347
0.003545794
0.002769103
0.002522815
0.002632932
0.002380058
0.001814415
0.001416869
0.00152042
0.001711147
0.001327591
0.0008299889
0.0007511748
0.0004207484
-0.0004210164
-0.001419806
-0.001728448
-0.001197504
-0.001224349
-0.002094614
-0.003024721
-0.003288147
-0.00292522
-0.002591337
-0.002763493
-0.003648342
-0.00468816
-0.005265577
-0.004698151
-0.003723323
-0.003535681
-0.004165009
-0.004872951
-0.00447419
-0.003257937
-0.002683106
-0.003010516
-0.003486179
-0.003160531
-0.002221959
-0.001621759
-0.001668995
-0.002058231
-0.002084958
-0.001653772
-0.001231148
-0.0009411919
-0.000568427
-0.0003089933
-0.0003307272
-0.0007458208
-0.001321838
-0.001793297
-0.002095198
-0.00226249
-0.002121242
-0.002054058
-0.002547981
-0.002734631
-0.002042345
-0.00165336
-0.002047384
-0.002730094
-0.002763188
-0.00194635
-0.001266374
-0.001055247
-0.0006611157
-0.0001579125
-0.0001491476
-0.0006157795
-0.001096016
-0.001197527
-0.001144717
-0.001215314
-0.0009245893
-0.000180546
0.0001782393
-8.126994e-05
-0.000579852
-0.0008133096
-0.0007300935
-0.0006212729
-0.0005175762
-0.0002331757
-0.000280254
-0.0009340317
-0.001319477
-0.001042449
-0.0002912712
0.0002212823
0.0001377155
-0.0004752406
-0.0009712618
-0.0004049126
0.0001857279
-0.0002552547
-0.0006389854
-2.133764e-05
0.001410763
0.002173635
0.001270313
0.0002627989
0.0002898362
0.0009838725
0.001414834
0.001229701
0.001056098
0.001339261
0.001628033
0.001684514
0.001733467
0.001660419
0.001293669
0.0009480688
0.0008140396
0.0008378073
0.0008215909
0.0006532629
0.0001760376
-0.0004948552
-0.001000602
-0.0009130512
-0.0002680785
1.057297e-05
-0.000271729
-0.0004506061
-0.0003621277
-0.0003788005
-0.0007950029
-0.001291143
-0.001158371
-0.0005786818
-5.484907e-05
0.0001778355
0.0001699312
-0.000420777
-0.0009902884
-0.0006844122
-0.0001090545
-5.141095e-05
-0.000707493
-0.001310788
-0.001157618
-0.0005613949
3.317196e-05
0.0008861034
0.001759955
0.001510625
0.0007747671
0.0007260873
0.001254931
0.001673132
0.001597483
0.001313261
0.001211845
0.001427379
0.001774951
0.001692648
0.001378334
0.001506148
0.001735187
0.001465606
0.0006901966
0.0001438862
0.000670932
0.001313367
0.001028174
1.0507e-06
-0.0008931973
-0.0008835745
-0.0005516507
-0.0007154705
-0.001363056
-0.001830476
-0.00142975
-0.0006485114
-0.000188721
-0.0002394173
-0.0006004093
-0.001119804
-0.001407262
-0.001149818
-0.0009000533
-0.001054483
-0.001235415
-0.001231809
-0.001260652
-0.001323266
-0.00127043
-0.001001453
-0.0008003013
-0.001252369
-0.001761104
-0.001526941
-0.001192736
-0.001376109
-0.001954515
-0.002185366
-0.001589491
-0.001171186
-0.00163845
-0.002341838
-0.002555675
-0.002075337
-0.001502001
-0.001328
-0.001680331
-0.002201943
-0.002377734
-0.001996067
-0.001314258
-0.001294035
-0.001884256
-0.002042074
-0.001654492
-0.001284796
-0.00131197
-0.001581228
-0.001748664
-0.001651138
-0.001328911
-0.001020746
-0.0008612385
-0.0009637688
-0.001024129
-0.0005582754
4.560151e-05
0.0003139234
0.00053839
0.001011467
0.001653264
0.002047573
0.001916574
0.001886151
0.002349898
0.00273587
0.002741337
0.002565156
0.002643852
0.003094985
0.003578361
0.003730435
0.003297018
0.002670703
0.00223805
0.002027157
0.001794957
0.001322297
0.000943533
0.0009156015
0.0007320208
0.0002218654
-0.0001843622
-0.0002899404
-0.000247152
-0.0005153937
-0.001002854
-0.001085305
-0.0009069477
-0.000956103
-0.001219502
-0.001466518
-0.001634761
-0.001584109
-0.001186416
-0.0008868293
-0.0009647428
-0.001315728
-0.001669137
-0.001904
-0.001739459
-0.001308369
-0.001264431
-0.001563781
-0.001724265
-0.00152392
-0.001196238
-0.001209452
-0.001360459
-0.001180939
-0.0008199327
-0.0006232676
-0.0006229787
-0.000615557
-0.0002769079
0.000212801
0.0004533545
0.0005036112
0.000583672
0.0005583168
0.0003876088
0.0003034539
0.0003121775
0.000279614
0.0002484354
0.0002775301
0.0003272181
0.0002404319
-8.321339e-05
-0.0003519888
-0.0004205998
-0.0004370663
-0.0005625493
-0.0008049557
-0.0009783289
-0.001010931
-0.0009901882
-0.001020135
-0.001115382
-0.001183615
-0.001187917
-0.00117794
-0.00118894
-0.001216958
-0.001277722
-0.00135573
-0.001380383
-0.001318231
-0.001175574
-0.0009942767
-0.0008270278
-0.0007637539
-0.0007197614
-0.0005741074
-0.0004891049
-0.0005904868
-0.0007200465
-0.000724946
-0.0006010724
-0.0004688521
-0.0003927103
-0.0003845599
-0.0003864999
-0.0003483652
-0.000292141
-0.0002497814
-0.0001970902
-0.0001297008
-6.746535e-05
-3.542484e-05
-2.772335e-05
3.091175e-05
0.0001253066
0.0001487854
0.0001172163
9.792468e-05
7.165033e-05
3.919904e-05
6.984503e-05
0.0001336983
0.0001656906
0.0001368021
8.133641e-05
4.888944e-05
5.302642e-05
7.829126e-05
7.4593e-05
3.555569e-05
-3.660141e-06
-1.904283e-05
-1.179756e-05
1.150375e-05
2.786959e-05
2.673615e-06
-3.011233e-05
-2.919745e-05
-2.181793e-05
-3.04455e-05
-3.749491e-05
-3.102266e-05
-1.588297e-05
-1.398368e-05
-2.415295e-05
-2.348021e-05
-1.502339e-05
-1.482249e-05
-2.309079e-05
-2.959949e-05
-2.653596e-05
-2.3082e-05
-2.874118e-05
-3.27173e-05
-2.972885e-05
-2.800843e-05
-2.497235e-05
-1.691182e-05
-1.938799e-05
-3.068488e-05
-2.940546e-05
-1.926058e-05
-1.48907e-05
-1.569832e-05
-1.763167e-05
-2.370091e-05
-2.746365e-05
-2.131562e-05
-8.709958e-06
-1.97264e-09
-4.392837e-06
-1.32301e-05
-1.592326e-05
-7.843472e-06
3.478765e-06
6.753536e-06
2.956895e-06
-1.28018e-06
2.456222e-06
1.212974e-05
1.947513e-05
2.230603e-05
2.335715e-05
2.360211e-05
2.244113e-05
1.923612e-05
1.641042e-05
1.616061e-05
1.838432e-05
2.094972e-05
2.139468e-05
1.994706e-05
1.797282e-05
1.678984e-05
1.649413e-05
1.722936e-05
1.811907e-05
1.823458e-05
1.681974e-05
1.463157e-05
1.313639e-05
1.256434e-05
1.231057e-05
1.147494e-05
1.007919e-05
9.198196e-06
8.765572e-06
8.060111e-06
6.990382e-06
5.939673e-06
5.272787e-06
4.804482e-06
4.225974e-06
3.480811e-06
2.742148e-06
2.367654e-06
2.274559e-06
2.194572e-06
1.890191e-06
1.399753e-06
9.328921e-07
6.485884e-07
5.43959e-07
4.69607e-07
3.544447e-07
2.146579e-07
1.036796e-07
3.941811e-08
-4.378859e-08
-1.608553e-07
-2.166972e-07
-2.057611e-07
-1.802733e-07
-1.518626e-07
-1.065113e-07
-4.527306e-08
3.654642e-08
1.451732e-07
2.751044e-07
4.214602e-07
5.820141e-07
7.694505e-07
9.905079e-07
1.22578e-06
1.46787e-06
1.732271e-06
2.021089e-06
2.326692e-06
2.64628e-06
2.981311e-06
3.333257e-06
3.7021e-06
4.087451e-06
4.48898e-06
4.906881e-06
5.341054e-06
5.791325e-06
6.25796e-06
6.741083e-06
7.240541e-06
7.756011e-06
8.28742e-06
8.834643e-06
9.397626e-06
9.976227e-06
1.057037e-05
1.117999e-05
1.1805e-05
1.244532e-05
1.310088e-05
1.377162e-05
1.445747e-05
1.515837e-05
1.587425e-05
1.660507e-05
1.735075e-05
1.811124e-05
1.888648e-05
1.96764e-05
