-0.0006602678
-0.0006597853
-0.0006593045
-0.0006588472
-0.0006584015
-0.0006579872
-0.0006575789
-0.0006571636
-0.0006567268
-0.0006562954
-0.0006559298
-0.0006556819
-0.0006554395
-0.0006551199
-0.0006546995
-0.0006540078
-0.000653156
-0.0006530526
-0.0006536631
-0.000653864
-0.0006532841
-0.0006526236
-0.0006532386
-0.0006555456
-0.0006577775
-0.0006582831
-0.0006571158
-0.0006532931
-0.0006485547
-0.0006434708
-0.0006424612
-0.0006480986
-0.0006532038
-0.0006520695
-0.0006479548
-0.000646276
-0.0006476834
-0.0006490762
-0.0006438958
-0.0006253159
-0.000614474
-0.0006364884
-0.000674904
-0.0006989252
-0.0006979636
-0.0006793589
-0.0006439041
-0.0006054938
-0.0005808698
-0.0005834334
-0.0006228479
-0.000690005
-0.0007410294
-0.0007447683
-0.0007246611
-0.0006962364
-0.000640722
-0.0005871697
-0.0005778039
-0.0005969375
-0.000603377
-0.0005711573
-0.0005116333
-0.0004789877
-0.0004876226
-0.0005231916
-0.0005900558
-0.0006578531
-0.0006721815
-0.0006452611
-0.0006282381
-0.0006390297
-0.0006567523
-0.0006613819
-0.00065702
-0.0006531417
-0.0006506487
-0.0006530828
-0.0006566344
-0.0006540092
-0.0006495484
-0.0006487661
-0.0006721506
-0.0008008231
-0.0009656778
-0.00100912
-0.0009334233
-0.0007642366
-0.0006128764
-0.0006076549
-0.0007064298
-0.0009066025
-0.001211091
-0.001439979
-0.001577899
-0.001694059
-0.001719149
-0.001503425
-0.001093204
-0.0007538754
-0.0005230072
-0.0003634893
-0.0004292646
-0.0007918856
-0.001156562
-0.00121317
-0.001009357
-0.0006387938
-0.0001762062
0.0001792253
2.217447e-05
-0.0006342114
-0.00135163
-0.001750673
-0.001730008
-0.001565707
-0.001507448
-0.001442843
-0.001273223
-0.001074191
-0.0007851454
-0.0006411753
-0.0008832132
-0.001277337
-0.001306683
-0.0008193862
-0.0004174446
-0.0004700811
-0.0005798126
-0.0002790608
7.803311e-05
0.0001228773
-1.912391e-05
-9.17318e-05
-0.0002063495
-0.0005501589
-0.0009768497
-0.001541481
-0.001999565
-0.001845156
-0.001335592
-0.001043727
-0.0009367443
-0.000996147
-0.001363608
-0.001649804
-0.001853984
-0.002184517
-0.002080269
-0.001195857
0.0001071936
0.001547247
0.002684199
0.002799182
0.001720403
-0.0003538111
-0.002749888
-0.004440591
-0.004899654
-0.003900509
-0.001978343
-2.813322e-05
0.001574669
0.002300593
0.001846703
0.0005504483
-0.0007745958
-0.001556241
-0.001665974
-0.001206441
-0.0006059544
-0.0004012655
-0.0006356187
-0.0008012206
-0.0002245035
0.00101877
0.001586281
0.0005053064
-0.001832573
-0.00430586
-0.005617234
-0.005366793
-0.004102486
-0.00257443
-0.0006866471
0.002216834
0.005604501
0.007848719
0.007531678
0.004597567
0.0007094247
-0.002520295
-0.004193246
-0.004948447
-0.005399091
-0.005651879
-0.005695527
-0.005119846
-0.003987421
-0.002384716
-0.0008288459
-0.0004945103
-0.001739067
-0.004113418
-0.006459078
-0.006720494
-0.004055081
9.811095e-05
0.003511832
0.005202388
0.00475912
0.002473207
-0.0003318406
-0.00303699
-0.005756046
-0.00768658
-0.008291361
-0.007948209
-0.00717848
-0.006030051
-0.003892515
-0.0008774342
0.002127259
0.004538277
0.005080661
0.002429797
-0.002177379
-0.006065509
-0.007719149
-0.006825936
-0.00457867
-0.002688153
-0.001584836
-0.000432524
0.001126494
0.002989389
0.004641058
0.005606474
0.006239812
0.006401507
0.00537219
0.00298525
1.2064e-05
-0.002715062
-0.004129556
-0.003502543
-0.0006129421
0.003203208
0.006038599
0.005823151
0.001934263
-0.003533558
-0.007792628
-0.009669199
-0.009252402
-0.00644063
-0.002349728
0.0007218636
0.002315997
0.00325423
0.003253582
0.001824542
-0.000281906
-0.001333785
-0.0005998197
0.00197449
0.005614699
0.008821665
0.01073177
0.01168194
0.01284372
0.01398016
0.01435054
0.01373472
0.01087592
0.005119101
-0.00257399
-0.008790476
-0.01101068
-0.008646741
-0.003875083
0.0008800531
0.0038924
0.003435247
-0.0002860436
-0.005175286
-0.01032173
-0.01475884
-0.01750205
-0.01797395
-0.01592892
-0.01220055
-0.008096899
-0.004916188
-0.003169213
-0.002322019
-0.001164967
0.0009960989
0.00262815
0.001939084
-0.0007511658
-0.004051689
-0.005348613
-0.002704505
0.002209403
0.006033996
0.006063662
0.0009576958
-0.007404988
-0.0153484
-0.02059218
-0.02233651
-0.02036323
-0.01443011
-0.005723906
0.002126524
0.004668067
-0.0003896112
-0.009882354
-0.01813722
-0.02102186
-0.01669037
-0.006556782
0.005489939
0.01446725
0.01806901
0.01723671
0.01423426
0.01240094
0.01161543
0.00866127
0.003010215
-0.002527741
-0.005357122
-0.004330882
-0.0007703664
0.002262451
0.00293931
0.003086779
0.005836087
0.01142992
0.01680866
0.01742318
0.01113928
0.001511075
-0.006480303
-0.01258819
-0.01810757
-0.02398022
-0.02970301
-0.03273779
-0.03117274
-0.02437069
-0.01396937
-0.002880739
0.004553606
0.007189638
0.007790588
0.008416308
0.009817929
0.01237028
0.01536764
0.01882074
0.02275871
0.02540338
0.02232501
0.01215884
-0.001312835
-0.01244157
-0.01504426
-0.00851674
0.001255563
0.006433211
0.0038487
-0.002817517
-0.007804319
-0.007969938
-0.004846947
-0.00205229
-0.002162991
-0.005234596
-0.009810916
-0.01424424
-0.01828854
-0.02051841
-0.01865185
-0.01196993
-0.001412831
0.009099577
0.01420602
0.01162124
0.003167981
-0.006296647
-0.01364557
-0.01846118
-0.0197486
-0.0160111
-0.00713518
0.003057352
0.009329342
0.009132289
0.003922202
-0.003172828
-0.008712037
-0.01061625
-0.008590785
-0.002805396
0.004812003
0.01002785
0.01264488
0.01509712
0.01898144
0.02368254
0.02654533
0.02649219
0.02509524
0.02303038
0.01971544
0.014982
0.008233879
0.001009672
-0.002561105
-0.00129183
0.001898016
0.002170603
-0.002985022
-0.01127348
-0.01767577
-0.01820329
-0.0113155
-0.0008766105
0.006498508
0.004968089
-0.006475647
-0.02198445
-0.03424194
-0.04016277
-0.03888136
-0.03224393
-0.02380197
-0.01590589
-0.008392082
-0.001019629
0.0052599
0.009344782
0.01183973
0.01434404
0.01677092
0.01661592
0.01291635
0.007871074
0.002844465
-0.001453152
-0.004788756
-0.006973987
-0.00631947
-0.003036797
0.0002927635
4.420154e-05
-0.005062981
-0.01265617
-0.01870221
-0.0177639
-0.007684313
0.006340937
0.01776834
0.02318921
0.02039121
0.01260435
0.006190769
0.00399884
0.006472363
0.01216342
0.01901527
0.02543544
0.02842593
0.02519148
0.01705996
0.007771422
0.0006215405
-0.001860535
0.0005762259
0.005251347
0.008634487
0.009335843
0.008292141
0.006417347
0.005326278
0.005854385
0.006811202
0.006840933
0.005070536
0.0006742968
-0.004672222
-0.007617729
-0.005865938
-0.001514883
0.0005815091
-0.003218982
-0.0129316
-0.02624969
-0.03844604
-0.04438355
-0.04245506
-0.03501262
-0.02553929
-0.01726149
-0.01334498
-0.01540436
-0.02114124
-0.0273984
-0.03387925
-0.04051936
-0.04409818
-0.0403254
-0.02937012
-0.01600271
-0.004724328
0.002827569
0.005519681
0.005096286
0.005592563
0.007902053
0.009274446
0.006900171
0.0007751407
-0.005684379
-0.008700195
-0.00674738
-0.002360915
-0.001331703
-0.005865686
-0.01117867
-0.01114844
-0.005680728
-0.0009839897
-0.002759251
-0.01061403
-0.01906115
-0.02323453
-0.0208692
-0.01412387
-0.00802852
-0.005540872
-0.006434186
-0.008867515
-0.01118292
-0.01293967
-0.01488561
-0.01656132
-0.01588369
-0.01087847
-0.0009507263
0.01185821
0.02411769
0.03174277
0.03199025
0.02640086
0.01979686
0.01601439
0.01566809
0.01486005
0.008501782
-0.002873108
-0.01376969
-0.02066122
-0.0225981
-0.02120863
-0.01878401
-0.01688916
-0.01672967
-0.01716647
-0.01396366
-0.004823089
0.00876218
0.02157577
0.02901462
0.03083647
0.02765488
0.02049581
0.01178281
0.004600568
-0.0008761656
-0.006711589
-0.01389234
-0.02112767
-0.02633323
-0.02909406
-0.02904446
-0.02508282
-0.01589171
-0.004496306
0.003343453
0.004756009
0.001780283
-0.00118561
-0.001874227
2.395916e-05
0.002778774
0.003600782
0.002522382
0.002237555
0.003976566
0.005124563
0.00330484
-6.320048e-05
-0.0001168756
0.006481823
0.01839741
0.03040174
0.03825194
0.04092614
0.03830215
0.03265459
0.0280925
0.02698642
0.02802764
0.02872475
0.02760541
0.02413713
0.01785189
0.01055172
0.006094653
0.005549592
0.007368808
0.01121
0.01821793
0.02965061
0.04449238
0.0579622
0.06504843
0.0637508
0.05538261
0.04451544
0.03639886
0.03368878
0.03654976
0.04259616
0.04792222
0.04897837
0.04453633
0.03646057
0.02737264
0.01916323
0.01171951
0.004079436
-0.001477937
-0.00251695
0.0004325807
0.004137888
0.00593284
0.004610483
0.0005469675
-0.003485098
-0.005552551
-0.0064344
-0.008447882
-0.01189857
-0.01535627
-0.01731982
-0.01653373
-0.01331213
-0.009078736
-0.004565248
-0.000407309
0.004125684
0.01122768
0.02240939
0.03714527
0.05158523
0.06101323
0.06414665
0.06393918
0.06529734
0.07013036
0.07620292
0.07948935
0.07859938
0.07471676
0.06850168
0.06036361
0.0502067
0.03961786
0.03231562
0.03119401
0.03729724
0.04935075
0.06479781
0.08138014
0.09631961
0.1074797
0.1141332
0.1162018
0.1155608
0.1142284
0.1127081
0.1120353
0.1135631
0.1174968
0.1222912
0.1259359
0.1264636
0.1233235
0.1173374
0.1089211
0.09950929
0.09143606
0.08393014
0.0757292
0.06780004
0.06103847
0.05543072
0.05089206
0.04861033
0.04918118
0.05191894
0.0550451
0.05695145
0.05601464
0.05151284
0.04561982
0.03998087
0.03409508
0.02703445
0.01790942
0.005888805
-0.01015132
-0.02993543
-0.05061826
-0.07054103
-0.08539108
-0.09039954
-0.08596577
-0.07553196
-0.06269932
-0.0495368
-0.03748713
-0.02961127
-0.02783895
-0.03033195
-0.03398242
-0.03716685
-0.03957757
-0.04066823
-0.03944961
-0.03581609
-0.03035503
-0.02424687
-0.01863592
-0.01228635
-0.003322854
0.007883435
0.01886441
0.02747246
0.0333991
0.03822997
0.04391709
0.05176787
0.06226925
0.07445918
0.08801377
0.1034095
0.1188971
0.1320545
0.1427011
0.1515149
0.1586721
0.1653737
0.1711608
0.1739132
0.1735527
0.1717424
0.1696838
0.1683145
0.1685592
0.1705948
0.1720674
0.169995
0.1616438
0.1463483
0.1239697
0.09604901
0.06385899
0.02830355
-0.005117305
-0.03216808
-0.05348194
-0.06984667
-0.08181382
-0.09038222
-0.09778137
-0.1050863
-0.1126055
-0.1201502
-0.1283869
-0.138453
-0.1495049
-0.1606035
-0.1722478
-0.1855637
-0.1996672
-0.2146368
-0.2325884
-0.2536653
-0.2783616
-0.3062276
-0.3322913
-0.3529876
-0.3655999
-0.3697264
-0.3657488
-0.3519249
-0.3311059
-0.3111717
-0.2976594
-0.2915049
-0.2909499
-0.2929195
-0.293848
-0.2897416
-0.2773984
-0.2551618
-0.2223436
-0.1764511
-0.1187763
-0.06070265
-0.01927128
-0.002118429
-0.001214535
-0.005277362
-0.01055998
-0.01687417
-0.02240915
-0.02653251
-0.02988854
-0.0341765
-0.04182895
-0.05335596
-0.0666366
-0.07921902
-0.08914739
-0.09339172
-0.09075008
-0.08324926
-0.07419241
-0.0649305
-0.05633549
-0.04907676
-0.04153139
-0.03100125
-0.01534153
0.004013846
0.02237591
0.03925284
0.05597684
0.07383507
0.09540412
0.1192375
0.1439536
0.1688429
0.1924199
0.2119614
0.2257941
0.2341431
0.2371621
0.2357554
0.2309496
0.2215912
0.2070928
0.1865821
0.1606855
0.1346684
0.1109534
0.08919282
0.06867339
0.04805396
0.0264419
0.001256326
-0.0281026
-0.05850759
-0.08774326
-0.1145422
-0.1383515
-0.1585639
-0.1749934
-0.1867662
-0.1961903
-0.2064972
-0.2182892
-0.2297022
-0.2391967
-0.2458247
-0.248771
-0.2496302
-0.2491086
-0.2463116
-0.2393861
-0.2258773
-0.204489
-0.1770069
-0.1429226
-0.103026
-0.05991956
-0.01411631
0.0279476
0.05930733
0.07919388
0.09062294
0.09901984
0.1080708
0.1196076
0.1319848
0.1425963
0.1493945
0.152967
0.1557199
0.1577519
0.1573217
0.1538828
0.1493053
0.1451913
0.1428471
0.1424324
0.1432375
0.1449445
0.1489526
0.1571563
0.1679667
0.1777663
0.1852863
0.1922873
0.2003828
0.2088939
0.2158954
0.2210859
0.2260379
0.2317549
0.237664
0.2421842
0.2424638
0.236907
0.2255026
0.2090341
0.1877431
0.1619844
0.1299897
0.09128699
0.04977321
0.006421839
-0.03892896
-0.08580421
-0.1235307
-0.1434347
-0.1499667
-0.1526956
-0.1566569
-0.161848
-0.1674208
-0.172623
-0.1764293
-0.1790692
-0.1819017
-0.1847359
-0.1866421
-0.1882097
-0.1911007
-0.1959958
-0.2018406
-0.2058295
-0.2056932
-0.2018367
-0.1952307
-0.1850824
-0.1718618
-0.1587635
-0.1490979
-0.1443964
-0.1449861
-0.1522538
-0.1640721
-0.1730056
-0.1743276
-0.1693112
-0.1605831
-0.1485173
-0.1308757
-0.107395
-0.08349241
-0.06467939
-0.05087717
-0.03642814
-0.01666778
0.006199422
0.02757293
0.04464763
0.05805855
0.07152814
0.08758683
0.1058918
0.1232532
0.1376
0.1503653
0.1621002
0.1737628
0.1866385
0.2011753
0.2174627
0.2342901
0.2507669
0.2647602
0.2740587
0.2782926
0.2777505
0.273144
0.2654222
0.2532366
0.2370861
0.2165908
0.1929544
0.1703737
0.1511263
0.1360814
0.1240453
0.1119971
0.09701766
0.07623802
0.05051024
0.02659706
0.01017717
0.0007246737
-0.006444884
-0.01451178
-0.02162233
-0.02293961
-0.01689913
-0.00731485
0.001379648
0.007581629
0.01239061
0.01804556
0.02533593
0.03275135
0.0397996
0.04709646
0.05496477
0.06326266
0.07087695
0.07625175
0.078716
0.07746169
0.07340835
0.06855534
0.06307294
0.05677443
0.05095342
0.04735693
0.04524214
0.04161075
0.03407536
0.02432142
0.0160631
0.01055334
0.007807463
0.008916971
0.01560079
0.02530218
0.0344165
0.04314309
0.05219849
0.05999307
0.06310147
0.05976872
0.05093737
0.03732462
0.01879939
-0.004794199
-0.02943637
-0.04940621
-0.06474284
-0.07794708
-0.08910827
-0.09790246
-0.1046103
-0.1104298
-0.1154761
-0.1198198
-0.1237545
-0.1266824
-0.1281058
-0.1290679
-0.1315249
-0.1361322
-0.1412186
-0.1453665
-0.1489082
-0.153183
-0.158398
-0.1637525
-0.1695546
-0.1757738
-0.181782
-0.1883724
-0.196028
-0.204217
-0.2125647
-0.2208724
-0.2290072
-0.2365684
-0.2436929
-0.2516808
-0.2597056
-0.2671004
-0.2740184
-0.2799663
-0.2843608
-0.2870249
-0.2875126
-0.2850558
-0.2792127
-0.2714857
-0.2634419
-0.2551805
-0.2478409
-0.2434091
-0.2413614
-0.2389733
-0.233807
-0.2230722
-0.2027977
-0.173643
-0.139694
-0.1023512
-0.0650614
-0.03004159
0.002458225
0.02905519
0.04853935
0.06498549
0.0825091
0.1018143
0.1217297
0.1427121
0.1627037
0.1798948
0.1947787
0.2099117
0.2271989
0.2448226
0.2592782
0.2663167
0.2677725
0.2662916
0.2617799
0.2536851
0.2420634
0.2293741
0.2174448
0.2045749
0.1871291
0.1615218
0.1283508
0.09309292
0.05975268
0.02887799
0.00186879
-0.01917553
-0.03317785
-0.04017881
-0.0400298
-0.03345289
-0.02326598
-0.01254304
-0.002594843
0.006766967
0.0158867
0.02353502
0.02839938
0.03103933
0.03200359
0.03082659
0.02804862
0.02583124
0.0257397
0.02773762
0.03267508
0.04199209
0.05559365
0.07144078
0.08483449
0.09044257
0.08460555
0.06783912
0.04410666
0.01651976
-0.0142123
-0.04566204
-0.070445
-0.08423625
-0.0903491
-0.09502166
-0.1008624
-0.1060435
-0.1080663
-0.1061354
-0.1007621
-0.09157194
-0.07739841
-0.05944215
-0.0412917
-0.02907224
-0.02607467
-0.03027517
-0.03890003
-0.04986698
-0.06172892
-0.07584198
-0.09195973
-0.1076672
-0.1228382
-0.1346858
-0.1394096
-0.1374144
-0.1313348
-0.1228419
-0.1106343
-0.09232875
-0.06919227
-0.0434646
-0.01717815
0.00855366
0.03355688
0.0557294
0.07368964
0.08839579
0.1015309
0.1139146
0.1245006
0.1309398
0.1323069
0.1309636
0.1293513
0.1281269
0.1266555
0.1240712
0.1202845
0.1164028
0.1136485
0.1126674
0.1133348
0.1156931
0.1199216
0.1237395
0.1236998
0.1177527
0.107617
0.09556142
0.08157896
0.06476679
0.04614631
0.02945987
0.01718358
0.00684682
-0.003766463
-0.01591022
-0.02681632
-0.03391832
-0.03778877
-0.03891056
-0.03627453
-0.02861768
-0.01579487
0.0007395459
0.01818736
0.03484225
0.04849449
0.05654723
0.06000946
0.06155541
0.06292135
0.06571415
0.07119376
0.07871283
0.08575585
0.09122501
0.09485888
0.09572365
0.09445466
0.09180714
0.08750394
0.08051937
0.07074436
0.06018931
0.04954489
0.03994275
0.03296809
0.02807658
0.0255486
0.02570362
0.02840835
0.03389555
0.04119192
0.04870065
0.05440515
0.05677613
0.0542062
0.04607306
0.03457329
0.02244993
0.01114984
0.001666828
-0.005302938
-0.009477276
-0.00993804
-0.005257715
0.002391794
0.009190578
0.01469641
0.01830645
0.01816381
0.0131442
0.003606694
-0.008602037
-0.0218754
-0.03323461
-0.04025861
-0.04163679
-0.03670737
-0.02658072
-0.01429148
-0.002630596
0.007361136
0.01651651
0.02354099
0.02668029
0.02577955
0.02273222
0.01997922
0.01842444
0.01654116
0.01154522
0.003788725
-0.002123446
-0.002263472
0.001732776
0.004692509
0.003841987
0.0001021124
-0.005254301
-0.0118533
-0.01930112
-0.02725222
-0.03589221
-0.04378309
-0.04911594
-0.05188548
-0.05389069
-0.05616035
-0.05822726
-0.05938656
-0.06067377
-0.06401258
-0.06950119
-0.07495429
-0.07835987
-0.08042473
-0.08224003
-0.08178332
-0.07739702
-0.0698641
-0.06248207
-0.05683942
-0.05233772
-0.04873805
-0.04547787
-0.04301559
-0.04213966
-0.04167078
-0.04024232
-0.03759837
-0.0338967
-0.03014777
-0.02605076
-0.02008823
-0.01236319
-0.003926732
0.003928224
0.01038518
0.01649758
0.02159216
0.02444272
0.02510287
0.02433063
0.023814
0.02401659
0.02355457
0.02154894
0.01769442
0.01206119
0.004536906
-0.005438676
-0.0175022
-0.03148367
-0.04479219
-0.05403417
-0.0578839
-0.05648201
-0.05133368
-0.04497811
-0.03889436
-0.03295312
-0.02743694
-0.02168755
-0.01529495
-0.009167281
-0.004576692
-0.0009632853
0.003413608
0.008258789
0.01222642
0.01434669
0.01463791
0.01369838
0.01272688
0.01159921
0.009590812
0.008550389
0.01026316
0.01459501
0.01924913
0.0219375
0.02275318
0.02282868
0.02338993
0.02453185
0.02593258
0.0281075
0.03058244
0.03247567
0.0323611
0.03035874
0.02831098
0.02706439
0.02550037
0.02238333
0.01672941
0.009726834
0.002477884
-0.006418329
-0.01712034
-0.02890538
-0.04060133
-0.0504928
-0.05974958
-0.06989207
-0.08073222
-0.09009836
-0.09724456
-0.1036099
-0.1087695
-0.1117477
-0.1127375
-0.1123306
-0.1107446
-0.1074698
-0.1018859
-0.0946482
-0.08590872
-0.07441297
-0.05971876
-0.0416669
-0.02180156
-0.003070905
0.01052747
0.01554234
0.01267081
0.005971038
-0.0009131431
-0.007375234
-0.01254024
-0.01418797
-0.01217632
-0.008294442
-0.004878788
-0.003855371
-0.005408974
-0.008208291
-0.01144416
-0.01513155
-0.01957182
-0.02488657
-0.02964502
-0.03245523
-0.03321746
-0.03136418
-0.02590437
-0.01616648
-0.002582787
0.01205421
0.02618122
0.03928174
0.04953101
0.05699669
0.06302297
0.06756019
0.07064418
0.07334674
0.07622402
0.0781519
0.07864174
0.07778225
0.07538665
0.07185745
0.06664941
0.06008062
0.05238689
0.0435539
0.03515331
0.02792615
0.02208856
0.01813107
0.01684822
0.01770155
0.01976478
0.02157218
0.02269559
0.02416027
0.0255442
0.02515208
0.02293318
0.01925143
0.01309222
0.004119737
-0.006345518
-0.01592208
-0.02426888
-0.03077107
-0.03416161
-0.03487375
-0.03309459
-0.02887487
-0.02293807
-0.01625089
-0.009565743
-0.00299346
0.00338104
0.009149111
0.01382519
0.01773502
0.02383727
0.03341509
0.0434477
0.05123069
0.05750216
0.06334641
0.06758326
0.06962185
0.0696416
0.06826693
0.06681777
0.06682212
0.06867925
0.07090271
0.07226102
0.07308775
0.07432689
0.07650344
0.0789144
0.08062731
0.08205271
0.08240675
0.07957998
0.07310477
0.06436679
0.05413802
0.04369241
0.0334724
0.02482454
0.01916011
0.01572752
0.01374317
0.01316326
0.01408132
0.01636206
0.01953935
0.02395222
0.02956545
0.03541138
0.0405499
0.04410321
0.04615875
0.04627716
0.04449833
0.04283956
0.04133479
0.03851187
0.03386848
0.0293735
0.02555507
0.02073585
0.01388927
0.005583646
-0.003256524
-0.01091467
-0.01757879
-0.02501137
-0.03263349
-0.03833798
-0.04288223
-0.04774168
-0.05304825
-0.05873229
-0.06485706
-0.07153377
-0.07659379
-0.07755131
-0.07548601
-0.07137939
-0.06452541
-0.05540301
-0.04558678
-0.03670009
-0.02949567
-0.02374112
-0.01993272
-0.01886511
-0.01937256
-0.01999988
-0.02067611
-0.02123164
-0.02132305
-0.02166159
-0.02231784
-0.02183542
-0.01882506
-0.01386755
-0.008549965
-0.004100622
-0.001297163
-0.0007609405
-0.003257723
-0.007997422
-0.01309236
-0.0168262
-0.01911647
-0.02103702
-0.02223394
-0.02251501
-0.02318445
-0.02503903
-0.02802347
-0.03194349
-0.03589883
-0.03761734
-0.03488539
-0.02854142
-0.01895409
-0.006344011
0.006202694
0.01659309
0.02547107
0.03310939
0.03872749
0.04312306
0.04674704
0.05021564
0.05489137
0.06037626
0.06566782
0.0700221
0.07325012
0.0748063
0.07405194
0.07032366
0.06448784
0.05780525
0.05045535
0.04371052
0.03714774
0.02928758
0.01957895
0.007956758
-0.004846904
-0.01826165
-0.0316978
-0.04309015
-0.05148735
-0.05741688
-0.06114486
-0.06286279
-0.0640917
-0.06634178
-0.06929487
-0.07184503
-0.07416122
-0.07621809
-0.07717543
-0.0769458
-0.07653406
-0.07615456
-0.07517211
-0.07417206
-0.07405824
-0.07448228
-0.07457449
-0.07357814
-0.07115281
-0.06796242
-0.0648536
-0.06105706
-0.05589258
-0.05119148
-0.04853548
-0.04734971
-0.04638661
-0.04545904
-0.04504946
-0.04523486
-0.0460083
-0.04676121
-0.04772069
-0.04971829
-0.05200169
-0.05351692
-0.05417344
-0.05357197
-0.05192626
-0.05027759
-0.04913027
-0.04810112
-0.04669139
-0.04550869
-0.04557252
-0.04571248
-0.04503033
-0.04351087
-0.0410891
-0.03681373
-0.03075737
-0.02253514
-0.01267072
-0.001616816
0.009203063
0.01881287
0.02608363
0.03106727
0.03533788
0.04066785
0.04696664
0.05380748
0.06096417
0.06713952
0.0718015
0.07516819
0.07678538
0.07594586
0.07357729
0.07055763
0.06694683
0.06327384
0.06002132
0.05677483
0.05310379
0.04957781
0.04767071
0.0463928
0.04392399
0.03989325
0.03367723
0.02506506
0.01504413
0.004659838
-0.005421018
-0.01435354
-0.02080375
-0.02468552
-0.02602918
-0.02517557
-0.02300826
-0.02043994
-0.01798691
-0.01556833
-0.01293619
-0.01019939
-0.008042236
-0.006850531
-0.006500003
-0.006586593
-0.006596594
-0.00624484
-0.005337641
-0.004788263
-0.005592032
-0.00687409
-0.007957892
-0.009071362
-0.0103873
-0.0115205
-0.01124766
-0.009234436
-0.005492909
0.0002252893
0.008732251
0.01959082
0.02999308
0.03729576
0.04184421
0.04605526
0.05068682
0.05458218
0.05738075
0.05963237
0.06160293
0.06373419
0.06543863
0.06578379
0.06528588
0.06504271
0.06482689
0.06303907
0.05995562
0.05702846
0.05391461
0.05073926
0.047905
0.04530746
0.04299211
0.04134057
0.04014254
0.03993586
0.04194939
0.04464733
0.04567208
0.04539161
0.04459917
0.04325919
0.04076696
0.03675892
0.03271101
0.03001588
0.02852722
0.02795424
0.028386
0.02869491
0.0273326
0.02399531
0.01837434
0.01058251
0.001233609
-0.008452632
-0.01589349
-0.01981374
-0.02129126
-0.0217575
-0.0221248
-0.02256848
-0.02241262
-0.02174287
-0.02134479
-0.02085129
-0.01953163
-0.01691022
-0.01231858
-0.007265338
-0.002985991
0.0001438396
0.002177445
0.002807207
0.001938962
0.001085233
0.001181958
0.001181719
0.0005571995
-0.0006567495
-0.002564286
-0.005861939
-0.01026854
-0.01419874
-0.01656495
-0.01737838
-0.01705108
-0.01571876
-0.01334195
-0.01002024
-0.005759914
-0.001555279
0.002967207
0.007905902
0.01193881
0.01533776
0.01897756
0.02195358
0.02269099
0.02116058
0.01789485
0.01375314
0.01005076
0.007864833
0.006962443
0.006403277
0.0059609
0.005311202
0.003247622
-0.0005581626
-0.004661491
-0.00861688
-0.01182988
-0.01281049
-0.01157336
-0.009155343
-0.005601015
-0.001379303
0.002689023
0.006559048
0.01053184
0.01522674
0.01998383
0.02464679
0.0289029
0.03198875
0.03531226
0.03969778
0.0436878
0.04649909
0.04809867
0.04864755
0.04906972
0.04983795
0.050372
0.05056491
0.0515854
0.05294434
0.05204386
0.0484577
0.04392331
0.03921109
0.03411158
0.02847592
0.02163416
0.01364659
0.004772393
-0.004627243
-0.01462021
-0.02483913
-0.03419166
-0.04074513
-0.04370346
-0.04401546
-0.04183796
-0.03816868
-0.03373209
-0.02864666
-0.02321692
-0.01772788
-0.01253998
-0.008859398
-0.007659366
-0.009160586
-0.0126693
-0.01710804
-0.02053438
-0.02260532
-0.02464685
-0.02727078
-0.02975335
-0.03166254
-0.03278421
-0.03424988
-0.03598395
-0.03691917
-0.03689987
-0.03531037
-0.03235754
-0.02756745
-0.02185827
-0.01771281
-0.01518946
-0.01367274
-0.01360255
-0.01493663
-0.01654249
-0.01803072
-0.01979211
-0.02146409
-0.02243077
-0.02243342
-0.02134807
-0.01815007
-0.0122308
-0.004066132
0.00587869
0.01687128
0.0283133
0.04025578
0.05167502
0.06208875
0.07184448
0.07958744
0.08497396
0.0883939
0.09050609
0.0915386
0.09080637
0.08807591
0.08421047
0.0786823
0.07165774
0.06537973
0.0600289
0.05486135
0.04972579
0.04285348
0.03449014
0.02673213
0.02029672
0.0139461
0.006584177
-0.0009662539
-0.007553856
-0.01405811
-0.02146267
-0.02909369
-0.03660429
-0.04349042
-0.04971785
-0.05581262
-0.06069768
-0.06450606
-0.06730544
-0.06929472
-0.07042966
-0.07145179
-0.07397852
-0.07870536
-0.08337566
-0.08608123
-0.08780606
-0.09018842
-0.09348746
-0.09727075
-0.1011291
-0.1043071
-0.1067686
-0.1087449
-0.1095259
-0.109254
-0.1087303
-0.1076359
-0.105076
-0.1006916
-0.09456904
-0.08697777
-0.07892278
-0.07021636
-0.06059702
-0.05087602
-0.04216286
-0.03449979
-0.02780281
-0.02283804
-0.01991655
-0.01836326
-0.01786664
-0.01786521
-0.01774843
-0.01741381
-0.01717684
-0.01722374
-0.01739628
-0.01706284
-0.01534746
-0.01163569
-0.006053405
-1.136147e-05
0.00536207
0.009573793
0.0120573
0.01229414
0.01025394
0.007175508
0.003971786
0.0004381337
-0.00305822
-0.005893533
-0.008373502
-0.01101843
-0.01344704
-0.01448838
-0.01361063
-0.01115644
-0.006765924
-0.0004587137
0.006946775
0.01495315
0.02266158
0.02998552
0.03718655
0.04354908
0.04837403
0.05212989
0.05536439
0.05781179
0.05985087
0.06187281
0.06349208
0.06425239
0.06476911
0.0659238
0.0671622
0.06776296
0.06650698
0.06305482
0.0584995
0.05331456
0.04685276
0.03796431
0.02683805
0.01488647
0.002374013
-0.01007919
-0.02020265
-0.0255398
-0.02622632
-0.02435824
-0.02174671
-0.01891337
-0.01702774
-0.01777984
-0.02017296
-0.02194169
-0.02261231
-0.02371015
-0.02661501
-0.02982974
-0.03181155
-0.03163886
-0.03015197
-0.0294481
-0.03005273
-0.03114148
-0.03199322
-0.03236723
-0.03232461
-0.03096257
-0.02770177
-0.02320258
-0.0187903
-0.01497789
-0.01144985
-0.007755391
-0.004016967
-0.0008754655
0.00220395
0.005748079
0.009030092
0.01173363
0.01431817
0.01712989
0.01962236
0.02161264
0.02354637
0.02570123
0.02795993
0.02965246
0.03032581
0.03004183
0.02928519
0.02937427
0.03103751
0.03334869
0.03621381
0.04002373
0.04383368
0.04723537
0.05077751
0.05368478
0.05515239
0.0560458
0.05735505
0.05828616
0.0575705
0.0552403
0.05107515
0.04592096
0.04044115
0.03339954
0.02404375
0.01365583
0.003355865
-0.007206889
-0.01602527
-0.02214804
-0.02642046
-0.02884148
-0.03010455
-0.03127493
-0.03237364
-0.033129
-0.03255765
-0.03050827
-0.02713452
-0.02160406
-0.01346131
-0.004417002
0.003091098
0.007856374
0.01108647
0.01413944
0.01690603
0.01930193
0.02107497
0.02235455
0.0232944
0.023615
0.02380528
0.02450906
0.02556271
0.02698781
0.02901666
0.0317738
0.03423618
0.0350576
0.03444132
0.03298697
0.03103736
0.0289274
0.02555596
0.02105762
0.01702798
0.01336745
0.008625784
0.00285093
-0.002593206
-0.007171644
-0.01150331
-0.01562875
-0.01920522
-0.02189
-0.02390499
-0.02576285
-0.02741423
-0.02877224
-0.02939019
-0.02863021
-0.02678086
-0.02499176
-0.02367532
-0.02214882
-0.02103941
-0.02102564
-0.02144359
-0.02133952
-0.02045656
-0.02021849
-0.02107376
-0.0223184
-0.0229055
-0.02246166
-0.02112782
-0.01915595
-0.01689564
-0.01515707
-0.01436886
-0.01486983
-0.01687465
-0.019019
-0.01998612
-0.01944717
-0.01786127
-0.01598325
-0.01401904
-0.0121877
-0.01023145
-0.00876397
-0.009282471
-0.01215156
-0.01567361
-0.0183544
-0.02038185
-0.02266499
-0.0248016
-0.02508487
-0.02300916
-0.01975863
-0.01649436
-0.01307877
-0.009513711
-0.006322555
-0.003937896
-0.002568672
-0.001945838
-0.001385932
-0.0004965735
0.000450016
0.001232367
0.001906557
0.003018955
0.004112678
0.004774413
0.00524574
0.005422614
0.005825479
0.006649977
0.007069037
0.00685466
0.00648644
0.005937099
0.005356153
0.005252332
0.005496509
0.005724769
0.006489224
0.009076955
0.01313073
0.01784136
0.02293148
0.0271494
0.03017962
0.03233283
0.03310012
0.0327153
0.03185592
0.03147153
0.03181953
0.0323881
0.03310065
0.03355286
0.03298681
0.0299326
0.02408963
0.01614127
0.005554954
-0.005359617
-0.01339037
-0.0177775
-0.0195669
-0.01996205
-0.01968748
-0.01841218
-0.01672985
-0.01566218
-0.01565516
-0.01632449
-0.01781394
-0.02062677
-0.02459219
-0.0293467
-0.03384268
-0.03734838
-0.03989337
-0.04159627
-0.04208061
-0.04154346
-0.04069046
-0.04013118
-0.03896094
-0.03574141
-0.03069825
-0.02534538
-0.02015451
-0.01492408
-0.009021299
-0.002083187
0.004749624
0.01037667
0.01537406
0.02068153
0.02552426
0.02912441
0.03254759
0.03532542
0.03697427
0.03870133
0.0412383
0.0449212
0.0487776
0.05174454
0.05448568
0.05706736
0.05865959
0.05915199
0.05972753
0.06185414
0.0652517
0.06860281
0.07191509
0.07585615
0.07889134
0.07990118
0.07948888
0.0783854
0.07696287
0.07477979
0.07103259
0.06565532
0.05942521
0.05216479
0.04380163
0.03536718
0.02833446
0.02322383
0.01930738
0.01557866
0.0118843
0.008340551
0.005979067
0.004635358
0.002614341
-0.001041682
-0.006224817
-0.01204755
-0.01854016
-0.02501338
-0.03071185
-0.03473815
-0.03760301
-0.04038954
-0.04227574
-0.04216585
-0.04042255
-0.03751113
-0.03316122
-0.0282117
-0.0237022
-0.02088998
-0.02093885
-0.02395473
-0.02806673
-0.03092617
-0.0321509
-0.03281415
-0.03404879
-0.03538531
-0.03481859
-0.0318725
-0.02735839
-0.02189491
-0.0163345
-0.01103575
-0.005803621
-0.0004911024
0.004436242
0.008568153
0.01183861
0.01450828
0.01735075
0.02151622
0.02665053
0.03190859
0.0369468
0.04049449
0.04178058
0.04143251
0.04016467
0.03802971
0.03531639
0.0322793
0.02799746
0.02260434
0.01726982
0.01182575
0.006651021
0.002014824
-0.001901321
-0.00597044
-0.009737617
-0.0125964
-0.01510099
-0.01769853
-0.019859
-0.0213003
-0.02251866
-0.0239256
-0.02512669
-0.02541133
-0.02469874
-0.02295133
-0.020279
-0.01662985
-0.01121152
-0.00468292
0.0007346421
0.004352198
0.00714023
0.009371511
0.009945152
0.007487424
0.002254943
-0.00337139
-0.007866172
-0.01225949
-0.0170336
-0.0217584
-0.02530651
-0.02721931
-0.02809439
-0.02870485
-0.02890706
-0.02844898
-0.02756851
-0.02641149
-0.02549654
-0.02439046
-0.02318478
-0.02273932
-0.02228672
-0.02079244
-0.01823648
-0.01594408
-0.01474275
-0.013956
-0.01288033
-0.01207591
-0.01184154
-0.01112
-0.009476762
-0.007661534
-0.006513031
-0.006439733
-0.00686568
-0.006990679
-0.006716808
-0.006447502
-0.006440862
-0.006375716
-0.005455598
-0.003993822
-0.002995677
-0.002200042
-0.001368876
-0.001367876
-0.002369239
-0.003377407
-0.00398583
-0.004392896
-0.005034867
-0.006203432
-0.008607282
-0.01203651
-0.01592858
-0.01996124
-0.02357051
-0.026787
-0.0305019
-0.03451655
-0.03865936
-0.04285688
-0.04607761
-0.04796885
-0.04914011
-0.05040658
-0.0514285
-0.05173803
-0.05210865
-0.05272992
-0.05252866
-0.05138116
-0.04901133
-0.04532155
-0.03991104
-0.03153949
-0.02051806
-0.008790508
0.002722376
0.01400048
0.02338225
0.02936617
0.03305292
0.03668848
0.04066082
0.04416563
0.04698831
0.04955046
0.05211423
0.05415794
0.05535625
0.05533592
0.05331408
0.04953595
0.04497711
0.03970259
0.03326341
0.02587324
0.01851489
0.01350819
0.01175295
0.01230607
0.01366233
0.01540697
0.01874767
0.02301189
0.02664755
0.02962858
0.03161674
0.03193891
0.03103931
0.02898095
0.02534856
0.02121007
0.01748909
0.01414754
0.01294209
0.01509415
0.01886542
0.02186701
0.02373187
0.02516263
0.02650156
0.02744754
0.02666254
0.02373649
0.02030252
0.01765481
0.01589898
0.01484439
0.01487712
0.01569663
0.01642581
0.01607755
0.01429066
0.01164657
0.008642269
0.00482
0.0007365043
-0.002219093
-0.003730885
-0.003993222
-0.003622362
-0.00267106
-0.0002900518
0.004250675
0.009516474
0.01364693
0.01640177
0.01910597
0.02166486
0.02305695
0.02226573
0.01921953
0.0151992
0.01097475
0.0076883
0.005444995
0.003165341
0.0002526378
-0.002915404
-0.005860681
-0.008552058
-0.0112316
-0.01444057
-0.01885859
-0.02405554
-0.02917846
-0.03343838
-0.03642307
-0.03793373
-0.0385252
-0.03834666
-0.0369222
-0.03424048
-0.03117379
-0.02787261
-0.0241526
-0.01997395
-0.01470723
-0.008789629
-0.003118955
0.001668476
0.005086518
0.007002594
0.007160579
0.005671358
0.002485004
-0.002274113
-0.007226789
-0.01151545
-0.01517011
-0.01823237
-0.02030721
-0.02159181
-0.02286639
-0.02438989
-0.02548191
-0.02608331
-0.02649596
-0.02662282
-0.02671549
-0.02757004
-0.02909042
-0.02993491
-0.02949693
-0.02810012
-0.02632971
-0.02414689
-0.02146533
-0.01892333
-0.01793316
-0.01845469
-0.01900163
-0.01900934
-0.01925291
-0.01964382
-0.01947626
-0.0180517
-0.01509521
-0.01117091
-0.007320772
-0.002889887
0.002632446
0.00830444
0.01262718
0.01535003
0.01747255
0.01928266
0.02049384
0.02112819
0.02141804
0.02101647
0.02016827
0.01861926
0.01601535
0.01291266
0.009663264
0.005227487
-0.0003613532
-0.004754664
-0.007524567
-0.009748731
-0.01149239
-0.01246356
-0.01257987
-0.01240122
-0.01193273
-0.01027787
-0.007226223
-0.002750034
0.001994663
0.00480954
0.004518917
0.001459198
-0.003273563
-0.008832386
-0.01538286
-0.02274455
-0.02971457
-0.03519101
-0.0398528
-0.04388104
-0.04691359
-0.0493712
-0.051203
-0.05183622
-0.0515992
-0.05127061
-0.05062921
-0.0495006
-0.04865552
-0.04795709
-0.04689899
-0.04590286
-0.04513589
-0.04484354
-0.04520946
-0.0461352
-0.04667325
-0.04643566
-0.04578328
-0.04444236
-0.04147658
-0.0365424
-0.03115517
-0.02610215
-0.02112239
-0.01667682
-0.01394325
-0.01285351
-0.01262516
-0.01263709
-0.01162813
-0.009613248
-0.007321552
-0.004115268
0.0009514898
0.006358426
0.01047202
0.01494909
0.02012313
0.02387299
0.02651531
0.02912804
0.03111927
0.0318993
0.03170494
0.0314469
0.03115553
0.03059887
0.02988905
0.02919405
0.0289304
0.02837241
0.02627788
0.0221859
0.01603577
0.008155224
-0.0004490696
-0.008978257
-0.01558103
-0.01921245
-0.02083913
-0.02158673
-0.02257615
-0.0236546
-0.02392855
-0.02288667
-0.0212385
-0.02020499
-0.01905361
-0.01728982
-0.01556177
-0.01437652
-0.01404836
-0.01428684
-0.01444472
-0.01431449
-0.01386847
-0.0127549
-0.01091769
-0.008602392
-0.00648233
-0.004264385
-0.001550812
0.001182968
0.003248623
0.005315226
0.008049356
0.01165082
0.01691259
0.02356892
0.02976435
0.03410133
0.03655139
0.03830601
0.04039351
0.04335496
0.04670751
0.04969482
0.05186665
0.05281264
0.05266658
0.05200272
0.05088274
0.04811481
0.04288828
0.03612
0.02849951
0.01990743
0.01032214
0.0009257631
-0.007755425
-0.01441858
-0.01840079
-0.02106109
-0.02222843
-0.02057461
-0.01713177
-0.01355292
-0.01061259
-0.00822254
-0.005910774
-0.004499444
-0.005056576
-0.00643414
-0.00724386
-0.007393906
-0.00779222
-0.009260536
-0.01140268
-0.01388615
-0.01661435
-0.01919249
-0.02081973
-0.02089071
-0.01943928
-0.0167719
-0.01274102
-0.006923266
-0.0004085256
0.005993936
0.01207746
0.01660038
0.01997726
0.02279289
0.02471344
0.02576547
0.02583693
0.02452964
0.02192062
0.01888523
0.0157025
0.01168133
0.007867166
0.004764396
0.001711622
-0.0001601158
-0.0005058879
-0.0007130755
-0.001222492
-0.001975213
-0.003241963
-0.00484041
-0.006315711
-0.007559137
-0.008770731
-0.009782893
-0.01041067
-0.0110332
-0.01187261
-0.01275504
-0.01347233
-0.0140787
-0.01421156
-0.01350056
-0.01153921
-0.009060477
-0.007448433
-0.007108252
-0.0074617
-0.007132625
-0.005830136
-0.003805401
-0.001038764
0.001971265
0.004633761
0.006615285
0.008994558
0.01250515
0.01663287
0.02096865
0.02574227
0.03119767
0.03681139
0.04159426
0.04579649
0.04939938
0.0519336
0.05280552
0.05249753
0.05242773
0.05349004
0.05481333
0.055842
0.05677612
0.05740151
0.05813886
0.05954061
0.06163429
0.06431437
0.06719276
0.06996656
0.07262487
0.07530593
0.07785343
0.07966483
0.08083259
0.08176741
0.08195866
0.08108653
0.08005878
0.07900682
0.07735841
0.07472446
0.07160963
0.06841713
0.06542696
0.06285963
0.05985405
0.05623444
0.05276299
0.04987322
0.04670375
0.04339792
0.03950897
0.03510923
0.03165219
0.02837175
0.02431967
0.02026637
0.01632076
0.01271022
0.009822356
0.007095147
0.00393566
3.756413e-05
-0.004915917
-0.0102593
-0.01581878
-0.02176322
-0.02765393
-0.03366733
-0.03989397
-0.04621242
-0.05226666
-0.05751573
-0.06112149
-0.063468
-0.06577825
-0.06773292
-0.06769367
-0.06596086
-0.06487961
-0.06536028
-0.06621134
-0.06633642
-0.06589421
-0.06556714
-0.06537716
-0.06452367
-0.06269102
-0.06025595
-0.0581175
-0.05596918
-0.05305607
-0.04926469
-0.04551613
-0.04209335
-0.03912686
-0.03639923
-0.0334353
-0.03034809
-0.02743477
-0.02473432
-0.02276842
-0.02239733
-0.02328887
-0.02432034
-0.02441432
-0.02382882
-0.02349224
-0.0240273
-0.02518859
-0.02622103
-0.02734587
-0.02921473
-0.03204596
-0.03521049
-0.03896022
-0.04321241
-0.04651556
-0.04880781
-0.05113213
-0.0535267
-0.05473174
-0.05380942
-0.0511061
-0.04776819
-0.04390368
-0.03986547
-0.03584213
-0.03206743
-0.02922697
-0.02739063
-0.02567379
-0.02426838
-0.02447951
-0.02564288
-0.02601815
-0.02543594
-0.02476163
-0.02380809
-0.02198208
-0.02033473
-0.01903985
-0.01830019
-0.01834782
-0.01862991
-0.01863595
-0.01837241
-0.01802038
-0.01721448
-0.01594451
-0.0152178
-0.01539373
-0.01578038
-0.01579416
-0.01553757
-0.01560684
-0.01644022
-0.01715279
-0.01730439
-0.01792755
-0.01948358
-0.02107647
-0.02149766
-0.02094377
-0.01979969
-0.01789415
-0.01603859
-0.01444208
-0.01227583
-0.009719682
-0.007494474
-0.005195334
-0.002433152
0.0001868668
0.001816178
0.002455117
0.002864528
0.004023778
0.005811828
0.007113421
0.007116915
0.006534149
0.006809556
0.008471431
0.01047583
0.01145344
0.01156135
0.01225042
0.01346288
0.01443527
0.01546407
0.01678464
0.01770515
0.01766113
0.01715142
0.01625314
0.01427681
0.01126875
0.008257223
0.006391677
0.006081588
0.006513427
0.006551044
0.006137165
0.006462956
0.008484536
0.01108664
0.01267973
0.01335025
0.01337645
0.01258336
0.01184743
0.01176181
0.01148302
0.01102492
0.01155772
0.01320871
0.01539997
0.01924057
0.02483644
0.03003556
0.03393516
0.03781154
0.04169399
0.04473712
0.04642651
0.04741951
0.04866845
0.05035428
0.05180189
0.05213423
0.05167803
0.05116095
0.05056507
0.04999126
0.04903526
0.04755491
0.0462035
0.04561406
0.04493744
0.04406599
0.04419815
0.04525155
0.0470068
0.04951106
0.05204196
0.05394572
0.05528924
0.05567805
0.05541913
0.05526278
0.05474659
0.0526092
0.04930795
0.04622477
0.04373339
0.04112789
0.03802214
0.03493162
0.03267267
0.03191677
0.03180922
0.03077449
0.02928693
0.02874732
0.02868457
0.0282034
0.02775685
0.02770652
0.02736323
0.02605849
0.02469116
0.02389908
0.02294811
0.02148967
0.0199631
0.0193102
0.02011495
0.02126801
0.02132043
0.02011015
0.01893954
0.01872841
0.01804632
0.01588389
0.01250764
0.008822096
0.005112856
0.0002496917
-0.005324615
-0.01068968
-0.01559837
-0.01926002
-0.0217232
-0.02398813
-0.02612324
-0.02762713
-0.0279433
-0.02685062
-0.02469837
-0.0210326
-0.01614905
-0.01101837
-0.006674854
-0.002775623
0.001613018
0.005527136
0.008042122
0.009116632
0.008938079
0.008006145
0.007338841
0.006972496
0.006863833
0.006950031
0.006992468
0.006898251
0.006764386
0.006395566
0.005648866
0.004861096
0.003793284
0.001990579
-0.000727467
-0.003788113
-0.006643664
-0.01024765
-0.01494859
-0.01866831
-0.02047675
-0.02168796
-0.02319925
-0.02449002
-0.02572444
-0.02671241
-0.02738489
-0.02843027
-0.02953534
-0.03029194
-0.03128409
-0.03227807
-0.03259536
-0.0328777
-0.03339885
-0.03314798
-0.03217661
-0.03111744
-0.02994751
-0.02860616
-0.02720404
-0.0258306
-0.02438151
-0.02237092
-0.02003027
-0.01828
-0.01721614
-0.01630755
-0.01542016
-0.01393009
-0.0126228
-0.01265411
-0.01419963
-0.01685813
-0.01977414
-0.02244545
-0.02511428
-0.02781336
-0.03024996
-0.03139832
-0.03146389
-0.03059083
-0.0291166
-0.0274504
-0.02525329
-0.0226824
-0.02053402
-0.01842177
-0.0157652
-0.01264812
-0.009765941
-0.008058397
-0.007515527
-0.007602083
-0.00767516
-0.007836281
-0.008776084
-0.01038203
-0.01197638
-0.01324353
-0.01406614
-0.01455444
-0.01517244
-0.015641
-0.01614794
-0.01687601
-0.01720262
-0.01703084
-0.01685447
-0.01737938
-0.01839903
-0.01880551
-0.01900124
-0.02052851
-0.0231342
-0.02511932
-0.02611288
-0.02700596
-0.0277792
-0.02744387
-0.0263948
-0.02542235
-0.02447365
-0.0238703
-0.02394429
-0.02430876
-0.02488141
-0.02543074
-0.02548129
-0.02521821
-0.02509808
-0.02507009
-0.02435152
-0.02278186
-0.02078359
-0.01788607
-0.01413095
-0.009690651
-0.005496202
-0.001181105
0.003811876
0.008301896
0.01233707
0.01591868
0.01862718
0.02018745
0.02052873
0.02007178
0.01904343
0.01770315
0.01613266
0.0138428
0.01088994
0.007901146
0.005184353
0.002556391
-0.0001645199
-0.003352677
-0.006622767
-0.008190243
-0.008608704
-0.009201538
-0.009824535
-0.01003889
-0.009944673
-0.009527838
-0.008726861
-0.007527286
-0.004543573
0.0005911188
0.006109746
0.01124756
0.01702059
0.02294372
0.02703504
0.02972897
0.03178134
0.03291717
0.03306236
0.03338491
0.03437492
0.03501455
0.03488437
0.03450464
0.03389931
0.03217018
0.02896057
0.02537698
0.02238376
0.01895816
0.01495243
0.01165408
0.009199425
0.006836636
0.00472214
0.00390623
0.00484985
0.006670183
0.008198
0.009177789
0.009653846
0.01032171
0.01158994
0.01250439
0.01246447
0.01206277
0.0119782
0.01207047
0.01158172
0.01070273
0.009982389
0.01029842
0.01117108
0.01144815
0.01092616
0.009719018
0.008323359
0.00777712
0.008404761
0.009630565
0.01041763
0.01106306
0.01246884
0.01485481
0.01726338
0.01956388
0.02213961
0.02495091
0.0277774
0.03053941
0.03328179
0.03583649
0.0376318
0.03800911
0.03588928
0.03209743
0.02872772
0.02578561
0.02206739
0.01803286
0.01401897
0.01030638
0.007318596
0.00510634
0.003597965
0.002298643
0.0007909722
-0.0004885062
-0.0008496406
-0.0009159864
-0.001174943
-0.0010483
-0.0008351226
-0.00138666
-0.00301097
-0.005399566
-0.008717788
-0.01293647
-0.01777153
-0.02222565
-0.02512127
-0.02719779
-0.02931951
-0.03123021
-0.03274564
-0.0337065
-0.03478409
-0.03632989
-0.03705933
-0.03677463
-0.03641963
-0.03645421
-0.03609417
-0.03478667
-0.0329309
-0.03013131
-0.02608921
-0.02223629
-0.01953371
-0.016863
-0.01372038
-0.01194467
-0.01275812
-0.01454544
-0.0163273
-0.01848698
-0.02100914
-0.02223245
-0.02103013
-0.01876472
-0.01719585
-0.01630544
-0.01479968
-0.01272429
-0.01099056
-0.009758672
-0.008583217
-0.007353523
-0.006528899
-0.005883959
-0.00526293
-0.004162563
-0.001967631
0.0009584164
0.005597344
0.01200805
0.01860654
0.02387395
0.02873262
0.03324548
0.03655431
0.03901908
0.04114255
0.04159943
0.03929815
0.03571995
0.03276915
0.02994812
0.02572086
0.02159149
0.01888057
0.01750494
0.01729079
0.01713595
0.01585224
0.01412713
0.01276939
0.0101183
0.005148929
-0.0001883681
-0.004271508
-0.007893763
-0.01216172
-0.01584696
-0.01797338
-0.01944787
-0.02045586
-0.02070295
-0.0206044
-0.02061825
-0.02027193
-0.01900116
-0.01727054
-0.01583188
-0.0151861
-0.01477171
-0.01352222
-0.01166426
-0.01008898
-0.009564119
-0.009810299
-0.00940835
-0.007800907
-0.005773397
-0.003612125
-0.001137015
0.001101066
0.003022005
0.004829337
0.00635239
0.00755574
0.008064359
0.007180396
0.00536405
0.003762554
0.002536457
0.0006428944
-0.002291055
-0.005340033
-0.007281936
-0.008063598
-0.008329979
-0.009169647
-0.01077917
-0.01164539
-0.01059066
-0.008595201
-0.007555593
-0.007416337
-0.007524245
-0.007780254
-0.008456283
-0.009406119
-0.01087113
-0.01204251
-0.0128926
-0.01404211
-0.01509566
-0.01458034
-0.01258763
-0.01056023
-0.00967228
-0.009638066
-0.008951968
-0.007232496
-0.005654377
-0.004691109
-0.003587929
-0.002547927
-0.001420685
0.0003658364
0.003116818
0.006253465
0.009254687
0.01195388
0.01406998
0.01551625
0.01572113
0.01435376
0.01291023
0.01148188
0.009220292
0.007657761
0.00685333
0.005367572
0.003925728
0.00367469
0.00424729
0.005071259
0.005519448
0.00481796
0.003631011
0.002681419
0.001739153
0.001098278
0.001206987
0.00216846
0.003679472
0.005332909
0.008002876
0.01240113
0.01668689
0.0192266
0.02014402
0.02032774
0.02084313
0.02094896
0.01992284
0.01881275
0.01810842
0.01770385
0.01710506
0.0165565
0.01672059
0.01770433
0.01862528
0.01923303
0.01939867
0.019231
0.01887457
0.01792337
0.01616711
0.0135837
0.01062419
0.007693323
0.004759168
0.002618279
0.001934055
0.001764061
0.001870582
0.002831269
0.005118681
0.008681611
0.01213444
0.01468118
0.01652567
0.0175392
0.01712601
0.01505244
0.0120406
0.009177704
0.007212224
0.006121234
0.004657627
0.002872803
0.002705056
0.004035497
0.005267596
0.00619553
0.007375358
0.009017912
0.0110896
0.01268893
0.01353843
0.01503192
0.01724413
0.01852744
0.01895652
0.02030511
0.02232923
0.02422895
0.02494514
0.02334354
0.02113118
0.01929635
0.0174543
0.01630524
0.01567549
0.01471262
0.01371113
0.01271316
0.01142592
0.009931862
0.008445897
0.006954448
0.005261882
0.003094728
0.001358056
0.0008315858
0.0006051985
0.000237955
-1.350592e-05
-5.949724e-05
-0.0002774995
-0.00140592
-0.003651733
-0.006554005
-0.009415684
-0.01203
-0.01460239
-0.01733266
-0.02020148
-0.02305629
-0.0254791
-0.02701737
-0.02774787
-0.028199
-0.02895352
-0.0295352
-0.02954523
-0.02883243
-0.02740116
-0.02580235
-0.02449813
-0.02336401
-0.02160376
-0.0187645
-0.01557377
-0.01277552
-0.01028779
-0.007720265
-0.005420515
-0.004480429
-0.005519348
-0.008007002
-0.01031744
-0.01153999
-0.01288765
-0.01552496
-0.01872277
-0.02050736
-0.02061704
-0.01994569
-0.0191494
-0.01787476
-0.01537696
-0.01168577
-0.007180292
-0.004027543
-0.003420306
-0.004766408
-0.006722761
-0.008469109
-0.009328069
-0.01049952
-0.01292968
-0.01502414
-0.01650826
-0.01800181
-0.01987395
-0.0222445
-0.0242742
-0.02577796
-0.02738147
-0.0285568
-0.02947109
-0.03075
-0.03213741
-0.03290492
-0.03339064
-0.03394109
-0.03501842
-0.0363757
-0.036959
-0.03701247
-0.03785037
-0.03957972
-0.04063867
-0.03989727
-0.03807463
-0.03560104
-0.03318092
-0.03134624
-0.02963052
-0.02765941
-0.02539011
-0.02343788
-0.0215706
-0.01952736
-0.01829671
-0.01793245
-0.0175642
-0.01716476
-0.0160211
-0.01332041
-0.01038195
-0.008352644
-0.006805568
-0.004938374
-0.003136365
-0.002163061
-0.001962892
-0.002794273
-0.004803026
-0.006531845
-0.007065728
-0.006995652
-0.00681933
-0.006249483
-0.005070056
-0.004086764
-0.003500509
-0.003040653
-0.002158734
-0.000484787
0.001764926
0.003180145
0.003707693
0.004393461
0.005391436
0.0071738
0.009379415
0.01104443
0.01216243
0.01365886
0.01603208
0.01824666
0.01982457
0.02135733
0.02245311
0.02334041
0.02437594
0.02499604
0.02491609
0.02414569
0.02226449
0.02005934
0.0185756
0.01768243
0.01733985
0.01825599
0.02035722
0.02274222
0.02430278
0.02550357
0.02770987
0.03025778
0.03148513
0.03206489
0.03274457
0.0321542
0.02980572
0.0266369
0.02329515
0.02004173
0.01633907
0.01260237
0.01012677
0.00902286
0.007660283
0.005600871
0.003610519
0.002171588
0.0002008368
-0.003142767
-0.006741622
-0.0100918
-0.01312847
-0.01521244
-0.01627482
-0.01645814
-0.01487109
-0.01166433
-0.008288353
-0.004959749
-0.001303843
0.002081573
0.005096515
0.008899007
0.0122646
0.01392367
0.01522974
0.01696803
0.01818286
0.01893546
0.01998152
0.02105627
0.02236429
0.0242089
0.02548693
0.02622814
0.02706366
0.02736436
0.02629911
0.02422394
0.02166757
0.01896822
0.01620085
0.01323364
0.01032166
0.008315658
0.008024289
0.008641231
0.009569149
0.01155417
0.01451037
0.01751224
0.02010095
0.02220664
0.02368251
0.0249359
0.02644194
0.02761252
0.02779239
0.02790091
0.02866617
0.02972221
0.03053981
0.03060654
0.03020875
0.02906808
0.02696722
0.02457344
0.02137134
0.0174225
0.01354476
0.009961728
0.007784834
0.006784881
0.005986222
0.005532988
0.005545327
0.00614905
0.006765647
0.006254192
0.004828189
0.002717064
-0.0001681077
-0.003864823
-0.007918073
-0.01125062
-0.0133836
-0.01432693
-0.0154619
-0.01679753
-0.01711925
-0.01608118
-0.01491718
-0.01426552
-0.01421372
-0.01417707
-0.01342378
-0.01264267
-0.01232417
-0.01185179
-0.01137077
-0.01081694
-0.00909436
-0.006703421
-0.004629128
-0.002495617
0.0001390409
0.002368225
0.003165122
0.002934455
0.001893444
0.0004628093
-0.001188756
-0.00280537
-0.003659979
-0.004030652
-0.004173153
-0.004222622
-0.004294664
-0.004421865
-0.004996686
-0.005942993
-0.006760656
-0.007315837
-0.007362823
-0.007124317
-0.00657898
-0.005677465
-0.004174734
-0.002144822
-0.0004687224
0.0006843445
0.001745036
0.002486196
0.002388182
0.0007952304
-0.002050692
-0.004072127
-0.005103559
-0.006842907
-0.008750027
-0.009918411
-0.01078397
-0.01131486
-0.01104771
-0.009325329
-0.007038451
-0.005655677
-0.005659036
-0.006073932
-0.005489976
-0.004252295
-0.00299474
-0.001728588
-0.0003664793
0.001150535
0.002893944
0.00504872
0.006945985
0.008451072
0.01010221
0.01104528
0.01088851
0.01048747
0.01052127
0.01036694
0.008716637
0.006361842
0.004354152
0.002040972
-0.0008675629
-0.003832592
-0.005860014
-0.00680188
-0.007817175
-0.008595577
-0.00903711
-0.00972297
-0.01059545
-0.01144399
-0.0120771
-0.01268065
-0.01296804
-0.01287933
-0.0127234
-0.0122852
-0.01155235
-0.01121252
-0.01048077
-0.008927272
-0.007162711
-0.004834925
-0.002860188
-0.001644937
0.0003358213
0.002378987
0.002899922
0.002912946
0.003941791
0.005349202
0.00636863
0.00749712
0.009562482
0.01238802
0.01428684
0.01530657
0.01671607
0.0183746
0.01937068
0.01974356
0.01956901
0.01970873
0.02034728
0.02057263
0.01973176
0.01847726
0.01666101
0.01393868
0.01074004
0.007252154
0.003746432
-6.843894e-06
-0.002970233
-0.003612878
-0.00302319
-0.003432434
-0.004839842
-0.006262175
-0.007166848
-0.008333631
-0.00967091
-0.01122693
-0.0125635
-0.01396874
-0.01539575
-0.01770214
-0.02056885
-0.02254622
-0.02383344
-0.02525608
-0.02674306
-0.028263
-0.02857892
-0.02748904
-0.02633046
-0.02507321
-0.02287471
-0.02060184
-0.019993
-0.02028463
-0.01994089
-0.01881493
-0.01771192
-0.01801537
-0.0197938
-0.02135016
-0.02229474
-0.02330141
-0.02464376
-0.02618908
-0.02721981
-0.02770534
-0.02772342
-0.02752394
-0.02678903
-0.02489147
-0.0223611
-0.01952484
-0.01632934
-0.01274156
-0.008648985
-0.004156705
0.001118496
0.006228212
0.00948146
0.01071643
0.01122452
0.01173046
0.01183926
0.01060704
0.009256762
0.009054761
0.008864644
0.007696423
0.006578897
0.006664268
0.00813988
0.009822842
0.01069961
0.01210696
0.01447428
0.01605723
0.0166976
0.01708883
0.01680092
0.01604071
0.01522208
0.01494344
0.01520957
0.01543378
0.01499472
0.01362154
0.01223191
0.01199669
0.01185251
0.00974395
0.00610254
0.002731514
0.0003091538
-0.001193961
-0.002303764
-0.003686983
-0.004425012
-0.004749659
-0.005800508
-0.007087957
-0.00741879
-0.006943349
-0.006083872
-0.004858182
-0.004403307
-0.005301639
-0.006077966
-0.005474975
-0.004588368
-0.005066548
-0.006655945
-0.008831819
-0.01025994
-0.0101488
-0.009974688
-0.01061826
-0.01117377
-0.01045221
-0.008209759
-0.006146105
-0.004850286
-0.003393673
-0.001900382
-0.001254432
-0.001509832
-0.002122679
-0.003699937
-0.006369381
-0.008793726
-0.01064854
-0.01235052
-0.01456349
-0.01719114
-0.01892506
-0.02012422
-0.02082125
-0.02038857
-0.01814374
-0.01483987
-0.01189986
-0.01006762
-0.009341205
-0.007870686
-0.005227946
-0.003217216
-0.001967676
-0.00077593
0.001469434
0.00464772
0.007414293
0.008883634
0.009673378
0.01080361
0.01280351
0.01502022
0.01647081
0.01755602
0.01870969
0.02019473
0.02096723
0.02074541
0.02030474
0.01938594
0.0179046
0.01641788
0.01468402
0.0130374
0.01121376
0.008650322
0.006568262
0.006291904
0.006580187
0.006729864
0.007554422
0.009023221
0.01010302
0.0111007
0.01227088
0.01313057
0.013033
0.01201159
0.009902321
0.006292214
0.002556182
-0.0002722649
-0.003119486
-0.006067549
-0.007770173
-0.008823955
-0.009633449
-0.009913171
-0.00985114
-0.00980557
-0.009932601
-0.01026905
-0.01126742
-0.01263028
-0.01318108
-0.01327187
-0.01444811
-0.01576472
-0.01593352
-0.01540764
-0.01494881
-0.01436585
-0.01372153
-0.01300994
-0.01195047
-0.009663105
-0.006480754
-0.004128851
-0.003230034
-0.001762534
0.0009182893
0.003281385
0.004899089
0.006914929
0.009156713
0.01067575
0.01176252
0.01223782
0.0126021
0.01336386
0.01432074
0.01512082
0.01524619
0.01495124
0.01483384
0.01549028
0.01702095
0.01825122
0.01823416
0.01752538
0.01657387
0.01541539
0.01472281
0.01478592
0.01448043
0.0131089
0.01185663
0.01178566
0.01234211
0.01266161
0.01292542
0.01283157
0.01220727
0.01153839
0.01027301
0.009117454
0.008754833
0.007843098
0.006599239
0.006238972
0.006632472
0.00721576
0.008502735
0.009691134
0.009764656
0.008985271
0.007727411
0.006344578
0.005105268
0.003693053
0.001596743
-0.0004540358
-0.002032604
-0.003854985
-0.00583597
-0.007826635
-0.00958573
-0.01083809
-0.01273345
-0.01504516
-0.01659766
-0.01759075
-0.01789857
-0.01772285
-0.01760344
-0.01767017
-0.01701577
-0.01531946
-0.01338286
-0.01192
-0.01087141
-0.009637526
-0.00811804
-0.006549263
-0.005592122
-0.004626069
-0.003160107
-0.001524537
-0.0004929783
0.0004773781
0.001992873
0.003983045
0.006492434
0.008121076
0.008030865
0.007819724
0.008396463
0.00850078
0.007791573
0.007065464
0.005687212
0.003629274
0.001914297
0.0007413195
-0.0002407304
-0.0007859306
-0.0008059299
-0.0007081581
-0.0008002969
-0.001027738
-0.001061889
-0.0003625639
0.001149549
0.002826631
0.004172765
0.005286754
0.006419009
0.007232063
0.007744381
0.007494
0.00664916
0.00556052
0.004271377
0.00285785
0.001458204
0.0002561612
-0.0002744007
-0.0001376659
-0.0002982208
-0.001961151
-0.004072671
-0.006019853
-0.00756238
-0.008497159
-0.008665092
-0.008716906
-0.009785365
-0.0114755
-0.01245836
-0.01305673
-0.01369862
-0.01347663
-0.01242462
-0.01104728
-0.009718568
-0.008823817
-0.00802688
-0.006276115
-0.004100151
-0.002132651
-0.0002409902
0.001329228
0.002589003
0.003515336
0.003321352
0.002263151
0.0013536
0.0004316581
-0.0008606049
-0.00233614
-0.003261805
-0.00324632
-0.003350935
-0.004172541
-0.005211008
-0.00597859
-0.006029188
-0.00579675
-0.006273729
-0.007139034
-0.006910111
-0.005828927
-0.005248025
-0.004999458
-0.004628899
-0.00433681
-0.003699963
-0.002387226
-0.001275644
-0.0006993807
-0.0003948881
-0.0001937965
0.0004643595
0.001008586
0.0003822111
-0.0006160802
-0.0009385517
-0.001149712
-0.001670839
-0.002408892
-0.002186062
-0.0005313866
0.001518531
0.003093069
0.004852809
0.006692342
0.007884313
0.007799152
0.006451911
0.005015427
0.004292553
0.002863991
0.0002038546
-0.001895373
-0.00230242
-0.002278871
-0.002600974
-0.003016522
-0.003588181
-0.004766968
-0.006030072
-0.006709564
-0.007454825
-0.00845847
-0.008944269
-0.009117927
-0.009703897
-0.01026435
-0.01066483
-0.01127608
-0.01170578
-0.01209686
-0.01224561
-0.01122086
-0.009877697
-0.009597369
-0.009640244
-0.00817911
-0.00589844
-0.004652016
-0.004049762
-0.003424209
-0.002116536
0.0008958338
0.005225388
0.009097974
0.01151207
0.01285633
0.01388564
0.01467114
0.01484273
0.01410417
0.01271633
0.01176383
0.01128171
0.01031201
0.00867346
0.006879138
0.005335557
0.003584731
0.002170585
0.001289971
0.000356057
-0.0004731678
-0.001246538
-0.001759271
-0.001780274
-0.001605464
-0.001733181
-0.002584213
-0.00371018
-0.005490416
-0.008429765
-0.01250777
-0.01706358
-0.02050394
-0.02244946
-0.02360992
-0.02462007
-0.02475062
-0.02275705
-0.01937588
-0.01606773
-0.01271747
-0.009035904
-0.00552185
-0.002104644
0.001141174
0.003847056
0.00518268
0.00544508
0.006226533
0.007673055
0.009103938
0.01050569
0.01141694
0.01191706
0.01202687
0.01159658
0.01073541
0.009626212
0.007805579
0.005815177
0.003941723
0.002487645
0.001769545
0.0008945291
-0.0001459488
-0.000525281
-0.0003219785
-0.0005746724
-0.001084808
-0.001246842
-0.001557227
-0.001818414
-0.001775105
-0.001163707
-0.0002747079
-1.163233e-05
-0.0002646151
2.162461e-05
0.0008445939
0.001333453
0.001819391
0.002941903
0.003939535
0.004004649
0.003615461
0.003512871
0.00383693
0.004649742
0.0055531
0.006316641
0.00687567
0.007516802
0.008041781
0.008255243
0.008953631
0.01034743
0.01123341
0.01104936
0.01056032
0.01065202
0.01181604
0.01346617
0.01419455
0.01377318
0.01323275
0.01302973
0.0125952
0.01192055
0.01062488
0.008364617
0.006212307
0.004685177
0.002962413
0.001094905
-0.0004373392
-0.001677272
-0.002688767
-0.003071659
-0.002908479
-0.002460539
-0.001370941
0.0002051023
0.00170426
0.002948539
0.004157042
0.005853291
0.008494977
0.01127069
0.01298081
0.01386059
0.01489356
0.01609168
0.01660645
0.01639211
0.0157785
0.01463028
0.01266391
0.01064809
0.009259072
0.007316765
0.00530073
0.004324451
0.003612618
0.002771988
0.002361816
0.001967389
0.0007978281
-0.0004444951
-0.001122795
-0.001504859
-0.001617533
-0.001630872
-0.002138877
-0.003085224
-0.003489489
-0.00312785
-0.002216808
-0.001370509
-0.0007862142
-0.0004023549
-0.0004584486
-0.001278802
-0.002686078
-0.003733884
-0.004819723
-0.006578071
-0.008291991
-0.009064359
-0.009353322
-0.009785977
-0.009953547
-0.008967909
-0.006589057
-0.004082232
-0.002231982
-0.001459587
-0.001125306
-0.000586226
0.0004053955
0.00120214
0.001247092
0.0009256252
0.0008093726
0.0009622735
0.000883622
0.0001009455
-0.0003531465
0.0004731013
0.001447447
0.001487617
0.000978557
0.0007298011
0.0009056463
0.001167069
0.001501857
0.002235218
0.00277264
0.002705462
0.002727959
0.003797215
0.006051648
0.008605054
0.01027182
0.01114192
0.01175312
0.01169562
0.01084395
0.009599157
0.007452488
0.004494437
0.001506982
-0.001112724
-0.003258054
-0.004743941
-0.005568639
-0.005710849
-0.005134121
-0.00429074
-0.004059492
-0.003955124
-0.003401109
-0.003411581
-0.003856496
-0.004046702
-0.004811804
-0.005950732
-0.006803659
-0.00734084
-0.007901751
-0.008590116
-0.008859589
-0.008707378
-0.008654343
-0.009416111
-0.01104305
-0.01276709
-0.01408753
-0.01510212
-0.01575335
-0.01634129
-0.01696712
-0.01709763
-0.01631105
-0.01544147
-0.01539739
-0.01554379
-0.01431771
-0.01255349
-0.01135296
-0.01020263
-0.008201068
-0.006005578
-0.004517216
-0.003642139
-0.003305362
-0.003357167
-0.003403231
-0.003278173
-0.003355649
-0.004105978
-0.004784207
-0.004997765
-0.005208494
-0.004911199
-0.00413378
-0.002979513
-0.00133447
0.0008681432
0.002800702
0.004269381
0.006112601
0.008446686
0.01133591
0.01404752
0.01564036
0.01618358
0.01646749
0.01687626
0.01671895
0.01630244
0.01587207
0.01490128
0.01368696
0.01256622
0.01089503
0.009026653
0.007475934
0.006136506
0.004796151
0.003372335
0.001909575
0.0005053465
-0.0003709657
-0.0003735479
-2.379374e-05
0.0004640757
0.0005941241
-0.0001477763
-0.001226336
-0.001985256
-0.002036342
-0.002243766
-0.002821215
-0.002614049
-0.001717382
-0.001319423
-0.001536207
-0.00128193
-0.0003777335
0.0006370832
0.001321887
0.001845576
0.0024329
0.00318907
0.003864446
0.004101925
0.00470646
0.005933649
0.006159027
0.005294032
0.004759348
0.005066524
0.005554817
0.005632636
0.005402907
0.005231398
0.005220147
0.005274737
0.005305216
0.005473677
0.0062264
0.006908185
0.007132283
0.007574932
0.007824499
0.006868838
0.005035211
0.003372612
0.002220917
0.001160937
-0.0004141633
-0.002997386
-0.006144522
-0.008808871
-0.01035789
-0.01140564
-0.01269924
-0.01396602
-0.01439473
-0.01413377
-0.01393085
-0.01374534
-0.01280284
-0.01118551
-0.00992941
-0.009476408
-0.008801495
-0.007659764
-0.006669863
-0.006477635
-0.007255255
-0.007810807
-0.007574086
-0.006630584
-0.005156838
-0.003635802
-0.002353061
-0.001169547
-0.0003185255
-0.0002472638
-0.0009913946
-0.001901192
-0.002027323
-0.001571546
-0.00138782
-0.002145202
-0.003231212
-0.003542547
-0.003151469
-0.002741895
-0.002231075
-0.001683411
-0.001487834
-0.001111204
-0.0004469901
-0.000153411
-0.000224432
0.0001951002
0.00102706
0.001362489
0.001115779
0.0008588865
0.001056278
0.002113028
0.003784877
0.005217281
0.005575309
0.004974463
0.003944626
0.003578949
0.004627535
0.005787486
0.005819158
0.005189348
0.004632513
0.003800405
0.00267001
0.001932143
0.001426297
0.001140219
0.0009015428
0.0001741851
-0.0004887589
-0.0007583989
-0.001263345
-0.001777112
-0.002081548
-0.002681779
-0.003220301
-0.003248024
-0.003037471
-0.003326024
-0.004258961
-0.004490673
-0.003487356
-0.002639978
-0.002768284
-0.003265585
-0.003060806
-0.002010841
-0.001323237
-0.001458975
-0.0009694145
0.001186406
0.003102866
0.004095543
0.005408717
0.006633759
0.006875759
0.00693511
0.007124956
0.006357001
0.005082331
0.003763467
0.002041303
0.0004355626
-0.0004281433
-0.0008969186
-0.001491737
-0.002328743
-0.003147127
-0.00391169
-0.004514911
-0.00469421
-0.005089411
-0.005891045
-0.006812772
-0.007524043
-0.008117536
-0.008727699
-0.009458223
-0.009956308
-0.009359948
-0.00827625
-0.007408243
-0.007131396
-0.00717107
-0.006612354
-0.005800669
-0.005570266
-0.005835768
-0.005882127
-0.00507684
-0.004035075
-0.003371679
-0.003780969
-0.004480773
-0.004207331
-0.003745573
-0.003280586
-0.002738163
-0.001987404
-0.001301818
-0.0003774717
0.0008007287
0.001592195
0.002409865
0.003808917
0.005482657
0.006979396
0.008359728
0.009723331
0.01076039
0.01132714
0.01188344
0.01223828
0.01189573
0.01096766
0.0104984
0.01076926
0.01115586
0.01153687
0.01251836
0.01405639
0.01526459
0.0158647
0.01673525
0.01776406
0.01809018
0.01778481
0.01706572
0.01584343
0.01482778
0.01430744
0.0134327
0.01235072
0.01150678
0.01086318
0.01018764
0.009469818
0.008713763
0.00810027
0.007914116
0.007433004
0.006165049
0.005019588
0.004369131
0.003917269
0.003270436
0.002451953
0.001418213
0.0001264178
-0.0007183727
-0.001391416
-0.002760135
-0.005134495
-0.007428949
-0.008939106
-0.01056257
-0.01249317
-0.01414707
-0.01528472
-0.0156788
-0.01551594
-0.01513922
-0.01424008
-0.01279585
-0.01126911
-0.009708017
-0.007680635
-0.00572982
-0.004354331
-0.003232548
-0.00191549
-0.0006163898
-0.0001255937
-0.0003716788
-0.0002879591
0.000603724
0.001305241
0.001233278
0.0008616067
0.0007566018
0.0009306213
0.001088075
0.001080595
0.000994677
0.0009382673
0.0005800069
-0.001067998
-0.003731679
-0.005248559
-0.005313008
-0.005804324
-0.007448563
-0.008977772
-0.009654483
-0.009983339
-0.01008139
-0.01005566
-0.0100761
-0.01009169
-0.00960919
-0.008710821
-0.007823503
-0.007210616
-0.006569925
-0.005417741
-0.004458064
-0.004401076
-0.004793558
-0.005014351
-0.005492721
-0.006673297
-0.007649923
-0.007732055
-0.007871844
-0.008635975
-0.009891763
-0.01125483
-0.01182827
-0.01141292
-0.01037503
-0.009582232
-0.009089978
-0.008687151
-0.008002727
-0.007223464
-0.006414393
-0.005759137
-0.005066704
-0.004360705
-0.003410476
-0.002150925
-0.001439146
-0.001370675
-0.0009392182
-9.489905e-05
0.0008371152
0.001479771
0.002316817
0.003479718
0.004069286
0.004108254
0.004631745
0.00533432
0.005489463
0.005198757
0.005004463
0.005106829
0.005564008
0.006448407
0.007327986
0.008045146
0.008568231
0.009158098
0.009529075
0.009512142
0.009381106
0.009371211
0.009120156
0.008361462
0.00788366
0.008360144
0.009120554
0.008799903
0.007972848
0.00768911
0.007496632
0.00643516
0.004734464
0.003102916
0.001789228
0.0005902477
-0.0007067916
-0.001687831
-0.002271898
-0.002855431
-0.00360426
-0.004380403
-0.004147237
-0.003058407
-0.002507404
-0.00234207
-0.001936717
-0.001556454
-0.0008870746
0.0004294433
0.001443464
0.001423757
0.0009766037
0.0008612532
0.001111903
0.001247278
0.0006410621
-0.000358102
-0.001217273
-0.001712645
-0.001700514
-0.001498858
-0.001472767
-0.00162465
-0.001747578
-0.001741552
-0.001675896
-0.001644983
-0.001662888
-0.001687649
-0.001690615
-0.001678968
-0.001671338
-0.001673295
-0.001678186
-0.001820265
-0.002486869
-0.003159877
-0.003451933
-0.004176332
-0.005448677
-0.006128664
-0.006118175
-0.006526551
-0.007210999
-0.007215586
-0.006231284
-0.005440989
-0.005330921
-0.005013332
-0.004527471
-0.004379182
-0.004517492
-0.004609905
-0.004560968
-0.004824321
-0.005630709
-0.006122634
-0.005937612
-0.005935556
-0.006360122
-0.00582995
-0.004093526
-0.002213135
-0.0005424194
0.001289798
0.002624954
0.003120971
0.003859587
0.005442615
0.006933114
0.007652389
0.008443312
0.009374413
0.009719105
0.009969786
0.01065212
0.01110517
0.01099563
0.01025353
0.008854188
0.007277733
0.005961145
0.005264005
0.004882846
0.004299158
0.003917573
0.004019696
0.004745195
0.005529214
0.005620318
0.005261077
0.005021086
0.004609596
0.003892137
0.003013456
0.00236676
0.002475903
0.003406575
0.004280695
0.004363384
0.004706583
0.006025706
0.007225679
0.008034414
0.008964936
0.009753972
0.01045282
0.01107329
0.01182314
0.01239528
0.01227619
0.01149119
0.01143447
0.01225465
0.01265106
0.01155082
0.009389525
0.007299568
0.005452648
0.003954831
0.00297313
0.002495734
0.001884496
0.001550502
0.002222162
0.003232566
0.004269313
0.005480515
0.006594586
0.006937194
0.006271194
0.004870566
0.003376184
0.00245682
0.002103538
0.001646329
0.001220291
0.0007683728
2.018035e-05
-0.0004245636
1.522214e-05
0.001061522
0.002005333
0.002971448
0.003720761
0.003750695
0.003435216
0.003326607
0.003013145
0.002273827
0.001878132
0.001553724
0.0008420712
0.0003885003
0.0004764949
0.0006657422
0.0007029099
0.00100501
0.001145713
0.001135582
0.001445234
0.001688425
0.001581934
0.001372634
0.001328868
0.001383921
0.001242055
0.000433544
-0.0004172306
-0.0005338702
-0.00037899
-0.00116388
-0.002817717
-0.003817123
-0.003575847
-0.003014698
-0.002755188
-0.002109672
-0.0007586835
0.000787365
0.001908927
0.002569621
0.003993754
0.00582876
0.006740484
0.007001941
0.00711139
0.00716335
0.007180975
0.007194435
0.007187694
0.007191432
0.007544125
0.008696489
0.010328
0.01143912
0.01139086
0.01085872
0.01069605
0.01051956
0.009906063
0.009077434
0.008311226
0.008091697
0.007875921
0.007191705
0.006734284
0.007247541
0.007865115
0.007787075
0.007283191
0.006658615
0.006595062
0.007457801
0.008448578
0.008577493
0.008113677
0.00775434
0.007296646
0.006713532
0.006442129
0.00613131
0.006252722
0.006805114
0.007009336
0.006797248
0.006762316
0.007372243
0.007505729
0.006884911
0.00627159
0.0053871
0.003950532
0.002376079
0.001271285
0.001122577
0.001453135
0.001299411
3.491382e-05
-0.001561237
-0.002322419
-0.002841954
-0.003815053
-0.004858221
-0.006403339
-0.008370849
-0.009897444
-0.01144242
-0.01308163
-0.01453663
-0.01548044
-0.01562382
-0.01537705
-0.01532234
-0.01553149
-0.01572103
-0.01575535
-0.016145
-0.0169238
-0.0172837
-0.01753376
-0.01810656
-0.01845673
-0.01836908
-0.0181892
-0.01819376
-0.0182292
-0.01770484
-0.01692862
-0.01665027
-0.01635574
-0.01577698
-0.01548731
-0.01570036
-0.01646706
-0.01722929
-0.01729364
-0.01703219
-0.01734105
-0.01738088
-0.01628705
-0.01523178
-0.01505453
-0.01472089
-0.01351707
-0.01233552
-0.01143655
-0.01045814
-0.009893938
-0.009814754
-0.009255772
-0.008309403
-0.007369285
-0.007005941
-0.007221874
-0.007218569
-0.006360213
-0.005542222
-0.005522983
-0.005682829
-0.005333964
-0.00537936
-0.00582966
-0.006026598
-0.005865411
-0.005672761
-0.005323355
-0.004587565
-0.003781563
-0.002733082
-0.00167106
-0.0009091788
0.0001615425
0.001709384
0.00331429
0.004666333
0.005436774
0.005839999
0.006364035
0.006724729
0.007204369
0.007973623
0.008363724
0.008237539
0.008026485
0.00803765
0.008187959
0.008183278
0.007549824
0.006698603
0.006492263
0.006733173
0.006364328
0.005471262
0.005078306
0.005327719
0.005616247
0.005433822
0.004368717
0.002837069
0.002123764
0.002502653
0.003042723
0.00301287
0.002621331
0.002405079
0.002494583
0.002652738
0.002685796
0.002619604
0.002568809
0.002577806
0.002609064
0.002626447
0.002865208
0.003898892
0.005558835
0.007148446
0.008395477
0.009555184
0.01088448
0.0121244
0.01256028
0.0122966
0.01207036
0.01220791
0.0124607
0.01254104
0.01245461
0.01238615
0.01273366
0.01324374
0.01291364
0.01224931
0.01208067
0.01200834
0.01139277
0.01079255
0.009840438
0.008316376
0.006712345
0.004917757
0.003817519
0.0039327
0.004425096
0.004453566
0.004092486
0.003841522
0.003950609
0.004652156
0.005504882
0.005259369
0.004713676
0.004993828
0.005532718
0.005742464
0.006131022
0.006861595
0.007706142
0.008300389
0.008309262
0.008059198
0.007906636
0.007346711
0.005866885
0.004035847
0.002723981
0.002167735
0.001120149
-0.0004269924
-0.002342986
-0.004122758
-0.004686897
-0.004026099
-0.003026954
-0.003218921
-0.004306327
-0.004851182
-0.004579038
-0.004186631
-0.004390882
-0.005391411
-0.006140407
-0.006028827
-0.005602419
-0.005487894
-0.005452915
-0.00483806
-0.004193488
-0.004112233
-0.004344634
-0.004097291
-0.003154173
-0.002518068
-0.002291174
-0.001468876
-0.0002383756
-0.0001014417
-0.00126861
-0.002095673
-0.001834113
-0.001248124
-0.001122106
-0.0009708794
-0.0003235062
0.0005775424
0.001372016
0.001960149
0.002530047
0.002733718
0.002607183
0.002514575
0.003133862
0.004179786
0.004532139
0.004128551
0.003651264
0.003114171
0.002539219
0.001822445
0.0006670388
-0.0002265006
-0.0003258807
-0.0005413039
-0.001228447
-0.001645317
-0.001542622
-0.001336081
-0.001530602
-0.002438035
-0.003395742
-0.004261415
-0.005294165
-0.006058745
-0.006855116
-0.008310174
-0.01008828
-0.01136515
-0.01178259
-0.01215137
-0.01259498
-0.01277196
-0.01271634
-0.01266314
-0.01246284
-0.01144662
-0.01001607
-0.009484248
-0.009549252
-0.008776644
-0.007359608
-0.006706809
-0.00669353
-0.006290741
-0.005743271
-0.00525369
-0.004589844
-0.004186867
-0.003848287
-0.003185279
-0.00279424
-0.002839554
-0.002500579
-0.00160755
-0.001144244
-0.001327336
-0.001148068
-0.0002772329
0.0002569858
8.867415e-05
-0.0003268476
-0.0008659203
-0.000866364
-0.000145107
0.000320229
5.534198e-05
-0.0008913565
-0.00187663
-0.002564204
-0.002945624
-0.003078636
-0.003663597
-0.004616027
-0.005613538
-0.006292437
-0.006924314
-0.007570709
-0.008358923
-0.008971074
-0.009044563
-0.00887557
-0.008665146
-0.008104248
-0.007368973
-0.006393306
-0.004842586
-0.002609624
-0.0009163798
-0.0008352889
-0.001595374
-0.001891996
-0.001541698
-0.0009512109
-0.000219477
0.0004614876
0.001039824
0.001520422
0.002478593
0.003984752
0.005168958
0.00559592
0.005904994
0.00612421
0.006118662
0.006035024
0.006009229
0.006019399
0.005967058
0.005903934
0.006290848
0.006629611
0.00610083
0.005465851
0.005402993
0.005698737
0.005790387
0.005095341
0.003934575
0.002977711
0.002544513
0.00254568
0.002114278
0.001278157
0.001003641
0.001816912
0.002851494
0.003000196
0.002476593
0.00213896
0.002174234
0.001632533
0.000273127
-0.0006256857
-0.0005928299
-0.000948858
-0.002278912
-0.003330203
-0.003250362
-0.002549199
-0.001676976
-0.001232177
-0.001432674
-0.001752423
-0.00152777
-0.0007654038
-0.0008147103
-0.001787634
-0.003182627
-0.004607031
-0.00565851
-0.006158543
-0.007030891
-0.008603814
-0.009951021
-0.01015027
-0.009304594
-0.008225021
-0.007571059
-0.006816635
-0.005864876
-0.005445162
-0.00518714
-0.004049703
-0.002708387
-0.00241305
-0.002906854
-0.003251857
-0.003590188
-0.004213689
-0.004473358
-0.003809649
-0.002706149
-0.00185023
-0.001408708
-0.001477514
-0.001689946
-0.001592377
-0.0009043837
-0.0005027851
-0.0005208027
-0.0003824643
-0.0006008517
-0.0008287627
-0.0009379857
-0.001279659
-0.001512994
-0.001609168
-0.002350679
-0.003935105
-0.005505865
-0.006139479
-0.006402701
-0.006754836
-0.007013121
-0.007079332
-0.007059662
-0.006916207
-0.006388296
-0.006261753
-0.006208629
-0.005856651
-0.005608763
-0.005415333
-0.004745398
-0.00413922
-0.004131458
-0.004171654
-0.003223985
-0.001421541
0.0003043129
0.001551351
0.002639997
0.003940014
0.005487167
0.00679705
0.007480984
0.008304503
0.009378006
0.00984137
0.01000358
0.01099926
0.0124252
0.01293886
0.01251671
0.01213669
0.01260828
0.01373025
0.01388933
0.01274523
0.0119049
0.01165197
0.01133259
0.01111415
0.01113745
0.01121367
0.0111871
0.01107267
0.01057558
0.0101912
0.01026399
0.0100209
0.009672869
0.009516364
0.00904351
0.008322051
0.008075884
0.008310266
0.008513895
0.008447761
0.008280744
0.008130778
0.007583524
0.006761381
0.005968438
0.005454728
0.00547212
0.005577094
0.004893642
0.003822584
0.002914457
0.002301409
0.001104277
-0.0001060303
-0.0002787425
3.874924e-05
-0.0004677041
-0.00157024
-0.002630556
-0.003342779
-0.00395802
-0.004295745
-0.004249211
-0.004364133
-0.005198426
-0.005948985
-0.005941001
-0.005569563
-0.00542833
-0.005350505
-0.004728044
-0.004101341
-0.003725726
-0.003170113
-0.00241506
-0.001239031
0.000266429
0.001368265
0.001112212
-0.0001374607
-0.0007649411
-0.0003434924
0.0002415404
0.0006176408
0.001076643
0.001325376
0.001221708
0.00106584
0.001117489
0.001700919
0.002145642
0.001592099
0.000931211
0.0009521876
0.001366613
0.001558675
0.001420271
0.00124286
0.001226564
0.001404001
0.002061072
0.002925978
0.003684476
0.004249726
0.004754232
0.004746861
0.004031079
0.003075117
0.002396966
0.001865085
0.00126714
0.0004379225
-0.0008502076
-0.001876622
-0.002506806
-0.002804145
-0.002782087
-0.002853439
-0.003624328
-0.004465493
-0.004418542
-0.003483426
-0.003289317
-0.004099922
-0.004678627
-0.004522249
-0.004143529
-0.004053671
-0.004215305
-0.004110224
-0.003304059
-0.002844973
-0.003441081
-0.003619818
-0.002797627
-0.00156382
-0.00103862
-0.001367845
-0.001481565
-0.0006188305
0.0001976619
-0.0001562818
-0.001386403
-0.002020774
-0.00167656
-0.001181823
-0.001173906
-0.001819989
-0.002821221
-0.003259049
-0.003328665
-0.003846256
-0.004809414
-0.005269133
-0.005035928
-0.005212651
-0.005706399
-0.006838085
-0.008469064
-0.009513229
-0.009880226
-0.01022825
-0.01095074
-0.01138939
-0.01131169
-0.01102569
-0.01042549
-0.009770252
-0.009566446
-0.009240986
-0.008515905
-0.007607439
-0.006865241
-0.006248904
-0.00564261
-0.004834575
-0.003495171
-0.001971226
-0.001194169
-0.00141134
-0.00182026
-0.00179596
-0.001485696
-0.001302411
-0.001360648
-0.001484999
-0.001518312
-0.001470746
-0.001580874
-0.002304516
-0.003048213
-0.003407666
-0.004501475
-0.005935597
-0.007045422
-0.008138589
-0.009348784
-0.009992364
-0.01008999
-0.01059745
-0.01125826
-0.01142917
-0.01122123
-0.01108296
-0.01116184
-0.0112861
-0.01107239
-0.0102235
-0.009559148
-0.009391913
-0.008711982
-0.007143082
-0.005317121
-0.003746361
-0.002482509
-0.001259923
0.0001218091
0.001616507
0.003065678
0.004072692
0.004240477
0.00430413
0.005036034
0.005725205
0.005762942
0.005469517
0.00535409
0.005460013
0.005164665
0.003901014
0.002540815
0.002292074
0.002370951
0.001795504
0.000752587
-0.0001584626
-0.0002821856
7.520815e-05
0.0002807652
0.0006037715
0.001713864
0.003344229
0.004441311
0.004883653
0.005733958
0.006897596
0.007850628
0.008378207
0.008364565
0.008263741
0.008771082
0.009119677
0.008725109
0.008812797
0.009721802
0.01080466
0.01140058
0.01126664
0.01093551
0.01089897
0.01107093
0.01107837
0.01055845
0.01027129
0.01016221
0.01003832
0.01058552
0.01134929
0.01133163
0.01026701
0.009181439
0.008525528
0.00818265
0.007470823
0.006189502
0.005193883
0.004600398
0.004094463
0.003035883
0.00137821
-3.849115e-05
-0.0005602493
-0.0006423463
-0.0001949711
0.0002744764
0.0002262471
0.0001264141
0.0007490821
0.00149151
0.001816355
0.002319269
0.002814232
0.002879282
0.002977986
0.003753475
0.004785375
0.005595238
0.005742885
0.00546082
0.00530798
0.005463
0.006017966
0.006887953
0.007306814
0.007435635
0.00798183
0.008843116
0.009698836
0.009965989
0.01003267
0.01065766
0.01169178
0.01213341
0.01182125
0.01149373
0.01108119
0.01092133
0.01104519
0.01071416
0.00982135
0.009335926
0.009071977
0.008491193
0.007630256
0.006322524
0.004762726
0.003749189
0.003199086
0.002166376
0.0006109445
-0.0004692459
-0.0009617211
-0.001290822
-0.001520576
-0.002147267
-0.00287218
-0.002611794
-0.002152913
-0.002506047
-0.003069812
-0.003197226
-0.002963716
-0.00278159
-0.002857538
-0.002833842
-0.002113534
-0.001321241
-0.001087509
-0.0007249162
-0.0001801615
-0.0001417936
-0.00100187
-0.001802787
-0.001624129
-0.0005952353
-0.0003982249
-0.001285148
-0.001889388
-0.001678209
-0.00127654
-0.001492717
-0.002503321
-0.002959834
-0.001992372
-0.000945546
-0.0009432679
-0.00150691
-0.001760775
-0.00155786
-0.001302678
-0.001273289
-0.00139092
-0.00146601
-0.001424873
-0.001009188
-0.0001483602
0.0006717502
0.001281798
0.001392433
0.001185402
0.0007780271
0.0001073696
-0.0002281616
-4.927221e-05
0.0001464954
-0.0003716977
-0.001447771
-0.001917281
-0.001665049
-0.001845773
-0.002764666
-0.00332422
-0.003176526
-0.003323151
-0.004158515
-0.004693411
-0.00457726
-0.004359756
-0.004883093
-0.005905927
-0.006336832
-0.006158959
-0.006449384
-0.00736389
-0.008378357
-0.009101433
-0.009775007
-0.01089266
-0.0119127
-0.01261651
-0.01310091
-0.01323195
-0.01316921
-0.01316864
-0.01315708
-0.01243168
-0.01105478
-0.01012676
-0.009527516
-0.008467837
-0.00690115
-0.005451392
-0.004813422
-0.004493893
-0.004000133
-0.003083057
-0.002184398
-0.001474145
-0.001201351
-0.001095319
-0.0002196502
0.001201444
0.001838901
0.001674961
0.001965845
0.002574618
0.002789378
0.002601035
0.002395501
0.002401307
0.002523857
0.002559791
0.002445984
0.001991986
0.001139739
0.000631829
0.0004098607
-0.0004963764
-0.00214933
-0.0035124
-0.004094853
-0.005307201
-0.007267996
-0.007661896
-0.006314699
-0.004955014
-0.004510126
-0.004933892
-0.005373005
-0.005346019
-0.005087613
-0.004949582
-0.004967645
-0.004537855
-0.003745746
-0.003868347
-0.004429923
-0.004247548
-0.003717386
-0.003544281
-0.003732876
-0.003909791
-0.003919962
-0.003740028
-0.003093605
-0.002267039
-0.001532773
-0.001058
-0.001185202
-0.002039115
-0.003029628
-0.003778375
-0.004057518
-0.004052691
-0.004609465
-0.005556011
-0.006500207
-0.006957318
-0.006817438
-0.006611824
-0.006680732
-0.006867316
-0.006915551
-0.007018994
-0.00771983
-0.008459687
-0.008705748
-0.009143845
-0.009670775
-0.009787832
-0.009611633
-0.009511556
-0.009356335
-0.008674787
-0.008070833
-0.00785342
-0.007362124
-0.006831604
-0.006510935
-0.005904228
-0.005130649
-0.004320512
-0.003660638
-0.002601788
-0.001366174
-0.000586996
0.0002553998
0.001292505
0.002108395
0.003088404
0.004157484
0.004539291
0.004270056
0.004031523
0.004141096
0.004390726
0.004834486
0.005586297
0.005981617
0.005831641
0.006017105
0.006887324
0.00789555
0.00860056
0.008623932
0.008256384
0.007613822
0.006439867
0.005428509
0.005352318
0.005333173
0.004647358
0.003645182
0.002793271
0.002637856
0.002970537
0.003165841
0.002949768
0.00226584
0.001961154
0.001942564
0.001101502
0.0001063144
0.0004807096
0.001784363
0.002841511
0.003171497
0.00289877
0.002632956
0.002709068
0.002944501
0.003054044
0.002996136
0.002759252
0.002025708
0.001342582
0.00117036
0.0007830627
4.389149e-05
-0.001014141
-0.002243731
-0.003016451
-0.003658018
-0.004712497
-0.005647011
-0.006200014
-0.005871761
-0.005287724
-0.005998332
-0.007803742
-0.009007654
-0.009373658
-0.009307951
-0.008953939
-0.008209159
-0.007514207
-0.006911954
-0.006660688
-0.006745266
-0.006595592
-0.005729835
-0.004979718
-0.004757923
-0.004095254
-0.002804326
-0.001848846
-0.001278583
-0.0007191794
2.049356e-05
7.42141e-05
-0.0008493451
-0.0015348
-0.001701937
-0.002069701
-0.002449155
-0.002497922
-0.002368956
-0.002332086
-0.002400564
-0.002121568
-0.0009852827
0.000345546
0.00104349
0.00139816
0.001534873
0.001518164
0.001518076
0.001596085
0.001705534
0.002206694
0.003009064
0.002836533
0.001701018
0.001098517
0.001433243
0.00191295
0.001911724
0.001128321
7.614873e-05
-0.0001722608
0.0001980124
-5.580317e-06
-0.0009507864
-0.001503517
-0.001346154
-0.001054876
-0.0009546239
-0.0005293219
0.0001532088
0.0004681512
0.0008356832
0.001432285
0.00178651
0.002248054
0.002881975
0.003123336
0.00298372
0.002842886
0.002894578
0.003019069
0.00278286
0.001340009
-0.000143472
-0.0002922286
0.0003964355
0.0007586969
0.0004981063
-2.305685e-05
-0.0008084336
-0.00136881
-0.001297759
-0.0009812547
-0.0009041185
-0.001074506
-0.001224306
-0.001218397
-0.001137327
-0.00108144
-0.001052657
-0.001283085
-0.002110974
-0.003018333
-0.003704333
-0.003880447
-0.003687032
-0.003293767
-0.002564258
-0.002101168
-0.002230078
-0.002234021
-0.001431799
-0.0006708969
-0.0003094631
0.0002029044
0.000972181
0.00179553
0.002082985
0.001898281
0.001715657
0.001765178
0.001935363
0.001649356
0.0007445014
0.0001994988
4.226872e-05
-0.000455115
-0.001320801
-0.002190775
-0.002856884
-0.00345697
-0.004105912
-0.004848525
-0.005582236
-0.006293145
-0.006963535
-0.00762499
-0.00828968
-0.009438238
-0.01055874
-0.01121414
-0.01166315
-0.01179834
-0.01171877
-0.01168798
-0.01177154
-0.01182375
-0.01177965
-0.01172386
-0.01162658
-0.01104556
-0.01026478
-0.009974052
-0.009667959
-0.009081349
-0.008594716
-0.007788825
-0.006499857
-0.005563022
-0.004829408
-0.003648383
-0.002184074
-0.001305222
-0.0006750004
0.0003768212
0.001341199
0.002071398
0.002616512
0.003311241
0.003894766
0.003961639
0.003756778
0.003711424
0.00413465
0.005096322
0.00571676
0.005815469
0.006288576
0.006892118
0.007028527
0.007057965
0.00748976
0.007160793
0.005807629
0.005192911
0.006267022
0.00748399
0.007874114
0.008068233
0.008596025
0.009462195
0.009926291
0.009769164
0.009834156
0.01031193
0.01015258
0.009606357
0.009452886
0.00974948
0.0104131
0.0112549
0.01193072
0.01249465
0.01267004
0.01299106
0.01379206
0.01471929
0.01547406
0.01605108
0.0162113
0.01559215
0.01507698
0.01474085
0.01429964
0.01457047
0.01508707
0.01468273
0.01409793
0.01457484
0.01566562
0.01600475
0.01508363
0.01398646
0.01388954
0.01435915
0.01410262
0.0131008
0.01196376
0.01084428
0.01023033
0.01021302
0.009852726
0.009191761
0.0089647
0.009026539
0.008494651
0.007763375
0.007626771
0.007786236
0.007144951
0.005649761
0.004719242
0.004952886
0.005331062
0.004670431
0.003491779
0.002551378
0.0023529
0.002672169
0.002880307
0.002771271
0.002612427
0.002595009
0.002666777
0.002714336
0.002716327
0.002504318
0.001729628
0.0007807212
7.159607e-05
-3.751334e-05
0.0001990559
-4.532584e-05
-0.001029401
-0.002041313
-0.002724103
-0.002837317
-0.002975827
-0.00406029
-0.005503095
-0.005969776
-0.005512249
-0.005118229
-0.005272876
-0.006079499
-0.007058571
-0.00729083
-0.006929452
-0.007131929
-0.008105018
-0.008678008
-0.00847571
-0.008112843
-0.008052684
-0.00771118
-0.006466848
-0.005264971
-0.005152321
-0.005640112
-0.005916935
-0.006394861
-0.007544279
-0.008599095
-0.009230821
-0.009682925
-0.01033479
-0.01095697
-0.01065202
-0.01017392
-0.01003244
-0.009830611
-0.009691533
-0.009569461
-0.008915689
-0.008183514
-0.008076492
-0.008382902
-0.008394041
-0.007541234
-0.006610324
-0.006534153
-0.006994153
-0.00707206
-0.006170565
-0.00518013
-0.004948986
-0.004719448
-0.004246403
-0.004022563
-0.00412558
-0.004476118
-0.004997538
-0.00495366
-0.004781915
-0.004613219
-0.005010993
-0.005624292
-0.005762485
-0.005509636
-0.005332101
-0.00540003
-0.005541525
-0.005582332
-0.005536982
-0.0057775
-0.006607998
-0.00719487
-0.007076433
-0.006716154
-0.006290129
-0.005647585
-0.005315474
-0.005453905
-0.005313397
-0.004447951
-0.003444044
-0.00270211
-0.002571602
-0.002827755
-0.002961212
-0.002829637
-0.00265303
-0.002616485
-0.002686802
-0.002741765
-0.002733398
-0.002700723
-0.002718
-0.00318538
-0.003603595
-0.003564078
-0.003807025
-0.004137876
-0.004195459
-0.00407035
-0.004004382
-0.003937541
-0.003477256
-0.003243294
-0.003242917
-0.002925975
-0.002625699
-0.002626096
-0.002762142
-0.002801842
-0.002640846
-0.00188324
-0.0005817743
-0.0001456382
-0.0004662933
-0.0003790386
-0.0002073109
-0.001212852
-0.002253724
-0.002424465
-0.001702341
-0.001091546
-0.00180257
-0.002955714
-0.003217185
-0.002734571
-0.002382266
-0.002493408
-0.002755713
-0.002837927
-0.002743592
-0.002652445
-0.002655148
-0.002697831
-0.002478087
-0.001668899
-0.001028364
-0.0008588179
-0.0004116131
0.0001209675
0.0004716539
0.001326272
0.002645414
0.003275257
0.002972065
0.002564192
0.002606231
0.002919218
0.00346092
0.004295661
0.005055469
0.005672679
0.005839769
0.005624183
0.005477679
0.005581805
0.005749659
0.005792516
0.005727278
0.005670406
0.005692683
0.006088996
0.006932104
0.007428522
0.00772651
0.008308343
0.009151839
0.01041845
0.0114877
0.01205026
0.01251077
0.01317413
0.01398958
0.01432033
0.01463054
0.01578861
0.01706076
0.0172915
0.01679584
0.01651303
0.01671035
0.01700187
0.01706081
0.01684975
0.01615398
0.01528716
0.01454837
0.0139939
0.01330345
0.01209715
0.0111379
0.01088428
0.009937161
0.008525877
0.007934753
0.007531229
0.006350407
0.004613531
0.003155615
0.002605141
0.002132026
0.0009671498
-3.360245e-05
-0.000291516
-0.0006810908
-0.00141074
-0.002367716
-0.002905125
-0.002752636
-0.002423265
-0.002429461
-0.00267494
-0.002800709
-0.002691265
-0.002546522
-0.002529209
-0.002595173
-0.002634298
-0.002616754
-0.002585998
-0.002561381
-0.002226938
-0.001754373
-0.001759551
-0.001941746
-0.002425321
-0.002786079
-0.002742043
-0.002577277
-0.002559715
-0.002644665
-0.002355808
-0.001518436
-0.0009791265
-0.0006988071
-0.0001223357
0.0007499701
0.002063108
0.003611875
0.005057585
0.005911434
0.006812982
0.009144181
0.01155936
0.01197735
0.01105287
0.0105523
0.01094659
0.01149504
0.01159541
0.01145402
0.01188541
0.01270989
0.01300758
0.01273628
0.01248509
0.01245649
0.01204371
0.01132592
0.01107366
0.01131175
0.011522
0.01145674
0.0112862
0.01122425
0.01128034
0.01119011
0.01047219
0.009569294
0.008786028
0.008412361
0.008376085
0.007710651
0.00629027
0.005399349
0.005352506
0.004812201
0.003443196
0.002547121
0.002467724
0.002141018
0.001580088
0.00113631
0.0004820821
3.884874e-06
6.608779e-05
0.0002845718
0.0002685445
-0.0002505688
-0.001193429
-0.001989809
-0.002234307
-0.00191942
-0.002104487
-0.00265857
-0.00289516
-0.002744518
-0.0025559
-0.002207621
-0.00148751
-0.001061027
-0.001207762
-0.001507501
-0.00151683
-0.0008571059
9.761257e-05
0.0004148497
0.0001221738
-0.0001774374
-0.000139744
0.0001304129
0.0007107503
0.001452607
0.001633606
0.0008597064
-0.0001877359
-0.0005686706
-0.00127206
-0.002514143
-0.003033871
-0.002694692
-0.002344535
-0.002530356
-0.003509518
-0.005018081
-0.005912915
-0.005698126
-0.005211134
-0.005203386
-0.005536256
-0.005747023
-0.005694239
-0.005561877
-0.005523415
-0.005573105
-0.005618372
-0.005766833
-0.006309952
-0.00629914
-0.005809201
-0.00596294
-0.005794218
-0.00442227
-0.002821823
-0.002615212
-0.00369792
-0.004170058
-0.003858852
-0.003073489
-0.002551953
-0.002678317
-0.003023651
-0.003120077
-0.002655587
-0.001720072
-0.001238734
-0.001469349
-0.001814177
-0.00184684
-0.001694812
-0.001602838
-0.001632939
-0.00169954
-0.001745416
-0.001752744
-0.001706461
-0.00170155
-0.00174059
-0.001306022
-0.0004938163
-0.0006393151
-0.001734638
-0.002353782
-0.002554416
-0.002984164
-0.003287221
-0.003289103
-0.003324196
-0.003990323
-0.004883595
-0.005108498
-0.004680577
-0.003924794
-0.003747286
-0.003951056
-0.003811325
-0.004053605
-0.004768275
-0.005095287
-0.004900084
-0.004641126
-0.004625703
-0.004927393
-0.005592228
-0.005564777
-0.004824743
-0.00441865
-0.004631884
-0.004949641
-0.004978025
-0.00465882
-0.003838476
-0.003393382
-0.004214377
-0.005188727
-0.005234556
-0.004724751
-0.00446858
-0.004644161
-0.005108166
-0.005884614
-0.006351302
-0.006206918
-0.005905929
-0.006181355
-0.007166524
-0.008140183
-0.008791398
-0.008866909
-0.00825384
-0.006956474
-0.005758765
-0.005561049
-0.006040613
-0.006310761
-0.006108536
-0.005808599
-0.005739785
-0.005856598
-0.005922491
-0.005395315
-0.00399115
-0.0027691
-0.002696349
-0.002786495
-0.002151195
-0.001546051
-0.001523557
-0.001776971
-0.001864917
-0.001655347
-0.0009345584
-0.0001434581
-1.380771e-05
-0.0003533237
-0.0006419732
-0.001030416
-0.001115788
-0.001075928
-0.001608042
-0.002716343
-0.003445471
-0.003486525
-0.003840909
-0.004658137
-0.005641004
-0.006187192
-0.006063972
-0.005776002
-0.005777254
-0.006028688
-0.006206858
-0.006174936
-0.006067302
-0.006032358
-0.006073555
-0.006114108
-0.006113622
-0.006092286
-0.006081762
-0.0060876
-0.006096085
-0.006097351
-0.006093604
-0.006091103
-0.006090565
-0.006067542
-0.006034842
-0.006059453
-0.006105523
-0.006097396
-0.005712145
-0.004844722
-0.003903353
-0.003161547
-0.002571166
-0.001471494
-0.0003841809
-0.0001643161
-3.650228e-05
0.000687899
0.001698671
0.002544905
0.002696887
0.002399608
0.002238353
0.002376476
0.002568355
0.002613912
0.002579227
0.002575521
0.00259222
0.002569606
0.002554023
0.00259187
0.002628307
0.002738519
0.003395082
0.004154382
0.004420441
0.004823448
0.00540397
0.005799974
0.005652699
0.005718911
0.006377597
0.006496168
0.005847795
0.005408933
0.00576044
0.007060289
0.008539865
0.008753307
0.007423326
0.006104516
0.005518552
0.005614511
0.005900692
0.005884225
0.005366205
0.004733385
0.004998531
0.005636629
0.005810238
0.005895893
0.006507733
0.007025447
0.007298534
0.007811852
0.007886718
0.007448834
0.007588256
0.00808164
0.008261465
0.008024204
0.007275836
0.005921924
0.004846006
0.004813194
0.005263386
0.005370581
0.005025881
0.004202295
0.002802343
0.00172213
0.001736672
0.002221456
0.002328551
0.002035714
0.001783603
0.001878207
0.002594585
0.003392108
0.003574522
0.003798184
0.004378623
0.00469774
0.004571365
0.004337364
0.004294524
0.004410264
0.00449173
0.004313254
0.003535336
0.002797679
0.002766172
0.003104371
0.003194312
0.002976651
0.002556189
0.002009006
0.0020362
0.001970085
0.001590272
0.00137149
0.00144232
0.001560297
0.001568084
0.001521701
0.001460964
0.00142815
0.001462404
0.001539132
0.001571104
0.001558432
0.001858853
0.002320988
0.002343294
0.002517769
0.002838292
0.002954804
0.00321971
0.003964571
0.004425747
0.004268886
0.003939546
0.003437189
0.002767215
0.002544533
0.002769902
0.002925256
0.002374298
0.001366663
0.0009740394
0.001257544
0.001554929
0.001533117
0.00133744
0.001228089
0.001350576
0.001994613
0.002756907
0.002811132
0.001908193
0.0009456091
0.0008648053
0.001329108
0.001529462
0.001300763
0.001038499
0.001149741
0.001793986
0.001852314
0.001322179
0.001435561
0.001593648
0.001257995
0.0009684347
0.001000016
0.001167421
0.001232076
0.001175481
0.001143761
0.001170911
0.001195461
0.001187094
0.001180002
0.001218503
0.001255346
0.001245803
0.00121329
0.001195932
0.0009074375
0.0004700803
0.0004500565
-3.970474e-05
-0.001096741
-0.001572979
-0.001249397
-0.001200105
-0.002023279
-0.003030911
-0.003689367
-0.003725863
-0.003423852
-0.003259117
-0.003369197
-0.003505174
-0.003449084
-0.003291472
-0.00321944
-0.003223671
-0.003209576
-0.00317807
-0.003184058
-0.003585989
-0.004300378
-0.004567219
-0.004320319
-0.004068875
-0.004064038
-0.004166825
-0.004176647
-0.00408286
-0.004007773
-0.003921673
-0.003481444
-0.003194352
-0.003117684
-0.00282682
-0.002588163
-0.002595644
-0.002693084
-0.002702683
-0.002621416
-0.00252945
-0.002519261
-0.002537293
-0.00251949
-0.002618813
-0.003226423
-0.004003301
-0.004721645
-0.005047743
-0.004908421
-0.004687371
-0.004664454
-0.004808306
-0.004686675
-0.00371242
-0.00237878
-0.00188857
-0.001900992
-0.0009243236
0.0002504792
0.0004146737
-9.48647e-05
-0.0006307095
-0.0008213464
-0.0002240835
0.0007047942
0.00167923
0.002111211
0.001756141
0.001742869
0.002213799
0.00249707
0.002389017
0.002550948
0.003180883
0.003550744
0.003405879
0.00279258
0.002418735
0.002561308
0.002779964
0.002832311
0.002715785
0.002954939
0.002826769
0.002198305
0.002282571
0.003083415
0.00342182
0.002682101
0.001623672
0.0008832369
0.0001897624
-0.0003180007
-0.0003458249
-0.0002516832
-0.0008737938
-0.002158952
-0.002918467
-0.002707477
-0.002245024
-0.002180579
-0.002431632
-0.00260632
-0.002559772
-0.002434225
-0.002382496
-0.002409321
-0.002437638
-0.002425916
-0.002388535
-0.002179541
-0.001565019
-0.001091417
-0.0009614338
-0.0006079118
-0.0002005808
-0.000127373
-0.0002731449
-0.0003447952
-0.0002757196
-0.0001910275
-0.0001820626
-0.0002231731
-0.000250682
-0.0002451045
-0.0002429109
-0.0005227293
-0.001410158
-0.002370911
-0.00257744
-0.002219152
-0.00231162
-0.003416533
-0.004510472
-0.004249343
-0.00309633
-0.00257924
-0.00293196
-0.003024487
-0.00238814
-0.001846812
-0.001846709
-0.002101309
-0.002185718
-0.001761668
-0.00135864
-0.00125469
-0.001121923
-0.001011908
-0.001005475
-0.001034538
-0.001024822
-0.0009847871
-0.0009575048
-0.0008940415
-0.0004861359
5.684485e-05
0.0001923665
-1.539985e-05
-0.0001624609
-0.0001999413
-0.0005594737
-0.001005177
-0.0009656934
-0.0002619236
0.000332098
0.0002877776
-3.148984e-05
-0.0001397409
1.342971e-07
0.0001466996
0.0003001169
0.0007127996
0.001042095
0.001002847
0.0008161529
0.0007642117
0.0008619917
0.0009614536
0.0009360273
0.0007089351
0.000335698
0.0002906712
0.0002194895
4.374574e-05
0.0004297757
0.001536462
0.002174781
0.00189949
0.001219666
0.0006581959
0.0006088504
0.0008756438
0.00101298
0.0009029516
0.0007315432
0.0004496012
-3.008397e-05
-7.387164e-05
0.0005358466
0.0009897565
0.0008710222
0.0005605822
0.0004765864
0.0006058751
0.0007153131
0.0006970942
0.0006222017
0.0005845316
0.0005778397
0.0003094896
-0.0001972327
-0.0004057691
-0.0002516828
-8.842782e-05
-0.0001161349
-0.0002342147
-0.000287255
-0.000254812
-0.0002113785
-0.0002067112
-0.0002275135
-0.0002955776
-0.0006497142
-0.001086643
-0.001209328
-0.001346755
-0.001664016
-0.001791634
-0.001389489
-0.000828016
-0.0007093568
-0.0009436013
-0.001097594
-0.001019972
-0.0008016562
-0.0004748319
-0.0004458418
-0.0004594336
-0.0002681486
-0.0001272941
-8.389887e-05
0.0002908222
0.001028558
0.001537055
0.001767001
0.00185077
0.001924982
0.002266769
0.002582514
0.002573318
0.002393333
0.00229312
0.00229922
0.002319058
0.002295199
0.002240031
0.002193077
0.002273482
0.002607429
0.002724665
0.002234283
0.001729432
0.001850111
0.002643795
0.003373893
0.003379819
0.002944051
0.002699283
0.002793298
0.002931149
0.002889141
0.002739526
0.002623804
0.002571193
0.002545982
0.002509456
0.002432623
0.002136689
0.001458704
0.0008558951
0.0007957278
0.00101479
0.000881031
0.000349421
2.293721e-05
8.71343e-05
5.303886e-05
-0.0003006065
-0.0005776546
-0.0009555464
-0.001560695
-0.001816341
-0.001641437
-0.00144972
-0.001514377
-0.001886368
-0.002297949
-0.002570832
-0.002686234
-0.002634272
-0.002543982
-0.002525646
-0.002557482
-0.002566042
-0.002562587
-0.00276559
-0.003233462
-0.003554892
-0.003472031
-0.003237597
-0.003205866
-0.003580361
-0.004114281
-0.004294426
-0.004071164
-0.003879085
-0.004090861
-0.004338819
-0.004092248
-0.003637908
-0.003473242
-0.003584822
-0.00361196
-0.003230686
-0.002616079
-0.002297089
-0.002311888
-0.002216342
-0.001991217
-0.00186136
-0.001860446
-0.001874163
-0.00183435
-0.001767134
-0.001717882
-0.001693313
-0.001670543
-0.001574206
-0.001386019
-0.001336867
-0.001285055
-0.001239272
-0.001285933
-0.001209155
-0.001055497
-0.0009887154
-0.001017629
-0.001049457
-0.001025569
-0.0009662333
-0.0008408922
-0.0006314528
-0.0004353081
-0.0002783326
-0.0002277813
-0.0002645041
-0.0002958433
-0.0002787239
-0.0002592722
-0.0004473726
-0.0008006099
-0.0009321431
-0.0008008213
-0.0005700295
-0.0004100746
-0.0005138983
-0.0007565246
-0.0008265181
-0.0007124468
-0.0006064677
-0.0005991493
-0.0006446132
-0.0006669048
-0.0006370418
-0.0005942588
-0.0005733084
-0.0005654581
-0.0005418437
-0.000428683
-0.0002677789
-0.0001309463
-5.334821e-05
-5.280788e-05
-7.900475e-05
-5.174816e-05
0.0001474888
0.0003892503
0.0004386491
0.0003399869
0.0002694099
0.0002919575
0.0003450449
0.0003810073
0.0004507171
0.0005114557
0.0005023227
0.000456623
0.0004347801
0.000446142
0.0004597053
0.0004554197
0.0004405117
0.0004288679
0.0003994838
0.0003149524
0.0002502399
0.0002571399
0.0002906094
0.0002980684
0.0002800689
0.0002648888
0.0002670472
0.0002803094
0.0003094643
0.000342859
0.0003135448
0.0002627816
0.0002523852
0.0002738757
0.0002881427
0.0002820034
0.0002699465
0.0002658799
0.0002690506
0.0002718213
0.0002707098
0.0002678461
0.0002660778
0.0002676666
0.0002987811
0.000351524
0.0003698578
0.0003769688
0.0004059891
0.0004222919
0.0004108493
0.0003927489
0.0003855218
0.0003874311
0.0004101319
0.0004449171
0.0004497172
0.0004273591
0.0004039619
0.0003757963
0.0003636932
0.0003573733
0.000332688
0.0003109889
0.0003059853
0.000307497
0.0003036855
0.0002945648
0.0002861544
0.0002811474
0.0002776525
0.0002732861
0.0002678123
0.0002623179
0.0002574559
0.0002483345
0.000226858
0.0002234466
0.0002408265
0.0002488643
0.0002388533
0.0002255945
0.0002156457
0.0001907555
0.00015492
0.0001389156
0.0001458453
0.0001542887
0.0001521062
0.0001447303
0.0001409657
0.0001420772
0.0001439685
0.0001438329
0.0001423021
0.0001410898
0.0001407341
0.0001406453
0.000140262
0.0001396029
0.0001389572
0.0001384775
0.0001384158
0.0001387453
0.0001386049
0.0001374981
0.0001359236
0.0001350242
0.000134895
0.0001347819
0.0001342726
0.0001335703
0.0001332185
0.000137401
0.0001493481
0.0001552399
0.0001506223
0.0001483477
0.0001498138
0.0001503025
0.0001483031
0.0001455931
0.0001437079
0.0001425224
0.0001410729
0.0001362233
0.0001265031
0.0001186392
0.000118173
0.0001211766
0.0001215357
0.0001171199
0.0001140582
0.000113563
0.0001103924
0.0001064714
0.0001060742
0.000108167
0.0001095761
0.000109123
0.0001066491
0.0001044605
0.0001049746
0.0001069885
0.0001082778
0.000108439
0.0001084437
0.000109329
0.0001118506
0.0001140655
0.0001143542
0.0001137244
0.0001136379
0.0001142367
0.0001151086
0.0001167903
0.0001190003
0.0001199314
0.0001192584
0.0001184036
0.0001182798
0.0001185609
0.0001186305
0.0001183739
0.0001180525
0.0001176259
0.0001165871
0.0001153408
0.0001149808
0.0001154571
0.0001158964
0.0001159033
0.0001157479
0.0001157513
0.000115924
0.0001161043
0.0001162142
0.0001165545
0.0001173692
0.0001178583
0.0001176974
0.0001173885
0.000117338
0.0001173716
0.000117335
0.0001173487
0.0001172923
0.0001172453
0.0001173086
0.0001174334
0.000117543
0.0001176867
0.0001179041
0.0001180611
0.0001181205
0.0001181712
0.0001182745
0.0001184124
0.0001185475
0.0001186775
0.000118893
0.0001191677
0.0001193429
0.0001193982
0.0001194253
0.0001195398
0.0001197611
0.000120005
0.0001202157
0.0001204114
0.0001206254
0.0001208676
0.0001211388
0.0001214267
0.0001217011
0.0001219557
0.0001222155
0.0001224966
0.0001227935
0.0001230958
0.0001233971
0.0001237073
0.0001240369
0.0001243818
0.0001247338
0.0001250909
0.000125454
0.0001258281
0.0001262177
0.000126618
0.0001270228
0.0001274336
0.0001278548
0.0001282848
0.0001287228
0.0001291696
0.0001296251
0.0001300895
0.0001305632
0.0001310455
0.0001315361
0.000132035
0.0001325424
0.000133058
0.0001335823
0.0001341149
0.0001346558
0.0001352048
0.0001357621
0.0001363277
0.0001369014
0.0001374833
0.0001380733
0.0001386713
0.0001392774
0.0001398916
0.0001405138
0.0001411439
0.000141782
0.0001424279
0.0001430818
0.0001437434
0.0001444129
0.0001450901
0.000145775
0.0001464676
0.0001471679
0.0001478758
0.0001485912
