-0.0006743264
-0.0006726901
-0.0006710102
-0.0006692469
-0.0006674414
-0.0006655566
-0.0006636319
-0.0006616367
-0.0006595863
-0.0006574502
-0.0006552979
-0.0006531138
-0.0006509124
-0.0006485722
-0.0006459845
-0.0006430371
-0.0006397337
-0.0006362951
-0.0006331802
-0.0006306693
-0.0006287282
-0.0006266941
-0.0006237341
-0.0006192687
-0.0006136218
-0.0006074022
-0.0006005541
-0.0005925141
-0.0005831139
-0.0005742302
-0.0005696859
-0.0005719307
-0.0005787139
-0.0005828827
-0.0005791932
-0.0005678877
-0.0005541741
-0.0005453413
-0.0005417252
-0.0005371705
-0.0005247376
-0.0005015499
-0.0004734881
-0.0004577361
-0.0004637828
-0.0004792443
-0.0004804144
-0.0004521605
-0.0003947158
-0.0003252276
-0.0002730134
-0.0002650786
-0.0002980467
-0.0003327634
-0.00032628
-0.0002714896
-0.0001923977
-0.0001146819
-7.125968e-05
-8.511792e-05
-0.0001532414
-0.0002483165
-0.0003403989
-0.0003921513
-0.0003751008
-0.00029478
-0.0001773091
-4.966191e-05
5.039681e-05
8.982869e-05
4.661154e-05
-8.229354e-05
-0.0002597492
-0.0004129651
-0.0004723453
-0.0004140936
-0.0002760196
-0.000119985
2.676865e-06
7.817033e-05
0.0001457832
0.0002353966
0.0003250969
0.0003637091
0.0003163454
0.0002152281
0.0001353311
0.0001203573
0.0001542929
0.0001715393
0.0001114008
-8.193858e-06
-0.0001085998
-0.0001204279
-6.315995e-05
-2.2639e-05
-6.902256e-05
-0.0002604396
-0.0006002018
-0.0009906709
-0.001304704
-0.001439758
-0.001396007
-0.001252031
-0.001060704
-0.0007793373
-0.0003643122
0.0001541852
0.0007206946
0.001205069
0.001456891
0.001395524
0.001069337
0.000605041
0.0001243468
-0.0002646759
-0.0004799979
-0.0004968492
-0.0003198786
-8.263707e-05
-4.830967e-05
-0.000496139
-0.001453324
-0.002604934
-0.003597308
-0.004173243
-0.004230787
-0.003801358
-0.002894416
-0.001563158
-1.779424e-05
0.00137318
0.002240127
0.002425651
0.002074505
0.001427736
0.0006856657
0.000105986
-9.014412e-05
6.999654e-05
0.000354932
0.0004165156
-1.376127e-05
-0.0009316644
-0.001986517
-0.002739675
-0.003016608
-0.002947568
-0.002811678
-0.002734532
-0.002641289
-0.002256217
-0.001363661
1.483631e-05
0.001559884
0.002570527
0.00241583
0.001050814
-0.0009170682
-0.002427564
-0.002722219
-0.001686468
0.0002572395
0.002341519
0.003784142
0.003914202
0.00273578
0.0009543005
-0.0006136072
-0.001599082
-0.002272187
-0.002893454
-0.003418825
-0.003699368
-0.003510321
-0.002750974
-0.001534999
-0.0002558664
0.0007111195
0.001303595
0.001748729
0.00236356
0.002874512
0.002728225
0.001764092
0.0005252515
-2.94565e-05
0.0006053149
0.002133977
0.003798948
0.004666144
0.004203023
0.002625024
0.0007908047
-0.0003545746
-0.0003916657
0.0004624539
0.001844217
0.003568615
0.005605795
0.007716331
0.009187936
0.008897691
0.006388001
0.002450535
-0.001458184
-0.003987705
-0.004504812
-0.003261001
-0.001323095
-9.140375e-05
-0.0003519314
-0.001953181
-0.003879295
-0.004888377
-0.004389193
-0.00248979
9.440669e-05
0.002501677
0.003901706
0.003943628
0.003083415
0.002425752
0.003023602
0.005052981
0.007742147
0.009610158
0.009571234
0.007649234
0.005100952
0.003251783
0.002549761
0.002741915
0.003335709
0.003701877
0.003279602
0.001924134
0.0001790221
-0.000946444
-0.0008418265
0.0001419693
0.0009982242
0.0009253803
-9.856423e-05
-0.001507883
-0.002412978
-0.001880014
0.0004324247
0.004103402
0.008296618
0.01202552
0.01418958
0.01410685
0.01243402
0.01093633
0.01089164
0.01210136
0.01341811
0.01375321
0.01223126
0.00823675
0.001982577
-0.005300205
-0.01178256
-0.01576933
-0.01625077
-0.01313228
-0.007682827
-0.002193389
0.001116825
0.00112865
-0.001425836
-0.004451577
-0.005943475
-0.005230408
-0.002825421
0.000162181
0.00258301
0.004062194
0.005472503
0.007649846
0.01017436
0.01155212
0.0105236
0.006593782
0.0003189577
-0.006883365
-0.01318586
-0.01669223
-0.01614581
-0.01180241
-0.005233957
0.001404624
0.005758058
0.005943354
0.001925178
-0.004201455
-0.009638723
-0.01223114
-0.01114603
-0.006953373
-0.001330375
0.00419403
0.009066773
0.01325834
0.01669125
0.01852272
0.01745502
0.01305343
0.006176166
-0.001569847
-0.008569078
-0.01362756
-0.01578124
-0.01413465
-0.008780154
-0.001279621
0.005375491
0.007963516
0.004783995
-0.002765324
-0.01063477
-0.01471409
-0.01340657
-0.008582444
-0.00400848
-0.00271152
-0.004930626
-0.008304448
-0.01000536
-0.009312462
-0.007882668
-0.007522182
-0.008361318
-0.009121756
-0.008591003
-0.006734048
-0.005040511
-0.005196967
-0.007254436
-0.009199788
-0.007913195
-0.001689154
0.008004928
0.01783787
0.02475969
0.0272889
0.02601688
0.02309062
0.02040613
0.01842529
0.01640649
0.01351287
0.009849262
0.006442798
0.00439947
0.003807984
0.003349167
0.001238918
-0.003619369
-0.01034467
-0.01622257
-0.01782165
-0.01255459
-0.0006414745
0.01432151
0.02695033
0.03210806
0.02820462
0.01873723
0.0107765
0.01022511
0.01774342
0.0288871
0.03679563
0.03617091
0.02621063
0.01074665
-0.00452454
-0.01516174
-0.01969217
-0.01923875
-0.01598713
-0.01161195
-0.006920768
-0.00221555
0.002327729
0.006835458
0.01157534
0.0166229
0.0224785
0.0298844
0.03891998
0.04816965
0.05423788
0.05436696
0.04907931
0.0421443
0.03756046
0.03597137
0.0339916
0.02750189
0.01482394
-0.002313775
-0.01945206
-0.03186409
-0.03628797
-0.03193495
-0.02151131
-0.009617496
-0.001419247
-0.0004036532
-0.006144867
-0.01428268
-0.01938288
-0.01831009
-0.01123996
-0.0008830189
0.008899854
0.01508013
0.01743089
0.0180596
0.0198031
0.02425295
0.02976794
0.0318575
0.02690508
0.01514158
0.0008957208
-0.00944845
-0.01116132
-0.00366509
0.009047052
0.02027477
0.0236498
0.01696504
0.003737552
-0.009229053
-0.01497827
-0.01031708
0.001826176
0.0147409
0.02238973
0.02286926
0.01915101
0.01632646
0.01782269
0.0234684
0.0299019
0.03243014
0.02764482
0.01494205
-0.003624924
-0.02352856
-0.03920774
-0.04676474
-0.04518247
-0.03593418
-0.02215591
-0.008141478
0.001410808
0.003194567
-0.002567174
-0.01220921
-0.02116665
-0.0263883
-0.02747003
-0.02660721
-0.02643231
-0.02753749
-0.02833159
-0.0264721
-0.02068683
-0.01086649
0.002052073
0.01613767
0.02855721
0.03527775
0.03315684
0.02293002
0.009401366
-0.001190845
-0.004227515
0.001399526
0.01252008
0.02283123
0.0254664
0.01681324
-0.0007198764
-0.02041445
-0.03624028
-0.04594003
-0.05006209
-0.05027259
-0.04739493
-0.0398967
-0.02573909
-0.004647089
0.02074738
0.04431504
0.05839402
0.05775058
0.04134369
0.01415402
-0.01483854
-0.03828766
-0.05336992
-0.06078634
-0.06241607
-0.05993534
-0.05428345
-0.04637113
-0.03790917
-0.03096028
-0.02686788
-0.02566288
-0.02661223
-0.02930772
-0.033681
-0.03942497
-0.04523433
-0.04854792
-0.04666788
-0.03839562
-0.02464835
-0.008495953
0.006058804
0.01599244
0.01997578
0.01783978
0.01006469
-0.002221907
-0.01672207
-0.02973788
-0.03729871
-0.03668169
-0.02737328
-0.01170675
0.005999945
0.02162926
0.03210167
0.0353737
0.03084239
0.0197895
0.004486152
-0.01308793
-0.03193425
-0.05005283
-0.06390979
-0.0695365
-0.06440803
-0.04904231
-0.02698473
-0.003369757
0.01631482
0.02679371
0.02469939
0.01097025
-0.009647828
-0.03071988
-0.04683935
-0.05541781
-0.05681579
-0.05345417
-0.04826261
-0.04233861
-0.03436382
-0.02287325
-0.00892232
0.002743116
0.005572825
-0.003757899
-0.02337414
-0.04697941
-0.0657515
-0.07137679
-0.06076933
-0.03754061
-0.01026922
0.01202961
0.0252793
0.03133547
0.03517932
0.04080506
0.04819462
0.05231167
0.04700434
0.02951314
0.003476552
-0.02193167
-0.03581185
-0.03209869
-0.01334575
0.01065987
0.02857664
0.03236638
0.02010977
-0.003373486
-0.02877345
-0.04732089
-0.05449567
-0.05099435
-0.04127979
-0.03070239
-0.02259299
-0.0163118
-0.008552563
0.002875006
0.01643935
0.02810466
0.0341139
0.03375048
0.02993309
0.02719629
0.02839905
0.03312688
0.03862974
0.04159485
0.04092784
0.03857526
0.03815496
0.04209407
0.04994717
0.0589517
0.06513242
0.06524017
0.05946345
0.05184147
0.04828866
0.05296894
0.0650407
0.07891109
0.08677139
0.08224052
0.06475822
0.04085658
0.01998113
0.00881495
0.00816826
0.01353205
0.01881231
0.02022963
0.01786311
0.01455718
0.01349678
0.01624475
0.02201343
0.02819228
0.03132038
0.02819809
0.01755827
0.001363093
-0.01644012
-0.03092945
-0.03826336
-0.03716232
-0.02949567
-0.01964188
-0.01244304
-0.01113217
-0.01609196
-0.02516419
-0.03530806
-0.04484877
-0.05408574
-0.06419372
-0.07519654
-0.08400685
-0.08551297
-0.0762241
-0.05612895
-0.02767564
0.00414594
0.03324399
0.05483128
0.06762541
0.07347998
0.07582164
0.07844054
0.08341732
0.09033504
0.09721655
0.1025478
0.107382
0.1150433
0.1284017
0.1470581
0.167672
0.1853855
0.194996
0.1934123
0.1817006
0.1634614
0.1424852
0.1227158
0.1074617
0.09890619
0.09783366
0.103436
0.1135761
0.1259477
0.1379462
0.1475328
0.1535656
0.1554172
0.1532688
0.1484106
0.1429709
0.1393464
0.1395261
0.1440124
0.1514483
0.1597729
0.1671402
0.1727121
0.177074
0.1812348
0.1856482
0.1898129
0.1924951
0.1926375
0.1903867
0.1871043
0.1847954
0.185058
0.187709
0.1907607
0.1913045
0.1860742
0.1721766
0.1478387
0.1130909
0.07023847
0.02479635
-0.0155689
-0.04539416
-0.06361384
-0.07260028
-0.07517684
-0.07315485
-0.06786901
-0.06015896
-0.05026204
-0.03875894
-0.02632864
-0.01425464
-0.004416337
0.001226579
0.002270968
0.000677376
-0.0004445843
0.00109838
0.005355721
0.0107241
0.0149937
0.01648907
0.01485477
0.01094204
0.006043995
0.001393811
-0.002040987
-0.004246167
-0.005640221
-0.006435416
-0.006790081
-0.006898203
-0.006916099
-0.006925529
-0.00708245
-0.008079366
-0.01048569
-0.01445293
-0.01984021
-0.02581689
-0.03141646
-0.03649954
-0.04246881
-0.051197
-0.06390948
-0.08023249
-0.09858523
-0.1173532
-0.1359312
-0.1549133
-0.1744179
-0.1939299
-0.2120663
-0.2274299
-0.24013
-0.2514459
-0.2627874
-0.2748208
-0.286889
-0.2974493
-0.3057174
-0.3117107
-0.3153123
-0.3167301
-0.3168075
-0.3160779
-0.3141516
-0.3099736
-0.3019195
-0.2893855
-0.2718078
-0.2473524
-0.2156731
-0.1776478
-0.1334914
-0.08346916
-0.02894095
0.0279857
0.08024828
0.118387
0.1376377
0.1400885
0.1321873
0.1196084
0.1042201
0.08422452
0.05619129
0.01867977
-0.02437372
-0.06606663
-0.1011427
-0.1277622
-0.1474214
-0.1625765
-0.1743598
-0.1822929
-0.1847577
-0.1798438
-0.1663684
-0.145109
-0.1196439
-0.09540128
-0.07660101
-0.06407902
-0.05617936
-0.05077386
-0.04685018
-0.04425873
-0.04329269
-0.04446369
-0.04857652
-0.05674214
-0.0695164
-0.08602762
-0.1045797
-0.1235778
-0.1427556
-0.1615518
-0.1778361
-0.1898145
-0.1967661
-0.1987881
-0.1971268
-0.1944289
-0.1936453
-0.19627
-0.2011798
-0.2057
-0.2072915
-0.2048193
-0.1985563
-0.189615
-0.1797294
-0.170064
-0.1612741
-0.1540835
-0.1489077
-0.1460672
-0.1457957
-0.1470865
-0.1478415
-0.1461035
-0.1412474
-0.1343343
-0.1269429
-0.1192885
-0.1099354
-0.09683109
-0.07820185
-0.05371053
-0.02467094
0.006533642
0.03708391
0.06485983
0.08874328
0.108239
0.1230509
0.133369
0.1388251
0.1380517
0.1305661
0.1175277
0.1003027
0.07991548
0.05588801
0.02634886
-0.008284361
-0.04432277
-0.0765192
-0.10153
-0.1189314
-0.1306593
-0.1387178
-0.1439651
-0.1465825
-0.1465438
-0.143887
-0.1391102
-0.1327251
-0.1251936
-0.1162097
-0.104682
-0.08986644
-0.07174688
-0.05147615
-0.03026538
-0.008325332
0.01399231
0.03598343
0.05748366
0.07960018
0.1031322
0.1266185
0.1471688
0.1630106
0.1741784
0.181808
0.1868034
0.1891608
0.1887752
0.186359
0.1831861
0.1810269
0.1817871
0.1861598
0.1929294
0.199768
0.2048454
0.2078851
0.2098854
0.2119574
0.2155025
0.2225311
0.2330322
0.2440467
0.2506332
0.2490962
0.2392551
0.2242011
0.2079666
0.1933132
0.1810709
0.1710104
0.1625122
0.1545724
0.146168
0.1367273
0.1269137
0.1176849
0.1094281
0.1020728
0.09475052
0.08588894
0.07329123
0.05523566
0.03173865
0.002779074
-0.03089241
-0.06594278
-0.09882678
-0.127345
-0.1504537
-0.1669171
-0.1759658
-0.1780592
-0.1745781
-0.1665477
-0.1533525
-0.1331581
-0.1035903
-0.06357825
-0.01530548
0.03520287
0.07955037
0.1117246
0.1308506
0.1400497
0.1442252
0.1483918
0.1561243
0.1690003
0.1866507
0.2078229
0.229658
0.2484298
0.2626524
0.2734508
0.2829098
0.2923578
0.301623
0.309584
0.3156964
0.320213
0.3227177
0.3217235
0.3167459
0.3085798
0.2982351
0.2858923
0.2706448
0.2521977
0.230708
0.2070604
0.1844776
0.1666239
0.1550976
0.1489918
0.1461177
0.1448815
0.1449391
0.1462247
0.1481824
0.1502087
0.1518547
0.1522343
0.1497848
0.1426306
0.1293083
0.1092672
0.08430924
0.05759204
0.03181775
0.00863878
-0.01120475
-0.02758357
-0.04162328
-0.05550612
-0.0708459
-0.08767967
-0.1048173
-0.1209978
-0.1356704
-0.1487387
-0.1600741
-0.1701173
-0.1802343
-0.1915101
-0.2041178
-0.2170309
-0.2287953
-0.2386294
-0.2464135
-0.2522803
-0.2558269
-0.2560246
-0.2513629
-0.2409973
-0.2252575
-0.2060047
-0.1866872
-0.1698926
-0.1560377
-0.1442561
-0.1345562
-0.127966
-0.1245596
-0.1228338
-0.1218328
-0.1216465
-0.1221565
-0.1222646
-0.1203918
-0.1157642
-0.1090233
-0.1011863
-0.09310248
-0.08575857
-0.08047612
-0.07827497
-0.07939055
-0.08305106
-0.08748783
-0.09123372
-0.09416439
-0.09695698
-0.09985927
-0.1027884
-0.1057365
-0.1086471
-0.1116992
-0.1152017
-0.1197693
-0.1259554
-0.134086
-0.1443656
-0.1560891
-0.1671749
-0.1762928
-0.1840327
-0.1912364
-0.1978625
-0.2034675
-0.2076656
-0.2104958
-0.2124013
-0.2130506
-0.2110074
-0.2050133
-0.1947577
-0.1808092
-0.1636123
-0.1439166
-0.122998
-0.1023126
-0.08385337
-0.06940079
-0.05957858
-0.05382692
-0.05077907
-0.04875933
-0.04696788
-0.04574379
-0.0451894
-0.04443883
-0.04112267
-0.03268031
-0.01835195
0.001029582
0.02337187
0.04560331
0.06607978
0.08438535
0.1006764
0.115088
0.1272187
0.1365708
0.1427962
0.145924
0.1461218
0.1436594
0.1389668
0.1329005
0.1262044
0.1189515
0.1106552
0.1002834
0.08653081
0.0685172
0.04658877
0.02163597
-0.004803418
-0.03012154
-0.05056075
-0.06340825
-0.06874354
-0.06923998
-0.06788299
-0.06574508
-0.06199334
-0.05489195
-0.04339869
-0.02801844
-0.0108306
0.005100399
0.01735125
0.02396218
0.02323256
0.01580467
0.005072517
-0.005195508
-0.01291102
-0.01868117
-0.02478385
-0.03344866
-0.04519005
-0.05818254
-0.06986598
-0.0782967
-0.0827163
-0.08321293
-0.07986756
-0.07281741
-0.06217952
-0.04855583
-0.03366446
-0.01929672
-0.00700779
0.001667034
0.005139935
0.002614795
-0.004707175
-0.01433196
-0.02385897
-0.03166157
-0.0374709
-0.04199481
-0.04616509
-0.05048251
-0.05470188
-0.05828901
-0.06070017
-0.06099798
-0.05734114
-0.04820179
-0.03314382
-0.01251189
0.01095161
0.03429086
0.05469467
0.07035034
0.08125645
0.08900163
0.09523891
0.09995586
0.1018705
0.09997474
0.09498069
0.08901926
0.08446287
0.0831331
0.08531198
0.09023454
0.09659
0.1031274
0.1091234
0.1140077
0.1169611
0.1169767
0.1137278
0.1079903
0.1013986
0.09529793
0.09001744
0.08505829
0.07980723
0.07405587
0.06807374
0.06262334
0.05874267
0.05755636
0.05970219
0.06414977
0.06845892
0.06984465
0.06635743
0.05823525
0.04756733
0.03649039
0.02615963
0.01688067
0.008412706
0.0004429752
-0.007118998
-0.01410255
-0.02031174
-0.02548406
-0.029111
-0.03072965
-0.0300066
-0.0268387
-0.02178676
-0.01590471
-0.01014254
-0.005008289
-5.54102e-05
0.006058593
0.01487928
0.02760889
0.04419837
0.06355683
0.08344058
0.1009969
0.1143528
0.1224397
0.1251105
0.1239569
0.1219964
0.1218154
0.1244689
0.1293474
0.1344474
0.1380576
0.1398047
0.1406705
0.1420738
0.1448194
0.1488453
0.15332
0.156925
0.1586544
0.1586351
0.1577044
0.1567276
0.1560423
0.1551606
0.1534247
0.1507362
0.1475469
0.1443947
0.1414496
0.1380143
0.1330293
0.1261935
0.1176288
0.1079027
0.09749577
0.08702129
0.07726926
0.06838356
0.05930836
0.04841904
0.0357207
0.0230349
0.01229968
0.004463313
-0.000660367
-0.003753355
-0.005661634
-0.007180623
-0.008705552
-0.01008178
-0.01104489
-0.01117846
-0.0103107
-0.009001038
-0.008268689
-0.008806039
-0.01092353
-0.01415187
-0.01771618
-0.0214256
-0.0256791
-0.03063614
-0.03544058
-0.03799541
-0.03694632
-0.03396863
-0.03269545
-0.03570738
-0.04217608
-0.04920677
-0.05480103
-0.05928352
-0.06452706
-0.07196075
-0.08084587
-0.08888662
-0.09412978
-0.09590021
-0.09471995
-0.09148452
-0.08691917
-0.08162359
-0.07589226
-0.0698972
-0.06415816
-0.05961715
-0.0572681
-0.05733018
-0.05894344
-0.06088305
-0.06220923
-0.06278525
-0.06306266
-0.06379709
-0.06549975
-0.06851784
-0.07285396
-0.07822674
-0.0839454
-0.08911342
-0.09318263
-0.09636641
-0.09973768
-0.10374
-0.1078876
-0.1116797
-0.1146635
-0.1165832
-0.1174644
-0.1175444
-0.1169179
-0.1152936
-0.1121068
-0.1072537
-0.1012973
-0.09494086
-0.08910883
-0.08481369
-0.082197
-0.08064273
-0.07947694
-0.07841251
-0.07726933
-0.07570824
-0.07314917
-0.06916098
-0.06335576
-0.055347
-0.04499949
-0.0322774
-0.01726183
-0.0009678061
0.01463282
0.02801453
0.03862318
0.04669394
0.05304889
0.05855795
0.06330755
0.0665964
0.06782083
0.06681821
0.06367779
0.05884072
0.05310655
0.04691344
0.0400904
0.03213728
0.02269377
0.01201164
0.0005517589
-0.01063834
-0.02015824
-0.02731451
-0.03254255
-0.03672037
-0.0399533
-0.04174944
-0.04163451
-0.03964012
-0.03627581
-0.03230081
-0.02876878
-0.02642303
-0.02521309
-0.02499376
-0.02592053
-0.0279588
-0.03046522
-0.03263414
-0.03407171
-0.03444954
-0.03330641
-0.03048619
-0.02596242
-0.01996716
-0.01329835
-0.006661815
-0.0004504822
0.005285682
0.01057211
0.01492598
0.01788978
0.01908648
0.01856221
0.01701555
0.01545557
0.0149851
0.01640906
0.01998061
0.0248104
0.02867561
0.02913942
0.02501917
0.01682572
0.005820223
-0.006561242
-0.01884508
-0.02956961
-0.03820381
-0.04554921
-0.05278871
-0.06043983
-0.06760828
-0.07280751
-0.07515333
-0.07485487
-0.07326759
-0.07191589
-0.07201432
-0.07436682
-0.07856535
-0.08359332
-0.08795602
-0.09003994
-0.0889933
-0.08508433
-0.07924964
-0.07232133
-0.06493808
-0.05779539
-0.05116818
-0.04444325
-0.03648195
-0.02672972
-0.01551871
-0.003843061
0.006605901
0.01467197
0.02032894
0.02415888
0.02699912
0.02906376
0.03006823
0.03010851
0.02947603
0.02839279
0.02701262
0.02525068
0.02294184
0.02032701
0.01863769
0.01910341
0.02257195
0.02898224
0.03731604
0.0457987
0.05271821
0.05717868
0.05912088
0.05926764
0.05852471
0.05757609
0.05693123
0.05669511
0.0564791
0.05597831
0.05507166
0.05378533
0.05221329
0.05041385
0.04849258
0.04605464
0.04265967
0.03841856
0.03384225
0.02950467
0.02607562
0.02429614
0.02442503
0.02599322
0.02832233
0.03079392
0.0330322
0.03477221
0.03537183
0.0342764
0.03131034
0.02641666
0.01940457
0.01083919
0.001658914
-0.007181873
-0.01422197
-0.01783778
-0.01714766
-0.01228896
-0.004542343
0.003862004
0.01093957
0.0157693
0.01892363
0.0217304
0.02529184
0.02976792
0.03443878
0.03856463
0.04184321
0.04454861
0.04741051
0.0513109
0.05619484
0.06138353
0.06627291
0.07033696
0.07312897
0.07424907
0.07368838
0.07184331
0.06922868
0.06623403
0.06362683
0.06218065
0.06173209
0.06162889
0.06154042
0.06169659
0.06243077
0.06381221
0.06567263
0.06735123
0.06820677
0.06821756
0.06786028
0.06777042
0.06854037
0.06996888
0.07133595
0.07177378
0.07064879
0.06779317
0.06378979
0.05951426
0.05525476
0.05085496
0.04575596
0.03912114
0.03056912
0.02071281
0.0107987
0.00215544
-0.003930323
-0.006921324
-0.007318826
-0.006225308
-0.004753539
-0.003518606
-0.002699909
-0.002475856
-0.002877113
-0.00362447
-0.004420121
-0.005105396
-0.006160826
-0.008633997
-0.01337312
-0.0207543
-0.03046089
-0.04181192
-0.05407416
-0.06649448
-0.0785422
-0.08940657
-0.09815127
-0.1044678
-0.1086403
-0.1112579
-0.1132386
-0.115284
-0.1176362
-0.1200204
-0.1217605
-0.1224432
-0.1221686
-0.1207707
-0.1178102
-0.1127167
-0.1049874
-0.09426615
-0.08128516
-0.06729358
-0.05360942
-0.04194248
-0.03404312
-0.03119464
-0.03329585
-0.03916403
-0.04712501
-0.05572038
-0.06427691
-0.07226449
-0.07893904
-0.08383147
-0.08654912
-0.08684507
-0.08496777
-0.0817973
-0.07874562
-0.0769662
-0.07683643
-0.077784
-0.07894342
-0.07960079
-0.07946656
-0.07856457
-0.0770528
-0.07511943
-0.07303207
-0.07093153
-0.06899078
-0.06730761
-0.06596194
-0.06517106
-0.06512551
-0.06588974
-0.0673878
-0.06924621
-0.07094994
-0.07235313
-0.07322838
-0.07316815
-0.07144078
-0.06755757
-0.06162027
-0.05334953
-0.04267705
-0.02986931
-0.01483923
0.001188869
0.01665385
0.03068142
0.04281413
0.05284317
0.06057249
0.06598509
0.06956182
0.07181407
0.07274902
0.0721254
0.06983606
0.06619674
0.06206922
0.05834155
0.05560109
0.05410119
0.05344261
0.05300133
0.05233742
0.05139067
0.04998909
0.04763542
0.04406151
0.03937376
0.03388729
0.02780419
0.0213565
0.01533588
0.01063223
0.007440944
0.005157682
0.002271252
-0.0025942
-0.009418448
-0.01671142
-0.02255429
-0.02610192
-0.02767785
-0.02782092
-0.02702156
-0.02584784
-0.02482968
-0.02388739
-0.02229092
-0.01926275
-0.01458852
-0.008928861
-0.003544872
0.0004549513
0.002513528
0.002503222
0.0008570213
-0.001366943
-0.003223347
-0.004359522
-0.004807933
-0.004834478
-0.004766372
-0.004788368
-0.004721071
-0.003831288
-0.001172069
0.00384479
0.01126581
0.02035817
0.02995496
0.03913333
0.04728159
0.05429043
0.06040661
0.06580475
0.07057576
0.07512445
0.07958096
0.08363724
0.08676956
0.08836966
0.08819074
0.08678428
0.08527263
0.08474323
0.08560984
0.08758887
0.08995358
0.09170922
0.0918123
0.08927297
0.08366242
0.07581053
0.06697934
0.05813621
0.04998491
0.04297295
0.03727192
0.03271533
0.02930436
0.02758364
0.02807786
0.03068122
0.0344202
0.0380256
0.04039148
0.0402383
0.03679285
0.03029801
0.02200547
0.01373691
0.007086499
0.002498963
-0.0004910416
-0.002216499
-0.002643441
-0.001833306
-4.517297e-05
0.002130417
0.003713186
0.00357962
0.001228671
-0.003269444
-0.009436791
-0.01658454
-0.02393386
-0.03040821
-0.03543619
-0.03929525
-0.04242864
-0.04512822
-0.0476444
-0.05004604
-0.05217569
-0.0535686
-0.05420635
-0.05470612
-0.05565434
-0.05714268
-0.0586992
-0.05950983
-0.05889583
-0.05661334
-0.05293175
-0.04851884
-0.04379067
-0.0389397
-0.0348782
-0.03266878
-0.03232473
-0.03288878
-0.03333882
-0.03320553
-0.03225246
-0.03011372
-0.02672033
-0.02265407
-0.0184659
-0.01443605
-0.01084202
-0.007459178
-0.003189551
0.002958984
0.0110519
0.02012004
0.0290822
0.03683756
0.04260576
0.04640452
0.04862477
0.05017346
0.05212033
0.05489338
0.05818208
0.06139787
0.06394318
0.06532548
0.06519811
0.06326493
0.05990107
0.05596403
0.05242194
0.05021815
0.04967969
0.0504709
0.05184908
0.05308316
0.05411268
0.05496087
0.05555777
0.05614942
0.05683336
0.05651902
0.05368446
0.04772304
0.03908977
0.0288997
0.01833952
0.008473977
-7.765044e-05
-0.006914125
-0.01203015
-0.01628938
-0.02046454
-0.02459675
-0.02823362
-0.03068518
-0.03164511
-0.03155138
-0.03118368
-0.03090725
-0.03030916
-0.02859994
-0.02536508
-0.02097004
-0.01591513
-0.0104848
-0.005077509
3.598254e-05
0.004403957
0.007533675
0.009685893
0.01170926
0.01423084
0.0172786
0.02052324
0.0238158
0.0271907
0.03085733
0.03491905
0.03931582
0.04416018
0.04930392
0.05429174
0.05875778
0.06216527
0.06394642
0.06425637
0.06388724
0.06361091
0.0637053
0.06380694
0.0633214
0.0621271
0.05984316
0.05595564
0.05088242
0.04573072
0.04147863
0.03836827
0.03591277
0.03353557
0.0313134
0.02931581
0.02718609
0.0245507
0.0208485
0.01521228
0.007260711
-0.002149684
-0.01147828
-0.01922072
-0.02441415
-0.02704463
-0.02787158
-0.02783773
-0.02750853
-0.02721748
-0.02713647
-0.02722556
-0.02748478
-0.02823137
-0.0294991
-0.03124101
-0.03319508
-0.03487499
-0.03558932
-0.03468735
-0.03200158
-0.02757656
-0.02142237
-0.01360979
-0.005011801
0.002663606
0.008010077
0.010853
0.01195179
0.01244693
0.01299885
0.01373348
0.01458333
0.01512691
0.01479576
0.01351369
0.01174144
0.009858379
0.00779095
0.00537223
0.002767372
0.0004578098
-0.001274059
-0.002235541
-0.001975171
-0.0002473899
0.002558268
0.005731274
0.008900909
0.012253
0.01605292
0.02030815
0.02468251
0.02860462
0.03130475
0.0317637
0.02944388
0.02464693
0.01800837
0.01037317
0.002297649
-0.006105386
-0.01444448
-0.02182935
-0.0275331
-0.03135423
-0.03338069
-0.03399322
-0.03367971
-0.03300483
-0.03235666
-0.03219361
-0.03318146
-0.0356934
-0.03930271
-0.04324839
-0.04685161
-0.04959191
-0.05133672
-0.05226212
-0.05284748
-0.05337715
-0.05348569
-0.05268668
-0.05088044
-0.04852748
-0.04604414
-0.04336535
-0.04001527
-0.03602935
-0.03172599
-0.02715487
-0.02243416
-0.01774589
-0.01302978
-0.008355189
-0.004166069
-0.0008485911
0.001345215
0.001888752
0.0001185378
-0.003864355
-0.009477319
-0.01613734
-0.02304887
-0.02943481
-0.03461275
-0.03868255
-0.04238503
-0.04626089
-0.05017352
-0.05394065
-0.05777503
-0.06146581
-0.06442049
-0.06641295
-0.06757494
-0.06794809
-0.06761577
-0.06673376
-0.06529893
-0.0635604
-0.06184848
-0.06001858
-0.05738875
-0.05348005
-0.04817159
-0.04152057
-0.03405182
-0.02672377
-0.02037395
-0.01543585
-0.01157248
-0.008124309
-0.00456073
-0.0005409181
0.004045325
0.008883371
0.01370637
0.01825904
0.02226851
0.02534214
0.02700191
0.02731337
0.02658952
0.02531676
0.02413581
0.02363172
0.02439393
0.02661993
0.02980657
0.03310412
0.03569725
0.03702972
0.03696264
0.0357401
0.03356826
0.03087349
0.02796022
0.02486949
0.02152646
0.01803955
0.01474097
0.01207869
0.01066189
0.01108034
0.01327964
0.01644756
0.0196623
0.02246673
0.02480602
0.02660763
0.02808397
0.02927953
0.03015787
0.03125803
0.0331227
0.03542146
0.03729273
0.03809701
0.03734016
0.03496982
0.03146842
0.0275139
0.02333607
0.01901891
0.01455643
0.009719383
0.004351903
-0.00137789
-0.006822882
-0.01118925
-0.01431796
-0.01645994
-0.01783228
-0.01874147
-0.0194839
-0.02057177
-0.0224891
-0.02522568
-0.02834494
-0.031436
-0.03416631
-0.03621692
-0.03723777
-0.03692674
-0.03516741
-0.03217362
-0.02832207
-0.02407681
-0.0197509
-0.01513422
-0.01018733
-0.005519061
-0.00220742
-0.001324026
-0.003293218
-0.007224642
-0.01162037
-0.01530786
-0.0175126
-0.01810312
-0.01754116
-0.01666346
-0.01615428
-0.01587153
-0.01496048
-0.01249971
-0.007926881
-0.001342036
0.006761063
0.0153495
0.02343109
0.03090614
0.03803926
0.04487654
0.05142929
0.05733414
0.06192689
0.06470237
0.06544069
0.06445641
0.06235871
0.05980283
0.05734069
0.05528887
0.05398901
0.05352509
0.05335855
0.05268842
0.05156711
0.05087218
0.05161639
0.05399227
0.05727461
0.06008452
0.06066909
0.0581492
0.0531036
0.04680422
0.04032545
0.03432514
0.02900902
0.02431333
0.01953734
0.01406148
0.008376667
0.003176399
-0.001099473
-0.004608454
-0.007758011
-0.01088467
-0.01406989
-0.0174268
-0.02112688
-0.02499696
-0.02854464
-0.03112975
-0.03229722
-0.0320654
-0.03059891
-0.02782166
-0.02377926
-0.01885471
-0.01330157
-0.007601002
-0.002538389
0.001188995
0.003281388
0.003536701
0.001936812
-0.001206045
-0.005536297
-0.01064764
-0.01584251
-0.02019983
-0.02291939
-0.02402943
-0.02405297
-0.02363181
-0.02319374
-0.02238107
-0.02063925
-0.01794098
-0.01482929
-0.01197209
-0.009471982
-0.007406819
-0.005395035
-0.002445965
0.001877356
0.007185481
0.01273448
0.01822802
0.02345108
0.02805796
0.03146895
0.03308086
0.03269371
0.03032185
0.02583829
0.01942943
0.01175971
0.003736325
-0.003867255
-0.01024106
-0.0150331
-0.01838001
-0.02037785
-0.02101754
-0.02048606
-0.01904362
-0.01739822
-0.01653364
-0.01687796
-0.01813898
-0.01992967
-0.02176658
-0.02331394
-0.0244147
-0.02497094
-0.02507427
-0.02483108
-0.0243178
-0.02379876
-0.02331794
-0.02256432
-0.02114336
-0.01887543
-0.01599139
-0.01295385
-0.01027819
-0.008314945
-0.007107764
-0.006158523
-0.004638456
-0.002324205
0.0005817911
0.003876642
0.006927523
0.008835349
0.009104006
0.008238278
0.007314796
0.007117103
0.008157967
0.01078181
0.01491215
0.01970027
0.02431481
0.02801743
0.030084
0.03027249
0.02910619
0.02774854
0.02713081
0.02741368
0.02828598
0.02922206
0.02987848
0.0298846
0.02895215
0.02710791
0.0246648
0.0214344
0.01719141
0.0122286
0.006909478
0.001661591
-0.002714448
-0.00559142
-0.007036288
-0.007412295
-0.007090004
-0.006600364
-0.006361577
-0.006211022
-0.005563588
-0.004033412
-0.001399238
0.002254121
0.006859556
0.01188729
0.01646048
0.01991102
0.02187557
0.02269771
0.02293137
0.02285692
0.0224952
0.02174052
0.02021428
0.01789214
0.01515193
0.01215396
0.008925488
0.005660465
0.002309855
-0.001810695
-0.00743282
-0.01466092
-0.02298258
-0.03150116
-0.03953451
-0.04645029
-0.05152583
-0.05430995
-0.05505252
-0.05449183
-0.05331529
-0.05173757
-0.04961527
-0.04664768
-0.04252168
-0.03722544
-0.0310736
-0.02485928
-0.01930913
-0.01502915
-0.01249465
-0.01196555
-0.01332812
-0.01602059
-0.01933008
-0.02232521
-0.02422778
-0.02445548
-0.0226822
-0.01931994
-0.01491237
-0.009752623
-0.003981653
0.001859496
0.007009243
0.01125466
0.01454056
0.01692416
0.01822158
0.01785734
0.01515347
0.01035883
0.004572483
-0.001299166
-0.006512912
-0.01029187
-0.01177734
-0.01069965
-0.008161128
-0.005755263
-0.003901109
-0.001926948
0.001003143
0.004912762
0.009287544
0.01370217
0.01759285
0.02035563
0.0211744
0.01956352
0.01616283
0.01253822
0.009793498
0.007828664
0.006062818
0.004063748
0.001764553
-0.0006703975
-0.002742614
-0.003826755
-0.003648685
-0.002543861
-0.001505615
-0.001127542
-0.001433206
-0.002040638
-0.002158506
-0.0009897802
0.001902346
0.00659228
0.01251233
0.01871128
0.02455071
0.02998017
0.03523331
0.0402395
0.04448743
0.04733408
0.04834659
0.04789169
0.04689519
0.04639924
0.04674239
0.04768621
0.04900608
0.05040056
0.05177463
0.05308535
0.05442615
0.05578424
0.05731669
0.05878941
0.05924866
0.05803928
0.05574203
0.05329293
0.05102424
0.04906588
0.04749365
0.04611639
0.04476913
0.04316524
0.0413361
0.03939982
0.03748358
0.03573225
0.03420286
0.03282664
0.03153795
0.03057817
0.02992804
0.02916801
0.02776597
0.02525348
0.02151124
0.01653672
0.01016816
0.002724731
-0.004988599
-0.01232785
-0.01898053
-0.0248727
-0.0298431
-0.03394734
-0.03738418
-0.03995754
-0.04152542
-0.04231311
-0.04299656
-0.04441631
-0.04695971
-0.05061064
-0.05525142
-0.06061504
-0.06623836
-0.07166386
-0.07667571
-0.08065482
-0.08315604
-0.08428269
-0.08423436
-0.08341755
-0.08243472
-0.08129168
-0.07913109
-0.07519012
-0.0695148
-0.06260488
-0.0551215
-0.04772685
-0.04051975
-0.03370398
-0.02767331
-0.02244046
-0.01796486
-0.01428357
-0.01123411
-0.008473754
-0.005859077
-0.003601688
-0.002162479
-0.001883086
-0.002369664
-0.002884186
-0.002761494
-0.001514771
0.001104969
0.005120355
0.01025353
0.01590719
0.02119434
0.02547856
0.02863263
0.03075773
0.03195972
0.03180357
0.02972423
0.02579223
0.02108175
0.01695165
0.01401826
0.01241065
0.0122127
0.01343584
0.01568697
0.01797615
0.01966798
0.02044767
0.02034829
0.01989545
0.01969862
0.02014283
0.02098899
0.02181247
0.0227131
0.023644
0.02436248
0.02484921
0.02495272
0.02443895
0.022603
0.01855177
0.01238603
0.005393298
-0.001229463
-0.007131788
-0.01214556
-0.01588923
-0.01794339
-0.01835332
-0.01757221
-0.0163424
-0.01546401
-0.0152799
-0.01557261
-0.01589766
-0.01566511
-0.01457213
-0.01323522
-0.01227567
-0.01160478
-0.01093462
-0.01000315
-0.008376872
-0.006183393
-0.003943927
-0.001789143
0.0001259168
0.001728072
0.003052365
0.003878546
0.003915428
0.003072853
0.001635761
7.189384e-06
-0.00174228
-0.003860836
-0.006462017
-0.00896552
-0.01074593
-0.01183903
-0.0124525
-0.01247806
-0.01167557
-0.009730581
-0.006797247
-0.003687822
-0.0008860339
0.001233925
0.002313818
0.002542445
0.002653974
0.003212302
0.004543886
0.006469526
0.008346518
0.009499549
0.009598943
0.008532515
0.006605306
0.004316452
0.002082346
-6.913525e-05
-0.002212233
-0.00464246
-0.007680507
-0.01111962
-0.01436372
-0.01672226
-0.01779464
-0.01782381
-0.01736947
-0.01680254
-0.0162525
-0.01566584
-0.01499905
-0.01409882
-0.01305195
-0.01225607
-0.01195916
-0.01206232
-0.01245021
-0.01337625
-0.01519026
-0.01783618
-0.02056959
-0.02248535
-0.02334269
-0.02318725
-0.02201099
-0.01985634
-0.01686901
-0.013361
-0.009526031
-0.005472616
-0.001276366
0.002966261
0.006999515
0.01050569
0.01308566
0.01440621
0.01419666
0.01291714
0.01143108
0.01021822
0.009384488
0.008452796
0.00673233
0.004068679
0.0008791592
-0.002328271
-0.005371268
-0.00812668
-0.01009646
-0.01078358
-0.00994869
-0.007841313
-0.004577423
-0.0001642736
0.005533062
0.01208462
0.01868592
0.02501589
0.03113563
0.03704736
0.04226216
0.04625091
0.04852445
0.04903949
0.04790174
0.04512678
0.04119728
0.03678116
0.03269992
0.02931397
0.02626687
0.0232988
0.02079554
0.01952076
0.01985008
0.0213401
0.02298232
0.02387329
0.02353995
0.02182057
0.0190985
0.01633559
0.0142872
0.01277146
0.01138442
0.009885903
0.008095095
0.00603645
0.004240848
0.003257561
0.002923289
0.00246616
0.001124366
-0.001496445
-0.005136576
-0.009228948
-0.01314053
-0.01614197
-0.01769905
-0.01768596
-0.01651465
-0.01490846
-0.01342444
-0.01224747
-0.01145844
-0.01109665
-0.01104649
-0.01118136
-0.01164359
-0.01267546
-0.01447896
-0.01702223
-0.01998439
-0.02283438
-0.02496208
-0.02640775
-0.02744599
-0.02832761
-0.02913917
-0.02993586
-0.03050206
-0.0304796
-0.02999768
-0.02940915
-0.02882487
-0.02824049
-0.02746027
-0.02620876
-0.02424488
-0.02159421
-0.01847186
-0.01514596
-0.01204261
-0.00961663
-0.00831858
-0.008411747
-0.00996261
-0.01258143
-0.01561791
-0.01857511
-0.02130037
-0.02374804
-0.02577328
-0.02718983
-0.02746684
-0.02581304
-0.02175294
-0.01532639
-0.007018161
0.002483728
0.0126183
0.0228024
0.03229325
0.04030608
0.04647454
0.05091103
0.054005
0.05649181
0.05865093
0.06013256
0.06062395
0.05986098
0.05789767
0.05559226
0.05367755
0.05237461
0.05119657
0.04916294
0.04589965
0.04155752
0.03658207
0.03206191
0.02920491
0.02819854
0.02849946
0.02928835
0.02995168
0.03001125
0.02927557
0.02746922
0.02466607
0.02143455
0.01822536
0.01515383
0.01234904
0.009371842
0.006029316
0.00272629
-4.26146e-05
-0.002470827
-0.005325607
-0.009192967
-0.01396096
-0.01889355
-0.023806
-0.02892788
-0.03389782
-0.03804789
-0.04118559
-0.04340593
-0.0446185
-0.04448162
-0.04246869
-0.03839978
-0.03233646
-0.02466903
-0.01631291
-0.008798557
-0.003847678
-0.002509875
-0.004880602
-0.01015712
-0.0171788
-0.02481209
-0.03219322
-0.03884197
-0.04429242
-0.04810058
-0.05028364
-0.05109899
-0.05074902
-0.04951361
-0.04760646
-0.04518349
-0.04252845
-0.04034183
-0.03934533
-0.03997762
-0.04204192
-0.04440514
-0.0459847
-0.04615436
-0.0443875
-0.04038498
-0.03475776
-0.02820123
-0.02092032
-0.01333431
-0.006283884
-0.000488881
0.003907294
0.007050344
0.009342073
0.01092162
0.01150513
0.01047728
0.007624229
0.002996485
-0.002841782
-0.008829562
-0.0139237
-0.01742918
-0.01908919
-0.01934191
-0.01906227
-0.01905725
-0.01980412
-0.02136456
-0.02340643
-0.02530367
-0.02680626
-0.02797653
-0.02915871
-0.03058654
-0.03224557
-0.03373784
-0.03461497
-0.03426307
-0.03207623
-0.02770217
-0.02143252
-0.0143146
-0.007583552
-0.002091432
0.001513759
0.00300805
0.002820809
0.001717388
0.0005666015
-0.0001739681
-0.000602677
-0.001044055
-0.001666925
-0.002267256
-0.002599507
-0.002602817
-0.002210346
-0.001239527
0.0005132597
0.002931316
0.005228271
0.006773196
0.007679203
0.0083477
0.009447931
0.01175854
0.01546509
0.02006041
0.02495393
0.02952786
0.03339057
0.03617954
0.03771272
0.03803013
0.03746453
0.03615364
0.03415659
0.03184366
0.02954948
0.02745078
0.02544511
0.02349602
0.0217779
0.02051072
0.01954808
0.01841178
0.01680622
0.01500299
0.01329409
0.01186558
0.01059323
0.009569329
0.009000517
0.008892642
0.009022764
0.009112932
0.008734425
0.007481704
0.005577389
0.003452458
0.001207646
-0.001249978
-0.003958686
-0.006825776
-0.009571425
-0.01165444
-0.01262845
-0.01240601
-0.01106525
-0.008824902
-0.006071926
-0.003196206
-0.0004159359
0.002264043
0.004957034
0.007696173
0.01008772
0.0117137
0.01273461
0.01345718
0.01398485
0.01451611
0.01515958
0.01595674
0.01700773
0.01826467
0.01926707
0.01922774
0.01805235
0.01617079
0.01410415
0.01232333
0.01099797
0.009441003
0.00693
0.003387821
-0.0003935912
-0.003233765
-0.004876805
-0.005732634
-0.006385188
-0.007065942
-0.007626062
-0.007895518
-0.007669428
-0.006518466
-0.004159315
-0.0007737367
0.002903963
0.006191869
0.008946976
0.01145831
0.01407416
0.01691076
0.01964767
0.02178502
0.02355394
0.02559018
0.02811679
0.03070655
0.03265657
0.03350806
0.033453
0.03307235
0.03253371
0.03133105
0.02896765
0.02520717
0.02034233
0.01521768
0.01028369
0.005599805
0.001316737
-0.002478853
-0.005760371
-0.008623908
-0.01091909
-0.01226501
-0.01263648
-0.0124314
-0.01197129
-0.01140993
-0.0107785
-0.009905663
-0.008594008
-0.006628046
-0.003713257
0.0003710689
0.005284173
0.01030174
0.01510653
0.01967337
0.02377978
0.02718173
0.02970526
0.0311394
0.0313171
0.03026776
0.0277614
0.02353308
0.01768237
0.01082826
0.003827908
-0.002974801
-0.009249745
-0.01474806
-0.01932149
-0.02315927
-0.02657313
-0.02967639
-0.03220242
-0.03381144
-0.03474015
-0.0353806
-0.03590379
-0.03667626
-0.03784601
-0.03947022
-0.041331
-0.0430716
-0.04453958
-0.04582596
-0.04712266
-0.04842138
-0.04938336
-0.04978638
-0.04989883
-0.05017076
-0.05047358
-0.05039745
-0.0498212
-0.04860064
-0.04640388
-0.04303523
-0.03864712
-0.0338059
-0.02916413
-0.02479066
-0.0203913
-0.01552728
-0.0101067
-0.004728563
-0.0001590996
0.003047736
0.004722412
0.005118419
0.004537387
0.003352799
0.001947517
0.0005972008
-0.0004439758
-0.0009728132
-0.001072416
-0.001212488
-0.002006992
-0.003778502
-0.006140605
-0.008382732
-0.01034821
-0.01241161
-0.01489936
-0.01779324
-0.02080171
-0.02344162
-0.02533886
-0.02631577
-0.02626858
-0.02527622
-0.0234838
-0.02104997
-0.01815368
-0.01507517
-0.01201259
-0.008760941
-0.004946621
-0.0002868038
0.005090955
0.01059923
0.01582749
0.02055576
0.02462042
0.02813842
0.03112986
0.0337358
0.03614069
0.03816178
0.03979831
0.0409874
0.04147075
0.04114191
0.04043875
0.04005696
0.04040799
0.04117702
0.04153396
0.04069356
0.03856325
0.03556147
0.03240125
0.02934569
0.02625912
0.02268929
0.01816437
0.01271204
0.006639023
0.0004298399
-0.00500451
-0.008999064
-0.01146907
-0.01273487
-0.01342459
-0.0137678
-0.01384198
-0.01382821
-0.01349402
-0.01259774
-0.01135787
-0.0102064
-0.009141246
-0.007826722
-0.006238813
-0.004535861
-0.002503759
0.0001793162
0.003303727
0.006278833
0.008860097
0.01084893
0.01193458
0.01215729
0.01197544
0.01204863
0.01286936
0.01452695
0.01654186
0.01841043
0.01984732
0.02080227
0.02142967
0.0220279
0.02269461
0.02321427
0.02341712
0.02331647
0.02285082
0.02187547
0.02026189
0.01817117
0.01575659
0.01276657
0.009185941
0.005233377
0.001093609
-0.003106676
-0.007317247
-0.01154156
-0.01557143
-0.01855531
-0.01977371
-0.01927937
-0.01766304
-0.01539133
-0.01275373
-0.009977214
-0.007317495
-0.005099423
-0.003426457
-0.002086984
-0.0007815185
0.0006629574
0.002342239
0.004435482
0.006890734
0.00927967
0.01119689
0.01231967
0.01246166
0.01201061
0.01158148
0.01149546
0.01167269
0.01187395
0.0119394
0.01186935
0.01176794
0.01187148
0.01234734
0.01291661
0.0130045
0.0120452
0.01003331
0.007303781
0.004158656
0.0009742932
-0.001994439
-0.004751809
-0.007453284
-0.01003493
-0.01220728
-0.01384531
-0.01498328
-0.01582626
-0.01649777
-0.01698622
-0.01742324
-0.01768101
-0.01758683
-0.01720252
-0.01638753
-0.0152267
-0.01401077
-0.01276429
-0.01105353
-0.008439058
-0.004939713
-0.0008810715
0.003218262
0.006638673
0.009208643
0.01136647
0.01339566
0.01519446
0.01648792
0.01737761
0.01813743
0.01856973
0.01843635
0.01775478
0.01690996
0.01614627
0.01512198
0.01328748
0.01017583
0.006001487
0.001109809
-0.004232334
-0.00956285
-0.01422436
-0.01782034
-0.02011658
-0.02145187
-0.0223664
-0.02321183
-0.02429397
-0.02569631
-0.02711182
-0.02819223
-0.02907646
-0.0299505
-0.03065463
-0.0309775
-0.03048566
-0.02875401
-0.02606948
-0.0227647
-0.01898174
-0.01470555
-0.01016425
-0.005662718
-0.001380478
0.002557232
0.006141205
0.009157957
0.01137404
0.01290249
0.01410652
0.01513849
0.01584522
0.01612762
0.01605795
0.01565469
0.01511838
0.01488177
0.01470888
0.01413174
0.01279723
0.01064907
0.008361607
0.006477514
0.005228603
0.004686782
0.004648135
0.004705866
0.00432401
0.003316023
0.002166286
0.001485517
0.001429699
0.001564073
0.0009531925
-0.001002451
-0.004027428
-0.007372643
-0.0104947
-0.0133557
-0.01613387
-0.01894987
-0.02161084
-0.02370635
-0.02523895
-0.02634075
-0.02719954
-0.02781497
-0.02812194
-0.0281685
-0.02798104
-0.02729239
-0.02592861
-0.02413613
-0.02199993
-0.01950814
-0.01674625
-0.01402929
-0.01177139
-0.009943343
-0.008026377
-0.005905236
-0.004088131
-0.003078361
-0.003110335
-0.00411695
-0.006107197
-0.008842619
-0.01187165
-0.01477082
-0.0170802
-0.01869285
-0.01985308
-0.02060434
-0.02094853
-0.02095474
-0.02044645
-0.01936109
-0.01783142
-0.01579129
-0.01366187
-0.01204876
-0.01117549
-0.01068358
-0.009956636
-0.008643373
-0.006647712
-0.004017545
-0.0008187297
0.002607685
0.00561139
0.008002098
0.01021066
0.012698
0.01557808
0.01870255
0.02204049
0.02550026
0.0288315
0.03167062
0.03389635
0.0355889
0.03744836
0.04005818
0.04327089
0.04649984
0.04909066
0.05066352
0.05104847
0.05046285
0.04905939
0.04690361
0.04421436
0.04124149
0.03786273
0.03374453
0.02899078
0.02404214
0.01941645
0.01517722
0.01127232
0.007459995
0.003452009
-0.0008392095
-0.005398541
-0.01022582
-0.01509516
-0.01983759
-0.02456079
-0.0291459
-0.03321649
-0.0364823
-0.03846499
-0.03857223
-0.0367585
-0.03359982
-0.02989209
-0.02609778
-0.02189316
-0.0169052
-0.01121892
-0.005264547
0.000282926
0.005001897
0.009264392
0.01336488
0.01713512
0.02038865
0.02322331
0.02560793
0.02728723
0.02843298
0.0293204
0.02994481
0.03019213
0.0297389
0.02836008
0.02620142
0.02335174
0.0198089
0.01579798
0.01217369
0.009668773
0.008256605
0.007489297
0.006899272
0.006383545
0.006077143
0.006231366
0.00678544
0.007291873
0.007197262
0.00625562
0.004746924
0.003337178
0.002402169
0.001937642
0.00181784
0.001841462
0.001839687
0.001766956
0.001627465
0.001236363
0.0004114563
-0.0005747924
-0.00116091
-0.0008719971
0.0003947577
0.002492613
0.005138745
0.007989778
0.0106656
0.01248014
0.01279964
0.01162386
0.009403794
0.006684932
0.003815258
0.0007142948
-0.002680506
-0.006221145
-0.009916862
-0.01364436
-0.01691366
-0.01948076
-0.02138172
-0.02273796
-0.02367445
-0.02443348
-0.02517074
-0.02598083
-0.02691278
-0.02809462
-0.02923319
-0.03005152
-0.03077478
-0.03161939
-0.03251776
-0.03320769
-0.03330115
-0.03260733
-0.03108827
-0.02915621
-0.02719854
-0.02528925
-0.02351352
-0.02171892
-0.01948531
-0.01669504
-0.01356831
-0.01021286
-0.006360718
-0.002021308
0.002524423
0.007146196
0.01164438
0.01553954
0.01849792
0.02080263
0.02265491
0.02379747
0.02372686
0.02211377
0.01923501
0.01593363
0.01340192
0.01236631
0.01259229
0.01347829
0.01465476
0.01609976
0.01757651
0.01877249
0.0194792
0.01943142
0.01849295
0.01666844
0.01397205
0.01053266
0.006860619
0.003516012
0.0006519957
-0.001820391
-0.003791984
-0.00554162
-0.00763132
-0.01030688
-0.01329398
-0.0159649
-0.01783226
-0.01871934
-0.01884846
-0.01857084
-0.01795787
-0.01673231
-0.0144589
-0.011069
-0.00684379
-0.002380528
0.001855472
0.005315089
0.007736678
0.009034369
0.009403963
0.009189211
0.008791223
0.0087611
0.009494339
0.01126375
0.01390659
0.0169378
0.0200786
0.0233326
0.0267011
0.02989582
0.0323957
0.03441101
0.03622695
0.03720199
0.03650651
0.03391786
0.02996613
0.02566233
0.02163187
0.01823905
0.01560485
0.01355804
0.01206146
0.01104468
0.01030471
0.009558963
0.008464561
0.006731498
0.004283788
0.001274293
-0.002278493
-0.005969087
-0.009411308
-0.01252528
-0.01514347
-0.01708365
-0.01822844
-0.01863866
-0.01846817
-0.01764599
-0.01636945
-0.01486966
-0.01349853
-0.0123877
-0.01133039
-0.01009117
-0.008556173
-0.006707632
-0.004856666
-0.002948611
-0.0006670943
0.001946242
0.004291961
0.005780703
0.006464075
0.006573767
0.006116534
0.004985644
0.003066282
0.0004809733
-0.002205528
-0.004070123
-0.00451782
-0.003598097
-0.001789445
0.0001921401
0.001477955
0.001754667
0.001390197
0.0006631321
-0.0007048881
-0.002915244
-0.00582387
-0.009073699
-0.01223636
-0.01488082
-0.01654344
-0.01687171
-0.01576708
-0.01349662
-0.01061343
-0.007647047
-0.004863795
-0.002275391
-6.557561e-05
0.001663522
0.00304488
0.004196302
0.005042373
0.005237899
0.004810463
0.004252831
0.004029248
0.004397883
0.005194967
0.006108825
0.006833666
0.007030782
0.006235173
0.004154366
0.001124634
-0.002133526
-0.005042798
-0.007194674
-0.008332942
-0.00859241
-0.008382316
-0.007939254
-0.00747468
-0.007060956
-0.006129408
-0.004061656
-0.0009925208
0.002375548
0.005227333
0.006973628
0.007859418
0.008746181
0.01022418
0.01198825
0.01357988
0.01475795
0.01526166
0.01496464
0.01404161
0.01257984
0.01065674
0.008257366
0.005639317
0.003322586
0.001598426
0.0006359989
0.0005663775
0.001334134
0.00315496
0.006078568
0.009526366
0.01279867
0.01527634
0.01634414
0.01597633
0.01460944
0.01260522
0.01057597
0.00912861
0.008374812
0.008152841
0.008383956
0.009125401
0.01030359
0.01155425
0.01272839
0.01394639
0.01536418
0.01678958
0.01773312
0.01790847
0.01713519
0.01570992
0.01405427
0.01263271
0.01191201
0.01214589
0.01319987
0.01431056
0.01429301
0.0125942
0.0100112
0.007549694
0.005681539
0.004357517
0.003227265
0.002030156
0.0008068703
-0.0006678374
-0.002616207
-0.004650428
-0.006674409
-0.009207073
-0.01258792
-0.01669288
-0.0211242
-0.02540034
-0.02908447
-0.03209912
-0.0346289
-0.03675551
-0.03839748
-0.03947663
-0.04007476
-0.04028631
-0.04044901
-0.04071077
-0.04082147
-0.0403391
-0.03930237
-0.03814208
-0.03686988
-0.03508346
-0.0324059
-0.02843536
-0.02301777
-0.01659321
-0.009535888
-0.001928026
0.005678329
0.0123392
0.01761907
0.02140832
0.0235834
0.02410757
0.0230903
0.02087431
0.01804211
0.01512578
0.01238878
0.01001192
0.008324593
0.007547404
0.0074833
0.007724095
0.008033973
0.007906516
0.007142767
0.006246881
0.005761394
0.005835127
0.006454342
0.007522336
0.008664849
0.009679644
0.01076518
0.01224154
0.01393514
0.0156186
0.01693562
0.0175691
0.01759278
0.01729721
0.01673506
0.01586981
0.0149151
0.01392375
0.01288571
0.01183287
0.01063998
0.009535537
0.00866189
0.007715206
0.006630728
0.005457928
0.00431281
0.003491353
0.003179476
0.003403857
0.004033834
0.004640129
0.004726342
0.003824346
0.001744477
-0.001314469
-0.004912819
-0.008744224
-0.01305586
-0.01779951
-0.02238355
-0.02645255
-0.02989266
-0.03242297
-0.03372177
-0.03393393
-0.03344461
-0.03249384
-0.03104356
-0.0289441
-0.02623912
-0.02298772
-0.01908213
-0.01462317
-0.01003541
-0.005901602
-0.002545201
0.000218916
0.002820754
0.005490992
0.007781739
0.009008491
0.008906666
0.007956455
0.006858066
0.006115935
0.005912245
0.006067772
0.006264244
0.006230794
0.005699367
0.00465996
0.003523709
0.002530047
0.001628714
0.0009051743
0.000516134
0.0004496069
0.0005310851
0.0004648747
-0.0001220831
-0.001445408
-0.003445254
-0.005741138
-0.008009161
-0.009983399
-0.01158293
-0.01304514
-0.01464343
-0.01630308
-0.01806971
-0.01975744
-0.02072134
-0.0205975
-0.01955607
-0.01754929
-0.01442633
-0.01054821
-0.006732345
-0.003368062
-9.415729e-05
0.003417144
0.007014993
0.01020251
0.01254927
0.01428558
0.01577501
0.01724673
0.01873372
0.0200204
0.02091696
0.0212861
0.02100138
0.019859
0.01797425
0.01586997
0.01378401
0.01175295
0.00995377
0.008702624
0.008128275
0.007785239
0.007051256
0.00570463
0.004018788
0.002521184
0.001211208
-0.0002589089
-0.001887456
-0.00334949
-0.004672334
-0.005861421
-0.006948538
-0.008036687
-0.009032488
-0.009900583
-0.01048477
-0.01047069
-0.009957764
-0.009196006
-0.008166744
-0.006925632
-0.00528233
-0.003015637
-0.000214782
0.002805091
0.005751196
0.008308072
0.01018694
0.01157696
0.01255159
0.0130575
0.01317016
0.0129426
0.01224005
0.01086783
0.00871002
0.005966326
0.003158155
0.0007093715
-0.001673545
-0.004517887
-0.007488871
-0.009717248
-0.0108582
-0.01131409
-0.01188879
-0.0130777
-0.01499085
-0.01752021
-0.02038541
-0.02329497
-0.02607905
-0.02855798
-0.03052401
-0.03184866
-0.03263836
-0.03297987
-0.03308801
-0.03295819
-0.0321519
-0.03071063
-0.02888109
-0.02672076
-0.02448634
-0.02254046
-0.02100545
-0.01972369
-0.01844116
-0.016961
-0.01513016
-0.01314967
-0.0108915
-0.00807681
-0.004575083
-0.000564189
0.003440652
0.007156506
0.01051532
0.01354236
0.016379
0.01918593
0.02205012
0.02488847
0.02738812
0.02922086
0.03016973
0.03037151
0.03023191
0.03001203
0.02967273
0.02927985
0.02888788
0.02837208
0.02759391
0.02630334
0.02457054
0.02264227
0.02059895
0.01857163
0.01661578
0.01447903
0.01193273
0.009028496
0.006005597
0.003063961
0.0002682838
-0.002140515
-0.00362656
-0.003898802
-0.0032252
-0.002409516
-0.002239868
-0.002864003
-0.003724746
-0.004233357
-0.004230787
-0.003927675
-0.003470424
-0.002965814
-0.002819645
-0.003433285
-0.004766279
-0.006400002
-0.007774909
-0.008749865
-0.009821517
-0.01120771
-0.01286011
-0.0144609
-0.01568625
-0.01640872
-0.01665727
-0.01658397
-0.01617565
-0.01531534
-0.01403041
-0.0124681
-0.01084713
-0.009408485
-0.008437752
-0.00798581
-0.007601238
-0.006764122
-0.005285166
-0.003241065
-0.001055816
0.0008821638
0.002743264
0.004941695
0.007674103
0.01072887
0.01334897
0.01477887
0.01486228
0.01380322
0.01182678
0.009238949
0.006405635
0.003581047
0.0008503324
-0.001622472
-0.003578819
-0.005383415
-0.007522238
-0.009818422
-0.01168361
-0.01262132
-0.01269791
-0.01255279
-0.01280828
-0.01341411
-0.01395443
-0.01415302
-0.01403009
-0.01365138
-0.01320539
-0.01293451
-0.01271717
-0.0121228
-0.01094427
-0.00930506
-0.007244042
-0.005143029
-0.003315705
-0.001508099
0.0003288113
0.002064624
0.003614079
0.004921435
0.006083835
0.007069468
0.007935837
0.008879004
0.009891326
0.01113159
0.01273214
0.0145367
0.01652842
0.0188113
0.0211723
0.02316795
0.02432197
0.02428574
0.02325693
0.0219096
0.02042785
0.01859389
0.01651618
0.01449555
0.01253612
0.01063306
0.008813495
0.006923185
0.00496526
0.003219024
0.002095354
0.001618755
0.001466089
0.001554697
0.001896526
0.002481531
0.002956372
0.002875782
0.002326446
0.001539932
0.0004803399
-0.0008851138
-0.002772138
-0.005253162
-0.007831158
-0.009896189
-0.01167619
-0.01358389
-0.01541339
-0.01659031
-0.01674588
-0.01572082
-0.01359778
-0.011098
-0.009229947
-0.008327294
-0.007983524
-0.007612093
-0.006896858
-0.005767395
-0.004558421
-0.003781676
-0.003617318
-0.003831709
-0.004063835
-0.004109849
-0.0039606
-0.003556829
-0.002966291
-0.002473173
-0.00228531
-0.002369377
-0.002532903
-0.002613321
-0.002530543
-0.002134449
-0.001459587
-0.0006484293
0.0001175656
0.0008015576
0.001379078
0.001661134
0.001340824
0.0002408261
-0.001537042
-0.00327078
-0.004199515
-0.004227028
-0.003829754
-0.003537828
-0.003561998
-0.003781379
-0.003862105
-0.003499513
-0.002741092
-0.001701312
-0.0006865641
-0.0002625304
-0.000631526
-0.001550879
-0.002421048
-0.002679272
-0.002148093
-0.001028291
0.0004125579
0.001773112
0.002943745
0.004074381
0.005319519
0.006556479
0.007405297
0.007694493
0.007765661
0.00824342
0.009272139
0.01062779
0.01214126
0.01369512
0.01534101
0.01701524
0.01857884
0.0197845
0.0204017
0.02046301
0.02005983
0.01918618
0.0179454
0.01674152
0.01604139
0.01602986
0.01684482
0.01813913
0.01918491
0.01975072
0.02002263
0.02017339
0.02023661
0.02002944
0.01954951
0.01908882
0.01888219
0.01884845
0.01860825
0.01801908
0.01716905
0.01623436
0.01497371
0.01299164
0.0103571
0.007560519
0.00471683
0.001908873
-0.0004635351
-0.002256812
-0.003365199
-0.003794268
-0.003782806
-0.003431684
-0.002585775
-0.001680303
-0.001556063
-0.002545053
-0.004255781
-0.006157877
-0.00808388
-0.009965944
-0.01168711
-0.01319183
-0.01439449
-0.01510753
-0.01531632
-0.01523647
-0.01512992
-0.01513138
-0.01522921
-0.01549223
-0.01617446
-0.01759501
-0.01988767
-0.02241042
-0.02446532
-0.02589192
-0.02700809
-0.02817611
-0.02937675
-0.0303966
-0.03097774
-0.03106303
-0.03058098
-0.02933106
-0.0276308
-0.02585574
-0.02413347
-0.02258746
-0.02142803
-0.02062507
-0.02007836
-0.01973884
-0.01930079
-0.01840853
-0.01701953
-0.01537802
-0.01366126
-0.0118562
-0.01024267
-0.008992356
-0.007972016
-0.00718656
-0.006752656
-0.006728976
-0.007169911
-0.007903418
-0.008738809
-0.009417804
-0.009608754
-0.009045528
-0.0079039
-0.00660908
-0.005190784
-0.003636907
-0.002070534
-0.0007072835
0.0002750235
0.0009801493
0.001472823
0.001739491
0.001808273
0.001615477
0.001087135
0.0003458882
-0.0004438369
-0.0009939322
-0.001013727
-0.0004557997
0.0004045739
0.001285545
0.002017916
0.002803715
0.003932073
0.005418022
0.00688331
0.008169931
0.009356074
0.01043538
0.01155655
0.01301545
0.01472826
0.01626077
0.01747613
0.01840877
0.01920335
0.02017059
0.02146117
0.02267709
0.02306659
0.02227465
0.02061009
0.01860311
0.0170936
0.01642259
0.01603004
0.0152376
0.01380298
0.01173136
0.009136679
0.006299246
0.003592675
0.00111941
-0.001171612
-0.002933318
-0.003795219
-0.003867751
-0.003617826
-0.003464631
-0.00353887
-0.003728064
-0.00386646
-0.003885708
-0.003947392
-0.004430018
-0.005398265
-0.006261232
-0.006250987
-0.005276135
-0.003965345
-0.002894993
-0.00224612
-0.001669599
-0.0007436386
0.0005166033
0.001759044
0.002898394
0.003914196
0.004755468
0.005619277
0.006582074
0.007520122
0.008356048
0.008904614
0.00892403
0.008371656
0.007670997
0.007126249
0.006523463
0.005383615
0.003485496
0.001217961
-0.001022084
-0.003043223
-0.00455867
-0.005545899
-0.006572628
-0.007932711
-0.009195781
-0.0100236
-0.01029815
-0.01001005
-0.00926483
-0.00812838
-0.00669712
-0.004950494
-0.003034478
-0.001453897
-0.0004082259
0.0003525687
0.0007458987
0.0004036727
-0.0007399
-0.002295269
-0.003563775
-0.004080187
-0.003968921
-0.003675592
-0.003474028
-0.003144273
-0.002255296
-0.0004857881
0.002042743
0.004718187
0.007038156
0.008635453
0.00954221
0.009993681
0.01010404
0.009814506
0.009192609
0.008271624
0.007071937
0.005688393
0.00424603
0.002939204
0.002084211
0.001796383
0.002002702
0.002700452
0.003729592
0.004740673
0.005404316
0.005574905
0.005621082
0.00593475
0.006623123
0.007188174
0.007111617
0.006548046
0.005865667
0.005379728
0.005267292
0.005223854
0.004902286
0.004058963
0.003055942
0.002420024
0.002351848
0.002815373
0.003579326
0.004375676
0.005039927
0.005387695
0.005288317
0.005174037
0.005632072
0.006613233
0.00755582
0.008172056
0.00832177
0.008010473
0.007572582
0.007336583
0.007374265
0.007541414
0.007662353
0.007709174
0.007968236
0.008720674
0.009766664
0.01083722
0.01188645
0.01276081
0.01324233
0.01332584
0.01328313
0.01346215
0.01367994
0.0136589
0.01336408
0.01264169
0.01120197
0.009207267
0.007052749
0.004700284
0.002208984
-0.0002642102
-0.002515692
-0.004366288
-0.005732513
-0.006506319
-0.006742939
-0.006706117
-0.006649854
-0.006669039
-0.006737298
-0.00680188
-0.006841403
-0.006846429
-0.006813005
-0.006765004
-0.006734155
-0.006731718
-0.006753789
-0.006924158
-0.00724115
-0.007359593
-0.007337562
-0.007523397
-0.007919207
-0.008426667
-0.009024066
-0.009518099
-0.009740755
-0.009717817
-0.009606226
-0.009544886
-0.009545357
-0.009359031
-0.00861294
-0.007083464
-0.004977029
-0.002867576
-0.001163562
0.000110735
0.001071976
0.002054985
0.003284987
0.004568329
0.005567648
0.005857204
0.005354136
0.004319398
0.003074794
0.002061716
0.001558501
0.00124526
0.0005581427
-0.0007167365
-0.002329006
-0.003722083
-0.004675369
-0.005403718
-0.005785018
-0.005471208
-0.004431924
-0.002566201
-0.0001846578
0.002032133
0.003696359
0.00482901
0.005432524
0.005241702
0.003979447
0.001965661
-9.072355e-05
-0.00188724
-0.003863917
-0.006228857
-0.008808223
-0.0111103
-0.01251978
-0.01300564
-0.01328521
-0.01407095
-0.01540364
-0.01678156
-0.01793442
-0.01898201
-0.02002813
-0.02084915
-0.02123219
-0.02134208
-0.02148437
-0.02153493
-0.02126786
-0.0204936
-0.01932314
-0.0179995
-0.0164646
-0.01479097
-0.01301069
-0.0109155
-0.008525478
-0.006268228
-0.004324968
-0.002483428
-0.0006787098
0.00100182
0.002512043
0.003764361
0.004690024
0.005549192
0.006654088
0.008072828
0.009484794
0.01041091
0.01086816
0.01118647
0.01148846
0.01169463
0.01156562
0.01105103
0.01048255
0.01018581
0.01020581
0.01035502
0.01043493
0.01039084
0.01028894
0.01021618
0.0101644
0.009866403
0.009078954
0.008023723
0.006965793
0.005890027
0.004731568
0.003648525
0.002746139
0.002081297
0.001731305
0.001654558
0.001693094
0.001717344
0.001679822
0.001712482
0.002316109
0.003518117
0.004935023
0.00622166
0.007044135
0.007292123
0.007185709
0.007027962
0.006992404
0.007076965
0.007111276
0.006737411
0.005735662
0.004242426
0.002670607
0.001469259
0.0006990323
0.0002690301
-2.326114e-05
-0.0004694616
-0.00102984
-0.001465327
-0.001868434
-0.002656318
-0.003915972
-0.005614615
-0.007376718
-0.008679297
-0.009295604
-0.00906002
-0.008336508
-0.007949873
-0.008313853
-0.009094974
-0.009353708
-0.008686539
-0.007487147
-0.006178426
-0.004932098
-0.004018818
-0.003672183
-0.003566746
-0.003425305
-0.003221829
-0.003049401
-0.003003037
-0.003286709
-0.004122786
-0.005485802
-0.007243571
-0.00905219
-0.01064993
-0.01196833
-0.01284998
-0.01356813
-0.01431973
-0.01497465
-0.01550068
-0.0158206
-0.01588041
-0.01548156
-0.01427024
-0.01234657
-0.01028276
-0.008550655
-0.007295362
-0.006745105
-0.006954495
-0.007732049
-0.008912643
-0.01055785
-0.01276801
-0.01525915
-0.0175615
-0.01952552
-0.02093713
-0.02159631
-0.0214982
-0.02060658
-0.01932064
-0.0180731
-0.01700857
-0.01619494
-0.01551123
-0.01494055
-0.01451691
-0.01404005
-0.01337493
-0.01255404
-0.01174534
-0.01088781
-0.009804798
-0.00834621
-0.006553924
-0.004795698
-0.003119563
-0.00148226
-4.688129e-05
0.0008776503
0.001409743
0.002124143
0.003063197
0.00381184
0.004094464
0.003984799
0.003748485
0.003615362
0.00365213
0.003925489
0.004473837
0.005030816
0.005307625
0.005260722
0.005090797
0.005152068
0.005489649
0.005642098
0.00527114
0.004450981
0.003680208
0.003346142
0.003433472
0.003684279
0.004065904
0.004750893
0.005479481
0.005925125
0.006186928
0.006535499
0.006966321
0.007556639
0.00835512
0.008829472
0.008687531
0.0084914
0.008930606
0.009914561
0.01084256
0.0114726
0.0119062
0.01236244
0.01273069
0.01303433
0.01360315
0.01436235
0.01468281
0.01415334
0.01328755
0.01253177
0.01177769
0.01084727
0.009950503
0.009423486
0.009336099
0.00948157
0.009667905
0.01006125
0.01086371
0.01186996
0.01289246
0.0139024
0.0147106
0.0151135
0.01513372
0.01476642
0.01386792
0.01279753
0.01210181
0.01184066
0.01150585
0.01074293
0.009829874
0.009220483
0.008830694
0.007980312
0.00638968
0.004596848
0.003424844
0.00317119
0.003488255
0.00398039
0.004503094
0.004725266
0.004520996
0.004198221
0.004161267
0.004815431
0.00581512
0.006723684
0.007573167
0.008425163
0.009280101
0.01027569
0.01152692
0.01296576
0.01428944
0.01544961
0.0165513
0.01738172
0.01775031
0.01773826
0.01756982
0.01724534
0.01655152
0.01555321
0.0145042
0.01364529
0.01300832
0.01274874
0.01294376
0.0133194
0.01355577
0.0135498
0.01336192
0.01293477
0.01225902
0.01122048
0.009908445
0.008383776
0.006615005
0.004713164
0.002701691
0.0006294834
-0.00142611
-0.003200682
-0.004784285
-0.00631246
-0.007513758
-0.008097921
-0.008130601
-0.007938946
-0.007826205
-0.007900002
-0.008067562
-0.008073249
-0.007771143
-0.007408341
-0.006953424
-0.006263872
-0.005552004
-0.005127589
-0.004946652
-0.004658336
-0.004316915
-0.004221274
-0.004322546
-0.004748447
-0.00557059
-0.006551259
-0.007612406
-0.008799333
-0.0101268
-0.01156143
-0.01318445
-0.0149386
-0.01629027
-0.01685334
-0.0167674
-0.01647793
-0.01633131
-0.01640222
-0.0165809
-0.01671505
-0.01673416
-0.01664406
-0.01633446
-0.0157897
-0.01526202
-0.01479962
-0.01431362
-0.01390384
-0.01369576
-0.01365519
-0.01345339
-0.0127193
-0.01161269
-0.01046671
-0.009374247
-0.008409648
-0.007368474
-0.006187324
-0.00498082
-0.003747449
-0.002438979
-0.001079741
9.123169e-05
0.001011332
0.001895653
0.002736039
0.003298897
0.003480107
0.003405486
0.003285299
0.003178019
0.002810905
0.001906962
0.0004935916
-0.001223874
-0.003083655
-0.004689126
-0.005792724
-0.006447246
-0.007054923
-0.00802363
-0.009457885
-0.01118799
-0.01279554
-0.01378593
-0.01402137
-0.01369079
-0.01292439
-0.01190143
-0.01083167
-0.00967442
-0.008653845
-0.00808868
-0.008003019
-0.008033922
-0.007716791
-0.00694656
-0.005955139
-0.005204219
-0.004802246
-0.004478217
-0.004144456
-0.004036107
-0.004382042
-0.004783743
-0.004540791
-0.00358158
-0.002870135
-0.003301404
-0.004491871
-0.005489509
-0.005767285
-0.005474252
-0.005077961
-0.004917534
-0.004997851
-0.004970637
-0.004564576
-0.003809293
-0.002928506
-0.002058134
-0.0009216284
0.0005441684
0.001998942
0.003134979
0.004187487
0.005499825
0.006861329
0.00797618
0.008704674
0.00900237
0.009033724
0.009218531
0.009671177
0.0099227
0.009634202
0.008780341
0.007530725
0.006395151
0.005824266
0.005835756
0.006089903
0.006244376
0.006191058
0.006030292
0.00598566
0.006337531
0.00704054
0.007908199
0.008623662
0.008932293
0.008760817
0.008060213
0.007003896
0.0059739
0.005038681
0.004003203
0.002721252
0.001231267
-0.0003259549
-0.001819511
-0.003109967
-0.004098292
-0.00486716
-0.005530463
-0.006063372
-0.006321559
-0.006357671
-0.006123166
-0.00577276
-0.005522033
-0.005152607
-0.004127507
-0.002443415
-0.0005545002
0.001123261
0.002329177
0.002935388
0.003231763
0.003598599
0.00401735
0.004123061
0.003723027
0.003144669
0.002973072
0.003453155
0.004377743
0.005365602
0.006139907
0.00648837
0.006293284
0.005849174
0.005554312
0.005555252
0.00573137
0.005885821
0.005915213
0.005845343
0.005762111
0.005771495
0.006035827
0.006319003
0.006293833
0.006014111
0.005780682
0.005924266
0.006280888
0.006644897
0.006958543
0.007079077
0.006783505
0.006200276
0.005716941
0.005486453
0.005226565
0.004732416
0.003983942
0.003251263
0.00284986
0.002747185
0.002466073
0.001672741
0.0004972468
-0.0009347416
-0.002191975
-0.002836048
-0.002864372
-0.002851587
-0.003397159
-0.004262685
-0.005056897
-0.005639341
-0.006287575
-0.007302321
-0.0085853
-0.009742329
-0.01058489
-0.01105133
-0.01118765
-0.01115018
-0.01107663
-0.01073368
-0.009800051
-0.008371683
-0.006731582
-0.005194357
-0.003809765
-0.002823594
-0.002106892
-0.001190853
0.0001090994
0.001692101
0.002972727
0.003517253
0.003431062
0.003292516
0.003409666
0.003531394
0.003479466
0.003297696
0.002918851
0.002147516
0.001095261
-0.0001141745
-0.001362709
-0.002273143
-0.002614502
-0.002512902
-0.00229506
-0.002206675
-0.002196283
-0.001752983
-0.0006740479
0.0009076786
0.002638017
0.004535731
0.006679932
0.008768176
0.01046149
0.01155699
0.01219291
0.01241891
0.01225061
0.01184772
0.01106022
0.009966954
0.009083575
0.008766692
0.008844471
0.008824605
0.008727581
0.008768567
0.009010711
0.009594214
0.01055718
0.0115256
0.01214308
0.01255157
0.01292562
0.01322734
0.01329142
0.01291169
0.01228005
0.01170828
0.01121287
0.01069524
0.009923326
0.008744984
0.007123924
0.004992498
0.002505481
0.0001602066
-0.001543387
-0.002348933
-0.002435461
-0.002470712
-0.003178131
-0.004379858
-0.005514191
-0.006326362
-0.006865984
-0.007363286
-0.007817803
-0.008257729
-0.008799171
-0.009306195
-0.009578484
-0.009440439
-0.008865811
-0.00807819
-0.007444204
-0.007408906
-0.008043198
-0.009179203
-0.01038628
-0.01116275
-0.01153566
-0.01184101
-0.01214436
-0.01216529
-0.01175004
-0.01114168
-0.0103511
-0.009307833
-0.008176699
-0.007015847
-0.005778717
-0.004424439
-0.002974549
-0.001517154
-0.0003176977
0.0003219541
0.0004218306
0.000260473
0.0001211246
0.0002186548
0.0009232009
0.002111046
0.003107324
0.003465873
0.003333828
0.003278545
0.003396971
0.003426565
0.003301276
0.003200087
0.003441381
0.003995027
0.00450312
0.004717687
0.004653177
0.00449836
0.004408005
0.004420963
0.004424828
0.004055803
0.003052822
0.001624106
0.0004081032
-0.0001177622
-1.805639e-05
0.000295323
0.0004467444
0.0003250972
0.0001994999
0.0005724067
0.001547574
0.002597411
0.003159563
0.0031277
0.002810009
0.00257293
0.002567962
0.002715619
0.002862009
0.003039004
0.003264711
0.003251009
0.002971564
0.002509391
0.001901444
0.001229011
0.0005262733
-2.339331e-05
-0.0002708456
-0.0002496618
6.174131e-05
0.0008498257
0.00208969
0.00332381
0.003861815
0.003669644
0.003353594
0.003165619
0.003135258
0.00316596
0.00300758
0.002648242
0.002053419
0.001125786
8.70073e-05
-0.0008317853
-0.001535208
-0.002149749
-0.002745051
-0.003183649
-0.003365547
-0.003346567
-0.003324825
-0.003707009
-0.00460198
-0.005366442
-0.005582106
-0.005538558
-0.005452208
-0.00549804
-0.005588859
-0.005774326
-0.006013302
-0.005945646
-0.005503223
-0.00501682
-0.004675678
-0.004327773
-0.003940771
-0.003534201
-0.003121374
-0.002996088
-0.003119944
-0.003169101
-0.003095946
-0.002829218
-0.002461177
-0.002358454
-0.00278331
-0.003444865
-0.003894497
-0.003958928
-0.003780607
-0.003602648
-0.003572632
-0.003664783
-0.00361681
-0.003201211
-0.002629022
-0.002284505
-0.002469139
-0.003096817
-0.003557368
-0.003579785
-0.003482089
-0.003457157
-0.003138455
-0.002254887
-0.001249672
-0.0006718949
-0.0005982048
-0.0005444331
-0.0001779705
0.0002873189
0.0003287953
-0.0001773818
-0.0008286767
-0.0011927
-0.001164634
-0.0008981221
-0.0003862123
0.0004809417
0.001499205
0.002380099
0.00278733
0.002870538
0.002880539
0.002689157
0.002292802
0.001866681
0.001302357
0.0004426848
-0.0003748329
-0.0006563717
-0.0003565118
0.0005025527
0.001515654
0.002383662
0.003299949
0.004308396
0.005191696
0.005611274
0.005618773
0.005313949
0.004925277
0.004849837
0.005313306
0.006141605
0.007035739
0.007624664
0.007773853
0.007795867
0.007960776
0.008184214
0.008372561
0.008415404
0.008354569
0.008320097
0.00855171
0.009147328
0.009953974
0.01057958
0.01079281
0.01068144
0.01045681
0.01012179
0.009596673
0.008901452
0.0083856
0.00814367
0.007971948
0.007793093
0.007602676
0.007197191
0.006369086
0.005329475
0.004305705
0.003195166
0.001875811
0.0003941264
-0.001059065
-0.002185764
-0.002960272
-0.003454411
-0.003773039
-0.004187281
-0.004655845
-0.004746235
-0.004368473
-0.003874564
-0.003608598
-0.003637693
-0.003805202
-0.003926756
-0.003928343
-0.003856869
-0.003909059
-0.004416809
-0.005401133
-0.00637472
-0.006868522
-0.006856498
-0.00693316
-0.007569475
-0.008426764
-0.009174583
-0.009744795
-0.01042361
-0.01131647
-0.01209928
-0.01247095
-0.01244805
-0.01227024
-0.01216195
-0.01219004
-0.0122799
-0.01235351
-0.0123568
-0.01208342
-0.01130072
-0.01022002
-0.009394078
-0.009131371
-0.009296876
-0.009547341
-0.009596034
-0.009264271
-0.008875847
-0.008842648
-0.009132246
-0.009454124
-0.009547421
-0.009201066
-0.008496869
-0.007647097
-0.006916492
-0.006542201
-0.006522486
-0.006591286
-0.006280597
-0.005298609
-0.003934202
-0.002922363
-0.002276507
-0.001600448
-0.000482891
0.0008466971
0.001916488
0.002931661
0.004241819
0.005762051
0.00709977
0.008156872
0.009045736
0.009690698
0.009989978
0.01001355
0.01004899
0.01041865
0.01111576
0.01195066
0.01260007
0.012955
0.01314697
0.01323224
0.01340048
0.01350162
0.01337734
0.01317613
0.01302173
0.01300114
0.01302637
0.0131926
0.01329292
0.01317183
0.01312462
0.01328181
0.01350473
0.01361972
0.01353874
0.01297837
0.01185298
0.01052647
0.009249719
0.0079934
0.006495748
0.004807342
0.003296787
0.002082017
0.001181578
0.0006312887
0.0001489029
-0.0006662977
-0.001686488
-0.002437054
-0.002624473
-0.002230053
-0.001722113
-0.001356841
-0.0008684936
-0.0001531062
0.000752834
0.001838728
0.002890009
0.003859772
0.004934935
0.006082982
0.006845124
0.007240405
0.007739726
0.008426547
0.008929727
0.008820247
0.008140102
0.007197931
0.006420814
0.006092618
0.006142459
0.006308584
0.006274341
0.005689043
0.004467282
0.002753547
0.0007229192
-0.001296142
-0.003122709
-0.004917043
-0.006731234
-0.008338377
-0.009509851
-0.01029296
-0.01073421
-0.01088532
-0.01088457
-0.01089696
-0.01127508
-0.0122816
-0.01343023
-0.01409184
-0.01395744
-0.01301742
-0.01175818
-0.01089976
-0.0106843
-0.01047646
-0.009492259
-0.007736028
-0.00579158
-0.004322452
-0.003525221
-0.00314076
-0.002936493
-0.002801776
-0.002658423
-0.002255867
-0.001380223
-0.0002779468
0.0006677278
0.001093973
0.001072399
0.0008569274
0.0007608408
0.0007710825
0.0007304206
0.0009251314
0.001646795
0.002595423
0.003236822
0.003359957
0.003153045
0.002932348
0.002801791
0.002454929
0.001714562
0.0009448013
8.155595e-05
-0.001067395
-0.00216609
-0.002891609
-0.003459729
-0.003959113
-0.003909205
-0.003298584
-0.002754521
-0.002976246
-0.003887966
-0.00476655
-0.005121195
-0.004639014
-0.003540252
-0.002531912
-0.002118875
-0.001964173
-0.001367904
-0.0004189656
0.0005004646
0.001377649
0.002248787
0.002900043
0.00316891
0.003132553
0.003031677
0.003191498
0.003558559
0.003916457
0.004431406
0.00514532
0.005761586
0.00603309
0.005984634
0.005808334
0.005685995
0.005685091
0.005715751
0.005447173
0.004661692
0.00381723
0.003277649
0.003006746
0.002902124
0.002867766
0.002751394
0.00225286
0.001257996
0.0001151475
-0.0008607701
-0.001562659
-0.002153409
-0.002850093
-0.003943166
-0.005213474
-0.006111904
-0.006481297
-0.006835124
-0.007602404
-0.008657669
-0.009716537
-0.01055423
-0.01119982
-0.01154549
-0.01125874
-0.0103519
-0.009244185
-0.008147406
-0.007178263
-0.006413486
-0.005760207
-0.005281061
-0.005216849
-0.005687077
-0.006333377
-0.006724698
-0.006753852
-0.006902134
-0.007709347
-0.008834366
-0.009613754
-0.009747788
-0.009249478
-0.008251234
-0.00713676
-0.006235894
-0.005654891
-0.005586034
-0.006027339
-0.006614527
-0.007177752
-0.007733399
-0.008321072
-0.008635662
-0.008198386
-0.006953506
-0.005294033
-0.003624167
-0.001926648
-0.000171875
0.001364749
0.002812517
0.0042751
0.00521835
0.005472703
0.005698624
0.006076284
0.006267081
0.006018643
0.005698055
0.00576655
0.006382622
0.007213419
0.00785392
0.008221872
0.008300161
0.008363241
0.008465604
0.008339102
0.00808877
0.008033284
0.007914127
0.007378854
0.00661417
0.005828975
0.004728256
0.003281134
0.001770857
0.0004897127
-0.0002252424
-0.000832561
-0.001751392
-0.002696026
-0.003584104
-0.0044323
-0.005059905
-0.005492095
-0.005963406
-0.006642428
-0.007649426
-0.008765805
-0.009533868
-0.009722864
-0.009361506
-0.008877162
-0.008802613
-0.009113527
-0.009217399
-0.008574198
-0.007436817
-0.006519935
-0.006143796
-0.005729041
-0.004634804
-0.0029456
-0.001383868
-0.0005564475
-0.000286484
-0.0001621162
-0.0002602873
-0.0009011776
-0.002079149
-0.003274626
-0.003935252
-0.003979223
-0.003883498
-0.004414192
-0.005556368
-0.00659893
-0.006876247
-0.006027975
-0.00451601
-0.003022031
-0.00185631
-0.001072703
-0.0003566841
0.000558126
0.001576771
0.002658803
0.003864669
0.005209311
0.006637588
0.007972679
0.008877974
0.009196067
0.009101481
0.008798219
0.008314182
0.007680425
0.00676757
0.005361794
0.003576199
0.002127632
0.001534447
0.001671194
0.002033365
0.002208643
0.002110635
0.001889163
0.001563719
0.0008973719
-7.503315e-05
-0.0009545627
-0.001726943
-0.002441839
-0.002981726
-0.003391959
-0.003697835
-0.004071136
-0.00465183
-0.005384598
-0.005908947
-0.005685574
-0.004776924
-0.003852917
-0.003371003
-0.002929429
-0.002171431
-0.00127521
-0.000205435
0.001040907
0.002456461
0.003853696
0.005040175
0.006136253
0.007347453
0.008739358
0.01019086
0.01142026
0.01234146
0.01294015
0.01320926
0.01323898
0.01316924
0.01311541
0.01305349
0.01269479
0.01184614
0.0108505
0.01021572
0.01009098
0.01017187
0.009850081
0.008906048
0.007822316
0.007178229
0.007125786
0.007383813
0.007594292
0.007598593
0.007459578
0.007323063
0.007279661
0.007321685
0.00737817
0.007228125
0.006544166
0.005418616
0.004279818
0.003249205
0.002188709
0.001100895
0.0001393107
-0.000486677
-0.000363205
0.0004653989
0.001351178
0.001752562
0.001664071
0.001558026
0.001699779
0.002205375
0.003109376
0.003984186
0.004442008
0.004657154
0.00514892
0.00603798
0.007100054
0.008209528
0.009181742
0.009754228
0.009878115
0.00979689
0.009961962
0.01049564
0.01107464
0.01141954
0.01168613
0.01204989
0.01240964
0.01259774
0.01262919
0.01277111
0.012996
0.0132694
0.01351149
0.01339298
0.01292243
0.01238227
0.01176216
0.0109127
0.01004204
0.009433925
0.008908825
0.008136121
0.007248985
0.006564039
0.005956764
0.005141041
0.004170833
0.003101126
0.002003982
0.0009421424
-0.0002408547
-0.001348955
-0.002141358
-0.002820244
-0.00363945
-0.00455433
-0.00545783
-0.00613528
-0.00658182
-0.007019934
-0.007434814
-0.007551312
-0.007316427
-0.007012544
-0.006537648
-0.005809403
-0.005125046
-0.004784031
-0.004791506
-0.004784808
-0.004261287
-0.003223172
-0.002247044
-0.001807399
-0.001897187
-0.002184982
-0.002344554
-0.002114538
-0.001475899
-0.0006194246
0.0002023656
0.0006849611
0.0007461989
0.0005501654
0.0001385617
-0.0006472074
-0.001657895
-0.002688622
-0.003830739
-0.005336036
-0.00694569
-0.008073574
-0.00870504
-0.009325905
-0.01010055
-0.01076112
-0.01106756
-0.01104538
-0.01089765
-0.01080882
-0.01083818
-0.01094339
-0.01117629
-0.01190127
-0.01298785
-0.01370285
-0.01328627
-0.01199439
-0.01067358
-0.009554861
-0.008612962
-0.007766604
-0.007008061
-0.00628743
-0.005658507
-0.005200597
-0.004842012
-0.004757366
-0.00498034
-0.005264834
-0.005393133
-0.005341875
-0.005223652
-0.005152331
-0.005162291
-0.005216614
-0.005264259
-0.005168456
-0.004635634
-0.0037665
-0.003334167
-0.003828805
-0.004809325
-0.005539041
-0.005697951
-0.005459336
-0.005172348
-0.005065623
-0.005153163
-0.005151511
-0.0049115
-0.004467186
-0.003492867
-0.002130954
-0.001048685
-0.0008148112
-0.001452309
-0.002152869
-0.001973809
-0.0008364309
0.0006392581
0.001965541
0.002864182
0.003241986
0.003409854
0.003578585
0.003792624
0.004120085
0.004281918
0.004183088
0.003943522
0.003585888
0.003230092
0.002842139
0.002353097
0.001870731
0.001343086
0.0008145107
0.0006757422
0.00100446
0.001289263
0.001349922
0.001380428
0.001418564
0.001230637
0.000801134
0.0006449939
0.001222535
0.00226523
0.003096116
0.00334085
0.003133708
0.002916446
0.003153951
0.003796028
0.004466577
0.004900619
0.004701926
0.004071829
0.003393833
0.002924897
0.002770759
0.002765749
0.002448442
0.001478443
-0.0001102197
-0.002156527
-0.004217859
-0.005608584
-0.006153862
-0.006352069
-0.006590547
-0.006797927
-0.00665775
-0.006196513
-0.005628448
-0.004912898
-0.004012927
-0.00320822
-0.002787877
-0.002775206
-0.002954052
-0.003085479
-0.003082564
-0.003147092
-0.003533242
-0.004219386
-0.004897191
-0.005221272
-0.005355947
-0.005478968
-0.005613605
-0.005715706
-0.00575798
-0.005752837
-0.005740653
-0.005905702
-0.006400047
-0.006833056
-0.006923062
-0.00693493
-0.007232241
-0.00787571
-0.008543669
-0.009125362
-0.009839946
-0.01068387
-0.01135131
-0.01162524
-0.01157155
-0.01139194
-0.01106728
-0.010384
-0.009419297
-0.008412014
-0.007376293
-0.00635203
-0.005185425
-0.003898913
-0.002760887
-0.002120956
-0.00171392
-0.001108153
-0.0001548539
0.001128669
0.002593917
0.004084003
0.005514657
0.006896336
0.008315597
0.009710317
0.0108492
0.01178517
0.01274792
0.01363398
0.01417157
0.01435928
0.01449499
0.01455158
0.01441386
0.01418674
0.01412083
0.01440569
0.01461663
0.01412926
0.01289122
0.01134557
0.009808868
0.008685366
0.008227467
0.008173341
0.007858545
0.00695963
0.005890647
0.005230129
0.005146263
0.005272238
0.005065675
0.004392748
0.003448702
0.00266518
0.002350795
0.002589935
0.003112165
0.003460896
0.003497275
0.003160272
0.002700501
0.002574891
0.003026531
0.003714947
0.004305919
0.004630794
0.004303783
0.003362411
0.002425221
0.002004484
0.002084163
0.00214362
0.001760014
0.0009117669
-0.0002738727
-0.001461492
-0.002382626
-0.003027591
-0.003609735
-0.004465292
-0.005531337
-0.00636123
-0.006670959
-0.006563795
-0.006302192
-0.005961399
-0.00578407
-0.005978754
-0.006373585
-0.006666358
-0.00671881
-0.00660502
-0.006480422
-0.006444759
-0.006432104
-0.006165978
-0.005587134
-0.004781802
-0.004031638
-0.003631561
-0.003611039
-0.003769467
-0.003886868
-0.003873959
-0.003700992
-0.003250579
-0.00273957
-0.002686307
-0.003157371
-0.00384758
-0.004667274
-0.005600328
-0.006368257
-0.006707024
-0.006665449
-0.006510185
-0.006452688
-0.006526186
-0.006643351
-0.00671246
-0.006699693
-0.006489327
-0.005964726
-0.005209227
-0.004386769
-0.003800781
-0.00360873
-0.003700533
-0.003847011
-0.00389318
-0.003829532
-0.003735614
-0.003685422
-0.003695857
-0.003708474
-0.003523853
-0.003206933
-0.002930467
-0.00261827
-0.002134387
-0.00147409
-0.0007248851
3.647794e-06
0.0005183818
0.0008981415
0.001325788
0.001734678
0.001978099
0.002023393
0.001959086
0.001897235
0.001892386
0.001974914
0.002304572
0.002896607
0.003615898
0.004092577
0.004267776
0.004338478
0.004203012
0.003863598
0.00375497
0.004095585
0.004667612
0.005406819
0.006342499
0.007199157
0.007582737
0.007261653
0.006464903
0.005547966
0.004865172
0.004538675
0.004191768
0.003431391
0.002461019
0.001774746
0.001596253
0.001765828
0.00197822
0.002041548
0.001960708
0.001753548
0.001442916
0.001345327
0.00156824
0.00189695
0.00209125
0.002085943
0.001974579
0.001875675
0.001835768
0.001843605
0.001866483
0.001884126
0.002041524
0.002674131
0.003725919
0.004652187
0.005048828
0.005120679
0.005352346
0.005944995
0.006816609
0.00756043
0.007872879
0.007804743
0.007764214
0.008114222
0.00854187
0.008511823
0.007908492
0.006952844
0.005967356
0.005177622
0.004736482
0.004452164
0.004060831
0.003595709
0.003058749
0.002446978
0.00193303
0.001473685
0.0007808637
-0.00012428
-0.0008551415
-0.00114367
-0.001061614
-0.0008714685
-0.0007353396
-0.0004332133
0.0003195065
0.001302834
0.002054559
0.002580123
0.003235959
0.004039558
0.004667598
0.00486417
0.004547037
0.004145251
0.004168932
0.004740237
0.005444302
0.006182324
0.006938098
0.007473128
0.007653376
0.007579547
0.007454926
0.007342594
0.006976409
0.006156632
0.005129341
0.004099327
0.00307672
0.002169937
0.001391734
0.0007223936
-1.603557e-05
-0.000976187
-0.001913676
-0.00257506
-0.003059278
-0.003446683
-0.003929357
-0.004857919
-0.005987543
-0.006761583
-0.006944483
-0.006737783
-0.006492364
-0.006311378
-0.006004962
-0.005476115
-0.004747679
-0.004083811
-0.003744775
-0.003741096
-0.003885095
-0.003983971
-0.003967936
-0.003884351
-0.003814152
-0.003799671
-0.003828432
-0.003852578
-0.003826978
-0.003608509
-0.002937783
-0.001907994
-0.00103472
-0.0006857264
-0.0007959383
-0.001045189
-0.00116789
-0.001118515
-0.001201393
-0.001851079
-0.002932525
-0.003840664
-0.004178667
-0.004058895
-0.003981082
-0.004110143
-0.0041888
-0.004322198
-0.004882503
-0.005811381
-0.006609868
-0.006924384
-0.006813636
-0.006576686
-0.006460732
-0.006516345
-0.006645637
-0.006689275
-0.006358397
-0.005483734
-0.004415557
-0.003709347
-0.003573601
-0.003795031
-0.004027724
-0.004031965
-0.003630016
-0.002956862
-0.002363317
-0.001873966
-0.00141877
-0.001082695
-0.0009384827
-0.000945899
-0.0009990575
-0.0009477632
-0.0006482203
-0.0004056822
-0.0004904712
-0.0007881499
-0.001040294
-0.001110673
-0.0009788604
-0.000482886
0.0004537555
0.001448081
0.002024455
0.002151623
0.002218927
0.00224634
0.002123088
0.001929127
0.001789951
0.001533817
0.0007680238
-0.00028639
-0.001050253
-0.001139444
-0.0006570831
-0.0002680809
-0.0003552346
-0.000749139
-0.001094835
-0.001318837
-0.001789544
-0.002680982
-0.003587716
-0.004069273
-0.004084282
-0.004200285
-0.005004748
-0.006144253
-0.006926994
-0.007241908
-0.007629193
-0.008399214
-0.009237888
-0.009746933
-0.01017014
-0.01098005
-0.01194751
-0.01258468
-0.01271201
-0.01252286
-0.01226751
-0.01176847
-0.01100847
-0.01031046
-0.009829307
-0.009806178
-0.01028441
-0.01087834
-0.01123213
-0.01143309
-0.01153594
-0.01162477
-0.01157534
-0.01106271
-0.0101772
-0.009249788
-0.008732367
-0.00857963
-0.008229995
-0.007522242
-0.006818693
-0.006466776
-0.006492236
-0.006679704
-0.00680857
-0.006875694
-0.007076043
-0.007210586
-0.007076074
-0.006789955
-0.006429543
-0.005692093
-0.004667126
-0.003713176
-0.002644748
-0.001294819
1.368378e-05
0.001020984
0.001696613
0.002359659
0.003295655
0.004259293
0.004847918
0.00507154
0.005320973
0.005715795
0.006186985
0.006646904
0.006898598
0.007081646
0.007321526
0.007661755
0.008075153
0.008229414
0.008012677
0.007659091
0.007452953
0.007481401
0.007774502
0.008172125
0.008241287
0.00809512
0.008035502
0.007937487
0.007748525
0.007575904
0.007676361
0.008354963
0.009461817
0.01039746
0.01075474
0.01061401
0.01033424
0.0102155
0.01033087
0.0106895
0.01108824
0.01133485
0.01156004
0.01198687
0.01263879
0.01318475
0.01315938
0.01232669
0.01109685
0.01021051
0.009973049
0.009922415
0.009418991
0.008473863
0.007544319
0.006614918
0.005635603
0.004852599
0.004227618
0.003466679
0.002608364
0.001929478
0.001395173
0.0008634132
0.0002827237
-1.242401e-05
0.0001545712
0.0006120364
0.001247104
0.001856249
0.002198776
0.002233443
0.002112246
0.002013512
0.001943324
0.001662717
0.00106095
0.0002306383
-0.0004822065
-0.0007864246
-0.0007133022
-0.0005123926
-0.0003961744
-0.0004070611
-0.0004771626
-0.0005278819
-0.0005270928
-0.0004842225
-0.0004213171
-0.0003604914
-0.0003100542
-0.0002791251
-0.0002695728
-0.0002620799
-0.0002342337
-0.0001950535
-0.0001668532
-0.0001599537
-0.0001678224
-0.0001769461
-0.0001683631
-0.0001240371
8.513938e-05
0.0006127469
0.001403281
0.002249331
0.002836336
0.003030743
0.00295197
0.002795708
0.002532029
0.002069659
0.001440159
0.0009172186
0.0007014887
0.0008185275
0.001414457
0.002318927
0.003053126
0.003316255
0.003198953
0.002994526
0.002904978
0.002965662
0.003094918
0.003230858
0.003533629
0.004087747
0.004854451
0.005618938
0.006140817
0.006533635
0.006998227
0.007666234
0.008419217
0.008958127
0.009126783
0.009032152
0.008806703
0.008317171
0.007525527
0.006882176
0.006541388
0.006371127
0.006347693
0.006711473
0.007592016
0.008518965
0.008752496
0.008156884
0.007187338
0.00653736
0.006434396
0.006716819
0.006872745
0.006774131
0.006685938
0.006582011
0.006288815
0.005690273
0.005016367
0.00448472
0.003896972
0.003064203
0.002247854
0.001781997
0.001583007
0.001296156
0.000886564
0.0005408712
0.0002251932
-0.0003902748
-0.001190714
-0.001585692
-0.001422342
-0.001033682
-0.0009418992
-0.001270708
-0.001518529
-0.001415094
-0.000954863
-0.0002495254
0.0003554353
0.0006049509
0.0005349071
0.000362124
0.0002728036
0.0003103939
0.0004058076
0.0004730019
0.0004773467
0.0004405575
0.0004039335
0.0003924134
0.00040391
0.0004213293
0.0004302883
0.0004260756
0.0004022351
0.0003608533
0.0003232495
0.0003067542
0.0003104218
0.0003212499
0.0003742969
0.0006354927
0.0008921112
0.0008352764
0.0005362816
0.0002139216
-0.0002119898
-0.0009212409
-0.001584667
-0.001980089
-0.002204303
-0.002338992
-0.002419081
-0.002610629
-0.003272345
-0.004125408
-0.00475015
-0.004800393
-0.00435105
-0.003862149
-0.003606969
-0.003453536
-0.003389317
-0.003181857
-0.002519624
-0.00154839
-0.0005572996
0.0001534837
0.0004227926
0.0003589963
0.0002086336
0.0001520686
0.0002100087
0.0001883853
-0.0002793152
-0.001249013
-0.002348934
-0.003273971
-0.003938033
-0.004507889
-0.00499585
-0.0052801
-0.005347314
-0.005451154
-0.005879412
-0.006614005
-0.007169268
-0.006883498
-0.005994461
-0.005217377
-0.004966709
-0.005140995
-0.005404687
-0.005512204
-0.005435779
-0.005293398
-0.005206008
-0.005185272
-0.005015721
-0.004564535
-0.004031595
-0.003515075
-0.003001508
-0.002611928
-0.002445149
-0.002433519
-0.002292733
-0.002006013
-0.001745247
-0.001666773
-0.001873529
-0.001987238
-0.00173108
-0.001287987
-0.001016115
-0.001205689
-0.001611084
-0.001932884
-0.001934734
-0.001620285
-0.0014323
-0.001448316
-0.001469547
-0.001625223
-0.00200222
-0.002399993
-0.002611648
-0.002623898
-0.002549389
-0.002348482
-0.001640443
-0.0005478811
0.0004012273
0.0009671595
0.000977767
0.0005590096
0.0001224145
-4.025415e-05
6.451452e-05
0.0002479413
0.0003429423
0.0003124865
0.0002190902
3.057997e-05
-0.0005030701
-0.001428655
-0.002332995
-0.00281605
-0.003072665
-0.003704832
-0.004675172
-0.00535976
-0.005369036
-0.005253114
-0.005795159
-0.007009308
-0.008181736
-0.008879121
-0.009398497
-0.01007828
-0.0108025
-0.01158993
-0.0126541
-0.01368327
-0.01425405
-0.01429974
-0.01407261
-0.01386857
-0.01383417
-0.01393269
-0.01401921
-0.01380679
-0.01303209
-0.01192247
-0.01106506
-0.01076533
-0.01073866
-0.01067731
-0.01029163
-0.009387973
-0.00820381
-0.007104656
-0.006253693
-0.005631669
-0.005014784
-0.004135712
-0.003152871
-0.002431143
-0.001982064
-0.001818751
-0.001764839
-0.001606618
-0.001504411
-0.00123959
-0.0006061206
9.199478e-05
0.0005614362
0.000945769
0.001430098
0.002114263
0.002894259
0.003609737
0.003970791
0.00408838
0.004218373
0.004333242
0.004150246
0.003758436
0.003560916
0.003611142
0.003907364
0.004187609
0.004047101
0.003546233
0.003179052
0.003281633
0.003514646
0.003520841
0.003194114
0.002549212
0.001752362
0.001086741
0.0008033688
0.0006796487
0.0006847954
0.0008350412
0.0009650935
0.00101617
0.0008037439
0.0004246802
0.0001240123
-0.0001230975
-0.0006589734
-0.001387575
-0.0017929
-0.001883473
-0.0018217
-0.001575945
-0.001085911
-0.0004183106
0.0001263729
0.0003402713
0.0003027677
0.000373071
0.0006022547
0.0007050465
0.0007869815
0.001121605
0.001811041
0.002624336
0.003216526
0.00360184
0.003718045
0.003518879
0.003177476
0.002722298
0.002162174
0.001478583
0.0007811845
0.0003178419
0.0001883854
0.0002757241
0.0003881517
0.0004117
0.0003517826
0.0002771037
0.0002432276
0.0002571571
0.0002889219
0.0002307438
-0.0001387731
-0.0007229139
-0.00119115
-0.001431205
-0.001724365
-0.002283022
-0.003215993
-0.004270098
-0.004802405
-0.004512911
-0.003620213
-0.002970696
-0.003288875
-0.004101594
-0.004504945
-0.004049446
-0.002982673
-0.001688775
-0.0005253665
0.0002977211
0.0008790453
0.001409172
0.002047198
0.002635822
0.002960367
0.002995551
0.002886735
0.002788211
0.002606593
0.002160154
0.00144694
0.0006734558
0.0003048624
0.0003848224
0.0004893205
0.0003898634
0.0001508924
-5.016944e-05
-0.0001009652
-4.463898e-07
0.0003372256
0.0008795108
0.00139522
0.001891609
0.002386784
0.002796459
0.00324276
0.0038137
0.004529026
0.005244966
0.005701466
0.005810073
0.005704912
0.005586498
0.005571857
0.005662672
0.005779349
0.005839726
0.005887142
0.006103551
0.006410603
0.007002801
0.007771168
0.008089838
0.007657135
0.006684794
0.005764704
0.005235982
0.004908865
0.004620755
0.004371635
0.004105259
0.003766833
0.003630914
0.003700115
0.00370769
0.003631662
0.003387821
0.003023097
0.002733537
0.002950892
0.003964837
0.005212196
0.005961196
0.00602274
0.005702322
0.005415674
0.005366853
0.005183852
0.004554005
0.003732646
0.003017011
0.00263393
0.002592087
0.002714224
0.002808793
0.002771625
0.002490646
0.002145139
0.002082966
0.002097889
0.001697185
0.001044092
0.0005116549
0.0003646846
0.0004337052
0.0003727756
0.0001403773
-0.0001010594
-0.0002154892
-0.0001947573
-0.0001194292
-7.040403e-05
-7.977266e-05
-0.0001342279
-0.0001784308
-0.0001769695
-0.0001436659
-0.0001104026
-2.529672e-05
0.0003168401
0.0009290369
0.001713979
0.002414219
0.002774646
0.002786047
0.00264149
0.002541136
0.002558698
0.002646223
0.002724726
0.002863477
0.003147338
0.0033907
0.003642944
0.00407728
0.00477759
0.005468395
0.005998745
0.006631019
0.007493937
0.008417708
0.009102393
0.009342985
0.009592571
0.01023017
0.01101132
0.01151536
0.01159882
0.01142856
0.01125811
0.01122475
0.01130639
0.01140453
0.01144563
0.01142368
0.01137838
0.01134993
0.01131036
0.01105976
0.01053232
0.00977491
0.009003496
0.008481936
0.008096628
0.007630061
0.006949691
0.006191801
0.00568691
0.00557705
0.005720454
0.005877974
0.00583799
0.005339654
0.004653307
0.003608597
0.003028117
0.003003108
0.00333077
0.003975946
0.004912925
0.005778664
0.006201893
0.006063609
0.00533298
0.004220829
0.003269685
0.002866696
0.002833688
0.002642268
0.002056548
0.001277279
0.0008776779
0.001053254
0.001647317
0.002417861
0.00297636
0.003115723
0.002795358
0.001980579
0.001052327
0.0005217027
0.0003147819
0.0002204851
-3.306052e-05
-0.0006358732
-0.001495385
-0.002210918
-0.002530122
-0.00263063
-0.002544354
-0.002441908
-0.002793391
-0.003669748
-0.004725593
-0.005440786
-0.005602685
-0.00541265
-0.00529787
-0.00550474
-0.005705853
-0.005796278
-0.00593304
-0.006121034
-0.006266478
-0.006358129
-0.006618963
-0.007110074
-0.007592767
-0.007780506
-0.007451922
-0.00679648
-0.006194323
-0.005696363
-0.005220855
-0.004635368
-0.004024109
-0.003619287
-0.003512147
-0.003596756
-0.003703881
-0.003828099
-0.004292993
-0.005213873
-0.006164818
-0.006679482
-0.006685661
-0.006448363
-0.006269232
-0.006275266
-0.00650596
-0.006900284
-0.007175709
-0.007250172
-0.00703457
-0.006634582
-0.006296761
-0.006165704
-0.006062301
-0.005700073
-0.005176156
-0.004774099
-0.004497671
-0.00413106
-0.0037179
-0.003436173
-0.003360501
-0.003419698
-0.003492834
-0.003481398
-0.003183568
-0.002424576
-0.001577891
-0.001058459
-0.0007912357
-0.0004948602
-0.000178938
-0.0001075568
-0.0002450172
-0.0002046158
0.0002472788
0.001057061
0.001861869
0.002085286
0.001632698
0.0009846383
0.0006218708
0.0006549265
0.0008818179
0.001050855
0.001006181
0.0006647172
0.0002964037
7.271153e-06
-0.0001653177
-7.026465e-05
-1.506905e-05
-0.0004425124
-0.001217606
-0.001851543
-0.002126245
-0.002383624
-0.003010787
-0.003845513
-0.004451079
-0.004720676
-0.004947387
-0.005256676
-0.005432991
-0.005193634
-0.004671559
-0.004229083
-0.004071867
-0.004164171
-0.00442822
-0.004874202
-0.005338132
-0.005610482
-0.0056416
-0.005526601
-0.005416165
-0.005528728
-0.005986255
-0.006528875
-0.006836099
-0.006821671
-0.006498081
-0.005915263
-0.005329714
-0.004862332
-0.004621131
-0.004733911
-0.005011089
-0.005046589
-0.004801384
-0.00463262
-0.004697347
-0.004907319
-0.005272897
-0.005987921
-0.007137884
-0.00848208
-0.009341146
-0.009334576
-0.008759875
-0.008002317
-0.007368877
-0.007027243
-0.00677
-0.006364851
-0.005669586
-0.004660882
-0.003602524
-0.002705039
-0.00203392
-0.001394276
-0.0005769098
0.0002425322
0.0007462133
0.0009083686
0.00101409
0.001122994
0.001333736
0.001585818
0.001624319
0.001482881
0.001286365
0.001312076
0.001702068
0.002382928
0.003022963
0.003423964
0.003723765
0.003910337
0.00387102
0.003830707
0.003946229
0.004024475
0.003786557
0.003461636
0.003350209
0.003306242
0.003201216
0.003047293
0.002674551
0.001990538
0.001339463
0.0008788608
0.0006507751
0.0005992343
0.0006110303
0.0006058643
0.0005890131
0.0007298069
0.00111393
0.001535731
0.001765465
0.001761253
0.001644473
0.001564052
0.001551541
0.001443311
0.0012458
0.001011058
0.0006667141
-3.314071e-05
-0.0010124
-0.001796478
-0.002077711
-0.001983103
-0.002011657
-0.002554034
-0.003409218
-0.004064601
-0.004315906
-0.00449313
-0.004913313
-0.005250586
-0.005034082
-0.004318922
-0.003485456
-0.003022017
-0.002859776
-0.00256014
-0.002040429
-0.001559679
-0.001332181
-0.001350032
-0.001459863
-0.001523566
-0.001580806
-0.001722254
-0.001764574
-0.001616071
-0.001397052
-0.001259697
-0.001328492
-0.001594976
-0.001739929
-0.001607322
-0.001339502
-0.001143844
-0.001104853
-0.001156864
-0.0009706396
-0.0002656381
0.0006126919
0.001163071
0.001229429
0.001022572
0.0009458914
0.001255051
0.001734446
0.00191981
0.001599887
0.0009132517
4.704624e-05
-0.0007349385
-0.001162898
-0.001203077
-0.001047933
-0.0009189566
-0.0009346479
-0.001193678
-0.001630234
-0.001988928
-0.00207199
-0.001778285
-0.001262598
-0.0008511614
-0.0007224856
-0.0008106945
-0.0009366877
-0.0009740949
-0.0009139397
-0.000822154
-0.0007614216
-0.0007008893
-0.0005291292
-0.0003524392
-0.0001310028
0.0002983047
0.0007778735
0.0009116709
0.0006362359
0.0002042021
-0.0002289819
-0.0005543131
-0.0006972354
-0.0006949047
-0.0006430656
-0.0006144164
-0.0006243998
-0.0006479873
-0.0006561912
-0.0006397122
-0.0006088794
-0.0005793825
-0.0005596293
-0.0005479985
-0.0005379472
-0.0005244767
-0.0005018043
-0.0003765151
-0.0001494406
2.610489e-05
9.929261e-05
7.386782e-05
0.0001454167
0.0004360307
0.0009151715
0.001344233
0.001538097
0.001602846
0.001686236
0.001775498
0.002032515
0.002509505
0.00297184
0.003208809
0.00330263
0.003365616
0.003553285
0.003999893
0.004495071
0.00476761
0.004770808
0.00475886
0.005052048
0.005634237
0.006247011
0.006592933
0.006593121
0.00637058
0.00608187
0.005974646
0.00602183
0.005988553
0.005694919
0.005208966
0.004789606
0.004612386
0.004636991
0.004707174
0.004710335
0.004641766
0.004578815
0.004673646
0.004930231
0.00516921
0.005285851
0.005393475
0.005592566
0.005922288
0.006265659
0.006486506
0.006646505
0.006799466
0.006893879
0.006890235
0.006802549
0.006645283
0.006398989
0.006184717
0.006003816
0.00580113
0.005559007
0.005224077
0.004857005
0.004529326
0.004259975
0.004108265
0.003984501
0.003875221
0.003842703
0.003774866
0.003611296
0.003418962
0.003228284
0.002976526
0.002701639
0.002553698
0.002646481
0.002796777
0.002665013
0.002258732
0.001867012
0.001598236
0.00146278
0.001421334
0.001405824
0.00136098
0.001216336
0.0009334734
0.0006314334
0.0004403982
0.0003272283
0.0002278056
0.0002194387
0.0002952578
0.0003652198
0.0003700336
0.0003175781
0.0002365112
8.85303e-05
-0.0001494031
-0.0003772522
-0.000493619
-0.0005003002
-0.0004653393
-0.0004511501
-0.0004757363
-0.000531092
-0.0006643707
-0.0008888301
-0.001087753
-0.001084041
-0.0008721296
-0.000635259
-0.0005136411
-0.0004608701
-0.0004469616
-0.0004219993
-0.0003363605
-0.0002359915
-0.0001829744
-0.00019162
-0.0002356437
-0.0002801165
-0.0003069192
-0.0003370901
-0.000432314
-0.000516513
-0.0005298997
-0.0005517126
-0.0005638546
-0.000530687
-0.0004839908
-0.0004658839
-0.0004883445
-0.0005371207
-0.0005870495
-0.0006430308
-0.0007669287
-0.0009443511
-0.001088389
-0.00114634
-0.001137313
-0.001148517
-0.001270275
-0.001427862
-0.001490596
-0.001495329
-0.001546668
-0.001707613
-0.001908153
-0.002037579
-0.002088893
-0.002153962
-0.00225615
-0.002374993
-0.002515995
-0.002640965
-0.002698807
-0.002688482
-0.002685879
-0.002764083
-0.002917372
-0.003099593
-0.003221292
-0.003237306
-0.003178688
-0.003104907
-0.003054576
-0.003030062
-0.003012493
-0.002984704
-0.002943534
-0.002863073
-0.002684226
-0.002427921
-0.002178842
-0.002032612
-0.002034587
-0.00211657
-0.002173552
-0.002124297
-0.001974943
-0.001815578
-0.001691605
-0.001597243
-0.001536729
-0.001505382
-0.001464958
-0.001412605
-0.001353562
-0.001288617
-0.001239455
-0.001226569
-0.001267219
-0.001318255
-0.001352981
-0.001379909
-0.001397598
-0.001407664
-0.001446777
-0.001548153
-0.001673077
-0.001740933
-0.00169849
-0.001581824
-0.001466492
-0.001377897
-0.001317632
-0.001285627
-0.001273308
-0.00126717
-0.001257805
-0.001243598
-0.00122023
-0.001177174
-0.001137139
-0.001103233
-0.001082785
-0.001088192
-0.001100618
-0.001108544
-0.001102806
-0.001101061
-0.001101964
-0.001088517
-0.001068691
-0.001039409
-0.001005343
-0.0009908162
-0.001003837
-0.00102261
-0.001042939
-0.001057737
-0.001060503
-0.001064425
-0.001087521
-0.001117274
-0.001131587
-0.001123857
-0.001114228
-0.001125944
-0.001149539
-0.001172698
-0.001193055
-0.001203267
-0.001209114
-0.001219047
-0.001225309
-0.001218063
-0.001197164
-0.001170203
-0.001144842
-0.001123904
-0.00110573
-0.001087396
-0.001067528
-0.001047199
-0.001027636
-0.001008732
-0.000989982
-0.0009715164
-0.000952935
-0.000936208
-0.0009302799
-0.0009341964
-0.0009364743
-0.0009357757
-0.0009330394
-0.0009240809
-0.0009067325
-0.0008837391
-0.0008599547
-0.0008388066
-0.000820229
-0.0008020312
-0.0007805166
-0.0007521156
-0.0007261087
-0.000708267
-0.0006913657
-0.00067523
-0.0006622785
-0.0006500517
-0.0006327914
-0.0006087449
-0.0005873975
-0.0005737332
-0.0005638464
-0.0005520184
-0.0005360669
-0.0005175944
-0.0004994924
-0.0004835153
-0.0004692512
-0.000455263
-0.0004406021
-0.0004253068
-0.0004099867
-0.0003951632
-0.0003809577
-0.0003671754
-0.0003534693
-0.0003377777
-0.0003184959
-0.0002970328
-0.0002753639
-0.000257202
-0.0002459937
-0.0002402318
-0.0002344343
-0.0002258334
-0.0002128569
-0.0001979773
-0.0001847787
-0.0001746258
-0.0001662049
-0.0001561877
-0.0001429403
-0.0001276835
-0.0001128967
-0.0001010214
-9.135533e-05
-8.179073e-05
-7.11494e-05
-5.990489e-05
-5.004988e-05
-4.270517e-05
-3.724884e-05
-3.227732e-05
-2.680873e-05
-2.07296e-05
-1.447617e-05
-8.512967e-06
-2.896052e-06
2.549808e-06
7.997913e-06
1.35556e-05
1.920861e-05
2.487445e-05
3.048303e-05
3.601528e-05
4.14967e-05
4.695731e-05
5.241083e-05
5.785615e-05
6.347275e-05
6.973933e-05
7.637309e-05
8.256316e-05
8.777073e-05
9.183843e-05
9.549092e-05
9.971351e-05
0.0001049134
0.0001109115
0.0001168054
0.0001221837
0.0001269341
0.0001313971
0.0001363317
0.0001418667
0.0001476085
0.0001532689
0.0001586
0.0001635116
0.0001681526
0.000172751
0.0001775056
0.0001824462
0.0001873413
0.0001921594
0.0001969908
0.0002019147
0.0002068719
0.0002117881
0.0002165971
0.0002213143
0.0002259187
0.0002303854
0.0002347416
0.000239061
0.0002434066
0.0002478336
0.000252352
0.0002568596
0.0002613068
0.0002657278
0.0002701184
0.0002744632
0.0002787959
0.0002831605
0.0002875311
0.0002918853
0.0002962314
0.0003005721
0.0003048836
0.0003091357
0.0003133507
0.0003175695
0.0003218112
0.0003260559
0.000330285
0.0003345089
0.000338743
0.0003429869
0.0003472243
0.0003514434
0.0003556544
0.0003598676
0.0003640832
0.000368294
0.0003724935
0.0003766783
0.00038085
0.0003850134
0.0003891672
0.0003933025
0.000397419
0.0004015194
0.0004056074
0.0004096822
0.0004137395
0.0004177802
0.0004218076
0.0004258225
0.0004298224
0.000433806
0.000437773
0.000441722
0.0004456529
0.0004495664
0.0004534621
0.0004573393
0.0004611976
0.0004650369
0.0004688572
0.0004726584
0.0004764402
0.0004802026
0.0004839455
0.0004876684
0.0004913711
0.0004950538
0.000498716
0.0005023578
0.0005059789
0.0005095791
0.0005131582
0.0005167161
0.0005202527
0.0005237678
0.0005272613
0.0005307331
0.0005341831
0.0005376111
0.0005410169
0.0005444005
0.0005477617
0.0005511003
0.0005544164
0.0005577097
0.0005609801
0.0005642274
0.0005674517
0.0005706528
0.0005738304
0.0005769846
