-0.0002013073
-0.0002013693
-0.0002013978
-0.0002014159
-0.000201423
-0.000201419
-0.0002014098
-0.0002013853
-0.0002013655
-0.0002013251
-0.0002013115
-0.0002013677
-0.0002013999
-0.0002014178
-0.0002015072
-0.000201415
-0.0002008069
-0.0001995842
-0.0001982748
-0.0001977398
-0.0001987905
-0.0002022227
-0.0002073008
-0.0002124037
-0.0002154273
-0.0002138392
-0.0002077108
-0.0002001692
-0.0001944193
-0.0001894873
-0.0001784621
-0.000163539
-0.0001524876
-0.0001471942
-0.00015206
-0.0001688867
-0.0001894926
-0.0001998528
-0.0001983564
-0.0001863822
-0.000178294
-0.000192178
-0.0002053794
-0.0001969367
-0.0001823403
-0.0001789811
-0.0001845048
-0.0001858502
-0.0001645822
-9.966108e-05
2.339455e-05
0.000156782
0.0001958068
9.607216e-05
-7.821112e-05
-0.0002654953
-0.0004143511
-0.0004825405
-0.0004906936
-0.0004945321
-0.000525898
-0.0005560204
-0.0004814903
-0.0002871069
-9.163697e-05
1.05074e-05
1.705818e-06
-0.0001030794
-0.0001930765
-0.0001224478
0.0001560546
0.0005695417
0.0009048271
0.0009242786
0.0005636404
3.781868e-05
-0.0003186091
-0.0004340423
-0.0004881557
-0.0006218586
-0.0008173895
-0.0009290979
-0.0007833429
-0.0003121334
0.0003508263
0.001027538
0.001493549
0.001511911
0.001106547
0.0006313385
0.0003517264
0.0001215545
-0.0002307207
-0.0006450462
-0.0009754083
-0.001152113
-0.001173589
-0.001038345
-0.0008535278
-0.0008296863
-0.001052069
-0.001348235
-0.001418199
-0.001072133
-0.0004956054
3.364969e-06
0.0003356922
0.0005746428
0.000894386
0.001226612
0.001189819
0.0005322746
-0.0005250247
-0.001467041
-0.002070977
-0.002287515
-0.001981739
-0.001285815
-0.0003661405
0.0006554325
0.001543093
0.002091077
0.002261985
0.00232781
0.002323639
0.002096624
0.001621159
0.001205759
0.001154132
0.001370196
0.001677657
0.001962112
0.002027807
0.001691935
0.0009244705
4.901885e-05
-0.0006137981
-0.00102835
-0.001483766
-0.002245976
-0.003166632
-0.003758598
-0.003347977
-0.002081349
-0.000667842
0.0003376808
0.0007067916
0.0006017316
0.0001254126
-0.0005002336
-0.001059081
-0.001305805
-0.0009790733
-0.0002147827
0.0003653943
0.0006563789
0.0008903663
0.001127038
0.001171682
0.0009919414
0.0009014299
0.0009957585
0.001112496
0.001129671
0.001150431
0.001635773
0.002718967
0.003790539
0.00454284
0.005090817
0.005297761
0.00473423
0.003324745
0.001795001
0.0007227398
-0.0002177005
-0.0009132125
-0.0007516782
6.47556e-05
0.0008081664
0.001170223
0.001214498
0.001173095
0.001412667
0.001531459
0.0007426367
-0.0007124638
-0.00157114
-0.001298711
-0.0002952258
0.0009769731
0.001288174
2.326497e-05
-0.00192962
-0.004105773
-0.006316673
-0.008257347
-0.009340925
-0.008576509
-0.006190469
-0.003722235
-0.002000179
-0.001006967
-0.0006998233
-0.0002817765
0.001138602
0.002925707
0.004213524
0.004734795
0.003804171
0.001607354
-0.0005890189
-0.001628747
-0.0006967339
0.001479483
0.003127961
0.003978432
0.00412984
0.003099984
0.001557551
0.0004007855
0.0004875503
0.002328912
0.005583754
0.009437588
0.0128099
0.01447936
0.01380665
0.01073683
0.006276724
0.002343103
0.0004835034
0.0003887641
0.0001908713
-0.0007723568
-0.002218267
-0.004417806
-0.006985243
-0.008665694
-0.008876877
-0.008068943
-0.007052591
-0.006358348
-0.00615177
-0.006008952
-0.0049251
-0.002765704
-0.0007689758
9.942604e-05
-0.0002475583
-0.001754316
-0.003778477
-0.005802699
-0.008188477
-0.01006543
-0.008910112
-0.003965868
0.002283608
0.006981538
0.01004392
0.01178671
0.01179006
0.00983995
0.006386604
0.002720851
-0.0002825458
-0.002221509
-0.002990316
-0.002041529
0.0002387847
0.002860499
0.005569904
0.007940401
0.008646136
0.007123042
0.004541432
0.002615891
0.001728359
0.001626095
0.003158478
0.00584915
0.00825605
0.009153957
0.008010439
0.005831388
0.003675392
0.001521434
-0.001073285
-0.003671477
-0.005610822
-0.006409946
-0.005687712
-0.003501875
-0.00149118
-0.001338738
-0.002343833
-0.003423659
-0.004469955
-0.005752826
-0.008495847
-0.01252729
-0.01655633
-0.01937414
-0.01986424
-0.01798207
-0.01483365
-0.01081966
-0.005742792
-0.0002100046
0.004540805
0.006311752
0.004475456
0.001845428
0.002192402
0.005853461
0.009221724
0.009373918
0.007070879
0.005427302
0.00707838
0.009535602
0.008170474
0.002175832
-0.0050873
-0.01056117
-0.01325801
-0.0133321
-0.01101029
-0.0076524
-0.004257122
-0.0002539349
0.005204955
0.01076286
0.01454934
0.01603557
0.0165339
0.01784765
0.01984996
0.02170358
0.02118193
0.01712949
0.01083058
0.004357885
0.0007549119
0.0007446879
0.001881884
0.0008298702
-0.003059721
-0.006755091
-0.007540428
-0.004552654
0.0007445699
0.006764532
0.01095136
0.01011455
0.003632301
-0.005072573
-0.01253786
-0.01773085
-0.02091578
-0.02242603
-0.02394963
-0.02694177
-0.02999556
-0.030395
-0.02673194
-0.01879155
-0.008431408
0.002255241
0.0126853
0.02233562
0.03147425
0.03899263
0.03994966
0.0319629
0.02046629
0.01096475
0.004621785
-0.0001619877
-0.00538563
-0.009574202
-0.009131057
-0.003424334
0.003289721
0.006609629
0.006060265
0.004238681
0.003857579
0.006629479
0.01182767
0.01657331
0.01910124
0.02025688
0.02129161
0.02168878
0.01903656
0.01232137
0.00358553
-0.004702434
-0.01234377
-0.01966508
-0.02679824
-0.03148425
-0.02970934
-0.02093059
-0.01051771
-0.003800577
-0.002366641
-0.003167228
-0.001444582
0.003533665
0.008544366
0.01022343
0.008947143
0.006938532
0.004774206
0.00237328
0.0001534383
-0.001280913
-0.001932258
-0.001996113
-0.001575805
-0.0005200836
0.0005957682
0.001196688
0.001913687
0.002185934
0.0002349529
-0.002578305
-0.002961883
0.0002135373
0.006815217
0.01564523
0.02302689
0.02498962
0.01957649
0.008679941
-0.004599537
-0.0166756
-0.02577781
-0.03220451
-0.03665974
-0.03871684
-0.03724707
-0.03186118
-0.02355294
-0.01444553
-0.006481857
-0.0008794759
0.003321505
0.007870613
0.01377443
0.0199358
0.02430127
0.02548809
0.02337744
0.01948417
0.01436173
0.007807446
0.001146463
-0.004856789
-0.009544776
-0.01286196
-0.01600894
-0.01854061
-0.01809903
-0.01354658
-0.007337348
-0.003071427
-0.001327709
0.00020898
0.003455559
0.008351365
0.01336583
0.01709744
0.01793641
0.0136214
0.003913096
-0.008124053
-0.01816406
-0.02393003
-0.02569196
-0.02289863
-0.01499707
-0.003353211
0.009552278
0.02057921
0.02671902
0.02880548
0.03107139
0.03556471
0.04023512
0.0418103
0.03812686
0.02994799
0.01947489
0.008038401
-0.003334171
-0.01207443
-0.01647321
-0.01663362
-0.0137716
-0.01176408
-0.01364752
-0.0172424
-0.01821825
-0.01460475
-0.007085241
0.001562587
0.008514099
0.01202098
0.01189318
0.009261347
0.006244723
0.004033192
0.001138563
-0.004605122
-0.01252362
-0.01930368
-0.02307227
-0.02427144
-0.02298424
-0.01999144
-0.01650033
-0.0118443
-0.004733324
0.00271193
0.007338978
0.0090729
0.008750277
0.007814937
0.007915381
0.008906755
0.01050954
0.01288042
0.01602361
0.01914127
0.01957386
0.01506173
0.006032393
-0.004038086
-0.01201585
-0.0172799
-0.02035389
-0.02192206
-0.02191938
-0.01998529
-0.01620531
-0.01021402
-0.0009778471
0.01067906
0.02159341
0.02911321
0.03213217
0.02953597
0.02232981
0.01381592
0.005824874
-0.0007505161
-0.006116213
-0.01063825
-0.01447624
-0.01684834
-0.01857477
-0.02097889
-0.02303594
-0.02450946
-0.02527002
-0.02505417
-0.02360058
-0.02024993
-0.01544128
-0.0103666
-0.006836615
-0.005872019
-0.007281464
-0.01006609
-0.01302584
-0.01571495
-0.01640401
-0.0132222
-0.00760922
-0.002005596
0.002112515
0.002365313
-0.001155955
-0.004959961
-0.006004207
-0.003614987
0.0001024533
0.00219307
0.002486315
0.003336856
0.006679855
0.01074622
0.0119316
0.007948323
0.000609948
-0.006077975
-0.007887314
-0.003121391
0.005111146
0.0132966
0.01974227
0.02298321
0.02256864
0.02049442
0.01941222
0.02041913
0.02267484
0.02482291
0.02638737
0.02597412
0.02248923
0.01836779
0.01649437
0.0170732
0.01747787
0.01463304
0.009952726
0.006377717
0.005476576
0.007567213
0.009982515
0.008517512
0.002598096
-0.004600615
-0.01103637
-0.01790668
-0.0267821
-0.03716609
-0.04508941
-0.04689909
-0.04332869
-0.03860618
-0.03757613
-0.0419467
-0.04865855
-0.05282145
-0.04989549
-0.03927649
-0.02553282
-0.01346903
-0.005077333
0.0002765185
0.00541891
0.01224476
0.01874884
0.02164129
0.019047
0.01121995
0.0002211925
-0.01136737
-0.01908536
-0.0182457
-0.008422797
0.003307933
0.01003194
0.01144934
0.01244964
0.01728064
0.02554701
0.03355215
0.03693414
0.0334229
0.025298
0.0173639
0.01308578
0.01212843
0.01201479
0.01254726
0.01347421
0.01202616
0.007652499
0.00346278
0.001638523
0.001955415
0.002756286
0.002662959
0.001020998
-0.001102225
-0.001123283
0.001634906
0.005806489
0.008067682
0.005283974
-0.00129566
-0.007385876
-0.009783155
-0.008892386
-0.007201668
-0.007149518
-0.01055369
-0.01852955
-0.02942738
-0.03963649
-0.04723008
-0.0505101
-0.04823093
-0.04337277
-0.04021443
-0.04173245
-0.04615874
-0.04787789
-0.04344408
-0.0344991
-0.02473535
-0.01638186
-0.009922495
-0.004693431
-0.0002172604
0.002860491
0.004343203
0.004776261
0.004330092
0.00382064
0.004772053
0.008354512
0.01483838
0.02321348
0.03173756
0.03896008
0.04447407
0.04854439
0.05054849
0.05025375
0.04757812
0.0419344
0.03393751
0.02598866
0.02037414
0.01808422
0.01799643
0.0163947
0.01201173
0.007742123
0.007025399
0.00969352
0.01228619
0.01162772
0.006804437
0.0004638967
-0.003960036
-0.005427774
-0.005679546
-0.007494175
-0.01187373
-0.01708198
-0.02031124
-0.02144062
-0.02163212
-0.0205416
-0.01948856
-0.02215832
-0.02856048
-0.03544431
-0.03936218
-0.03738819
-0.03036091
-0.02132554
-0.01291334
-0.007115713
-0.004339887
-0.00322138
-0.001815728
0.001048041
0.004830201
0.008015137
0.009346645
0.01011257
0.01245343
0.01616648
0.02009953
0.02276383
0.02296483
0.02060645
0.01672206
0.01372979
0.01243829
0.01192416
0.01058564
0.007403922
0.002978474
-0.001482158
-0.004466029
-0.003741918
0.001388702
0.008330075
0.01431724
0.01707719
0.01500028
0.008873207
0.002553576
-0.000708191
-0.0002646733
0.00144257
0.0001734742
-0.005575229
-0.01309104
-0.01869407
-0.01949909
-0.01593178
-0.01226843
-0.01099671
-0.01213161
-0.01506336
-0.01831874
-0.02084247
-0.02301816
-0.02624496
-0.03125184
-0.03595779
-0.0372905
-0.03452377
-0.02914182
-0.02337853
-0.0191456
-0.01740933
-0.01762355
-0.01789049
-0.01629904
-0.0138332
-0.01224826
-0.01077453
-0.008153835
-0.004324218
-0.0004986914
0.002503436
0.00638219
0.01351235
0.02358489
0.03317286
0.03731352
0.03356937
0.02597502
0.01894208
0.01251192
0.00597055
-0.0001785914
-0.005820559
-0.01189966
-0.01799905
-0.02331339
-0.02791918
-0.03175248
-0.03272549
-0.02787508
-0.01773885
-0.006759989
0.001739024
0.009006544
0.01678712
0.02372064
0.02730735
0.02624604
0.02113162
0.01441959
0.007322583
-0.0003207396
-0.008688809
-0.01758525
-0.02506234
-0.02978115
-0.03078499
-0.02769965
-0.02006732
-0.007493886
0.007502467
0.01925642
0.02520514
0.02782506
0.03080294
0.03660507
0.04498707
0.05424341
0.06291869
0.06885152
0.07234654
0.07429434
0.07441211
0.07193857
0.06808953
0.06441865
0.06162934
0.05933772
0.05690019
0.0542198
0.04979362
0.04256723
0.03349468
0.02398469
0.01544162
0.008957587
0.005600308
0.005399201
0.007139633
0.01036461
0.01497412
0.01968825
0.02313082
0.02363059
0.01960924
0.01046241
-0.002806475
-0.01920794
-0.03614063
-0.0498093
-0.05947671
-0.06636612
-0.07147457
-0.07551793
-0.0778086
-0.07885105
-0.07998746
-0.0809748
-0.08104205
-0.08022542
-0.08026968
-0.08212387
-0.08467622
-0.08507651
-0.08251558
-0.07833402
-0.07473651
-0.07316346
-0.07513084
-0.08056718
-0.08608475
-0.08810961
-0.08406352
-0.07263027
-0.05288689
-0.0255766
7.99626e-05
0.0178637
0.02921126
0.038618
0.04790923
0.05510117
0.0573341
0.05389828
0.04692889
0.04041733
0.03664157
0.0362172
0.03886524
0.04497712
0.0555727
0.06935623
0.08229281
0.09183593
0.09889198
0.1035082
0.1055293
0.1068899
0.1097564
0.1145256
0.121017
0.1277759
0.1334393
0.1365155
0.1370752
0.1367162
0.1366097
0.1360315
0.1341298
0.1322221
0.1321184
0.1333738
0.1332868
0.130939
0.1275243
0.1247202
0.1236324
0.1240546
0.1236345
0.1191956
0.1103573
0.09701927
0.08126152
0.06719485
0.05735745
0.05136498
0.04625644
0.03895803
0.02877149
0.01659355
0.003499795
-0.01031242
-0.02491239
-0.03886913
-0.04956312
-0.05515567
-0.05724431
-0.05946619
-0.06351441
-0.06874567
-0.07342705
-0.07610131
-0.07672078
-0.07609849
-0.07488544
-0.07364463
-0.07331448
-0.07591726
-0.08250522
-0.09257766
-0.1048696
-0.1183875
-0.131101
-0.1432924
-0.1551502
-0.1651727
-0.1731689
-0.179137
-0.1843598
-0.1883523
-0.1902817
-0.1912132
-0.1923161
-0.1929221
-0.1916389
-0.1879884
-0.1832223
-0.1792578
-0.1767446
-0.1735156
-0.1662242
-0.1531707
-0.1325371
-0.1031437
-0.06996562
-0.04190864
-0.02439204
-0.01769821
-0.01704748
-0.01785606
-0.01768925
-0.0153217
-0.01067101
-0.005472592
-0.001919122
0.0003753637
0.001962188
0.00321335
0.006314708
0.0132829
0.0276247
0.05095807
0.07565554
0.09715654
0.1173919
0.1396543
0.1650437
0.1902949
0.2112399
0.2237479
0.2259298
0.2188036
0.2060208
0.1890661
0.1666317
0.1364768
0.0991479
0.05875925
0.01946352
-0.01195024
-0.03310437
-0.04921217
-0.06608493
-0.08703864
-0.1106467
-0.1345216
-0.1571565
-0.1763921
-0.1892159
-0.1930293
-0.1857857
-0.1658055
-0.1287393
-0.07008005
0.001073391
0.07130794
0.1250752
0.1519339
0.1636002
0.1764817
0.1948498
0.2097585
0.210522
0.1956654
0.1691707
0.1318
0.08787717
0.04747904
0.01613837
-0.007287019
-0.02767217
-0.04949267
-0.07207563
-0.09132263
-0.1036611
-0.1072948
-0.1004237
-0.08422087
-0.06293003
-0.04292286
-0.02670298
-0.009692158
0.01613542
0.05567597
0.100766
0.1380808
0.160039
0.1690714
0.1700458
0.1638352
0.1518519
0.1367716
0.1209848
0.106617
0.09389337
0.07912893
0.05951686
0.03456202
0.005907599
-0.02454292
-0.05757025
-0.09029836
-0.1182139
-0.1402308
-0.1553237
-0.1631171
-0.1641165
-0.1576421
-0.1438756
-0.1225596
-0.0963481
-0.07409526
-0.06134801
-0.05548753
-0.05173522
-0.05000442
-0.05294583
-0.06134179
-0.07407967
-0.08819231
-0.09874484
-0.1014632
-0.09466553
-0.08079061
-0.0626854
-0.04467178
-0.0340082
-0.03280134
-0.03544897
-0.03636277
-0.03225341
-0.02234035
-0.007553553
0.01012525
0.02944958
0.0483436
0.06205864
0.06966647
0.07222195
0.06830082
0.05578192
0.03224058
-0.001846061
-0.03539576
-0.06015876
-0.07755385
-0.09109772
-0.1019683
-0.1119866
-0.1251044
-0.1420273
-0.1596502
-0.175799
-0.1876704
-0.1947211
-0.1985873
-0.199335
-0.1947292
-0.1829993
-0.1620072
-0.1313609
-0.09085957
-0.04327378
0.005033699
0.04752305
0.07715903
0.09566699
0.1120104
0.1305662
0.1492516
0.1643886
0.1751849
0.1814797
0.1797975
0.169421
0.1529026
0.1290485
0.09926715
0.0695476
0.04313005
0.02503712
0.01667617
0.0136145
0.0127865
0.01412555
0.01707423
0.02147841
0.02682081
0.0321344
0.03817052
0.04557379
0.05258089
0.05417193
0.04900043
0.04095125
0.03190686
0.01939037
0.004270391
-0.00771665
-0.01209219
-0.009108719
-0.002968327
0.001246028
0.001172725
-0.003142554
-0.009472369
-0.01565749
-0.02066907
-0.02483873
-0.02878905
-0.03265839
-0.03555388
-0.03586356
-0.03084479
-0.01871812
0.00146368
0.02995446
0.05998008
0.08371426
0.09849285
0.1079361
0.1173379
0.1281589
0.1378451
0.1443807
0.1470785
0.1467535
0.1451643
0.1404671
0.1284096
0.1085855
0.08579177
0.06484689
0.0467312
0.03072419
0.01413719
-0.003336845
-0.02055814
-0.03791034
-0.0535941
-0.0642353
-0.06951506
-0.07063168
-0.06876264
-0.06603241
-0.06287735
-0.05824063
-0.05133624
-0.04239731
-0.03022159
-0.01408754
0.002715492
0.01623131
0.0250168
0.02823171
0.0259528
0.02033646
0.01078544
-0.003445908
-0.0199889
-0.03628472
-0.05037038
-0.0615919
-0.06908062
-0.07234013
-0.07392497
-0.07689628
-0.08125606
-0.08596623
-0.09147993
-0.09773619
-0.1035161
-0.1079519
-0.111002
-0.113413
-0.1156376
-0.117881
-0.1195273
-0.1205613
-0.1230153
-0.1275703
-0.1318923
-0.1338496
-0.1341987
-0.1351044
-0.1376099
-0.1400604
-0.1382576
-0.129422
-0.1118486
-0.08627948
-0.05349763
-0.01644145
0.01569533
0.03779406
0.05323873
0.0687832
0.08780925
0.1097271
0.1324632
0.1526793
0.1695198
0.1840525
0.1945274
0.1965514
0.1891076
0.1773024
0.1685483
0.1651925
0.1643422
0.1628334
0.1575326
0.1480592
0.1357214
0.1226533
0.1124957
0.1068022
0.1043764
0.1043494
0.106353
0.1101119
0.1165287
0.1238285
0.1277201
0.1253242
0.1173747
0.1052466
0.08862512
0.06673711
0.04346334
0.02412294
0.01167869
0.004849019
-0.0003139838
-0.005102289
-0.007911148
-0.00720009
-0.0034476
0.0007865759
0.004707842
0.008744826
0.01064316
0.006962388
-0.001395068
-0.009656014
-0.0141698
-0.01524399
-0.015521
-0.01706178
-0.02063373
-0.02519446
-0.02972777
-0.03532978
-0.04456133
-0.05946128
-0.08129425
-0.1077268
-0.1332065
-0.152636
-0.1650918
-0.1745061
-0.1846265
-0.1949006
-0.2019706
-0.2045511
-0.2025639
-0.1966799
-0.1876954
-0.1762016
-0.1613192
-0.1414683
-0.1131345
-0.07348588
-0.02863174
0.0115159
0.04038368
0.05787502
0.07165666
0.08741664
0.103102
0.1113305
0.1072644
0.09289739
0.07076293
0.04490237
0.01993583
-0.0003479571
-0.01355186
-0.0205351
-0.02216156
-0.01830641
-0.009342653
0.004705983
0.02293741
0.04143186
0.05930001
0.07620861
0.09177005
0.1059215
0.1173685
0.1265737
0.1356438
0.1467102
0.1605592
0.1763971
0.187901
0.1900798
0.183661
0.1684721
0.1359578
0.07409105
-0.007202658
-0.06612644
-0.07703082
-0.06375528
-0.05884534
-0.06946999
-0.0844908
-0.09244966
-0.09026734
-0.08055751
-0.06749829
-0.05236587
-0.03524854
-0.01732346
0.0009257066
0.01900648
0.03354765
0.04146265
0.04334061
0.0422076
0.04221585
0.04390169
0.04196939
0.03212509
0.01340693
-0.01073731
-0.03654302
-0.06048138
-0.07738873
-0.08585123
-0.08840694
-0.08833784
-0.08880198
-0.09174525
-0.09734383
-0.1031428
-0.1069905
-0.1084418
-0.106528
-0.1007209
-0.09075071
-0.07523254
-0.05507837
-0.03076106
-0.004835241
0.01468419
0.02310391
0.02332559
0.01960522
0.01479946
0.00895396
0.0004697316
-0.009106125
-0.01695304
-0.02105574
-0.02102358
-0.01602664
-0.004989587
0.009813995
0.02297569
0.03121337
0.03427046
0.03287528
0.02791325
0.02130158
0.01323845
0.003046799
-0.007340268
-0.01543921
-0.02106826
-0.02457403
-0.02777518
-0.03385406
-0.04443776
-0.05773307
-0.06975629
-0.07675576
-0.07919067
-0.0801494
-0.08098786
-0.08286343
-0.08603644
-0.08887426
-0.08839252
-0.08222995
-0.07029978
-0.05336074
-0.03236677
-0.01170299
0.005626792
0.02057514
0.03633937
0.05579084
0.08013894
0.1044027
0.1202809
0.1273938
0.1317673
0.1381604
0.1447936
0.1479804
0.1474711
0.1448378
0.1395485
0.1313002
0.1221997
0.1140248
0.1059391
0.09476389
0.07865143
0.06091197
0.04638638
0.03790559
0.03411997
0.03327181
0.03320754
0.03189841
0.02843638
0.02410039
0.01975063
0.01399685
0.00637192
-0.001574372
-0.008078997
-0.01364599
-0.01881388
-0.02342684
-0.02806086
-0.03324396
-0.0384597
-0.0437037
-0.04918732
-0.05399533
-0.05851918
-0.06491076
-0.07336617
-0.08297173
-0.09329367
-0.1027994
-0.1093444
-0.1132689
-0.1151789
-0.113357
-0.1053337
-0.08977406
-0.06870016
-0.04635078
-0.02658754
-0.01231953
-0.003692801
0.002141236
0.008735414
0.01723197
0.02618066
0.03486372
0.04185113
0.04578037
0.04683039
0.0455859
0.04205307
0.03561441
0.02568218
0.01350007
0.0008955487
-0.008963799
-0.01442554
-0.01731885
-0.01961313
-0.02133064
-0.02051212
-0.01570932
-0.008720397
-0.001769568
0.003879206
0.007141462
0.009068639
0.011343
0.01348624
0.01423531
0.0138702
0.01320282
0.01219389
0.01045358
0.007428365
0.003543549
0.0006248028
-0.0001885823
0.0004110952
0.001191598
0.001661602
0.001170152
-6.556151e-05
-0.0001392325
0.00169473
0.003965265
0.005434395
0.006821077
0.00923859
0.01139404
0.01111621
0.00833015
0.004302553
-0.0003424415
-0.005565069
-0.01051539
-0.01377577
-0.0154548
-0.0163045
-0.016572
-0.01677056
-0.01750744
-0.01792224
-0.01701323
-0.01341555
-0.005696505
0.006288486
0.02213447
0.03866562
0.05239763
0.0622807
0.06780354
0.07096574
0.07396008
0.07565356
0.07366808
0.06917023
0.06339745
0.05430807
0.04050173
0.02332218
0.005044487
-0.01279462
-0.02852075
-0.03872259
-0.04283329
-0.04490331
-0.04807154
-0.05339604
-0.06032898
-0.06743065
-0.07277956
-0.0756915
-0.07743258
-0.07723982
-0.07412201
-0.06862611
-0.06181623
-0.05340595
-0.04447674
-0.03693831
-0.03155136
-0.02787325
-0.02557462
-0.0238581
-0.02226638
-0.02050139
-0.01960652
-0.01975897
-0.01871097
-0.01442056
-0.008664688
-0.002514857
0.005033484
0.01323536
0.02046611
0.02638593
0.03162747
0.03616908
0.0404269
0.04630221
0.05352678
0.06001474
0.06553205
0.07040364
0.07393492
0.07573928
0.076344
0.07749313
0.0794485
0.08157964
0.08373168
0.08654861
0.09066356
0.09527561
0.09883385
0.099624
0.09769143
0.09463279
0.09160701
0.08765909
0.08198822
0.07516013
0.06874516
0.063231
0.05708992
0.04899933
0.04006718
0.03282637
0.02735191
0.02227145
0.01541715
0.006825211
-0.002323895
-0.01180336
-0.02207778
-0.03328957
-0.0427109
-0.04795376
-0.04952779
-0.04943003
-0.04958288
-0.05044813
-0.0512462
-0.0511562
-0.05031941
-0.05056162
-0.0524771
-0.05509671
-0.05740208
-0.0591396
-0.06091351
-0.06261603
-0.06405086
-0.06543106
-0.06726652
-0.06925381
-0.07028905
-0.07022071
-0.06900657
-0.06694446
-0.06456229
-0.06231542
-0.05991593
-0.05763285
-0.05609118
-0.05492233
-0.05254256
-0.04804505
-0.0419154
-0.03477367
-0.02718789
-0.02015089
-0.01509906
-0.01204438
-0.009565169
-0.007076502
-0.005776637
-0.006629552
-0.009251116
-0.01234617
-0.01500792
-0.01743771
-0.0206526
-0.02503992
-0.02968937
-0.03347209
-0.03713633
-0.0411966
-0.04503131
-0.04763792
-0.04823514
-0.04737188
-0.04520579
-0.04171064
-0.03788005
-0.03334231
-0.02715193
-0.02016
-0.01294002
-0.006251274
5.750841e-05
0.006844315
0.0145632
0.02376551
0.03353768
0.04317519
0.05303127
0.06410804
0.076273
0.08765489
0.09766885
0.105885
0.1119121
0.1165202
0.1198665
0.1217995
0.1228246
0.1223579
0.118782
0.1130601
0.106891
0.1016715
0.09869519
0.09722285
0.09554266
0.09216743
0.08650682
0.07871457
0.06992879
0.06149161
0.05361697
0.04564429
0.0375296
0.0303861
0.02471515
0.01947997
0.01335729
0.006017219
-0.001164793
-0.007399204
-0.01322575
-0.01892366
-0.0251062
-0.03182841
-0.03902084
-0.04731464
-0.05668301
-0.06614683
-0.07459967
-0.08148289
-0.0869065
-0.09164791
-0.09564983
-0.09868415
-0.1004289
-0.1010282
-0.1008748
-0.09967758
-0.09793704
-0.09578183
-0.09241246
-0.08731295
-0.08106064
-0.07392342
-0.06643139
-0.05961867
-0.05175775
-0.04199227
-0.03253371
-0.02496271
-0.01861203
-0.0120678
-0.005493435
0.000132686
0.003901115
0.006457974
0.009856094
0.01465334
0.01997301
0.02606109
0.03312698
0.04041841
0.04736512
0.05396611
0.06015145
0.06662643
0.07385792
0.08145432
0.08968648
0.09867256
0.1060028
0.1107289
0.1138445
0.1158312
0.1168041
0.1163068
0.114278
0.1108703
0.1069425
0.1019806
0.09527156
0.08721067
0.07717925
0.06444496
0.05058877
0.03630306
0.02336781
0.01154812
0.0007265628
-0.00623417
-0.008865305
-0.008548755
-0.005996638
-0.002082207
0.002309655
0.006846574
0.01104397
0.01426188
0.01590112
0.0160886
0.01501902
0.01347137
0.0114493
0.007942977
0.002924623
-0.003615058
-0.01218695
-0.02241197
-0.03242978
-0.04174303
-0.05160719
-0.06238496
-0.0734223
-0.08405367
-0.09342926
-0.1006056
-0.1063122
-0.1103728
-0.1127057
-0.1150502
-0.1177711
-0.1193488
-0.1191526
-0.117434
-0.1135153
-0.1066106
-0.09718997
-0.0869047
-0.07579463
-0.06398089
-0.05476807
-0.05003536
-0.04808578
-0.04719496
-0.04789237
-0.05037452
-0.05345438
-0.05645944
-0.05817106
-0.05764433
-0.05478236
-0.05024006
-0.04490428
-0.03823608
-0.02993878
-0.0212193
-0.01344515
-0.006230555
0.001166786
0.008553732
0.01606141
0.02496212
0.03517571
0.04506117
0.05480657
0.06476116
0.0736722
0.07985316
0.08299965
0.08491254
0.08698354
0.08914606
0.09081125
0.09135657
0.09089739
0.08932912
0.0859458
0.08243259
0.08039984
0.07923759
0.07851648
0.07800149
0.07844479
0.07970649
0.0803143
0.07965132
0.07783733
0.07487726
0.07034319
0.06332922
0.05347724
0.04168351
0.02915448
0.01624882
0.002370842
-0.01156562
-0.02449669
-0.03499084
-0.04293918
-0.0503098
-0.05838705
-0.06476882
-0.06830452
-0.07008553
-0.0707352
-0.0699882
-0.06883606
-0.06910949
-0.07105666
-0.07283892
-0.0736801
-0.07525463
-0.07789239
-0.08080853
-0.08441993
-0.08806564
-0.09040914
-0.09199545
-0.09313152
-0.09388938
-0.09462394
-0.09599444
-0.09880879
-0.1021873
-0.1040599
-0.1035867
-0.1015264
-0.09814492
-0.09339444
-0.0872123
-0.07913978
-0.06977222
-0.06135588
-0.05386308
-0.04694392
-0.04170553
-0.03755951
-0.03323541
-0.0277734
-0.02080198
-0.01261487
-0.004487207
0.002919877
0.009483462
0.0156262
0.02191541
0.0286491
0.03600312
0.04405458
0.05262647
0.06122435
0.06939949
0.07593254
0.08063025
0.08556902
0.09056062
0.09465525
0.0977556
0.1000654
0.1007509
0.0986439
0.09410325
0.08820109
0.08080109
0.07126617
0.05981118
0.04917075
0.04078268
0.03425887
0.02740769
0.01920445
0.01039246
0.002032045
-0.006497539
-0.01482091
-0.02154447
-0.02685227
-0.03056476
-0.03292021
-0.03455619
-0.03584681
-0.03622602
-0.03490151
-0.03177327
-0.02752129
-0.02270332
-0.01692086
-0.01126373
-0.006622341
-0.002264858
0.00143363
0.003763808
0.00556553
0.007665128
0.01016967
0.01223208
0.01387811
0.01577138
0.01722386
0.01741729
0.01695882
0.0168434
0.01753417
0.01871971
0.02018103
0.02269218
0.02591244
0.02939975
0.03334392
0.03762011
0.04185201
0.04547447
0.0482053
0.05018412
0.05105592
0.04989182
0.04578785
0.0385898
0.02860837
0.0157613
0.002454428
-0.006792981
-0.01265878
-0.01906158
-0.02723222
-0.03625481
-0.04503615
-0.05263963
-0.05851083
-0.06291944
-0.06681864
-0.07048317
-0.07358564
-0.07579809
-0.07719933
-0.07824412
-0.07823348
-0.07605625
-0.0717991
-0.06553067
-0.05589173
-0.04145354
-0.02590015
-0.01584998
-0.01096665
-0.007365851
-0.003490879
0.0004237428
0.003902101
0.006546988
0.007649301
0.008113292
0.009491086
0.01233429
0.01591967
0.01960356
0.02292878
0.02626297
0.02955313
0.03168741
0.03276359
0.03387014
0.03551475
0.03806286
0.04232592
0.0470803
0.05189409
0.05670242
0.06028291
0.06237201
0.06346355
0.06357661
0.06282314
0.06209942
0.06107348
0.05833327
0.05303284
0.04467404
0.03187793
0.01471748
-0.003911965
-0.01928164
-0.03019447
-0.03867455
-0.04582939
-0.05209549
-0.05778387
-0.06236205
-0.06575193
-0.0675481
-0.06624144
-0.06238932
-0.0559151
-0.04594885
-0.03382248
-0.02327233
-0.01676606
-0.01322547
-0.01070612
-0.008593591
-0.006165953
-0.002985764
-0.0001209043
0.001398185
0.00220478
0.003349583
0.004458921
0.003771303
0.001700184
0.0007964168
0.0005375615
-0.0004269884
-0.001132015
-0.001045711
-0.0007437289
-0.0007872455
-0.001642549
-0.003241053
-0.0042655
-0.004080543
-0.003313685
-0.001866077
0.0001426809
0.001684064
0.002234785
0.003028003
0.004450826
0.005771105
0.007036718
0.008439314
0.009802749
0.01059025
0.01115938
0.01230534
0.01357222
0.01494199
0.01622372
0.0171487
0.01795028
0.0173829
0.0151754
0.01318167
0.01279883
0.01353227
0.01398759
0.01369162
0.01320428
0.01291438
0.01220932
0.01092744
0.01000434
0.009295461
0.008259292
0.007252611
0.005835982
0.004661254
0.004275346
0.003418239
0.002706638
0.002397015
0.002158822
0.001891724
0.001174376
0.0004732812
0.0002526498
-0.0004798485
-0.002668892
-0.005469992
-0.008928362
-0.01444464
-0.02243877
-0.0293692
-0.03348156
-0.03573457
-0.0382327
-0.04197502
-0.04513629
-0.04654523
-0.04674627
-0.04584024
-0.04397868
-0.04070704
-0.03497949
-0.02775867
-0.01958708
-0.01025672
-0.0007579419
0.006516106
0.01066377
0.01355168
0.01700436
0.02114509
0.02406093
0.02543414
0.02699125
0.02854167
0.02812504
0.02551334
0.02222753
0.01951756
0.01727993
0.01481516
0.01228552
0.01051775
0.009373589
0.008476674
0.008077524
0.00775393
0.006621221
0.005201285
0.005140278
0.007248569
0.010965
0.01490561
0.01771519
0.01899328
0.01888939
0.01813215
0.01708698
0.01623857
0.01583239
0.01505085
0.01386833
0.01328356
0.01346818
0.01338091
0.01206618
0.009709864
0.007147083
0.004337149
7.202444e-05
-0.005263935
-0.01052022
-0.01444574
-0.01747832
-0.01996167
-0.02067201
-0.0196552
-0.01700874
-0.01281022
-0.007303228
-0.001078414
0.004114246
0.006809032
0.007023154
0.006447229
0.006600027
0.007421505
0.008019723
0.00798146
0.007663768
0.0074606
0.006539535
0.004816194
0.002647438
-0.0004903825
-0.003808242
-0.00747912
-0.01118839
-0.01365455
-0.01521992
-0.01650596
-0.01750341
-0.01829067
-0.01951433
-0.02068082
-0.02089063
-0.02044641
-0.01968158
-0.01799935
-0.01561497
-0.01334902
-0.01191726
-0.01142799
-0.01059457
-0.0094602
-0.008838903
-0.007863896
-0.00651337
-0.005955611
-0.005627348
-0.004521144
-0.003213158
-0.001750156
0.0001867996
0.00254367
0.005232219
0.007535658
0.009324282
0.01058736
0.01190117
0.01342798
0.01509552
0.01655642
0.01791596
0.01906915
0.01920018
0.0181052
0.01641278
0.01486289
0.01294246
0.009639558
0.005632219
0.002009141
-0.000321626
-0.0007364116
-0.0001649263
0.0001679237
0.0009625911
0.00273991
0.004548515
0.005859078
0.006988289
0.008192571
0.008995442
0.009011739
0.008567385
0.007815458
0.007020011
0.00570149
0.004114072
0.001395336
-0.003113795
-0.008806037
-0.01463589
-0.01975319
-0.02306293
-0.02441785
-0.02482689
-0.02388792
-0.02200142
-0.02032749
-0.01833498
-0.01497221
-0.01083346
-0.006375479
-0.002260795
0.001684785
0.004386594
0.004433976
0.001915223
-0.001888206
-0.007045222
-0.01322477
-0.01964536
-0.0254126
-0.02942453
-0.03085167
-0.03172719
-0.03355319
-0.03457982
-0.03205481
-0.02625515
-0.01829538
-0.008824288
0.00102652
0.009513769
0.01591752
0.02086318
0.02526076
0.0295146
0.03286511
0.03442369
0.03441215
0.03382228
0.03266848
0.0301224
0.02602227
0.02117275
0.01619192
0.01125748
0.005744376
0.001056316
-0.001000486
-0.001451585
-0.001951748
-0.001871414
-0.0003976755
0.00212612
0.00491817
0.008925741
0.01382779
0.01811858
0.0212055
0.02368764
0.02479352
0.0240566
0.02188289
0.01963726
0.01754277
0.01510098
0.01223319
0.009274673
0.006679621
0.005230787
0.005207503
0.006019032
0.007230079
0.008524763
0.009355061
0.008970345
0.00735898
0.005176932
0.002676103
-0.0003578956
-0.003918173
-0.007115053
-0.009362578
-0.01103943
-0.01302733
-0.01505275
-0.01660696
-0.01747798
-0.01757411
-0.01736711
-0.01736023
-0.01686267
-0.01491254
-0.01225534
-0.009607943
-0.007378405
-0.005597375
-0.004098637
-0.003546149
-0.004506332
-0.006755156
-0.009103295
-0.0115453
-0.01444302
-0.0175006
-0.02129058
-0.02576851
-0.02975707
-0.03345389
-0.03696852
-0.03939911
-0.04017433
-0.0403387
-0.04052662
-0.04023595
-0.03895845
-0.0357561
-0.0310204
-0.02533341
-0.01848733
-0.009810738
-0.0002165669
0.008015598
0.01492807
0.02158434
0.02866135
0.03514541
0.04027461
0.04525434
0.05005491
0.05440486
0.05907784
0.06371007
0.06693892
0.06819637
0.06885015
0.06910677
0.06825197
0.06726154
0.06708489
0.06644231
0.06500577
0.06368713
0.06249064
0.0610656
0.05895073
0.05594894
0.05202952
0.04682713
0.03962005
0.03100688
0.02369492
0.01912574
0.01484645
0.009230654
0.003321456
-0.001337248
-0.005131776
-0.008843122
-0.01215592
-0.01558954
-0.0197489
-0.02373854
-0.02656023
-0.02821126
-0.02934216
-0.03062038
-0.03196426
-0.03362658
-0.03512699
-0.03692653
-0.03955641
-0.04203543
-0.04418662
-0.04683807
-0.05055209
-0.05434063
-0.05721528
-0.05927277
-0.06013458
-0.05978631
-0.0585209
-0.05613779
-0.05207822
-0.04552878
-0.03579081
-0.02279414
-0.009403733
0.0002887885
0.006144583
0.01157307
0.01817858
0.02537221
0.03296074
0.04018639
0.04718901
0.05344965
0.05886908
0.06400946
0.06876965
0.07279858
0.07540599
0.07595278
0.07494556
0.07295028
0.07065248
0.06772754
0.06376827
0.05749633
0.0493632
0.04211849
0.03665573
0.03279511
0.02976661
0.0264412
0.02316398
0.01954683
0.01507286
0.0108781
0.007063868
0.002323863
-0.004065108
-0.01058919
-0.01613291
-0.02082097
-0.02425556
-0.02630781
-0.02846544
-0.03091439
-0.03269066
-0.03395288
-0.03444635
-0.03499019
-0.03649051
-0.03760582
-0.03787088
-0.0385294
-0.03972925
-0.04028809
-0.03948158
-0.0371669
-0.03298043
-0.02616354
-0.0168197
-0.005675182
0.004715724
0.01121974
0.01464552
0.01708498
0.01958653
0.02182724
0.0225513
0.02163061
0.01986488
0.01786101
0.01639834
0.01632418
0.01603116
0.01499348
0.01524601
0.01605534
0.01517767
0.01348201
0.01317593
0.01508283
0.01720722
0.0173782
0.01650383
0.01717304
0.01931614
0.02146834
0.02256893
0.02220421
0.02080647
0.01865384
0.0163793
0.01367444
0.009767903
0.005290665
0.001725608
-6.56967e-05
-0.000767128
-0.001062988
-0.0006662376
0.0001473161
0.001520192
0.002912651
0.004492532
0.006457478
0.008777551
0.01049129
0.01019949
0.008648795
0.006531208
0.00395084
0.001076604
-0.002794558
-0.008564187
-0.01459437
-0.01968739
-0.02425722
-0.02832748
-0.03129088
-0.03316299
-0.03504532
-0.03684453
-0.03753582
-0.03720376
-0.03662217
-0.03546687
-0.03278888
-0.02855009
-0.02365365
-0.01869045
-0.0140578
-0.009366832
-0.004993558
-0.001975809
-0.0004546593
0.0002370431
0.000173573
-0.0009053397
-0.002835796
-0.005407859
-0.008245992
-0.01098488
-0.0136304
-0.01637532
-0.01923894
-0.02175299
-0.02298778
-0.02284964
-0.02243349
-0.02249102
-0.02212112
-0.02016219
-0.01726988
-0.01484027
-0.01314801
-0.01196124
-0.01173221
-0.01207922
-0.01310467
-0.01459269
-0.0155313
-0.0162782
-0.01703916
-0.01730504
-0.01715006
-0.01702341
-0.01662465
-0.01542945
-0.01424081
-0.01395471
-0.01307864
-0.01044521
-0.00803097
-0.006519345
-0.003929051
1.904102e-05
0.004197102
0.008141867
0.01146525
0.01402908
0.01599608
0.01790424
0.0193767
0.0196823
0.01926869
0.01846848
0.01729905
0.01653213
0.01666582
0.01708477
0.01712728
0.01684582
0.01663889
0.01666841
0.01679014
0.01683763
0.01711747
0.01856499
0.01999237
0.02003272
0.01933225
0.01905886
0.0190724
0.01781976
0.01510184
0.01095318
0.005678244
-0.0009820309
-0.008668782
-0.01502443
-0.0184663
-0.01979267
-0.02115223
-0.02248257
-0.02248654
-0.02048256
-0.01807822
-0.01648675
-0.01522489
-0.0146099
-0.01475526
-0.01521814
-0.01618099
-0.01771057
-0.01927568
-0.02058977
-0.02182737
-0.02281746
-0.02305036
-0.02241388
-0.02068193
-0.01790177
-0.01484589
-0.01178839
-0.008865534
-0.006996454
-0.006325552
-0.005681517
-0.004032719
-0.002033443
0.0009949467
0.005151355
0.009148704
0.01285671
0.01637578
0.0202685
0.02460871
0.02806127
0.03050476
0.03239042
0.03339659
0.03342203
0.03319043
0.03280183
0.03176824
0.03073144
0.03052096
0.02991754
0.02835604
0.02750281
0.02783496
0.02835036
0.02823441
0.02708618
0.02457085
0.02082186
0.01690226
0.01286404
0.008567293
0.005486855
0.003697275
0.001517379
-0.00147006
-0.003635469
-0.004965716
-0.007228919
-0.01080041
-0.01457814
-0.01807511
-0.02109937
-0.02370449
-0.02633694
-0.02911357
-0.03127294
-0.03256185
-0.03350695
-0.0340557
-0.03376088
-0.0321747
-0.03048348
-0.02893707
-0.02718344
-0.02450559
-0.01979333
-0.01394066
-0.008566894
-0.003090767
0.002806269
0.008673448
0.01426925
0.01955909
0.02393134
0.02669845
0.02831196
0.03002128
0.03123302
0.03135957
0.03105573
0.03104261
0.03131178
0.03149936
0.03146275
0.03134506
0.0313028
0.03132407
0.03096082
0.02935471
0.02636685
0.02233759
0.01712032
0.01053465
0.002411395
-0.006391363
-0.01483886
-0.02252637
-0.02916239
-0.03480339
-0.04021678
-0.04564985
-0.05011473
-0.05320871
-0.05538786
-0.05641941
-0.05640547
-0.05617767
-0.05537444
-0.05391907
-0.0528621
-0.05199405
-0.05118904
-0.05002376
-0.04842013
-0.04682127
-0.04542021
-0.04461507
-0.04367988
-0.04214678
-0.03969138
-0.03652445
-0.03401885
-0.03219812
-0.03006698
-0.02823333
-0.02663309
-0.02412803
-0.02084041
-0.01750656
-0.01342601
-0.007864502
-0.001545539
0.005390826
0.01239378
0.01870079
0.02398086
0.02886421
0.03485817
0.04146211
0.04673406
0.05045819
0.05392406
0.05740991
0.06040606
0.06251926
0.06428095
0.06534473
0.06537159
0.0650751
0.06480392
0.06330445
0.05993335
0.05496356
0.049446
0.04287578
0.03536426
0.0285378
0.02366565
0.01975873
0.01608089
0.012233
0.008675707
0.005982501
0.004393408
0.003541848
0.002736969
0.0008164681
-0.001323973
-0.00217087
-0.00231429
-0.003027908
-0.005278071
-0.008173684
-0.01089483
-0.01343868
-0.01609226
-0.01930697
-0.02415417
-0.03083141
-0.03810845
-0.04475592
-0.04934891
-0.05230653
-0.05457492
-0.05677087
-0.05886298
-0.05926965
-0.05800046
-0.05674437
-0.05633069
-0.05663324
-0.0560264
-0.05416691
-0.0521664
-0.05024306
-0.04827723
-0.04566387
-0.0416256
-0.03639308
-0.03151632
-0.02670206
-0.02111938
-0.01628758
-0.01283781
-0.00939418
-0.005567975
-0.001577286
0.002565677
0.006282329
0.009736948
0.01365412
0.01755869
0.02104044
0.02364113
0.02529881
0.02702764
0.02832416
0.02847917
0.02811853
0.02807529
0.02826624
0.02750536
0.02496034
0.02182591
0.02008691
0.01853871
0.01607754
0.01254067
0.008972673
0.006780001
0.005848533
0.004938226
0.003630328
0.003083704
0.004201753
0.006161571
0.007995036
0.01011142
0.01285575
0.01586368
0.01870609
0.02161346
0.024907
0.02740725
0.02907233
0.03058025
0.03130078
0.03114451
0.03054174
0.02941051
0.02714479
0.02247981
0.01529862
0.007157917
-0.0009575464
-0.008983872
-0.01675232
-0.02315411
-0.02730801
-0.03004788
-0.03275521
-0.03545145
-0.03637859
-0.03429465
-0.03007693
-0.02546264
-0.02047288
-0.01368429
-0.007493052
-0.005040457
-0.004613267
-0.004050926
-0.003282275
-0.003362984
-0.005338914
-0.008165756
-0.01003514
-0.01142018
-0.01305027
-0.01417171
-0.01473705
-0.01508073
-0.01468712
-0.01390736
-0.01362342
-0.01328811
-0.01215957
-0.01109491
-0.01110422
-0.01226254
-0.01387835
-0.01467713
-0.01446456
-0.01478252
-0.01638196
-0.0183902
-0.01975392
-0.01995068
-0.01950043
-0.01899633
-0.01765537
-0.01534245
-0.01175901
-0.006513992
-0.0001810931
0.006985903
0.01381696
0.0199098
0.02563666
0.03146835
0.03762592
0.04293449
0.04651396
0.04842399
0.04987728
0.05059165
0.04974423
0.0479848
0.04597152
0.0430276
0.03940217
0.03569558
0.033105
0.03246416
0.03239147
0.03197518
0.0314921
0.03159079
0.03247351
0.0326923
0.03125018
0.02839573
0.02470746
0.02071635
0.01512368
0.007693269
0.0008797318
-0.004279215
-0.008679631
-0.01299949
-0.01744777
-0.02156745
-0.02433535
-0.02561832
-0.02657337
-0.02770858
-0.02785387
-0.02689109
-0.02630885
-0.02618655
-0.02626122
-0.02633447
-0.02581301
-0.02537274
-0.02638689
-0.0289097
-0.03156214
-0.0335849
-0.03574702
-0.03902629
-0.04248297
-0.04483425
-0.04586018
-0.04575711
-0.04471733
-0.04238994
-0.03816766
-0.03208678
-0.0247939
-0.01713418
-0.01035641
-0.005097807
-0.0008660158
0.002699768
0.006191533
0.0091231
0.01015367
0.009672395
0.009076073
0.007966763
0.00565632
0.003772926
0.003265892
0.003354589
0.003370772
0.003347367
0.004418582
0.006710466
0.009513812
0.01328468
0.01807574
0.02346348
0.02908252
0.03450316
0.03926127
0.0439338
0.0485151
0.05205954
0.05450365
0.05608835
0.05633183
0.05473128
0.0530675
0.05222335
0.05055463
0.04688208
0.0424518
0.03802978
0.03425038
0.03114374
0.02879798
0.02691041
0.02555146
0.0240642
0.02243126
0.02051372
0.01849159
0.01665319
0.01437254
0.01143227
0.007887595
0.003442307
-0.0009690929
-0.005155862
-0.008809039
-0.01194936
-0.0143046
-0.01607138
-0.01683101
-0.01669868
-0.0165253
-0.01672895
-0.01704424
-0.01714186
-0.01703495
-0.01692843
-0.0169286
-0.01697141
-0.01650687
-0.01487992
-0.01312662
-0.01138172
-0.009373252
-0.006288712
-0.002631505
0.0003513084
0.003536874
0.007005113
0.009590962
0.0113715
0.01281417
0.01461241
0.01669649
0.01827333
0.01950347
0.01996829
0.01975406
0.01956237
0.01972022
0.0199844
0.02008585
0.02036548
0.02110754
0.02157386
0.02141501
0.02073912
0.01939411
0.0173491
0.0145996
0.01095122
0.006637868
0.002276229
-0.001818285
-0.005826258
-0.009968974
-0.01377907
-0.01669877
-0.01871853
-0.02061227
-0.02333913
-0.02616453
-0.02839772
-0.03075231
-0.03363638
-0.03667685
-0.03903732
-0.04077078
-0.04215947
-0.04355635
-0.04579237
-0.0485435
-0.0507809
-0.05206157
-0.0529608
-0.05360326
-0.05358242
-0.05210092
-0.04882786
-0.04337132
-0.03539156
-0.02564341
-0.01498583
-0.004147891
0.00541755
0.01271279
0.01842205
0.02414382
0.02947154
0.03352625
0.03703698
0.04008208
0.0413321
0.04075827
0.03940948
0.03780218
0.03510255
0.03134418
0.02668053
0.02152726
0.01598592
0.01160749
0.00913413
0.007536318
0.007290521
0.008500356
0.009656832
0.01100465
0.01376945
0.01835104
0.02312813
0.02628994
0.02803085
0.02930615
0.03027775
0.02987402
0.02791362
0.02460608
0.01963292
0.01417531
0.01008264
0.006083248
0.0008830634
-0.004142598
-0.007905676
-0.01166051
-0.01540425
-0.0184854
-0.02111505
-0.02370123
-0.02615578
-0.02805316
-0.02926631
-0.03054082
-0.03129859
-0.0312381
-0.03097993
-0.03102691
-0.03127102
-0.03140259
-0.03134814
-0.03125087
-0.03122855
-0.03122992
-0.03049701
-0.0287517
-0.02737537
-0.02641555
-0.02467297
-0.02213172
-0.01922363
-0.01583977
-0.01223095
-0.008698925
-0.005304126
-0.001945507
0.0001330399
0.001071577
0.002131398
0.002801145
0.002315173
0.0007268499
-0.000473122
-0.0003113454
0.0003795937
0.0005499464
0.0003741988
0.001404189
0.003844565
0.006586573
0.009220749
0.0118296
0.01454737
0.01737626
0.02022294
0.02297709
0.0250277
0.02580276
0.02631101
0.02752083
0.02857554
0.02867425
0.02828826
0.02799568
0.02715402
0.02498705
0.02244395
0.02013848
0.01738023
0.01292077
0.007932114
0.005157265
0.004491246
0.003583191
0.001332197
-0.0003562162
-0.000811992
-0.001764786
-0.003129326
-0.00465411
-0.006958578
-0.009452826
-0.01081375
-0.01203863
-0.01400005
-0.01631442
-0.01734155
-0.01685136
-0.0162703
-0.0164451
-0.01694942
-0.01716297
-0.0169873
-0.0167521
-0.01634509
-0.01524688
-0.01404497
-0.01447832
-0.0166155
-0.01835864
-0.01926584
-0.02013582
-0.02150148
-0.02364392
-0.026134
-0.02836076
-0.03078283
-0.03364032
-0.0365987
-0.03889342
-0.03972171
-0.03980902
-0.0398283
-0.03898359
-0.03685081
-0.03357873
-0.02927677
-0.02286227
-0.01436141
-0.006769038
-0.002183879
0.001386788
0.006638381
0.01327822
0.01906931
0.02310896
0.02648208
0.02969035
0.03146619
0.03136798
0.03067461
0.03009421
0.02980401
0.02935419
0.02885846
0.02874188
0.02887825
0.0287784
0.02778945
0.02619402
0.02538695
0.02558998
0.02521821
0.02370485
0.02261268
0.02272794
0.02327449
0.02342095
0.02311469
0.0228289
0.02285196
0.02306243
0.02316365
0.02305119
0.02266801
0.02154822
0.01974314
0.01764925
0.01513192
0.01187555
0.007413604
0.002134087
-0.002248421
-0.005598453
-0.009361026
-0.01308632
-0.01605513
-0.01828892
-0.02020188
-0.02241045
-0.02450462
-0.0255403
-0.0254202
-0.02602418
-0.02785952
-0.02885544
-0.02848041
-0.02843731
-0.03037746
-0.03336843
-0.03535122
-0.03663193
-0.03830681
-0.03959835
-0.03979613
-0.03992309
-0.03995765
-0.0388308
-0.03632852
-0.03310584
-0.02932564
-0.02378084
-0.01581473
-0.007019455
-0.0004718003
0.003501581
0.006834528
0.01022755
0.01324003
0.01490153
0.01610525
0.01711786
0.01739897
0.01721722
0.01702716
0.0163315
0.01491813
0.01331658
0.01207557
0.0113931
0.01043184
0.01036125
0.01198093
0.01460035
0.01843706
0.02356481
0.02873803
0.03324059
0.0364551
0.03856646
0.03987929
0.0400732
0.03862953
0.03563452
0.03202743
0.02783829
0.02263173
0.01721533
0.01312724
0.01065904
0.008808406
0.006747505
0.004639904
0.003075729
0.001379372
-0.000792597
-0.003685582
-0.006527887
-0.008160913
-0.009487014
-0.01194924
-0.01487552
-0.01719217
-0.01845272
-0.01837591
-0.0179587
-0.01900403
-0.02119336
-0.0221263
-0.02144353
-0.02007687
-0.01864207
-0.01800629
-0.01835255
-0.01872205
-0.01797205
-0.01621379
-0.01500391
-0.0150613
-0.01500753
-0.01367194
-0.0116604
-0.01010018
-0.009667546
-0.01006104
-0.01035491
-0.01016342
-0.009502495
-0.00774232
-0.005531366
-0.00398009
-0.002860679
-0.001056033
0.001306047
0.003757662
0.005707069
0.007093573
0.008776115
0.0100604
0.01044797
0.01145368
0.01282982
0.01352921
0.01420695
0.01579791
0.01805613
0.01912574
0.01862351
0.01795303
0.01804505
0.01854805
0.01854619
0.01711657
0.01418677
0.01072603
0.007219856
0.003420404
-0.0003415903
-0.00334887
-0.005465934
-0.006501042
-0.006520378
-0.006327414
-0.006495512
-0.006853796
-0.006984283
-0.006142406
-0.003908353
-0.001137568
0.001198394
0.002480366
0.00336428
0.004678072
0.006364726
0.00746668
0.007410231
0.006513679
0.00555021
0.004498608
0.003148197
0.001705927
0.0003201705
-0.0005164376
-0.000936822
-0.0009340256
-0.00013853
0.002019742
0.005222364
0.009048159
0.01383624
0.01940226
0.02439011
0.02767844
0.02980061
0.03153101
0.0325359
0.03237686
0.0302887
0.02709241
0.02380076
0.01944274
0.01358836
0.007234973
0.002214648
-0.002335293
-0.007831114
-0.01309376
-0.01639327
-0.01768099
-0.01851366
-0.01994055
-0.02096245
-0.02004986
-0.01732791
-0.01485155
-0.01358846
-0.01206378
-0.009241518
-0.005967127
-0.003962886
-0.003597771
-0.002853866
-0.001541254
-0.000951791
-0.00119727
-0.001488469
-0.001405493
-0.00116911
-0.00132775
-0.002451541
-0.003947586
-0.004470681
-0.003996581
-0.003556789
-0.003676919
-0.004017832
-0.003660125
-0.00169934
0.0007153216
0.002272254
0.00339695
0.005485089
0.008402155
0.01037275
0.01114076
0.01209783
0.01291385
0.01303577
0.0128668
0.01360432
0.0155064
0.01661065
0.01624334
0.01626329
0.01788376
0.01926812
0.01955821
0.02006647
0.02119092
0.02220617
0.02292734
0.02342241
0.02312983
0.02128031
0.01951756
0.01793867
0.01459794
0.009675345
0.004408255
-0.0008968762
-0.00631331
-0.01141574
-0.01612825
-0.02038859
-0.0235443
-0.02602864
-0.02825864
-0.02998452
-0.03131496
-0.03217437
-0.03227849
-0.03155762
-0.03006665
-0.02848114
-0.02707656
-0.02527412
-0.02362014
-0.02227199
-0.02105299
-0.01953588
-0.01742971
-0.01492056
-0.01210444
-0.009215903
-0.006496715
-0.004365205
-0.002592537
-0.001179357
0.0002546511
0.001586105
0.001937226
0.001587589
0.001390609
0.001690114
0.002477503
0.002799255
0.002592375
0.002195976
0.00161066
0.0007202122
-0.0005993883
-0.001396653
-0.00151902
-0.002537633
-0.003955944
-0.00432383
-0.003832881
-0.003501172
-0.003682818
-0.003687055
-0.002312498
-0.0007581531
-0.0005859901
-0.0012814
-0.00161092
-0.001272849
-0.000848792
-0.0007907629
-0.0009794249
-0.00125583
-0.002106047
-0.003511963
-0.004595296
-0.005771504
-0.006916518
-0.008203266
-0.01044725
-0.01349073
-0.01574939
-0.01676064
-0.01782509
-0.01984196
-0.02148016
-0.02239696
-0.02318779
-0.02363269
-0.02335101
-0.02216744
-0.02053844
-0.01881548
-0.01656337
-0.01370048
-0.01093995
-0.008948714
-0.006879871
-0.004037871
-0.0005921513
0.003207543
0.007006749
0.01145901
0.01577097
0.0184915
0.02067789
0.02280647
0.02462785
0.02578793
0.02599886
0.0257374
0.02528579
0.02426619
0.02314162
0.02287616
0.02330719
0.02395426
0.02499459
0.02637989
0.0274399
0.02790923
0.02872983
0.02998168
0.03092272
0.03152064
0.03203834
0.03279735
0.03364412
0.03441603
0.03431589
0.03323522
0.03208961
0.0307495
0.02863934
0.02547409
0.02023956
0.01340977
0.007199244
0.002683517
-0.0004019862
-0.003433199
-0.007600804
-0.01107248
-0.01257988
-0.01421051
-0.01667957
-0.01835246
-0.01926455
-0.02038961
-0.02100192
-0.02086916
-0.02062504
-0.02066401
-0.02034002
-0.01902746
-0.01768939
-0.01656668
-0.01488269
-0.01305807
-0.01158729
-0.01027173
-0.008807934
-0.007372725
-0.006625614
-0.006834396
-0.007829346
-0.009265023
-0.0107582
-0.01270538
-0.01545347
-0.01840522
-0.02051134
-0.02161751
-0.02255483
-0.02338433
-0.02365076
-0.02344298
-0.02259392
-0.02048845
-0.0174954
-0.01506843
-0.01326945
-0.01096403
-0.007929079
-0.004669987
-0.001149418
0.002585088
0.005811043
0.008427104
0.0108442
0.01299133
0.0151814
0.01722118
0.01872649
0.01994289
0.02129292
0.022869
0.02444271
0.02600518
0.02805822
0.03002958
0.03081613
0.03104598
0.03152928
0.03237898
0.03214045
0.02994877
0.02778894
0.0261942
0.02417376
0.02189946
0.01965288
0.01764184
0.01551087
0.01339756
0.01183599
0.01062513
0.009307525
0.008026537
0.00728956
0.00648812
0.005289647
0.004330616
0.003416023
0.002344874
0.001826514
0.002003007
0.001776105
0.0001041485
-0.001621297
-0.00291405
-0.004924921
-0.007923673
-0.01086509
-0.01282667
-0.01447676
-0.01641705
-0.01883775
-0.02127
-0.02327355
-0.0244366
-0.02600169
-0.02803802
-0.02940467
-0.02982661
-0.03053346
-0.03173996
-0.03232345
-0.03135565
-0.02895737
-0.02642974
-0.02408254
-0.02154136
-0.01801539
-0.01344781
-0.009644703
-0.00720149
-0.005010197
-0.002558554
-0.0001956609
0.00169668
0.002967175
0.004257489
0.005018886
0.005811437
0.007295977
0.00811504
0.00784176
0.007386356
0.007508732
0.008877292
0.01074234
0.01028307
0.007809867
0.006593798
0.006848399
0.006416644
0.004660668
0.00264363
0.001193628
-0.0003697691
-0.002491503
-0.004325601
-0.005537971
-0.00618284
-0.00672811
-0.007486948
-0.007384409
-0.006334058
-0.005252535
-0.00367701
-0.0009854502
0.002264319
0.005916454
0.009766904
0.01328419
0.01586349
0.01763732
0.01884133
0.01975504
0.0209898
0.02201925
0.02217106
0.02187536
0.02180024
0.02190671
0.02134479
0.01979883
0.01793524
0.01604289
0.01465742
0.01329002
0.0109212
0.008774674
0.007351381
0.005856767
0.004208192
0.002747855
0.002060294
0.002202226
0.002468705
0.002384465
0.002110426
0.002130859
0.003076666
0.004622072
0.005545599
0.00577711
0.005457802
0.005409252
0.005325536
0.004816787
0.003606262
0.001198925
-0.002114951
-0.005685226
-0.008230907
-0.009871663
-0.01135663
-0.01294698
-0.01441962
-0.01506805
-0.01488312
-0.01462078
-0.01472136
-0.01498838
-0.01510073
-0.0150064
-0.01484976
-0.01479366
-0.0148438
-0.0148833
-0.014386
-0.01275244
-0.01151386
-0.01144528
-0.01106807
-0.009492664
-0.007250578
-0.004653852
-0.002071141
0.0001527347
0.003019405
0.006437612
0.009036142
0.01003848
0.01124436
0.01337879
0.01505587
0.01485221
0.01305792
0.01151015
0.01076894
0.009153216
0.006821511
0.005152522
0.004010984
0.003260891
0.002610788
0.002262794
0.002283742
0.002719671
0.00351846
0.004291691
0.005299384
0.006341158
0.007035426
0.007553876
0.007389351
0.006443218
0.005394003
0.004313202
0.003518718
0.002988336
0.001918476
0.0006945151
-0.0001172835
-0.001079758
-0.002522552
-0.004128399
-0.005092484
-0.00550213
-0.006008505
-0.006344955
-0.006383866
-0.006826563
-0.008241417
-0.009610515
-0.01017406
-0.01040281
-0.01099296
-0.01244415
-0.01425432
-0.01586965
-0.01716103
-0.01772798
-0.01753848
-0.01728842
-0.01740864
-0.01769644
-0.01781898
-0.01773922
-0.01772518
-0.0183191
-0.01924646
-0.02006393
-0.02052905
-0.02066273
-0.02166774
-0.02333028
-0.02455555
-0.02544294
-0.02596925
-0.02593293
-0.02571394
-0.02542371
-0.02416495
-0.02249132
-0.02066927
-0.01853386
-0.01559389
-0.0126024
-0.009571009
-0.006407087
-0.003609065
-0.001611496
0.0004343977
0.003185576
0.005757073
0.007314673
0.008092697
0.008305747
0.008267356
0.008562664
0.009307333
0.009263652
0.008829995
0.009354616
0.01044492
0.01143976
0.01174085
0.0119494
0.01365209
0.01584688
0.01678168
0.01722994
0.01842645
0.02022042
0.02151846
0.02160166
0.02110792
0.02091809
0.02044804
0.01897625
0.01724129
0.01537904
0.01372543
0.01187265
0.00902899
0.00621217
0.004602416
0.003254578
0.0008001275
-0.00162841
-0.003059958
-0.004052943
-0.004854262
-0.0056067
-0.00587245
-0.005311875
-0.004418502
-0.004167612
-0.0040272
-0.003464946
-0.00321381
-0.004036957
-0.005627465
-0.006672498
-0.007140164
-0.008003496
-0.009016582
-0.009924205
-0.01108021
-0.01196556
-0.01191135
-0.01085827
-0.009370688
-0.008623442
-0.008802685
-0.008440798
-0.006827709
-0.004791899
-0.003237959
-0.002153762
-0.001022123
0.0005687606
0.003057974
0.005866738
0.007413476
0.008330857
0.009239347
0.01020274
0.01082604
0.01085859
0.01068876
0.01049276
0.009883053
0.009130126
0.008363236
0.007510256
0.005759455
0.003884032
0.003112092
0.002881511
0.002356258
0.001036222
-0.0003844262
-0.0007682159
-0.0002783444
8.629794e-05
-8.0397e-05
-0.0004104696
-0.000508328
-0.0003864835
-0.0002710713
-0.0002741735
-0.0003346841
-0.0003626744
-0.0003443728
-0.000319583
-0.0003156903
-0.0003257077
-0.0003318503
-0.0003287799
-0.0003231019
-0.0003209777
-0.0004139086
-0.001023265
-0.001976416
-0.002931276
-0.003382157
-0.003209673
-0.002950926
-0.002992
-0.003207763
-0.00332255
-0.003274717
-0.003177262
-0.002647438
-0.001023341
0.0002090949
3.046186e-05
-0.0006584516
-0.0007975164
-0.0001618714
0.001457867
0.003731128
0.005500537
0.007338958
0.009947076
0.01230509
0.01357014
0.01494928
0.01674449
0.01840472
0.01945157
0.02006749
0.02111934
0.02225878
0.02251827
0.02167918
0.02057239
0.01992046
0.01954353
0.01896901
0.01798619
0.01633421
0.0143182
0.01325372
0.01290223
0.01204684
0.01092081
0.009896366
0.008664581
0.007858588
0.007784779
0.007274432
0.005855161
0.004642599
0.003836658
0.002755016
0.001015829
-0.00152766
-0.003723951
-0.00517846
-0.006913292
-0.008842908
-0.01044541
-0.01199631
-0.01392463
-0.01533782
-0.01624737
-0.01710126
-0.01824574
-0.01988116
-0.02106466
-0.02195811
-0.02284909
-0.02327171
-0.02401092
-0.02559458
-0.02644482
-0.02610449
-0.02558213
-0.02560649
-0.02596098
-0.02615373
-0.02597853
-0.02513346
-0.02352001
-0.02129411
-0.01905941
-0.01696784
-0.01455552
-0.01201769
-0.009633997
-0.007643347
-0.005494161
-0.002826406
-0.0005474445
0.0007971783
0.002028651
0.004324305
0.00684405
0.008435125
0.009379682
0.01051644
0.01209098
0.01355406
0.01430919
0.0151672
0.01637177
0.01764577
0.01908117
0.01975622
0.0194973
0.01913553
0.01924671
0.0195865
0.01970476
0.01905978
0.01706299
0.01451003
0.01280001
0.01119767
0.008391443
0.004489693
0.0008099987
-0.001324547
-0.002793472
-0.005052028
-0.007093439
-0.008306421
-0.00986476
-0.01132697
-0.01228653
-0.01320395
-0.0137995
-0.01395057
-0.01473419
-0.01621318
-0.01697939
-0.01664187
-0.01610007
-0.01607453
-0.01639891
-0.01629359
-0.01500592
-0.01306395
-0.01141924
-0.01023279
-0.008743535
-0.006575889
-0.004603893
-0.003210056
-0.001977288
-0.001082004
-0.0004896119
0.0005999527
0.002201941
0.003309168
0.003696914
0.004565971
0.006268924
0.008022355
0.009390971
0.01093587
0.01239116
0.01371871
0.01489127
0.01588125
0.01747754
0.02036691
0.02217421
0.02165809
0.02052362
0.02031876
0.02085439
0.02120081
0.0209504
0.01973666
0.01705514
0.01347611
0.01007871
0.007416001
0.005036826
0.003234757
0.001857922
-0.0005477436
-0.002997204
-0.004040249
-0.004724373
-0.006600752
-0.009388065
-0.01154868
-0.01267857
-0.01308997
-0.01361727
-0.01442818
-0.01483293
-0.01472542
-0.01436738
-0.01318329
-0.01174318
-0.01112783
-0.0100591
-0.008060085
-0.006313253
-0.005553094
-0.004566249
-0.003438796
-0.003123029
-0.003005022
-0.001512235
7.116615e-05
0.0001993961
-0.0004925074
-0.0007473062
-0.000378943
2.437599e-05
-0.0004117138
-0.002193895
-0.003563656
-0.004102507
-0.005385875
-0.00734836
-0.008708469
-0.009442128
-0.01057074
-0.01139597
-0.01137034
-0.01104958
-0.01102679
-0.01126236
-0.01142542
-0.01139166
-0.01129082
-0.0112901
-0.01138658
-0.01138584
-0.01038262
-0.008617174
-0.00788629
-0.007310965
-0.005462604
-0.003200292
-0.001198356
9.113064e-05
0.001370824
0.00373464
0.005896736
0.007243543
0.008249643
0.009626874
0.01102674
0.01135273
0.01092245
0.01067712
0.01085125
0.011107
0.01119511
0.01109104
0.01080627
0.009864794
0.007932485
0.005647304
0.004291537
0.003269671
0.002145002
0.0005189865
-0.001049106
-0.002833035
-0.004681698
-0.006212124
-0.007453422
-0.008458315
-0.008832366
-0.009392998
-0.01094233
-0.01201238
-0.01145282
-0.00965433
-0.008207047
-0.008187293
-0.008203347
-0.006788242
-0.004591414
-0.002775509
-0.002512391
-0.002170571
0.0002780957
0.003075635
0.003598069
0.002512644
0.00194946
0.002926321
0.004915414
0.006218695
0.006053318
0.006315256
0.007931999
0.009030605
0.009304416
0.0101144
0.01124227
0.01177321
0.01268391
0.01406402
0.0146668
0.01496415
0.01599748
0.0170976
0.01727892
0.01677648
0.01587138
0.01466236
0.01374377
0.01256059
0.01063944
0.008656716
0.006331733
0.003669144
0.002224631
0.001804634
0.001042787
0.0001537837
-0.0004302692
-0.001687993
-0.003143592
-0.004208734
-0.00547525
-0.007472571
-0.008994928
-0.009737906
-0.01053809
-0.01121082
-0.01132488
-0.01115255
-0.01111838
-0.01125736
-0.01112704
-0.01007419
-0.008570036
-0.007470113
-0.006275076
-0.005494391
-0.00509641
-0.003835844
-0.002608982
-0.002496959
-0.002494045
-0.001031513
0.0004910767
0.001280174
0.00227736
0.002971463
0.00291109
0.002618562
0.002600901
0.002457301
0.002110676
0.00246353
0.003065293
0.003163423
0.002873626
0.002690902
0.002809095
0.003695378
0.005366202
0.006210115
0.005785536
0.005155533
0.005151237
0.005553691
0.005790985
0.005706053
0.005536729
0.005493057
0.005558226
0.005613431
0.005607009
0.005574563
0.005558878
0.005503304
0.004931598
0.003554028
0.002379743
0.00235603
0.002972834
0.004154046
0.005601629
0.005959695
0.005370913
0.004962675
0.0051643
0.005323598
0.004169474
0.002480814
0.002062364
0.002496021
0.001678658
-0.0001271791
-0.0008661159
-0.0002415694
0.001018426
0.002319286
0.002887928
0.002580523
0.002176442
0.002228133
0.002545287
0.002718142
0.002651135
0.002336887
0.001046816
-0.0007236513
-0.002273129
-0.003298952
-0.003951448
-0.004956593
-0.00616773
-0.007707871
-0.008963676
-0.009077743
-0.008584657
-0.008410298
-0.008372803
-0.007171813
-0.005749844
-0.005231842
-0.004206804
-0.002193455
-0.000272981
0.001052318
0.002326656
0.00426409
0.005995143
0.007458525
0.008344204
0.008316434
0.007997341
0.008011155
0.007978323
0.006509517
0.004107309
0.002170214
0.0006393896
-0.0004575518
-0.001771812
-0.002896955
-0.003069235
-0.002713833
-0.002567401
-0.002789737
-0.003003691
-0.00297447
-0.002341401
-0.0006290795
0.000595481
0.000379828
0.0001625118
0.001648386
0.003313866
0.003489426
0.002763632
0.002411341
0.002706444
0.003325339
0.004168426
0.004360608
0.003376285
0.002508243
0.002376621
0.002076491
0.001661539
0.001811106
0.002499697
0.002355809
0.001309781
0.0001092992
-0.000280395
0.0001161149
0.0004745406
0.0003770029
8.808136e-05
-3.063907e-05
5.376444e-05
0.0001578833
0.0001978867
0.0008051033
0.002442485
0.003544561
0.00328531
0.0026305
0.002518117
0.002901801
0.003941293
0.00560248
0.006398802
0.005974204
0.0053742
0.005382948
0.00578063
0.006037471
0.005975198
0.005080162
0.00332764
0.002460799
0.002873198
0.002733757
0.001041983
-0.000679981
-0.001778914
-0.002772504
-0.004137012
-0.006057112
-0.008018797
-0.008673332
-0.00817297
-0.008451743
-0.01036137
-0.01177618
-0.01151856
-0.009973646
-0.008103538
-0.007595487
-0.00834289
-0.008895652
-0.007934067
-0.005752461
-0.004672664
-0.005252854
-0.00604967
-0.006080481
-0.006326221
-0.007738249
-0.008859225
-0.009107863
-0.009726222
-0.01091159
-0.01151989
-0.01128736
-0.01094542
-0.01098627
-0.01125848
-0.0117555
-0.012525
-0.01291748
-0.01272851
-0.01206938
-0.01115769
-0.009890869
-0.008472948
-0.008040324
-0.007521332
-0.005565467
-0.003282
-0.002229622
-0.001687712
-0.0005490476
0.0002285345
0.0006527114
0.001234483
0.001072634
8.24734e-05
-0.0003293754
0.001066272
0.003758853
0.005777632
0.006182844
0.005589378
0.005701134
0.006396473
0.006286551
0.005708728
0.004610739
0.00309366
0.00154961
-0.0007237553
-0.002777347
-0.003980538
-0.004987477
-0.006323935
-0.007885067
-0.008397311
-0.007941694
-0.006652836
-0.00503413
-0.004045997
-0.003059256
-0.001185446
0.0005523044
0.0008728987
0.0009602164
0.002053319
0.002677714
0.001467652
-5.328879e-05
-0.0002619324
-0.0002031117
-0.001240074
-0.002468177
-0.002786443
-0.00305697
-0.004224782
-0.005379901
-0.005499544
-0.005023016
-0.004817566
-0.004950436
-0.004504503
-0.003090555
-0.001944559
-0.001761142
-0.0009645133
0.0004056604
0.0009390484
0.0005839208
0.0002378838
0.0003470004
0.0004724969
-0.0003499598
-0.001935945
-0.002793321
-0.002465945
-0.001920953
-0.001763594
-0.001230521
4.589165e-05
0.001221288
0.002511945
0.003791583
0.00529709
0.006344632
0.006496012
0.006984627
0.008383407
0.009423271
0.009334351
0.00882467
0.008403472
0.007230895
0.006018795
0.005437447
0.00437877
0.002895903
0.001202131
0.0003633914
0.0006581418
0.001113664
0.001044633
0.0006914178
0.0005675691
0.001188558
0.002925794
0.004174886
0.004481606
0.005410012
0.006489806
0.006669908
0.005797324
0.004010715
0.002470736
0.0007156321
-0.001931118
-0.004537796
-0.00581722
-0.006729594
-0.007411056
-0.007536414
-0.007426428
-0.007489986
-0.007697294
-0.007777782
-0.007702957
-0.007624515
-0.00762503
-0.007646253
-0.007252668
-0.005981709
-0.004635431
-0.004368647
-0.004893859
-0.005212616
-0.005006247
-0.004679908
-0.004565162
-0.003929681
-0.002314186
-0.001299784
-0.0008630839
0.000245749
0.001178923
0.001142514
0.0007223035
0.0006806807
0.001027969
0.002207556
0.003889422
0.004474243
0.00484526
0.006066442
0.006886371
0.006731991
0.006329268
0.006256479
0.005510774
0.003394043
0.001244135
-3.626967e-05
-0.0009291084
-0.001744097
-0.002964537
-0.004576216
-0.005227508
-0.004868733
-0.00448723
-0.004512058
-0.004136026
-0.002830409
-0.001531302
-0.0003608577
0.0006265241
0.0008011337
0.000469998
0.0003380655
0.00055937
0.0009286796
0.001518854
0.001560211
0.0008016008
0.0002077547
-0.000311464
-0.001450604
-0.003101904
-0.004590673
-0.005399125
-0.006425281
-0.00765628
-0.008083101
-0.007757673
-0.007478991
-0.007307862
-0.006119994
-0.004723684
-0.004518183
-0.005157297
-0.0055173
-0.005261141
-0.004846676
-0.00472767
-0.004882723
-0.005026403
-0.005016889
-0.004781181
-0.004018428
-0.003327311
-0.003161334
-0.002731834
-0.002093174
-0.00186804
-0.001496579
6.644023e-05
0.001402139
0.001332761
0.0006610617
0.0007193177
0.002128026
0.003910098
0.004463855
0.003874811
0.003409326
0.003603132
0.004011384
0.00414475
0.004008448
0.003888444
0.003929862
0.004005007
0.004046698
0.00405116
0.004034541
0.004023652
0.004027962
0.004036849
0.004039635
0.004053104
0.004106002
0.004148381
0.004144039
0.004144596
0.004152858
0.003751372
0.002533367
0.001638451
0.002633874
0.004471956
0.005072095
0.004413012
0.003813924
0.00392858
0.004353308
0.004532881
0.004390298
0.00386442
0.00299744
0.002209693
0.001574688
0.00140052
0.001573857
0.001710976
0.001633686
0.001479117
0.001423743
0.001474093
0.001529854
0.001532525
0.001540575
0.002261935
0.003930571
0.004873421
0.004536981
0.004653655
0.006284293
0.00724134
0.00625655
0.004728447
0.003908534
0.004067958
0.004035704
0.002733433
0.001200075
0.0009035644
0.001495968
0.001850454
0.001628906
0.001282311
0.001205867
0.001345255
0.001455856
0.001438904
0.001371946
0.001346027
0.00136685
0.001389846
0.001359531
0.0008226513
-0.0006048795
-0.00237436
-0.003787893
-0.004455806
-0.005252542
-0.006731878
-0.007508284
-0.007200013
-0.006756928
-0.006818315
-0.007151312
-0.007251527
-0.006179069
-0.004322115
-0.003592169
-0.003238962
-0.00216275
-0.002359365
-0.004215143
-0.005271558
-0.004772682
-0.003801424
-0.002581509
-0.001912141
-0.002007089
-0.001966848
-0.001524256
-9.703104e-05
0.001597348
0.002576438
0.003531791
0.00539143
0.007105584
0.007299041
0.006598996
0.006412146
0.007317628
0.007975
0.007985118
0.008018918
0.007569318
0.006766424
0.006512742
0.006637391
0.005457747
0.002338917
-0.001079081
-0.002689688
-0.003196402
-0.004009335
-0.005266472
-0.006677005
-0.006977109
-0.006004116
-0.004809791
-0.00429147
-0.004592263
-0.004812454
-0.00358725
-0.001767764
-0.001165749
-0.001095959
-0.0001537684
0.00100799
0.001425194
0.002260179
0.003662956
0.004218028
0.003817814
0.003427412
0.003542542
0.003863359
0.003985503
0.003882088
0.003764053
0.00375661
0.003813424
0.003845269
0.003831066
0.003806591
0.003807505
0.003860186
0.003916914
0.003890733
0.003758358
0.003406532
0.004155761
0.00616538
0.007391256
0.007018729
0.006255019
0.006218041
0.006408079
0.005242098
0.00340442
0.001681485
0.0005967659
-0.0008428841
-0.003476146
-0.005997977
-0.007523718
-0.008930609
-0.009978081
-0.01008587
-0.009783258
-0.009916631
-0.01091689
-0.01167327
-0.01091627
-0.009728758
-0.009348139
-0.008979514
-0.007884389
-0.006850023
-0.005996633
-0.004909135
-0.004041926
-0.003219582
-0.002037912
-0.0009433527
0.0007497073
0.00333051
0.005003625
0.005510701
0.006130342
0.007028679
0.008218076
0.009596647
0.01030447
0.01022867
0.01073829
0.01225805
0.01336494
0.01295045
0.01094364
0.009079509
0.007708948
0.006337708
0.004772935
0.002754835
0.001140568
-0.0001966476
-0.0008991931
-0.0003183168
-3.965918e-05
-0.0007188248
-0.001326859
-0.001287365
-0.0009657866
-0.0006911572
7.863612e-05
0.001441752
0.002237876
0.001996653
0.001676877
0.002204194
0.002450599
0.002006475
0.001193818
-0.0003435126
-0.00187479
-0.003282462
-0.004417223
-0.005823617
-0.007010737
-0.008008203
-0.009076909
-0.009593355
-0.009465382
-0.00925324
-0.009257151
-0.009362389
-0.009415908
-0.009403264
-0.009146281
-0.008069237
-0.006622548
-0.00611529
-0.00659824
-0.006759191
-0.005547639
-0.003770238
-0.002877291
-0.002382858
-0.001514338
-0.0008782285
-0.0006539773
0.0001660176
0.00163586
0.002877094
0.004163799
0.004909622
0.004740425
0.004341904
0.004368176
0.004655387
0.004803393
0.004734208
0.004620517
0.004601785
0.004915361
0.006052304
0.007496706
0.007988199
0.007539734
0.007636759
0.00941342
0.01123135
0.01224096
0.01289638
0.01364868
0.01517323
0.0163308
0.01627264
0.01574624
0.01564053
0.01595315
0.01620639
0.01618105
0.01603569
0.01597364
0.01599782
0.01563853
0.01434672
0.01225158
0.01030654
0.009858568
0.009792312
0.008445309
0.006422728
0.004634648
0.00344619
0.001905197
8.087364e-05
-0.001471942
-0.002742182
-0.003697041
-0.003965487
-0.004469059
-0.006070372
-0.007243627
-0.007423268
-0.007251726
-0.006780591
-0.007232068
-0.009084233
-0.01030931
-0.01030988
-0.0100042
-0.009527707
-0.009293303
-0.009476091
-0.00972219
-0.009736836
-0.00959282
-0.009462944
-0.008748942
-0.007146302
-0.006232475
-0.006538152
-0.006209148
-0.004355242
-0.002213192
-0.0007432987
0.0002089217
0.00135918
0.002871417
0.004478376
0.005014225
0.005532089
0.006928199
0.007851178
0.00865082
0.009983377
0.01065085
0.01036086
0.01000184
0.01056263
0.01170334
0.01168198
0.01045022
0.009671239
0.009018934
0.007766691
0.006156486
0.004626676
0.003792576
0.002919248
0.001974943
0.001614058
0.0008563059
-0.0006860614
-0.001442678
-0.001130752
-0.00165682
-0.003497817
-0.004519845
-0.004101709
-0.003442537
-0.003437058
-0.003847468
-0.00389365
-0.002543552
-0.0007387153
-0.0003266371
-0.0008612895
-0.0001304606
0.001688174
0.002516604
0.002118148
0.002239779
0.003633083
0.004458784
0.004276396
0.004274467
0.00459934
0.004851031
0.004687081
0.003349955
0.001869756
0.00266123
0.004230276
0.003624505
0.001782279
0.00109019
0.001630709
0.001531858
1.258223e-05
-0.001466079
-0.002192842
-0.00293696
-0.003849668
-0.005365094
-0.007497672
-0.009186447
-0.009879941
-0.01083487
-0.01207776
-0.01261502
-0.01286169
-0.01266233
-0.01215019
-0.01201503
-0.01200569
-0.0108069
-0.009327993
-0.008768502
-0.007884583
-0.006435862
-0.004353081
-0.001779993
-0.0001394139
0.0009197246
0.001664622
0.00180642
0.001819783
0.002722761
0.00436321
0.005251924
0.004922988
0.004356821
0.004491499
0.005420463
0.005941026
0.0064917
0.006671245
0.006336376
0.006540619
0.006817304
0.006994274
0.006832298
0.00665681
0.005929318
0.005491057
0.005943378
0.006257909
0.005441967
0.004697498
0.005158346
0.005425826
0.004963953
0.004546514
0.004586429
0.004825762
0.004934619
0.004843351
0.004755846
0.004532722
0.003530927
0.002084062
0.00151203
0.001734447
0.001156176
-0.0004212154
-0.001862731
-0.003248153
-0.004210454
-0.005038062
-0.006073389
-0.006654136
-0.006545749
-0.006303334
-0.006343439
-0.006547422
-0.006404632
-0.005308931
-0.003818206
-0.003281599
-0.003731929
-0.003661677
-0.001889352
-0.0002793549
-0.0003361901
-0.00120382
-0.001527697
-0.00116928
-0.001155917
-0.002360478
-0.004251031
-0.005870412
-0.006684286
-0.006600163
-0.006266368
-0.006298636
-0.006956953
-0.008283879
-0.009147946
-0.00847115
-0.007117474
-0.006198516
-0.006260073
-0.006760304
-0.006932218
-0.006673509
-0.006031336
-0.004809622
-0.003629957
-0.003421551
-0.003890711
-0.004153288
-0.003929652
-0.003220176
-0.001896027
-0.0006657894
-0.0001687836
-0.0002502326
-0.0005130136
0.0003837148
0.001991134
0.002626971
0.003079372
0.004306122
0.005063408
0.004858245
0.004456821
0.004471211
0.004725462
0.004365687
0.002949231
0.001644484
0.001547565
0.001663489
0.001049968
0.0004473333
0.0004457958
0.001181794
0.002130599
0.002338979
0.00193821
0.001664526
0.001789843
0.002031123
0.002101411
0.002013924
0.001932878
0.00183888
0.001139743
-0.0002935553
-0.001287387
-0.001330666
-0.002012114
-0.003491275
-0.004252231
-0.004388943
-0.004129011
-0.003595374
-0.003427432
-0.00367784
-0.003900121
-0.003858913
-0.003609619
-0.0030252
-0.002797314
-0.002764558
-0.001958033
-0.001555831
-0.002753546
-0.004042156
-0.003564469
-0.00256219
-0.001758369
-0.001546926
-0.001978
-0.001717307
-0.0008733648
-0.0004946375
-0.0007258263
-0.0009970074
-0.0009819078
-0.0008556352
-0.0009762444
-0.001906757
-0.003391589
-0.004139471
-0.003963518
-0.004350373
-0.005965211
-0.007943
-0.009318563
-0.009562754
-0.009132372
-0.008921686
-0.009171567
-0.00949064
-0.00940098
-0.008394649
-0.006855126
-0.006120602
-0.006487391
-0.006985591
-0.006694558
-0.005747915
-0.00573625
-0.006261831
-0.006068373
-0.005771267
-0.005604674
-0.006043254
-0.00663031
-0.006225681
-0.004341919
-0.00269385
-0.001842153
-0.0006325976
0.001365365
0.002443185
0.002128743
0.002314452
0.004119933
0.005914698
0.006934825
0.00743203
0.007530494
0.008185868
0.009937551
0.01107159
0.01080701
0.01016282
0.01002646
0.009386924
0.00786331
0.007134757
0.007500373
0.007031274
0.005231746
0.00420665
0.004600111
0.005251432
0.005240431
0.004322627
0.002732903
0.001628616
0.001755867
0.002266442
0.001706257
-6.189348e-05
-0.001375289
-0.001426956
-0.001944749
-0.003334867
-0.004044951
-0.003825398
-0.004105154
-0.005593686
-0.006922688
-0.007132936
-0.007723671
-0.009067745
-0.00971626
-0.009397511
-0.0090097
-0.009127066
-0.009476019
-0.009449123
-0.008562229
-0.007516167
-0.006749395
-0.006157361
-0.004858243
-0.003434228
-0.002401213
-0.00140402
-0.000316823
0.001239554
0.002237603
0.002112904
0.001946173
0.003011393
0.004744241
0.005461054
0.004976565
0.00444727
0.005015709
0.007001037
0.008398102
0.00812653
0.00761237
0.008353958
0.009748187
0.01081279
0.01162048
0.01285214
0.01360419
0.01343729
0.01306526
0.01308782
0.01333876
0.01276839
0.01104796
0.00999924
0.01034394
0.01094326
0.009974519
0.007789567
0.006857419
0.007518101
0.008258635
0.008179737
0.007654299
0.006897575
0.005681193
0.004724537
0.004775124
0.005269956
0.005211528
0.003676128
0.001790825
0.001240101
0.0008069049
-0.0002739517
-0.0008994608
-0.000995646
-0.002115194
-0.003695762
-0.004095591
-0.003513637
-0.003112402
-0.003003244
-0.001914127
-0.0005791598
-0.0003721988
-0.0009351211
-0.001226228
-0.0009840305
-0.0006591973
-0.0006050705
-0.0007449236
-0.0008442877
-0.0008214137
-0.0007572134
-0.0007356664
-0.0007571684
-0.0007407224
2.49159e-05
0.001760228
0.002732845
0.002343252
0.001702221
0.001692308
0.002102937
0.002351443
0.002271952
0.002102657
0.002058231
0.002124548
0.002182179
0.002177761
0.002146414
0.002101645
0.001555967
0.0001526875
-0.001057058
-0.001081348
-0.0005641235
-0.001337892
-0.003348972
-0.004299074
-0.003745732
-0.0030493
-0.00309075
-0.003633487
-0.004571559
-0.005897954
-0.006742156
-0.006586505
-0.006117874
-0.006059025
-0.006356239
-0.00673213
-0.007591249
-0.008952083
-0.009699491
-0.009422095
-0.008908481
-0.008862499
-0.009178023
-0.009393774
-0.009342536
-0.009187402
-0.008645368
-0.007086301
-0.005649859
-0.004722618
-0.003926347
-0.003546421
-0.003637822
-0.003762682
-0.003666884
-0.003486733
-0.003419492
-0.003473514
-0.00353567
-0.003538869
-0.003507395
-0.003488807
-0.003494794
-0.003536494
-0.004029728
-0.004919003
-0.005765612
-0.006404517
-0.006417058
-0.0051564
-0.003221371
-0.001777055
-0.001784296
-0.003443394
-0.004273627
-0.002547399
-8.494646e-05
0.0005521218
0.0002221045
0.0008825104
0.002114696
0.002561277
0.002220237
0.001914856
0.00201818
0.002269529
0.002355175
0.002269352
0.00233513
0.003061403
0.003823955
0.003882383
0.003693436
0.004305821
0.004967668
0.004596154
0.004451315
0.004698738
0.004217869
0.003240585
0.002308638
0.001770115
0.001000593
-0.0001966709
-0.001205618
-0.002222386
-0.003243184
-0.003594944
-0.003344737
-0.003162355
-0.0036782
-0.005104916
-0.006469725
-0.006667305
-0.006094435
-0.005812955
-0.006536305
-0.007763806
-0.008647982
-0.009088229
-0.009031799
-0.008825592
-0.008824798
-0.009028562
-0.009181941
-0.009171818
-0.009024299
-0.008308813
-0.006931777
-0.005791566
-0.00466546
-0.003358903
-0.001863584
-0.0003963673
0.001650215
0.004828805
0.006290702
0.005389748
0.005124925
0.006795423
0.008407777
0.008459751
0.007708202
0.007379608
0.00718875
0.005939224
0.004753938
0.004788105
0.005673489
0.006694831
0.006753589
0.005555028
0.004601645
0.004778792
0.005367684
0.005502579
0.004853192
0.0033903
0.002073054
0.001919119
0.00248785
0.002752397
0.002089104
0.000424605
-0.001003575
-0.001038904
-0.0003416746
-6.223959e-05
-0.0003788056
-0.0007370308
-0.0007700807
-0.0006012512
-0.0004964944
-0.0005896826
-0.00164246
-0.003386109
-0.004007494
-0.003412075
-0.0029563
-0.00380281
-0.005667357
-0.006858442
-0.006603044
-0.005895626
-0.005726736
-0.005962369
-0.005549316
-0.004136862
-0.003007273
-0.002743639
-0.001802377
-0.0003252882
0.0009176587
0.001920554
0.002693111
0.004054666
0.005307187
0.005463844
0.005011841
0.005050215
0.006085895
0.00670406
0.0058304
0.004786199
0.004719447
0.005228842
0.005488351
0.005329043
0.00488076
0.004019545
0.003175079
0.002489601
0.002282465
0.002470391
0.002604262
0.002499849
0.002330957
0.002262875
0.001911535
0.0007357384
-0.000536819
-0.0008211787
-0.000809172
-0.001906292
-0.003397596
-0.00375529
-0.003203047
-0.002868148
-0.00308641
-0.003910326
-0.005336787
-0.006403115
-0.006343455
-0.005796752
-0.005582371
-0.005200925
-0.004067044
-0.003040076
-0.002788709
-0.00201429
-0.0005981514
-6.341936e-06
-0.0001971851
0.0006657347
0.002402056
0.003245089
0.00360258
0.004669931
0.006419167
0.007994417
0.008473331
0.008062238
0.00774047
0.007925482
0.008271427
0.008384899
0.008079683
0.006932711
0.005437768
0.004873907
0.005308029
0.005741703
0.005386457
0.003990436
0.002430952
0.002011471
0.002571686
0.003002225
0.002832746
0.002442378
0.002259914
0.002306911
0.001706657
7.007375e-05
-0.0009230814
-0.0005954486
2.770364e-05
6.510709e-05
-0.0003418759
-0.0006205924
-0.0005261468
-0.0003164495
-0.0002844917
-0.0004608102
-0.001300818
-0.002940731
-0.003808482
-0.003416275
-0.002827166
-0.002840261
-0.003260969
-0.003975568
-0.004754578
-0.004919029
-0.004593889
-0.004351297
-0.004004288
-0.003804041
-0.00390508
-0.003575937
-0.003171658
-0.003160055
-0.003785396
-0.004157813
-0.003553819
-0.002923962
-0.00295364
-0.003307319
-0.003451264
-0.003319379
-0.003167091
-0.003155269
-0.003135606
-0.002470595
-0.001011997
4.473895e-05
-7.585103e-05
-0.0006753464
-0.0008541558
-0.0003892859
0.0008291731
0.002320159
0.00291958
0.002507324
0.002052431
0.002138717
0.00249455
0.002663518
0.00257275
0.002439686
0.002419685
0.00247951
0.002521125
0.002512018
0.002486789
0.002479858
0.002490574
0.002500619
0.002501159
0.002497222
0.002495988
0.00249846
0.002501368
0.002502577
0.002502703
0.002503155
0.002504336
0.002505711
0.002519521
0.003030384
0.004688167
0.005947715
0.005765429
0.005060711
0.004909676
0.005328034
0.006381291
0.008017194
0.008772564
0.008322737
0.007761754
0.007819794
0.008220292
0.008428332
0.008359143
0.008262912
0.008267079
0.008320647
0.008348582
0.008339584
0.008324199
0.008285842
0.007530678
0.005813918
0.004847118
0.005201853
0.005317891
0.003975724
0.002379691
0.002059644
0.002638491
0.00293647
0.001747193
-0.0003209752
-0.001088177
-0.000446373
0.0001907941
7.482416e-05
-0.000351901
-0.0004929358
-0.0003713247
-0.000280097
-0.0003030286
-0.0003569911
-0.0003714289
-0.0002924005
0.0007084344
0.002466107
0.003134474
0.002528287
0.001979321
0.002169003
0.002630022
0.002790004
0.002637436
0.002479454
0.002388911
0.001766393
0.0003682712
-0.0006781339
-0.0005887676
-0.0002326225
-0.001320291
-0.003197883
-0.0040002
-0.004582206
-0.005639615
-0.006162451
-0.005915349
-0.005619661
-0.005704496
-0.005958751
-0.006060284
-0.005979357
-0.005882639
-0.00587372
-0.005727999
-0.004493884
-0.002848087
-0.00245637
-0.002947619
-0.002505558
-0.0008442259
0.000306401
0.0004260284
0.00114127
0.001931275
0.002353199
0.002593128
0.002643891
0.002606655
0.002615075
0.00267754
0.002723979
0.002721388
0.002697328
0.002686949
0.002694904
0.00270522
0.002706935
0.002395573
0.0009427191
-0.0004860372
-0.0007046124
-0.0009410971
-0.002213968
-0.003295901
-0.003755752
-0.004862884
-0.005949931
-0.006036651
-0.005585426
-0.005423685
-0.005662766
-0.005907114
-0.005915637
-0.005791693
-0.005722358
-0.00575048
-0.005799872
-0.005809318
-0.005799778
-0.006275441
-0.007877278
-0.009101465
-0.00892089
-0.007995136
-0.007290444
-0.007837699
-0.008346022
-0.006971061
-0.005315192
-0.005159191
-0.005923512
-0.006287777
-0.005504768
-0.003520495
-0.002244394
-0.00234077
-0.002091924
-0.0007935019
0.0004337197
0.001177127
0.001548812
0.00214083
0.002705949
0.003264445
0.004705456
0.005916342
0.006449276
0.00752565
0.008472364
0.008519754
0.008458671
0.009417817
0.01098273
0.01166067
0.01124379
0.01075315
0.01079874
0.01078782
0.009815682
0.008435909
0.007938556
0.007652111
0.006310626
0.004454842
0.002770836
0.001614551
0.0003980605
-0.001008605
-0.002956745
-0.004814815
-0.005814673
-0.006491888
-0.007850143
-0.008841453
-0.008754546
-0.008331165
-0.009021958
-0.0106576
-0.01131902
-0.01086561
-0.009582124
-0.008704998
-0.009029444
-0.009216606
-0.008838357
-0.008493752
-0.008481666
-0.008647817
-0.008706566
-0.008269211
-0.007671743
-0.007997934
-0.008665043
-0.008066249
-0.006032325
-0.004797428
-0.004512317
-0.003652738
-0.002783325
-0.002653316
-0.002224994
-0.0006276225
0.0005324366
0.0003576721
0.0006163036
0.002307721
0.003452879
0.003181582
0.002529935
0.002451128
0.00279237
0.003024074
0.003004029
0.002882956
0.002828953
0.002864063
0.002912028
0.002920171
0.002900739
0.002887414
0.002829262
0.001820899
3.599384e-05
-0.0006401259
-5.117426e-05
0.0005188219
0.000389684
-4.287572e-05
-0.0002203551
-8.638646e-05
0.0001098263
0.000183775
6.821207e-05
-0.0005476308
-0.001901208
-0.003070114
-0.003107938
-0.002526055
-0.002394405
-0.003388184
-0.005026328
-0.005492944
-0.004306509
-0.002827543
-0.002260201
-0.002685948
-0.003178397
-0.00314054
-0.002802883
-0.002711161
-0.003484041
-0.005012368
-0.006009353
-0.005820446
-0.005078394
-0.003805452
-0.002566616
-0.002417099
-0.002985186
-0.003297896
-0.003055304
-0.002677077
-0.002583176
-0.002731505
-0.002863021
-0.002874779
-0.002758765
-0.002447223
-0.001216736
0.0001466732
-8.939817e-05
-0.0006462698
-0.0003386592
0.0002662363
0.0004625884
0.000276303
0.0002603461
0.001169225
0.002733491
0.003578695
0.003285056
0.002762741
0.00275039
0.003092783
0.003308739
0.003249764
0.00295469
0.002342034
0.002415927
0.002879114
0.001801398
9.444442e-05
-0.000306851
0.0003908669
0.0009061371
0.0007094277
0.00031157
0.000225456
0.0003945424
0.0005275786
0.0005103683
0.0004525498
0.0004825971
0.0005525956
0.0005748719
0.0005689808
0.0006071379
0.0006502556
0.0003951523
-0.0004743821
-0.0008713308
8.917438e-05
0.001109926
0.0008385185
-0.0003213853
-0.0003594838
0.0005992997
0.001097348
0.0002877035
-0.001751419
-0.003000621
-0.002596898
-0.00176241
-0.001278946
-0.0005194253
0.0004850006
0.0008056216
0.0004690698
0.0002542702
0.001135251
0.003056974
0.004065143
0.003597617
0.002894748
0.002888985
0.003329105
0.003562915
0.003414407
0.003226015
0.003253442
0.003380396
0.003427598
0.003384938
0.00327952
0.002264684
0.000502359
-0.0001587195
0.0004258262
0.0009854886
0.0008532216
0.0004242341
0.0002498344
0.0003189369
-0.0005397553
-0.002312467
-0.00302857
-0.002453261
-0.001872499
-0.002046529
-0.003427747
-0.004780999
-0.003920527
-0.002003734
-0.001414069
-0.002173675
-0.002805113
-0.002667658
-0.002250016
-0.002060134
-0.002138272
-0.002269777
-0.002296792
-0.002239874
-0.002193674
-0.002197623
-0.002215968
-0.002182453
-0.002117979
-0.002286276
-0.003470148
-0.004563442
-0.004576347
-0.003824162
-0.002987438
-0.002308598
-0.002014822
-0.002150201
-0.002130379
-0.001147893
0.0004737335
0.001287525
0.0009279681
0.0003887815
0.0004021308
0.0007628616
0.001124889
0.001633334
0.001528919
0.0008624897
0.0005462715
0.0007717819
0.001058284
0.001303799
0.001711215
0.001921894
0.002862147
0.003891084
0.003996289
0.003545867
0.003346552
0.003570252
0.003871361
0.003924262
0.003765209
0.003682252
0.003744444
0.004265634
0.00537423
0.004943351
0.003505685
0.003000106
0.003557648
0.004082942
0.004010248
0.003668648
0.003522978
0.003626317
0.003755651
0.003761472
0.003430886
0.002291357
0.0008707852
0.0004204434
0.000846499
0.0008219267
-0.0005509915
-0.002235109
-0.002663633
-0.002067243
-0.00198065
-0.003335731
-0.005028362
-0.005104562
-0.003630736
-0.002327994
-0.0018643
-0.002096372
-0.002387013
-0.00228291
-0.001631024
-0.0006371359
0.0001669106
0.0007489941
0.000864973
0.000668587
0.000579234
0.0007081748
0.0008618353
0.0008874779
0.0008228876
0.000776294
0.0007859687
0.000815195
0.0008251769
0.0008152522
0.0008053376
0.0008059286
0.0008717638
0.001859644
0.003617967
0.004295035
0.003720684
0.003190382
0.003342206
0.003765036
0.003927077
0.003765429
0.003093744
0.001731523
0.0006175116
0.0006194838
0.001162192
0.00134316
0.001064246
0.000784175
0.0008070298
0.001006093
0.001074668
0.0009955075
0.0009576449
0.0009941702
0.001034393
0.001069763
0.001113443
0.001129125
0.00111523
0.001103249
0.001108453
0.001119735
0.0009395256
-0.0002813793
-0.001863257
-0.002221308
-0.001590767
-0.00117376
-0.001208575
-0.0003787007
0.001104733
0.001654904
0.001205687
0.0007552101
0.0009578057
0.001950267
0.002815024
0.002456632
0.00242492
0.003602566
0.004454654
0.004270542
0.003788779
0.003754354
0.004074183
0.004273045
0.004170671
0.003979869
0.003932777
0.004016565
0.004121296
0.004158461
0.004087489
0.003994177
0.003888165
0.003232576
0.00186382
0.0008837353
0.0009957924
0.001504937
0.001385042
-0.0001822834
-0.002018208
-0.002336621
-0.001557499
-0.001088778
-0.001360327
-0.001801677
-0.002094309
-0.003179001
-0.004670391
-0.005059967
-0.004492752
-0.004094754
-0.004293669
-0.004662752
-0.004766863
-0.004629888
-0.0045049
-0.004512098
-0.00458037
-0.00444606
-0.003495007
-0.002130763
-0.001948159
-0.002283523
-0.002114348
-0.001762451
-0.001665728
-0.0014496
-1.904927e-05
0.001492938
0.001607426
0.001022102
0.001586013
0.003366398
0.004459284
0.004129524
0.003453697
0.003380531
0.003930074
0.005123542
0.006554038
0.007136789
0.006737785
0.006263043
0.006347272
0.006738511
0.006927798
0.006506402
0.004699237
0.002624186
0.002632964
0.003916961
0.003694075
0.001711754
0.0003441648
0.0006604336
0.001490092
0.00165694
0.001242198
0.0009164365
0.000955165
0.0009021619
0.0001838731
-0.0002519569
7.317273e-05
-0.0005818245
-0.001776675
-0.002104597
-0.00165697
-0.00132705
-0.001447306
-0.001211747
0.0003483011
0.001668943
0.001605569
0.001436821
0.002863789
0.004928182
0.006701995
0.007214818
0.006676249
0.006264222
0.006485332
0.006926403
0.007121659
0.007005227
0.006796713
0.006727834
0.006787094
0.006827885
0.00648637
0.005267533
0.003918607
0.003621876
0.004136796
0.004469313
0.004239104
0.003148136
0.001339853
0.0004973254
0.0009564789
0.0008460001
-0.0008938694
-0.002318253
-0.002216454
-0.002189853
-0.003676012
-0.00503194
-0.005377787
-0.005952996
-0.00710996
-0.007757025
-0.007934236
-0.008793869
-0.0101241
-0.01065458
-0.01029133
-0.009917967
-0.01000958
-0.01027518
-0.009873772
-0.008395201
-0.007037649
-0.006997727
-0.007656846
-0.007880808
-0.007548616
-0.007217158
-0.007207653
-0.007310255
-0.006379985
-0.004550252
-0.003810191
-0.00435726
-0.004400496
-0.00290642
-0.001282903
-0.0009743293
-0.00065548
0.0006985524
0.001632356
0.002048134
0.003026806
0.004141707
0.004392374
0.004009972
0.003787866
0.003869199
0.003416424
0.002067439
0.000995252
0.0009588427
0.0007935566
-0.0004577223
-0.001711338
-0.001836833
-0.001309517
-0.001073335
-0.001399874
-0.002381439
-0.003810689
-0.004649509
-0.004425068
-0.003884755
-0.003785629
-0.004090285
-0.004335387
-0.004309092
-0.0041655
-0.004286992
-0.005315694
-0.005581557
-0.004420536
-0.003734994
-0.004558558
-0.005271372
-0.005278965
-0.004622093
-0.003930091
-0.003880173
-0.004230558
-0.004414697
-0.004141879
-0.003088025
-0.001614478
-0.0009391955
-0.001302901
-0.001393494
0.0002778108
0.002025344
0.002124452
0.001300088
0.001378023
0.003274526
0.004900005
0.00478692
0.0039204
0.00364193
0.004037633
0.004423347
0.004422804
0.004221404
0.004118418
0.004170664
0.00423779
0.003740654
0.002048493
0.0007652729
0.0009181507
0.00090006
-0.0006327312
-0.002011438
-0.00202683
-0.00208925
-0.003190365
-0.004001871
-0.004358575
-0.004429074
-0.004366481
-0.004353669
-0.004431148
-0.004527768
-0.004909656
-0.005692283
-0.005803596
-0.005528016
-0.006457151
-0.007636665
-0.007796336
-0.007285279
-0.006969088
-0.006691176
-0.006550959
-0.006601303
-0.005702093
-0.004394695
-0.004042132
-0.004523883
-0.004845112
-0.004137466
-0.002415504
-0.001112901
-0.001205162
-0.001889998
-0.002062524
-0.001226736
-5.758149e-06
0.0008121272
0.001221217
0.001184178
0.001005025
0.001006595
0.001167042
0.001283525
0.00127105
0.00129757
0.001976841
0.003437529
0.004486562
0.004359774
0.003766533
0.003632906
0.003988838
0.004280042
0.004211029
0.003986713
0.003902437
0.003976854
0.004055379
0.00388765
0.00291196
0.001408908
0.0007210252
0.001122938
0.001456557
0.0004569296
-0.001446183
-0.002430148
-0.002009986
-0.001351433
-0.001340717
-0.001756179
-0.002325091
-0.003428248
-0.003246857
-0.001852512
-0.001241682
-0.001770426
-0.002509967
-0.003213846
-0.003399605
-0.002477591
-0.001572792
-0.001906043
-0.003037344
-0.003062844
-0.002139318
-0.001640742
-0.001898429
-0.002280636
-0.002317863
-0.002122959
-0.001999918
-0.002026594
-0.001618877
-4.22152e-05
0.001205788
0.001074515
0.0004472681
0.0003273069
0.0006946615
0.001488241
0.00310101
0.004161398
0.003925607
0.003354536
0.004018671
0.006074268
0.007333188
0.00694927
0.006160382
0.006068788
0.006514329
0.006824445
0.006783217
0.006646829
0.006596714
0.006264444
0.005110158
0.003792444
0.00310353
0.00238829
0.001411393
0.0009748311
0.001213508
0.001474773
0.001387397
0.001154171
0.001065532
0.001143642
0.001265169
0.001331719
0.001312243
0.001269509
0.001294494
0.001377918
0.001419497
0.00139762
0.001367501
0.001369279
0.001419811
0.001456006
0.001413088
0.001361816
0.001360747
0.00141773
0.001951573
0.00329676
0.004472927
0.004510797
0.003955702
0.003747637
0.004019226
0.004311771
0.004332914
0.004192245
0.004016584
0.003339644
0.001956552
0.0009447589
0.001042783
0.001567983
0.001684011
0.001384927
0.001130992
0.001145741
0.001284363
0.001347558
0.001307502
0.001254076
0.00124761
0.001271815
0.001286908
0.001189573
0.0005698803
-0.0003460026
-0.001253724
-0.001753417
-0.001645645
-0.001391186
-0.001400333
-0.001600882
-0.001727969
-0.001696653
-0.001615091
-0.001281863
0.0001506573
0.001604419
0.001723252
0.001054966
0.001062933
0.002808743
0.004597293
0.004708428
0.003859904
0.003789413
0.005466673
0.006759121
0.006891645
0.006399383
0.004880912
0.003539593
0.003602444
0.004346001
0.004605346
0.004256809
0.003911589
0.003950599
0.004171966
0.004266039
0.004200055
0.004121236
0.004118503
0.004159253
0.004181202
0.004170622
0.004153339
0.004149702
0.004156455
0.004161374
0.004159918
0.004156194
0.004154662
0.004155453
0.004156251
0.00414311
0.003632234
0.001974796
0.0007157631
0.0008986544
0.001603992
0.001737564
0.0009690574
-0.0005462774
-0.00181626
-0.001917941
-0.001291887
-0.001055832
-0.00170651
-0.003233049
-0.00458341
-0.00472723
-0.004177394
-0.004617923
-0.005833107
-0.005378209
-0.003347501
-0.001270463
-0.0007719264
-0.0008436075
0.0002241647
0.001428179
0.002330677
0.003603053
0.004373254
0.004189785
0.003782208
0.003782067
0.004067178
0.00417587
0.003099
0.001188123
0.0004769064
0.001106419
0.001708572
0.00156835
0.001107253
0.0009146217
0.001046974
0.001209233
0.001125979
0.0005262277
0.0002928591
0.0009109907
0.00142913
0.001325028
0.0009899508
0.0007364073
1.110573e-05
-0.001242446
-0.001945362
-0.001710915
-0.001291807
-0.001286588
-0.001092468
0.0003121407
0.00156386
0.001500711
0.0008524859
0.0006558399
0.0009734123
0.001232993
0.0004679299
-0.001373421
-0.002394384
-0.002379206
-0.002918997
-0.004186995
-0.004868923
-0.0046884
-0.005301328
-0.007044562
-0.007449787
-0.006099902
-0.00467601
-0.00411043
-0.004437876
-0.004866378
-0.004749806
-0.003755644
-0.00230198
-0.001956553
-0.002619023
-0.003759359
-0.004801838
-0.004846022
-0.004458359
-0.005116192
-0.006796875
-0.007809469
-0.007513941
-0.006892822
-0.006817661
-0.007161732
-0.007393654
-0.007314128
-0.006652494
-0.004986741
-0.003803445
-0.00355153
-0.002681206
-0.001587227
-0.000638665
0.000659004
0.001405957
0.001209937
0.0008339421
0.001221744
0.002682894
0.004143404
0.004314662
0.002758218
0.0007496906
0.0003540411
0.001308656
0.002820631
0.003317999
0.001793133
0.000457229
0.0005612557
0.0007531607
-0.0002406153
-0.001463613
-0.001643824
-0.00111273
-0.001003181
-0.002355602
-0.004112342
-0.004435408
-0.003658285
-0.003157083
-0.003349078
-0.003710375
-0.003752757
-0.003548043
-0.003404099
-0.003406944
-0.003422958
-0.003399595
-0.003598397
-0.004555164
-0.005837212
-0.006247908
-0.005765442
-0.005348086
-0.006129199
-0.008003572
-0.008949224
-0.008428974
-0.007698856
-0.00761193
-0.00708172
-0.00566332
-0.004929358
-0.005241927
-0.005642696
-0.005374841
-0.003882993
-0.002225427
-0.001869302
-0.00189426
-0.0009727439
0.0003212322
0.001384791
0.002332542
0.002805713
0.002817631
0.00323697
0.003887269
0.004251489
0.004730826
0.005205901
0.005263501
0.00506012
0.004960968
0.005041251
0.005135736
0.005128375
0.005055907
0.00500223
0.004991998
0.004992833
0.004956182
0.004897719
0.00489043
0.004880125
0.004816377
0.004731176
0.004284078
0.003528994
0.003179789
0.00298551
0.002951004
0.003300306
0.003065125
0.002246948
0.001842777
0.002029769
0.00226948
0.002240595
0.001934234
0.001348326
0.001121975
0.0005182749
-0.0003827331
-0.0006816018
-0.0005736321
-0.001224613
-0.002566716
-0.003238497
-0.002926016
-0.002896851
-0.004296144
-0.005628777
-0.005639891
-0.005571913
-0.006688478
-0.007724206
-0.007667276
-0.006823298
-0.005955029
-0.005803737
-0.006137599
-0.006342698
-0.006562268
-0.006600202
-0.005660875
-0.004465929
-0.004196838
-0.004655686
-0.004923642
-0.004288459
-0.002826911
-0.001746178
-0.001822106
-0.002345131
-0.002039862
-0.0006011591
0.0006439818
0.00070626
0.0008914326
0.00203376
0.002832203
0.00305097
0.003335853
0.003610179
0.004020798
0.004613034
0.004836491
0.004669312
0.004860294
0.005602564
0.006392027
0.006878284
0.006819244
0.006516912
0.006045228
0.00549148
0.005314691
0.005120536
0.004568145
0.004207168
0.004230876
0.003949186
0.002849496
0.001798411
0.001680378
0.00175743
0.001274089
0.0004461692
-0.000237315
-0.0003278563
-0.0001160383
-0.0007257672
-0.002151248
-0.00279377
-0.002397
-0.002283356
-0.003312199
-0.004512814
-0.004715211
-0.00420465
-0.003879083
-0.004014571
-0.00425764
-0.00429287
-0.00417937
-0.004103614
-0.004054184
-0.00332843
-0.002028148
-0.001517213
-0.001916853
-0.002307727
-0.002147401
-0.001064052
0.0002807407
0.0005777639
9.87695e-05
0.0002260056
0.001401387
0.002428571
0.002419008
0.001907541
0.001840286
0.002915818
0.004254284
0.004491017
0.003897528
0.003508506
0.003594302
0.003380471
0.002452797
0.001650297
0.001638742
0.001995839
0.002104281
0.001925953
0.001736124
0.001689577
0.001744947
0.001784695
0.0017618
0.001718045
0.001657966
0.001289047
0.0006969107
0.0001299733
-0.0002021916
-0.0001664974
-9.88387e-06
2.275547e-05
-8.346206e-05
-0.0002476784
-0.0006781118
-0.001433993
-0.001557735
-0.0005775501
0.000294096
-0.0001757762
-0.001556351
-0.002350859
-0.00203792
-0.00143525
-0.001248818
-0.00109036
-0.0004272
0.000230457
0.0002892569
1.243602e-05
-9.666674e-05
4.248495e-05
0.0001979401
0.0002350554
0.0001954287
0.000158585
0.0001593508
0.0001794919
0.0001902443
0.0001853299
0.0001778204
0.0001953165
0.0002328131
0.0002470429
0.0002517618
0.0005574842
0.00136665
0.002054736
0.002049252
0.001696942
0.00155932
0.001705161
0.001861262
0.001895428
0.001861258
0.001794527
0.001471375
0.0009797042
0.0005608513
0.0002510509
0.0002048829
0.0003082124
0.0003405954
0.0002637536
0.0001850205
0.0001748975
0.0002061019
0.0002251012
0.0002492995
0.000539224
0.001253883
0.001856796
0.001850737
0.001556713
0.001463728
0.001583325
0.001689539
0.001687115
0.001617674
0.001561786
0.001547759
0.001548891
0.001520949
0.00124684
0.0007753696
0.0003566042
6.647962e-05
4.020633e-05
0.0001602581
0.0001990285
0.0001182377
5.153912e-05
4.049236e-05
-0.0001789834
-0.0008138838
-0.001382848
-0.001399198
-0.001120903
-0.001004829
-0.001119578
-0.00124696
-0.0012462
-0.001168
-0.001115619
-0.001088154
-0.0006560993
-5.9421e-05
8.396033e-05
6.460466e-05
7.789379e-05
0.0001220392
0.0001573066
0.0001672954
0.0001599296
0.0001507457
0.000160802
0.0001828529
0.0001861429
0.0001702446
0.0001556466
0.0001519474
0.0001524178
0.0001488559
0.0002150942
0.0006945008
0.001309523
0.001430064
0.001172001
0.001006769
0.001074857
0.001192655
0.001200915
0.001049722
0.0005084383
-0.0001114402
-0.0002251065
3.713615e-05
0.0001828835
6.514914e-05
-0.000150317
-0.0004271409
-0.0006098365
-0.0005681002
-0.000502972
-0.0007421028
-0.001060235
-0.001111753
-0.0009688934
-0.0008764938
-0.0009078722
-0.000967352
-0.001020773
-0.001259802
-0.001674469
-0.001884964
-0.001820344
-0.001930643
-0.002351576
-0.00263167
-0.002539562
-0.002325862
-0.002249329
-0.002290391
-0.002297318
-0.002161764
-0.00191917
-0.001786015
-0.001514067
-0.001230306
-0.001176871
-0.001255707
-0.001207714
-0.0009188531
-0.0006145231
-0.0004025843
-0.0003552765
-0.0004151177
-0.0004385483
-0.0002715668
0.0001702649
0.000470272
0.0004640482
0.000536447
0.0008263239
0.001017754
0.0009691573
0.0009261327
0.001076181
0.001290248
0.00143849
0.001424368
0.001242865
0.0009304406
0.0005978662
0.0003228539
0.000151934
0.0001308408
0.0001747407
0.000174414
0.0001254678
1.938301e-05
-0.0002041882
-0.0004224455
-0.0004542599
-0.0003607024
-0.0003686642
-0.0005972948
-0.0008505454
-0.0008855977
-0.0007659668
-0.0007667065
-0.0009998913
-0.001217943
-0.001201718
-0.001057313
-0.0009758617
-0.0009944116
-0.001083723
-0.001108987
-0.0009706938
-0.000835718
-0.0008177712
-0.0008459772
-0.000830424
-0.0007670747
-0.0005943866
-0.0003595781
-0.0002714557
-0.0002682853
-0.0001526973
2.185219e-05
8.676723e-05
0.000100477
0.0002107902
0.000352556
0.0003884546
0.0003410327
0.000305897
0.0003169135
0.0003405592
0.000343839
0.0003290459
0.000315198
0.0003110142
0.0003112476
0.0003088368
0.0003029141
0.0002966259
0.0002919839
0.0002883846
0.000283996
0.00027665
0.0002711495
0.0002702532
0.000268358
0.0002605843
0.0002444885
0.000197662
0.0001444716
0.0001281308
0.000109545
7.286055e-05
5.698036e-05
6.80115e-05
8.086363e-05
8.12918e-05
7.606897e-05
7.543437e-05
8.038083e-05
8.581803e-05
8.859025e-05
8.969247e-05
9.163459e-05
9.650459e-05
0.0001017053
0.0001035343
0.0001021924
0.000103379
0.0001078057
0.0001113033
0.0001056281
8.167403e-05
8.447533e-05
0.0001157353
0.0001328241
0.0001254225
0.0001145508
0.000115004
0.0001276554
0.0001560279
0.0001822504
0.0002016334
0.0002094467
0.000199398
0.0001708068
0.000153326
0.0001757818
0.0002058668
0.0002068697
0.0001884423
0.0001766235
0.0001782276
0.0001823799
0.0001803679
0.0001751302
0.0001712745
0.0001689275
0.0001663681
0.0001641723
0.0001622303
0.0001598089
0.0001569995
0.0001543082
0.0001516356
0.0001484538
0.0001454777
0.0001433418
0.0001450857
0.0001575596
0.0001735866
0.0001760564
0.0001625959
0.0001403717
0.000121744
0.0001172365
0.0001215849
0.0001204264
0.0001074823
9.366937e-05
8.509301e-05
8.370523e-05
8.619482e-05
8.710369e-05
8.319272e-05
7.246564e-05
6.091647e-05
5.871722e-05
6.405702e-05
6.803348e-05
6.740378e-05
6.543002e-05
6.532061e-05
6.688226e-05
6.832023e-05
6.88144e-05
6.884212e-05
6.905226e-05
6.952791e-05
6.999308e-05
7.02708e-05
7.04141e-05
7.053572e-05
7.066783e-05
7.076982e-05
7.08107e-05
7.079224e-05
7.073653e-05
7.070961e-05
7.179824e-05
7.523634e-05
7.860285e-05
7.857866e-05
7.623396e-05
7.451169e-05
7.422426e-05
7.424865e-05
7.434462e-05
7.478408e-05
7.502699e-05
7.509007e-05
7.426868e-05
7.262743e-05
7.099927e-05
6.9839e-05
6.888763e-05
6.777453e-05
6.647154e-05
6.516651e-05
6.397151e-05
6.287539e-05
6.225295e-05
6.197561e-05
6.063325e-05
5.835786e-05
5.669828e-05
5.595406e-05
5.531823e-05
5.427963e-05
5.301721e-05
5.183356e-05
5.055637e-05
4.920948e-05
4.81942e-05
4.721495e-05
4.605439e-05
4.52793e-05
4.50846e-05
4.478758e-05
4.390921e-05
4.277101e-05
4.181947e-05
4.123699e-05
4.076674e-05
4.000345e-05
3.890327e-05
3.778929e-05
3.697994e-05
3.636713e-05
3.570489e-05
3.492622e-05
3.400399e-05
3.30691e-05
3.237051e-05
3.18441e-05
3.12871e-05
3.060022e-05
2.987787e-05
2.927025e-05
2.879517e-05
2.833981e-05
2.779714e-05
2.720414e-05
2.664294e-05
2.613086e-05
2.563682e-05
2.513759e-05
2.463791e-05
2.415098e-05
2.368096e-05
2.322312e-05
2.277672e-05
2.235331e-05
2.195178e-05
2.154669e-05
2.113035e-05
2.072301e-05
2.034346e-05
1.99857e-05
1.962889e-05
1.926847e-05
1.891748e-05
1.858533e-05
1.827283e-05
1.797289e-05
1.767748e-05
1.738847e-05
1.711237e-05
1.685133e-05
1.660326e-05
1.63659e-05
1.613875e-05
1.592368e-05
1.572131e-05
1.553133e-05
1.535329e-05
1.518633e-05
1.503007e-05
1.488494e-05
1.475159e-05
1.462971e-05
1.45188e-05
1.44185e-05
1.4329e-05
1.425031e-05
1.418242e-05
1.412517e-05
1.407855e-05
1.404251e-05
1.401703e-05
1.400201e-05
1.399742e-05
1.400317e-05
1.401924e-05
1.404557e-05
1.408212e-05
1.412882e-05
1.418563e-05
1.42525e-05
1.432936e-05
1.441618e-05
1.451289e-05
1.461944e-05
1.473578e-05
1.486185e-05
1.499759e-05
