-4.65268e-05
-4.70803e-05
-4.765491e-05
-4.824563e-05
-4.885496e-05
-4.94727e-05
-5.010406e-05
-5.073212e-05
-5.13709e-05
-5.202459e-05
-5.272009e-05
-5.34728e-05
-5.431573e-05
-5.526486e-05
-5.632971e-05
-5.756197e-05
-5.909764e-05
-6.106052e-05
-6.335662e-05
-6.566382e-05
-6.765654e-05
-6.933477e-05
-7.100891e-05
-7.273447e-05
-7.408284e-05
-7.422092e-05
-7.275291e-05
-6.994171e-05
-6.634873e-05
-6.258706e-05
-5.94735e-05
-5.756415e-05
-5.670092e-05
-5.63278e-05
-5.729599e-05
-6.151579e-05
-6.809741e-05
-7.505844e-05
-8.042918e-05
-8.061964e-05
-7.627401e-05
-7.287199e-05
-7.358599e-05
-7.551529e-05
-7.280461e-05
-5.928995e-05
-3.448759e-05
-1.384125e-06
3.374062e-05
6.192811e-05
7.745032e-05
7.707186e-05
5.874852e-05
2.084567e-05
-3.15936e-05
-9.113142e-05
-0.0001552827
-0.0002140174
-0.0002545943
-0.0002673296
-0.0002460113
-0.0002053896
-0.0001662767
-0.0001312979
-9.521085e-05
-6.220425e-05
-4.047962e-05
-3.29487e-05
-3.482894e-05
-3.961376e-05
-5.10251e-05
-7.347559e-05
-8.998499e-05
-8.173591e-05
-5.388475e-05
-2.558872e-05
-1.195431e-05
-1.453446e-05
-2.086618e-05
-5.233407e-06
4.306396e-05
0.0001174847
0.000194081
0.0002410646
0.0002335803
0.0001923717
0.0001736888
0.0002017187
0.0002561246
0.0003035971
0.0003250995
0.0003092312
0.0002279771
6.251391e-05
-0.000158104
-0.0003834823
-0.0005687372
-0.0006816705
-0.0007232116
-0.0007239265
-0.0007140874
-0.0006738152
-0.0005761692
-0.000456512
-0.0003617093
-0.0002705579
-0.0001558913
-4.619385e-05
3.915261e-06
3.648274e-06
-1.29117e-06
2.102239e-05
0.0001041422
0.0002460425
0.0003655026
0.0003743786
0.0002289889
2.720515e-06
-0.0001797206
-0.000249428
-0.000222022
-0.0001603835
-0.0001446525
-0.0002241928
-0.0003587816
-0.0004754059
-0.0005576272
-0.0006321731
-0.0007038511
-0.0007555842
-0.0007430894
-0.0006192138
-0.0004042503
-0.0001273028
0.0002134167
0.0005534759
0.0007847353
0.0008275433
0.0007112978
0.000549447
0.0004157147
0.0003563075
0.000331665
0.0002531409
0.0001692699
0.0002011273
0.0003887574
0.0007421164
0.001204773
0.001622787
0.001847202
0.001817078
0.001578913
0.001182642
0.000701818
0.0002428104
-7.791828e-05
-0.0002118194
-0.0002050971
-0.0001167417
3.262567e-05
0.0001873193
0.0002853948
0.000273465
0.0001328067
-5.633891e-05
-0.0001909312
-0.0002215073
-0.0001284726
5.615962e-05
0.0001957454
0.0002190647
0.0001500985
2.356023e-05
-5.044465e-05
-3.283952e-05
1.228155e-06
7.343664e-05
0.0002625002
0.0004841651
0.0005770765
0.0004463921
0.0001401109
-0.0002303703
-0.000529622
-0.0006039962
-0.0004532472
-0.0002304998
-8.810432e-05
-9.923181e-05
-0.0002670953
-0.0004317685
-0.0004515022
-0.0003435562
-0.0001370896
0.0002230198
0.0006186954
0.0007659226
0.0005302146
8.437619e-05
-0.0003310898
-0.0007371306
-0.001337852
-0.002169198
-0.003096395
-0.003914074
-0.004430439
-0.004550654
-0.004210805
-0.003356769
-0.002056827
-0.0005349207
0.0009227549
0.002150839
0.003094102
0.003663669
0.003725081
0.003283767
0.002470427
0.001383681
0.000263912
-0.0007167133
-0.001491471
-0.002071468
-0.002500804
-0.002769463
-0.00279846
-0.002603425
-0.002314958
-0.001991607
-0.001688684
-0.001454816
-0.001191482
-0.0007339719
6.997532e-06
0.000993364
0.001902347
0.002497959
0.002710165
0.002552194
0.002168031
0.001702479
0.001210735
0.0005570984
-0.0002766585
-0.001047981
-0.001453104
-0.001339104
-0.0007503769
0.0001563761
0.001148284
0.002107627
0.002925682
0.003644038
0.004402926
0.00529129
0.006215596
0.006910049
0.007028831
0.006381301
0.005099183
0.003527326
0.002067136
0.000943383
0.0001972183
-0.0003032412
-0.000837037
-0.001612651
-0.002520046
-0.003260164
-0.00376802
-0.004217647
-0.00460244
-0.004890934
-0.005124714
-0.00531179
-0.005415338
-0.005344493
-0.005177065
-0.004967133
-0.004781738
-0.004771535
-0.004810122
-0.004608734
-0.004150502
-0.003709098
-0.003679354
-0.00423774
-0.005086276
-0.005754789
-0.005927727
-0.005428608
-0.004253114
-0.002706688
-0.001197013
0.0001194382
0.001326179
0.0022574
0.002603872
0.002332652
0.001674244
0.0009394137
2.61942e-05
-0.001384039
-0.003166625
-0.004930787
-0.006301163
-0.006926889
-0.006619528
-0.005553747
-0.004028845
-0.00225237
-0.000645305
0.0003688031
0.0007796402
0.0007131448
0.0003514557
4.137437e-06
-1.170458e-05
0.0002424883
0.000584519
0.0009140338
0.001139079
0.001234454
0.001244424
0.001230809
0.001167191
0.0007205993
-0.0002970955
-0.001515651
-0.00237965
-0.002645919
-0.002426221
-0.00190071
-0.001272614
-0.0006459625
-0.0001228517
0.0001948063
0.0002986364
0.0002678722
5.338318e-05
-0.0007066014
-0.002295123
-0.004475808
-0.006649268
-0.008407186
-0.009581184
-0.01029273
-0.01057725
-0.01020464
-0.008895222
-0.006526198
-0.003158997
0.0008318681
0.004932552
0.008545028
0.0110862
0.01256756
0.01350737
0.01437465
0.01546206
0.01662756
0.01727821
0.01682262
0.01524814
0.01299753
0.01051057
0.007994951
0.005402413
0.002997002
0.001433718
0.001319516
0.002635385
0.00477071
0.006695908
0.007501545
0.007085697
0.005897997
0.004555482
0.003552904
0.002878524
0.002261283
0.001566519
0.0006978054
-0.0003208681
-0.001233202
-0.001989804
-0.002810484
-0.003413839
-0.003288784
-0.002441599
-0.001177887
6.520574e-05
0.0006500325
1.171346e-05
-0.001944135
-0.004741891
-0.007609499
-0.009999373
-0.01170309
-0.01262901
-0.01274861
-0.01209654
-0.01090631
-0.009465313
-0.008111387
-0.007190005
-0.006671228
-0.006304727
-0.005831151
-0.005209115
-0.004639594
-0.004307943
-0.004250325
-0.004405289
-0.004764886
-0.00518665
-0.005372901
-0.005364054
-0.005369522
-0.005392466
-0.00524318
-0.004905875
-0.004551973
-0.00426047
-0.00390649
-0.003318425
-0.002170992
-0.000210999
0.002488311
0.005530117
0.008612004
0.01157518
0.01399306
0.01531292
0.0151724
0.01370413
0.0114774
0.009087726
0.006908981
0.005015802
0.003361889
0.001733428
-4.755008e-05
-0.001909464
-0.003748593
-0.005270377
-0.006030167
-0.005842202
-0.004854633
-0.003415869
-0.001775546
-0.0002635816
0.0007260324
0.00107328
0.0009505241
0.0004739925
-0.000360232
-0.001554813
-0.003141029
-0.004968822
-0.006701485
-0.007943355
-0.008498604
-0.008453555
-0.008045031
-0.007729919
-0.007780552
-0.008095208
-0.008411842
-0.008547318
-0.008413948
-0.007894281
-0.006935204
-0.005572903
-0.003945413
-0.002616367
-0.002261209
-0.003043202
-0.004564148
-0.006238786
-0.007465278
-0.007706915
-0.006873093
-0.005207359
-0.002988293
-0.0007378384
0.001111558
0.002473709
0.003434411
0.004161513
0.004802254
0.005308231
0.005482978
0.00531571
0.004861443
0.004277487
0.003814724
0.003617585
0.003647455
0.003820466
0.004366263
0.005693629
0.007966581
0.01080144
0.01316965
0.01394223
0.01284988
0.0105171
0.007977494
0.006010204
0.004693395
0.00350454
0.00207802
0.0004979088
-0.001090631
-0.002459079
-0.003406487
-0.003809399
-0.003918066
-0.00409659
-0.004492163
-0.004737744
-0.004448837
-0.003772548
-0.003133441
-0.002718107
-0.002296554
-0.001765502
-0.001302958
-0.0009280795
-0.0007706267
-0.001001824
-0.001619733
-0.002591049
-0.00393189
-0.005434344
-0.006491082
-0.006695099
-0.006226024
-0.005327694
-0.004039368
-0.002525086
-0.001134472
0.0001279055
0.001602213
0.003231719
0.004598099
0.005635863
0.006329296
0.006581943
0.006553879
0.006637195
0.007049245
0.007833304
0.008886341
0.009869498
0.0104018
0.01021591
0.009296225
0.00804341
0.007187787
0.007078261
0.007483702
0.008026949
0.008623503
0.009318142
0.009980106
0.01041719
0.01048099
0.01000734
0.008992134
0.00774359
0.006660056
0.005899098
0.005485942
0.005238443
0.00477163
0.003790165
0.002211424
0.0003356744
-0.001426271
-0.002869877
-0.004063254
-0.005188341
-0.006281193
-0.007384629
-0.00842117
-0.009165754
-0.009483642
-0.00942445
-0.009014975
-0.008255578
-0.007342049
-0.006406495
-0.005310943
-0.004222181
-0.003398317
-0.002891994
-0.002662199
-0.002661762
-0.002938431
-0.003391193
-0.003780427
-0.003952899
-0.003925898
-0.00382336
-0.003837661
-0.004080927
-0.004384612
-0.004602778
-0.004471099
-0.003768935
-0.0025468
-0.001064462
0.0003273015
0.001279471
0.001777423
0.002222058
0.002902401
0.003684312
0.004481808
0.005417527
0.006430304
0.007376813
0.00815646
0.008792819
0.009125236
0.009008767
0.008608238
0.008232314
0.008057631
0.007951214
0.007702335
0.007301165
0.006652819
0.005696819
0.004592256
0.003417053
0.002160319
0.0008295498
-0.0005413404
-0.001912471
-0.003257066
-0.004520565
-0.005387387
-0.005595036
-0.005167565
-0.004429859
-0.003726586
-0.002982909
-0.002220282
-0.001907336
-0.002534408
-0.003850575
-0.005031849
-0.00541237
-0.005155256
-0.004775356
-0.00451202
-0.004527757
-0.00481815
-0.005096909
-0.005016819
-0.004429875
-0.003173565
-0.001265317
0.0008801362
0.002780166
0.004166602
0.004858556
0.004702741
0.003858584
0.002886208
0.002304093
0.002350515
0.003051358
0.00411748
0.005016462
0.005408161
0.005331384
0.004950964
0.004284932
0.003307142
0.002189245
0.001325054
0.00108471
0.001485404
0.00211658
0.002542894
0.002606374
0.002446148
0.002433835
0.0029435
0.004027432
0.005341837
0.006506899
0.007320415
0.007837965
0.008065326
0.007983934
0.007688067
0.007081717
0.006161598
0.005082156
0.003962304
0.002948987
0.002094263
0.001453885
0.001134551
0.001219843
0.001440296
0.00142904
0.001029803
0.0005102392
3.470269e-05
-0.0004514061
-0.0007739
-0.0007723632
-0.0005570745
-0.0004214286
-0.0006432161
-0.001238975
-0.002137666
-0.003255244
-0.004415735
-0.005315584
-0.005756506
-0.005795345
-0.005649893
-0.005519976
-0.00549207
-0.005458884
-0.005315645
-0.005230879
-0.005195475
-0.005109254
-0.005004878
-0.004795551
-0.004507308
-0.004244997
-0.003859102
-0.002874971
-0.001115046
0.001037679
0.003156102
0.005207878
0.007384068
0.00971225
0.01181624
0.0131737
0.01348811
0.01280749
0.01147855
0.009823051
0.008050244
0.006354776
0.004699429
0.002810435
0.0005321423
-0.00177936
-0.003407632
-0.003754581
-0.002856037
-0.001385804
3.083948e-05
0.001034323
0.001475006
0.001262764
0.0002551348
-0.001399127
-0.003240644
-0.004850875
-0.005947642
-0.00644397
-0.006499409
-0.006422872
-0.006586864
-0.007060219
-0.007461702
-0.007588422
-0.007370402
-0.006583611
-0.005361531
-0.004223511
-0.003411267
-0.002645017
-0.001495316
2.382299e-05
0.001702255
0.003108471
0.003716571
0.003441185
0.002587213
0.001624709
0.0007769951
-2.738648e-06
-0.0006327329
-0.0007354498
8.548917e-05
0.001672648
0.003383502
0.004853867
0.00586522
0.006158628
0.005769571
0.004982366
0.004076552
0.003077609
0.002139339
0.001507275
0.001192574
0.0009319866
0.0005107916
-6.206137e-05
-0.0003661979
2.546715e-05
0.001156695
0.00278598
0.004596228
0.006238107
0.007622066
0.008534802
0.008632209
0.007958092
0.006943643
0.005994387
0.005408925
0.005247793
0.005347516
0.005477336
0.005389393
0.004932215
0.004081201
0.002671251
0.0008336949
-0.000797895
-0.001790461
-0.002092716
-0.001708891
-0.0007790573
0.0003253942
0.00124459
0.0017212
0.001649239
0.001227707
0.0005461774
-0.0004090529
-0.001623999
-0.00314921
-0.005101153
-0.007331299
-0.00931271
-0.01060809
-0.01093196
-0.01028601
-0.008945654
-0.007050584
-0.004794599
-0.002429916
-6.494137e-05
0.002153218
0.00397886
0.00503597
0.005203804
0.004807127
0.004188457
0.003573752
0.002998947
0.002408985
0.001729113
0.0009969164
0.0003125434
-0.0001202567
-0.000338135
-0.0005027876
-0.0007238625
-0.001188209
-0.001998118
-0.002913601
-0.003565255
-0.003789055
-0.003694119
-0.003512625
-0.003417669
-0.003323171
-0.00277344
-0.001698296
-0.0006293223
6.910943e-05
0.0002744883
-1.621276e-05
-0.0005395395
-0.0007889373
-0.000298678
0.0007429972
0.0017999
0.002652489
0.003374356
0.003964026
0.004344309
0.004499764
0.004512592
0.004492305
0.004384419
0.00394115
0.003021403
0.0017283
0.0004017521
-0.0005282972
-0.0008828829
-0.0009208206
-0.001182751
-0.0019222
-0.002952964
-0.004071016
-0.00499866
-0.005461504
-0.005486077
-0.005329326
-0.005337505
-0.005597924
-0.006073934
-0.006665292
-0.007139834
-0.007217896
-0.006825704
-0.006213126
-0.005459801
-0.004390748
-0.003013514
-0.001657049
-0.0006982392
3.641278e-06
0.0007468061
0.001478624
0.001993835
0.00219737
0.002165864
0.002056821
0.001993109
0.001977322
0.001785928
0.001181639
0.0003006983
-0.0004556627
-0.000813045
-0.000762278
-0.0003694274
0.0002243149
0.0008143302
0.0009402257
0.0004508495
-0.0002807139
-0.0007991951
-0.0009188065
-0.000752615
-0.0004875132
-0.0001881576
-4.492062e-05
-0.0001729434
-0.0004536648
-0.0007030875
-0.0008634085
-0.001093008
-0.001399787
-0.001573489
-0.001570458
-0.001363627
-0.001038444
-0.0008416456
-0.001023558
-0.001581167
-0.002203877
-0.002303036
-0.001764952
-0.00101044
-0.0005030691
-0.0004101355
-0.0005964466
-0.000817692
-0.0009100188
-0.0008527249
-0.0006186294
-0.0001656441
0.0004425205
0.001129503
0.001702019
0.002004968
0.002046346
0.001957183
0.001876638
0.001859993
0.001677356
0.001009107
-4.876883e-05
-0.001275862
-0.002390334
-0.002844345
-0.002338875
-0.001167461
0.0002062791
0.001344512
0.00195896
0.002084209
0.002084926
0.002181022
0.002252408
0.002210556
0.002109982
0.002149941
0.002335482
0.002372166
0.001809824
0.0003255098
-0.001633333
-0.003182752
-0.003817109
-0.003675087
-0.003254669
-0.002990506
-0.003023993
-0.003238924
-0.003439974
-0.003509191
-0.003453114
-0.003323661
-0.003019994
-0.00237695
-0.001521861
-0.0008116764
-0.0004827621
-0.0005030156
-0.0006715039
-0.0008466513
-0.001062215
-0.001128463
-0.000766609
-2.697693e-05
0.0008775381
0.001657127
0.002032794
0.001885035
0.001509812
0.001196011
0.001186092
0.0015054
0.00191896
0.002182778
0.002215148
0.002013511
0.001489628
0.0007373249
0.0001938589
4.101662e-05
9.076199e-06
-0.0001342512
-0.0003838613
-0.00061868
-0.0006722115
-0.0003836909
0.0001381167
0.0007047837
0.001153294
0.001352633
0.001462362
0.001612887
0.001898747
0.002388332
0.003023378
0.003617951
0.003951504
0.004117024
0.004131982
0.003798756
0.003087277
0.002309664
0.00179954
0.001698376
0.002140566
0.003088108
0.004090781
0.004698952
0.004801889
0.004602232
0.004385848
0.004285105
0.00403696
0.003371961
0.002472374
0.001482399
0.0004236267
-0.0006192887
-0.001669473
-0.002646418
-0.003335957
-0.003569478
-0.003092258
-0.001842797
-0.0001219971
0.001779523
0.003623205
0.005090134
0.006068973
0.006652904
0.006926064
0.006821464
0.006250799
0.005393446
0.00446218
0.003396295
0.002022435
0.0005703866
-0.0005853802
-0.001476535
-0.002011521
-0.001938666
-0.001278026
-0.0001961059
0.0008257631
0.001484453
0.00173726
0.001497533
0.0007691821
-0.0002453735
-0.001605106
-0.003354664
-0.005193682
-0.006868322
-0.008101372
-0.008723197
-0.008826728
-0.008530423
-0.007805492
-0.006899461
-0.006059128
-0.005181311
-0.004092302
-0.002730511
-0.001251172
9.53825e-05
0.000750233
0.0004794063
-0.0003032924
-0.001096619
-0.001806349
-0.00250031
-0.00319534
-0.00377127
-0.003996602
-0.003862839
-0.003447497
-0.002852976
-0.002190394
-0.001534056
-0.0008795849
-9.533686e-05
0.0007865445
0.001490618
0.001708183
0.001517386
0.001152981
0.0007462526
0.0002757486
-0.0002503247
-0.000688008
-0.0009199203
-0.0009220748
-0.0006039029
0.0001532589
0.001276969
0.00241319
0.003212797
0.003695929
0.003966893
0.003942752
0.003601296
0.003002946
0.002302279
0.001539186
0.0006716955
-0.0001537787
-0.0007051796
-0.0009006355
-0.0008454114
-0.0006433923
-0.0003555492
-0.0002272547
-0.000370231
-0.0006509512
-0.0008732425
-0.0009390641
-0.0008789014
-0.0007757612
-0.0004950195
0.0001048213
0.0006806146
0.0009189014
0.0007024988
-2.441979e-06
-0.0008931224
-0.001414246
-0.001477074
-0.001345226
-0.001109436
-0.0007259985
-0.0001732993
0.0004949206
0.001214891
0.002080659
0.003275754
0.004611051
0.005636093
0.006086475
0.006053799
0.005834177
0.005658499
0.005472516
0.005160659
0.00461064
0.003740219
0.002721202
0.001773503
0.00108553
0.0009061041
0.001243886
0.001773803
0.002177343
0.002475665
0.002723564
0.002745622
0.002488096
0.002080969
0.001519436
0.0006893188
-0.0003987922
-0.00144618
-0.002108488
-0.002293863
-0.002174032
-0.002004071
-0.002001574
-0.002260853
-0.002598815
-0.00284756
-0.00282233
-0.002537356
-0.002200705
-0.002002677
-0.00199003
-0.002084869
-0.002177763
-0.002206089
-0.00217055
-0.002030727
-0.001675282
-0.001187489
-0.0007869254
-0.0006167247
-0.0007585489
-0.001110697
-0.00119434
-0.0007227072
0.0001635241
0.001254952
0.002209913
0.002607317
0.002436638
0.002036655
0.001755451
0.001727745
0.001891324
0.002230198
0.002833046
0.003510564
0.003978872
0.004125353
0.004060382
0.004078822
0.004276205
0.00454176
0.004706238
0.004527338
0.003832868
0.002794092
0.001569618
0.0003339207
-0.0007720526
-0.001777082
-0.002636659
-0.003181688
-0.003215641
-0.002768203
-0.002056598
-0.001476514
-0.001176207
-0.001035143
-0.0009451757
-0.0009178731
-0.001169996
-0.001955507
-0.003409316
-0.005304578
-0.007152824
-0.008496936
-0.009276933
-0.009619862
-0.009496962
-0.008820816
-0.007641861
-0.006189495
-0.00487645
-0.004290429
-0.004664966
-0.005724
-0.007100715
-0.008299707
-0.008945798
-0.009104382
-0.009112957
-0.008987641
-0.008479828
-0.007450091
-0.006025021
-0.004353791
-0.002408697
-0.000357857
0.001142584
0.00146024
0.0005593905
-0.001043715
-0.002616805
-0.003669619
-0.00410927
-0.003981585
-0.003575733
-0.003028603
-0.002231525
-0.001156423
0.000170621
0.00150437
0.00258503
0.003352755
0.003917644
0.004318344
0.00455067
0.004639658
0.004626633
0.004457049
0.004195705
0.003961494
0.00371693
0.003477625
0.003306425
0.003234765
0.003239538
0.003270729
0.003288714
0.003313865
0.003545289
0.004184087
0.005103698
0.006053336
0.006779384
0.006983417
0.006591185
0.005638489
0.004415055
0.003409233
0.002781931
0.002423406
0.002220538
0.002070655
0.001807151
0.001495249
0.00124768
0.001222531
0.001410346
0.001527851
0.001554689
0.001569859
0.001430221
0.001040063
0.0004105151
-0.0003197147
-0.001057773
-0.001686017
-0.002070943
-0.002192677
-0.002151823
-0.00207994
-0.002006476
-0.001834231
-0.001622561
-0.001363157
-0.001065339
-0.0006625786
-8.201536e-06
0.0007066493
0.001392797
0.002101546
0.002660909
0.002690027
0.002057252
0.001138814
0.0004518528
0.0002370256
0.0003846893
0.0006178121
0.0005692628
-9.565832e-05
-0.001170418
-0.002318233
-0.003444699
-0.004336062
-0.004693096
-0.004301178
-0.003350234
-0.002397741
-0.001879377
-0.001635455
-0.001152623
-0.0002704081
0.0009238713
0.002054494
0.002703946
0.002833286
0.002661896
0.002447744
0.002242903
0.002094909
0.002159451
0.002478758
0.002609494
0.002140672
0.001285974
0.0005474563
0.0002152046
8.183488e-05
-0.0003109332
-0.001053303
-0.001823768
-0.002291712
-0.002345394
-0.002008769
-0.001584434
-0.00131034
-0.001321052
-0.001624972
-0.002013335
-0.002210168
-0.001928434
-0.001105686
-0.0001026602
0.0006050597
0.0007682844
0.0003683851
-0.0003553512
-0.001105002
-0.001540601
-0.001615418
-0.001311426
-0.0006445628
0.0001014401
0.0005918009
0.0006330742
0.0001257505
-0.0008087296
-0.00174819
-0.002297962
-0.0022962
-0.001785087
-0.0009939977
-0.0001756251
0.0004031297
0.000615395
0.0003361613
-0.0005111493
-0.001550046
-0.002497115
-0.003419088
-0.004223625
-0.0047363
-0.004915381
-0.004877153
-0.004788022
-0.004720266
-0.004428261
-0.003663741
-0.002431794
-0.000981887
0.0001819486
0.0007305402
0.0007466284
0.000701923
0.001123641
0.001995407
0.002713177
0.002824048
0.00243333
0.001883006
0.001218852
0.0005200696
-0.0002642998
-0.001307414
-0.002478423
-0.003568746
-0.004387455
-0.004759025
-0.004521697
-0.003713748
-0.002740958
-0.002022241
-0.001571564
-0.001254902
-0.001019184
-0.0008140498
-0.0004837868
-2.064621e-05
0.0003955821
0.0005365672
0.0002526846
-0.0002869256
-0.0006794432
-0.0006583908
-0.0004504411
-0.0003610794
-0.0004686436
-0.0006685347
-0.0008283187
-0.0009887168
-0.001197798
-0.001252668
-0.0009880164
-0.000403526
0.0002302721
0.0006277464
0.0007080498
0.0005898504
0.0004516809
0.000404115
0.0004512299
0.0005318528
0.0005845567
0.0005872786
0.0005396857
0.0003690396
0.0001272577
-0.0001218185
-0.0004207497
-0.0008434635
-0.001178351
-0.001034294
-0.000408699
0.0003358111
0.0009845252
0.001482222
0.001783712
0.001845765
0.001629756
0.001402468
0.001471593
0.001910542
0.002362075
0.002427773
0.001947441
0.001088382
0.0001421291
-0.0006554283
-0.001286708
-0.001752414
-0.002024317
-0.002040454
-0.001721567
-0.001219112
-0.0009077266
-0.001106333
-0.001887991
-0.003139807
-0.004464068
-0.005621646
-0.006546671
-0.007266718
-0.007905034
-0.00845625
-0.008938981
-0.009270181
-0.009153891
-0.008513166
-0.007419494
-0.00580364
-0.003649949
-0.001203967
0.001307373
0.003656509
0.005512711
0.006666699
0.007135427
0.007134506
0.006826864
0.006319001
0.005527838
0.004432397
0.003008946
0.001317225
-0.0004676199
-0.002254842
-0.003774385
-0.004700644
-0.004985894
-0.004822242
-0.004318389
-0.003468228
-0.002281597
-0.0009605947
9.806255e-05
0.0006221571
0.0005814368
1.363913e-05
-0.0009892486
-0.002254698
-0.003532133
-0.004580503
-0.005353392
-0.005838973
-0.006067657
-0.00623161
-0.006566859
-0.007030231
-0.007417292
-0.007591369
-0.007569227
-0.007447729
-0.007229141
-0.007002052
-0.006942451
-0.006811056
-0.006289435
-0.005529736
-0.004889836
-0.004458733
-0.004104806
-0.003762815
-0.003332121
-0.002807534
-0.002350621
-0.002132791
-0.002306779
-0.002775049
-0.003088901
-0.00288524
-0.001976386
-0.0005598664
0.001051139
0.002539358
0.003857473
0.005001095
0.00601777
0.007017798
0.007914078
0.008508912
0.00873298
0.008699567
0.008672277
0.009005303
0.009815676
0.01085244
0.01190053
0.01286924
0.01360683
0.01399595
0.01406663
0.01376084
0.01295955
0.01176218
0.01034771
0.009035655
0.007919151
0.006869101
0.005832084
0.00486211
0.004049516
0.003659116
0.003829352
0.004312186
0.004731068
0.004859423
0.004574434
0.003811657
0.002818881
0.002038196
0.001749636
0.001998302
0.002387597
0.00232067
0.001650958
0.0006354948
-0.0003125326
-0.0008059052
-0.0006413954
2.058511e-05
0.0008336926
0.001305666
0.001218429
0.0007481568
5.798666e-05
-0.0007905103
-0.001672147
-0.002482836
-0.003089892
-0.003404715
-0.003472183
-0.003505627
-0.003784753
-0.004444873
-0.005517657
-0.006675874
-0.007587763
-0.008326035
-0.009162469
-0.01017388
-0.01119456
-0.01207259
-0.01265161
-0.01288375
-0.01289072
-0.01297446
-0.0133436
-0.01386426
-0.01428931
-0.01460107
-0.01492349
-0.0152476
-0.01548486
-0.0155578
-0.01528585
-0.01436441
-0.01274297
-0.0106772
-0.008709528
-0.007252249
-0.006308954
-0.00588942
-0.005968716
-0.006495206
-0.007369716
-0.008321814
-0.009159797
-0.009850872
-0.01056346
-0.01142155
-0.0122528
-0.01271883
-0.01250696
-0.01157327
-0.01025294
-0.009008222
-0.007984512
-0.007149769
-0.006549024
-0.006122759
-0.005686074
-0.005119529
-0.004270605
-0.003087735
-0.001809775
-0.0007150623
0.0002035999
0.001020982
0.00177807
0.002500061
0.00322531
0.00395902
0.004694559
0.00542513
0.006313378
0.007398418
0.008513111
0.009493092
0.01047747
0.0114998
0.01231639
0.01273319
0.01278272
0.01265506
0.01244162
0.01197647
0.01142721
0.01102806
0.01071209
0.01049035
0.01055464
0.01088669
0.01115812
0.0110169
0.01052515
0.009906249
0.009190125
0.008597629
0.008494486
0.00859627
0.008410887
0.007752155
0.006670668
0.005357988
0.004144358
0.003390597
0.003339552
0.004039188
0.00533214
0.007023992
0.008690271
0.009778015
0.009922342
0.009155533
0.008011357
0.007083195
0.006362938
0.005688463
0.005119262
0.004768191
0.004649304
0.004674407
0.004730482
0.004751564
0.004813316
0.005246565
0.006384722
0.008110344
0.009980933
0.0115403
0.01246995
0.0127539
0.01265335
0.01248105
0.01221177
0.01159492
0.01088269
0.01047041
0.01031248
0.01020636
0.009800536
0.008917926
0.007865552
0.006831988
0.005679962
0.00430679
0.002612006
0.0006383958
-0.001325125
-0.003023653
-0.004413264
-0.005623212
-0.006862564
-0.008396612
-0.01033331
-0.01262175
-0.01515493
-0.01775619
-0.02011464
-0.02194719
-0.02307351
-0.02345653
-0.02317938
-0.02259174
-0.02211895
-0.02189426
-0.02171216
-0.02143804
-0.02104959
-0.02051562
-0.02006407
-0.01992442
-0.02003201
-0.02035233
-0.02095031
-0.0219231
-0.02307815
-0.02412544
-0.02480927
-0.02517939
-0.02534475
-0.02528535
-0.02510672
-0.02509663
-0.02540328
-0.02572967
-0.02584476
-0.02552798
-0.024675
-0.02317264
-0.02108702
-0.0186125
-0.01560623
-0.01226844
-0.009082021
-0.006381149
-0.004438893
-0.003205343
-0.002321348
-0.001582167
-0.00102181
-0.0007070899
-0.000535421
-0.0001017525
0.001088497
0.003115939
0.005553726
0.007974367
0.01040343
0.01313478
0.01603073
0.0187419
0.02093324
0.02244792
0.02349019
0.02448228
0.02556606
0.02661255
0.02733762
0.02748461
0.02705308
0.02625588
0.02518981
0.02376192
0.02194145
0.01965905
0.01694475
0.01418454
0.01175139
0.009888811
0.008459475
0.00709158
0.005512745
0.003641622
0.001862825
0.0007093728
0.0004530605
0.00125312
0.003032413
0.00530602
0.007593189
0.009542918
0.01100599
0.01226258
0.01353417
0.01464945
0.01518009
0.01469284
0.01318961
0.01096922
0.00835318
0.005569959
0.003009604
0.001245945
0.0005173061
0.0005611635
0.001088169
0.002090132
0.003470765
0.005109788
0.00708501
0.009336137
0.01136469
0.0126227
0.01297749
0.01259791
0.01154841
0.009658984
0.006768462
0.002945732
-0.001409169
-0.005587954
-0.008883743
-0.0109988
-0.01202356
-0.01212898
-0.01150037
-0.01039729
-0.009045411
-0.007387801
-0.005264225
-0.002696744
0.0001143093
0.002892019
0.005302996
0.007213681
0.00887588
0.01048059
0.0118996
0.01301718
0.01375396
0.01409385
0.01406029
0.01359101
0.01258622
0.01093478
0.008661037
0.005845266
0.002455978
-0.001306503
-0.004948308
-0.008113205
-0.01080371
-0.01316686
-0.01522232
-0.01694204
-0.01826459
-0.01894786
-0.01870195
-0.0173373
-0.01503834
-0.01239343
-0.009945544
-0.007856226
-0.005732056
-0.003147148
-0.0001865729
0.002894802
0.005796454
0.008317217
0.01037723
0.01182609
0.01257451
0.01273261
0.01244725
0.0119485
0.0116364
0.0119954
0.01306356
0.01467698
0.01673841
0.01909623
0.02140512
0.02333148
0.02476206
0.02567165
0.02609996
0.02611544
0.02568809
0.02488655
0.02396516
0.02303505
0.0219475
0.02026652
0.01773985
0.01488081
0.01232941
0.01027883
0.008651933
0.007156462
0.005360505
0.003036281
0.0003757024
-0.0021206
-0.004051894
-0.005242462
-0.005576994
-0.004930207
-0.003408291
-0.001369673
0.0007934673
0.002889706
0.004899793
0.006892707
0.008848445
0.01048634
0.01163079
0.01227868
0.01238235
0.01201398
0.01133019
0.01055205
0.009762891
0.00885918
0.007747369
0.00644501
0.004988786
0.003263516
0.001226361
-0.0007637974
-0.00236691
-0.003509214
-0.004117443
-0.004106024
-0.003684643
-0.00316693
-0.002665558
-0.002058841
-0.001009685
0.0005205735
0.002252237
0.003882758
0.005268437
0.006246198
0.006489405
0.005967955
0.004936589
0.00361985
0.002205725
0.0008563947
-0.000132307
-0.0005752751
-0.0004294672
0.0002831482
0.001405033
0.002590667
0.003635961
0.004746198
0.006022757
0.007431672
0.008632141
0.009186367
0.008939342
0.008183127
0.00746332
0.007194606
0.007541033
0.008202247
0.008554333
0.008228767
0.007014828
0.004711573
0.001376792
-0.002701284
-0.007235919
-0.01164968
-0.0153826
-0.01832322
-0.02062899
-0.02234439
-0.02353606
-0.0242626
-0.02452145
-0.02421232
-0.02310385
-0.02093731
-0.0179493
-0.01461003
-0.011156
-0.007808473
-0.005104451
-0.003533551
-0.002979214
-0.002936534
-0.003092935
-0.00324618
-0.003294386
-0.003231962
-0.002969194
-0.002189131
-0.0005917576
0.00178843
0.004630662
0.007660139
0.01060153
0.01309646
0.01511163
0.01669594
0.01780019
0.01870234
0.01963768
0.0204723
0.02098798
0.02116504
0.02125614
0.021339
0.02131302
0.02107756
0.02035106
0.01897612
0.01700315
0.01453935
0.01163164
0.008428389
0.005073255
0.001807724
-0.0009714988
-0.002977257
-0.004097762
-0.004389225
-0.003959518
-0.002992194
-0.001808421
-0.0008458084
-0.0003034192
5.867468e-06
0.0001965042
0.0001465131
-0.0003505502
-0.001516306
-0.003621149
-0.006810752
-0.01052934
-0.01428545
-0.01784238
-0.02104839
-0.02368951
-0.02562945
-0.02703516
-0.02782664
-0.02779588
-0.02707436
-0.02590585
-0.0242822
-0.02215115
-0.01958644
-0.01668524
-0.01370362
-0.0111133
-0.009192891
-0.007998377
-0.007418789
-0.006992564
-0.00587412
-0.003378165
0.0005782387
0.005378885
0.01002366
0.01388501
0.01678729
0.01880507
0.02010598
0.02103288
0.02195061
0.02277045
0.02288664
0.02190606
0.01991417
0.01725403
0.01415306
0.01073767
0.007284089
0.004189188
0.001805666
3.055764e-05
-0.001528705
-0.003181271
-0.004891542
-0.00678884
-0.009188051
-0.01209562
-0.01527455
-0.01854947
-0.02182061
-0.02509994
-0.0283479
-0.03150392
-0.03450095
-0.03731853
-0.03989473
-0.04207081
-0.04389381
-0.0455156
-0.04689005
-0.04806174
-0.04907366
-0.04959103
-0.04913237
-0.04773216
-0.04560416
-0.04272273
-0.03929702
-0.03584981
-0.03291021
-0.03061903
-0.02864657
-0.02680733
-0.0252148
-0.02390054
-0.02289254
-0.02240828
-0.02252145
-0.02279693
-0.02274409
-0.02212721
-0.02086326
-0.01924442
-0.01754562
-0.01569048
-0.01350933
-0.01097569
-0.008169155
-0.00496239
-0.001352959
0.002452394
0.00630575
0.01005943
0.01345008
0.01616619
0.01810636
0.01949002
0.0206764
0.02189015
0.02310156
0.02435498
0.02557659
0.02663258
0.02733604
0.02745561
0.02699298
0.02609677
0.02502589
0.02423419
0.02411214
0.02464038
0.02560867
0.02688163
0.02853613
0.03066825
0.0332058
0.03586057
0.03814525
0.03978124
0.04095711
0.04167844
0.04181245
0.04129101
0.03974969
0.03670859
0.03216689
0.02667581
0.02084103
0.01499823
0.009450586
0.004538868
0.0005268285
-0.002318315
-0.003673084
-0.003339019
-0.001234621
0.002566119
0.007859457
0.01436404
0.02186809
0.02964098
0.03638845
0.04109477
0.04359154
0.04433589
0.04408117
0.04339598
0.04217156
0.04007601
0.03716628
0.03370386
0.02986795
0.02562725
0.0208969
0.01578746
0.01069398
0.006062194
0.00211715
-0.001369111
-0.004565881
-0.007383718
-0.009946467
-0.0125557
-0.01522087
-0.01792433
-0.02087354
-0.02425156
-0.0279911
-0.03180817
-0.03520325
-0.03774705
-0.03953406
-0.04095321
-0.04207391
-0.04278494
-0.04307148
-0.04305346
-0.04275404
-0.04194404
-0.04049118
-0.03852139
-0.03622343
-0.03389091
-0.03187911
-0.03050613
-0.03006884
-0.03065188
-0.03217161
-0.03455271
-0.03753285
-0.04066216
-0.0435488
-0.04579306
-0.04723489
-0.04794236
-0.04792927
-0.04729424
-0.04634096
-0.04521578
-0.04413331
-0.04339965
-0.04325766
-0.04405649
-0.04593149
-0.04866322
-0.05206094
-0.05612768
-0.06078062
-0.0657135
-0.07079977
-0.07613925
-0.08145249
-0.08585438
-0.08857815
-0.08970153
-0.08984618
-0.08959433
-0.08922907
-0.0889284
-0.08854652
-0.08779199
-0.08669906
-0.08540408
-0.08388519
-0.08194129
-0.07923219
-0.075518
-0.07062634
-0.06415034
-0.05579124
-0.04587222
-0.03555176
-0.02640248
-0.0195238
-0.0150806
-0.01269866
-0.01192504
-0.0122485
-0.0130622
-0.01407945
-0.01504631
-0.01551547
-0.01531465
-0.01459524
-0.01371906
-0.01289669
-0.01200016
-0.01071591
-0.008935076
-0.006671851
-0.004039299
-0.001165102
0.001995006
0.005619329
0.01015306
0.01628878
0.02443134
0.03455104
0.04638061
0.0595221
0.07270943
0.08428956
0.09315317
0.09871435
0.101038
0.1007167
0.09837356
0.09453776
0.08977806
0.08466419
0.07978727
0.07554912
0.0718428
0.06838313
0.06497625
0.06169962
0.05879276
0.05627891
0.05416645
0.05236428
0.0506309
0.0485626
0.04589441
0.04262532
0.03889533
0.0349237
0.03093594
0.02726562
0.02444868
0.02278219
0.02226506
0.0226274
0.02365045
0.025154
0.02698705
0.02895907
0.03101834
0.03326188
0.03565619
0.03789886
0.04001162
0.04238653
0.04519495
0.04833285
0.05165758
0.05492634
0.05785654
0.06020097
0.06184092
0.06276108
0.06309539
0.06299908
0.06248028
0.06154708
0.06040864
0.05913783
0.05724836
0.05408443
0.04901129
0.04201001
0.03395983
0.02621407
0.01995386
0.01555141
0.012726
0.01103737
0.01016659
0.0101668
0.01173244
0.01572458
0.02226115
0.03056987
0.03913957
0.04647764
0.05177469
0.05493304
0.05624153
0.05623849
0.05521859
0.05326087
0.05043111
0.04671625
0.04222979
0.03741086
0.03272153
0.02829061
0.0241948
0.02039631
0.01673424
0.01326348
0.01032187
0.008163281
0.006689746
0.005541426
0.004356249
0.00285919
0.0007942521
-0.001961097
-0.005061891
-0.007828598
-0.009661091
-0.01008432
-0.008705917
-0.005202589
0.0003270633
0.007289164
0.0148181
0.02213077
0.02852777
0.03354876
0.03694736
0.03884704
0.03963766
0.03983203
0.03986571
0.03996757
0.04036249
0.04122796
0.04224224
0.04272142
0.0420924
0.04037013
0.0375917
0.03345803
0.02789132
0.02128463
0.01413799
0.006721269
-0.0007300663
-0.007671065
-0.01351624
-0.01828493
-0.02236686
-0.02598694
-0.02936469
-0.03277497
-0.03642672
-0.04054306
-0.04525207
-0.05045608
-0.05593805
-0.06164421
-0.06771137
-0.07431204
-0.08120775
-0.08775445
-0.09326548
-0.09767734
-0.1013037
-0.1040776
-0.1056323
-0.1054953
-0.1033749
-0.09973939
-0.09535039
-0.09085413
-0.08673375
-0.08344117
-0.08106867
-0.0789605
-0.0763
-0.07280111
-0.06855607
-0.0640986
-0.05991139
-0.05623772
-0.05332632
-0.05134473
-0.05030244
-0.05014015
-0.05094459
-0.05271313
-0.05518986
-0.05811213
-0.06135616
-0.0645435
-0.06704795
-0.06840408
-0.06847202
-0.06726779
-0.06506504
-0.06211492
-0.05826579
-0.05342613
-0.04819265
-0.04342707
-0.03956506
-0.03653464
-0.03398558
-0.03181763
-0.03025943
-0.02933695
-0.02878409
-0.02822322
-0.02728819
-0.02555865
-0.02268402
-0.01844465
-0.01287893
-0.00636472
0.0006549507
0.007587505
0.01378909
0.01869603
0.02206379
0.02417151
0.02522485
0.02521018
0.02413399
0.02226399
0.01986163
0.01731472
0.01501286
0.01310395
0.01176007
0.01101344
0.01058388
0.01015618
0.009535295
0.008833291
0.008213456
0.007569963
0.00681343
0.006116426
0.00569135
0.005592461
0.005922337
0.007009883
0.008996743
0.01158991
0.0144275
0.01741068
0.02087055
0.02541719
0.0312827
0.03826269
0.04610064
0.05447657
0.06278714
0.07029588
0.07657165
0.08142569
0.08462448
0.0861623
0.08644387
0.08578148
0.08413288
0.08155355
0.07827049
0.07449013
0.0706848
0.06757864
0.06573232
0.06514932
0.06536829
0.06602748
0.06707503
0.06830806
0.06944805
0.07008007
0.06955814
0.06728079
0.06288888
0.0563393
0.04790436
0.0382509
0.02828701
0.0190952
0.01160202
0.006333768
0.003293455
0.00206792
0.001857055
0.002030278
0.002075153
0.001704469
0.0009770303
-0.0001405805
-0.001706202
-0.00337938
-0.00485933
-0.006072983
-0.006898347
-0.007302518
-0.007541439
-0.008062547
-0.009238015
-0.01111347
-0.01344441
-0.01603625
-0.01911365
-0.02303273
-0.0276585
-0.03240517
-0.03662157
-0.03992537
-0.04211329
-0.04311964
-0.04298575
-0.04178405
-0.03972311
-0.03709716
-0.03409647
-0.03094646
-0.02784892
-0.02471133
-0.02111978
-0.01638553
-0.01026759
-0.003396188
0.0031936
0.008906029
0.01344811
0.01670955
0.0186505
0.01938861
0.01922305
0.01879023
0.01874017
0.01916237
0.01973025
0.02008857
0.02011977
0.02015909
0.02068243
0.02168227
0.02281946
0.02353926
0.02347252
0.02258094
0.02103147
0.01909359
0.01692227
0.01468873
0.01250357
0.01018233
0.007731862
0.005366891
0.003017023
0.0003548896
-0.00294614
-0.006999923
-0.01140857
-0.01560707
-0.01922022
-0.02191625
-0.02319686
-0.02294266
-0.02141978
-0.01887763
-0.01550804
-0.01144955
-0.007005481
-0.002624519
0.001358256
0.005132541
0.009082246
0.01347546
0.01823992
0.02286369
0.02683859
0.02978913
0.03147488
0.03175241
0.03091132
0.02938253
0.02757168
0.02577298
0.02425851
0.023052
0.02207095
0.02125063
0.02050436
0.01990249
0.01955126
0.01945185
0.01949273
0.01953863
0.01952527
0.01946628
0.01940062
0.01922123
0.01862598
0.01722631
0.01478839
0.01122134
0.006528118
0.001094576
-0.004409476
-0.009488599
-0.01393209
-0.01762919
-0.02066144
-0.02316309
-0.02521624
-0.02702403
-0.02875712
-0.03062529
-0.0325641
-0.03422925
-0.03536242
-0.03604692
-0.03650675
-0.03681029
-0.03680998
-0.0364719
-0.03605301
-0.03595403
-0.03633265
-0.0371205
-0.03812876
-0.03886337
-0.03895296
-0.03833828
-0.03713671
-0.03547244
-0.03354987
-0.031485
-0.0292839
-0.02705894
-0.02477947
-0.02212714
-0.01872775
-0.01414293
-0.007924659
0.0001130973
0.009292935
0.01834702
0.02594853
0.03131278
0.03458485
0.03643104
0.03745442
0.03803559
0.03837924
0.03857947
0.03866809
0.03842697
0.03713362
0.03405391
0.02922329
0.02346362
0.0176461
0.01259198
0.008959564
0.00683654
0.005399403
0.003436383
-9.444705e-05
-0.005516762
-0.01240315
-0.0200659
-0.02783197
-0.0350749
-0.04122048
-0.04575962
-0.04841445
-0.04926613
-0.04874276
-0.04732044
-0.04517229
-0.04225761
-0.03851993
-0.03411279
-0.02951803
-0.0254471
-0.02252154
-0.02092528
-0.02040163
-0.02043112
-0.02053123
-0.02046252
-0.0202543
-0.02005106
-0.01996416
-0.01999596
-0.02013239
-0.02060892
-0.02144369
-0.0220909
-0.02192434
-0.02065083
-0.01831843
-0.01491675
-0.0105497
-0.005352228
0.000567084
0.007008577
0.0136639
0.02005007
0.02570549
0.03067593
0.03533847
0.03976998
0.04391702
0.04781286
0.05129432
0.05397397
0.05582231
0.05688494
0.05706029
0.05621109
0.05416216
0.05089409
0.04664749
0.04190611
0.03700842
0.0321833
0.02768209
0.02350306
0.01953466
0.01557339
0.01167898
0.008074052
0.004910937
0.002249705
0.0002461178
-0.000916255
-0.00119432
-0.0007711084
-0.0001258444
0.00039909
0.0007905052
0.001070527
0.001239784
0.00132071
0.001467916
0.002101372
0.003516492
0.005447935
0.00737863
0.00897383
0.0102128
0.01115655
0.01177804
0.01211251
0.01251217
0.01333313
0.01478478
0.0170273
0.02004223
0.02392606
0.02870018
0.03389364
0.03878755
0.0426754
0.04519615
0.04641481
0.0465449
0.04590046
0.04494972
0.04390708
0.04289276
0.04211249
0.04152334
0.04086681
0.03999804
0.03876455
0.0371181
0.03503508
0.03236169
0.02896233
0.0248222
0.02024366
0.01573833
0.01180789
0.008689363
0.006322457
0.004407905
0.002824256
0.001568542
0.0006139992
-0.0001535303
-0.0007493701
-0.001118401
-0.001347913
-0.001835243
-0.003065921
-0.00518552
-0.00792122
-0.01076542
-0.01326735
-0.01534386
-0.01708744
-0.01860902
-0.02003599
-0.02149472
-0.02310766
-0.02494297
-0.02684379
-0.02868065
-0.03037963
-0.03187785
-0.03345634
-0.03525219
-0.03708057
-0.03885355
-0.04028295
-0.04093969
-0.04057521
-0.03901012
-0.03603607
-0.03143726
-0.02530383
-0.01819918
-0.01118457
-0.005178183
-0.0006054189
0.002545614
0.004558989
0.005638589
0.005767248
0.004902235
0.003214385
0.0008436767
-0.002287635
-0.005986536
-0.009681498
-0.0129181
-0.01564325
-0.01804594
-0.02005134
-0.02139555
-0.02211947
-0.0222777
-0.02163376
-0.0200041
-0.01756679
-0.01473009
-0.01180855
-0.00901543
-0.006662262
-0.005112815
-0.004568256
-0.005130293
-0.006663532
-0.008936876
-0.01150024
-0.01393693
-0.0160531
-0.0179021
-0.01939564
-0.02038259
-0.02106461
-0.02179074
-0.02265797
-0.02359887
-0.02454502
-0.02559775
-0.02678543
-0.02820105
-0.02981441
-0.03136712
-0.03256505
-0.03344461
-0.03404902
-0.03394717
-0.03286119
-0.0309809
-0.02838575
-0.0251121
-0.02132249
-0.01727579
-0.01331103
-0.009788331
-0.006934777
-0.00481408
-0.003267228
-0.002105279
-0.001308183
-0.000773238
-0.0002917669
0.0001593505
0.0004982465
0.0008017595
0.001334834
0.002297123
0.003767165
0.005644312
0.007711866
0.009760504
0.01156373
0.01289368
0.01357976
0.01356939
0.01303968
0.01226493
0.01153241
0.01111457
0.01126852
0.01220147
0.01368174
0.01536083
0.01704053
0.01858893
0.01997661
0.02129621
0.02260253
0.02375988
0.02473608
0.02564574
0.02643936
0.02691433
0.0268051
0.02605222
0.02499221
0.02394033
0.02293501
0.02185875
0.02059381
0.01915719
0.01774553
0.01677342
0.01666514
0.01750261
0.01904029
0.0210278
0.02323355
0.02525236
0.02660522
0.02692818
0.0260416
0.02398691
0.02079003
0.01667437
0.01191526
0.006683837
0.001284264
-0.003534609
-0.007038383
-0.008856745
-0.009271643
-0.008906419
-0.008289381
-0.007699448
-0.007182357
-0.006667581
-0.006108535
-0.005763678
-0.006019181
-0.006983508
-0.008432791
-0.01012287
-0.01178398
-0.0131488
-0.01423202
-0.01508517
-0.01568517
-0.01616046
-0.01662685
-0.01696839
-0.01675577
-0.01575283
-0.01437587
-0.01330625
-0.01290262
-0.01304451
-0.01343382
-0.01408072
-0.01502351
-0.01637069
-0.0182293
-0.02042068
-0.02273701
-0.02511886
-0.02764388
-0.03044706
-0.03333086
-0.03603951
-0.03858156
-0.04108074
-0.04342909
-0.04549829
-0.04745218
-0.04951231
-0.05160683
-0.05349875
-0.05498655
-0.05590629
-0.05614015
-0.05552325
-0.05395205
-0.0516017
-0.04886136
-0.046083
-0.0434221
-0.04080587
-0.03808526
-0.03524464
-0.03238453
-0.02963846
-0.02728366
-0.0254585
-0.02391649
-0.0222519
-0.02025769
-0.01801119
-0.01574778
-0.01360926
-0.01165817
-0.009982021
-0.008684286
-0.007625898
-0.006877305
-0.00675097
-0.007189664
-0.007878811
-0.008758249
-0.009697532
-0.0104034
-0.01071022
-0.01062917
-0.01012863
-0.00926988
-0.008387462
-0.007674062
-0.006926883
-0.006040699
-0.005005129
-0.00370628
-0.00188311
0.000645619
0.004026995
0.00834092
0.01352313
0.01943873
0.02575321
0.03195118
0.03764211
0.04253942
0.04641466
0.04909775
0.05052839
0.05095022
0.05071326
0.05002061
0.04884396
0.04699518
0.04443975
0.04131827
0.03795159
0.03466588
0.0313498
0.02780678
0.02391195
0.01983898
0.0161893
0.0134048
0.01168778
0.01097239
0.01089896
0.01102682
0.01118785
0.01164022
0.01232292
0.01276158
0.01264278
0.01198152
0.0109995
0.009828601
0.008750328
0.007891638
0.007042338
0.006224311
0.005629713
0.005246587
0.004762992
0.004014937
0.003216065
0.002446335
0.001293512
-0.0005106807
-0.002660007
-0.004647453
-0.006192842
-0.007230655
-0.00777585
-0.007928509
-0.00769917
-0.007039489
-0.0061706
-0.005482588
-0.005256703
-0.005798148
-0.007328454
-0.009800241
-0.0132375
-0.01752309
-0.02216804
-0.02616919
-0.02892024
-0.03054397
-0.0313957
-0.03179649
-0.03186625
-0.03142526
-0.03059477
-0.0297352
-0.02903375
-0.02857249
-0.02835971
-0.02823498
-0.02784357
-0.02703635
-0.02612496
-0.02550773
-0.02522087
-0.02498341
-0.02456449
-0.02378916
-0.02259174
-0.02094304
-0.01882581
-0.0163459
-0.01383249
-0.01170185
-0.01025227
-0.009590639
-0.00967314
-0.01022405
-0.01078572
-0.01104624
-0.01099023
-0.01079939
-0.01066383
-0.01062119
-0.01041095
-0.009729915
-0.008584965
-0.007296807
-0.005975187
-0.00457513
-0.003120441
-0.001661731
-0.0002090379
0.001232409
0.00264497
0.004025795
0.005461967
0.007195869
0.009408291
0.01218432
0.01571981
0.02002303
0.02457472
0.02885236
0.03276791
0.03615197
0.03864386
0.04020695
0.04127609
0.04209202
0.04265895
0.04293376
0.04283354
0.04238166
0.04182597
0.04131628
0.04085902
0.04047872
0.04004883
0.03933102
0.03822505
0.03680183
0.03504146
0.03271387
0.02973423
0.0264155
0.02325428
0.02069872
0.01888743
0.01760101
0.01647455
0.01523338
0.01374175
0.01189905
0.009869367
0.007985074
0.006440172
0.005256045
0.004468428
0.004076647
0.003894334
0.003530501
0.002666788
0.001179188
-0.0009126144
-0.003327688
-0.005682158
-0.00789788
-0.009929684
-0.01167181
-0.01338009
-0.01530465
-0.0173327
-0.01911315
-0.02052707
-0.02182373
-0.02322194
-0.02487536
-0.02677845
-0.02871756
-0.03072165
-0.03297367
-0.03544078
-0.037842
-0.03986111
-0.04138115
-0.04241134
-0.04313768
-0.04373368
-0.04413525
-0.04397957
-0.04309511
-0.04151892
-0.03935587
-0.03685976
-0.03447464
-0.03250333
-0.03077128
-0.02885178
-0.02648615
-0.02382684
-0.02137394
-0.01937288
-0.01786174
-0.01690247
-0.01655406
-0.01686217
-0.01767528
-0.01863329
-0.0194775
-0.01994245
-0.01982429
-0.01921811
-0.01828573
-0.01715467
-0.01591961
-0.01475552
-0.01392976
-0.01345705
-0.01308823
-0.01271908
-0.01239073
-0.01206911
-0.01178707
-0.01159399
-0.01141448
-0.01135958
-0.01156987
-0.0119397
-0.01225185
-0.01234864
-0.01213323
-0.01179444
-0.01146849
-0.01094321
-0.009832222
-0.007952558
-0.005580955
-0.002994867
-0.0001732734
0.002796367
0.005512397
0.007622172
0.009067585
0.00991835
0.01030238
0.01046039
0.01074566
0.01141111
0.01255079
0.01396528
0.01552106
0.01719251
0.01893868
0.02049647
0.02165862
0.02241795
0.02298786
0.02358906
0.02442261
0.02546368
0.0264882
0.02743832
0.02831581
0.02909699
0.02981058
0.03035281
0.03049441
0.03012734
0.02925174
0.02789596
0.02628449
0.02471254
0.02345299
0.02256749
0.02179351
0.0209599
0.02006419
0.01924425
0.01864085
0.01798778
0.01692942
0.01545267
0.01377811
0.01200098
0.01009514
0.008040665
0.005981846
0.004095995
0.002368691
0.0009323517
-2.381199e-05
-0.0006709856
-0.00140254
-0.00243257
-0.003687052
-0.00506037
-0.006411445
-0.007812922
-0.009327462
-0.01088038
-0.01229598
-0.01338341
-0.01414669
-0.01463604
-0.01489234
-0.01497902
-0.01487792
-0.01452965
-0.01407463
-0.01361492
-0.0130022
-0.01196366
-0.01031595
-0.008149319
-0.005664991
-0.003046303
-0.0004043585
0.002227786
0.00484614
0.007321247
0.009432578
0.01112689
0.01254492
0.01383622
0.01496261
0.01591318
0.01685503
0.01795599
0.01925558
0.02067324
0.02210013
0.02347801
0.02479202
0.02592558
0.02687636
0.02782378
0.02899364
0.03057858
0.03247098
0.03439683
0.03634048
0.03837102
0.04022809
0.04163051
0.04243066
0.04260611
0.04216372
0.04128493
0.04040167
0.03980943
0.03934808
0.03864036
0.03746094
0.03569326
0.0332351
0.03029234
0.02714657
0.02394279
0.02083842
0.01794138
0.01534229
0.01308624
0.01117542
0.009819921
0.009172036
0.009219708
0.009736036
0.01030026
0.01059562
0.01057814
0.01036994
0.009897295
0.009063996
0.008012101
0.006844966
0.005582963
0.004251233
0.002854567
0.001237567
-0.0007420634
-0.002801299
-0.004687107
-0.00655888
-0.008699021
-0.01121549
-0.01401272
-0.01695758
-0.01991193
-0.02276165
-0.02538053
-0.02750078
-0.02910964
-0.03031124
-0.0312539
-0.03193475
-0.03213521
-0.03186149
-0.03141656
-0.03103435
-0.03068575
-0.03034922
-0.03001198
-0.02958196
-0.02910499
-0.02865259
-0.02809011
-0.02731241
-0.02642969
-0.0255677
-0.02479674
-0.02411537
-0.02370827
-0.0237834
-0.02431288
-0.02521243
-0.02636926
-0.02755245
-0.02842685
-0.02902275
-0.02969751
-0.03046736
-0.03107409
-0.03121891
-0.03083111
-0.03009643
-0.02930031
-0.02872717
-0.0283477
-0.02785017
-0.02709942
-0.0261553
-0.02507307
-0.02403012
-0.02314538
-0.02244173
-0.02180046
-0.02098379
-0.01986216
-0.01853088
-0.01733203
-0.01660888
-0.01638089
-0.01629157
-0.01604652
-0.01556227
-0.01469029
-0.01349277
-0.01203213
-0.01035311
-0.008482252
-0.006562381
-0.00480317
-0.003304754
-0.002011101
-0.0008264323
0.0002575288
0.001388831
0.002638526
0.004188498
0.00608856
0.008018706
0.009807531
0.01143055
0.01289806
0.0142493
0.01547232
0.01655634
0.01765663
0.01869232
0.01941383
0.01979164
0.02016221
0.02081636
0.02178221
0.02302988
0.02442149
0.02602352
0.02784408
0.02943386
0.03044932
0.03098154
0.03123766
0.03148496
0.031951
0.03263952
0.0334355
0.03419264
0.03497143
0.03582365
0.03666969
0.03743595
0.03787646
0.03776268
0.03706652
0.03589216
0.03457012
0.03331894
0.03215135
0.03097488
0.02971234
0.02837418
0.02710523
0.02580394
0.02431061
0.02291689
0.02188265
0.02108729
0.02035014
0.01955996
0.01846679
0.01690493
0.01491953
0.01260118
0.0103011
0.008123872
0.005850193
0.003535461
0.001580335
7.36868e-05
-0.001255523
-0.002654896
-0.004324306
-0.006245281
-0.008181504
-0.01007891
-0.01206344
-0.01398819
-0.01569478
-0.01708457
-0.01818079
-0.01922217
-0.02041868
-0.02180641
-0.02327988
-0.02466153
-0.02574426
-0.02657663
-0.0273751
-0.02814328
-0.02870777
-0.02891428
-0.02861309
-0.02775321
-0.02647904
-0.02498373
-0.02335476
-0.02183665
-0.0205826
-0.01936347
-0.01759226
-0.01475154
-0.01110328
-0.007320424
-0.0038048
-0.0006066318
0.002479734
0.005565671
0.008597483
0.01140971
0.0136747
0.01506527
0.01566613
0.01596223
0.01637393
0.01705699
0.01779662
0.01840444
0.01891462
0.01942382
0.02001578
0.0205628
0.02089844
0.02098665
0.0209169
0.02071601
0.02033099
0.01975193
0.01891129
0.01791426
0.01694647
0.01599667
0.01494487
0.01370295
0.01216823
0.01035093
0.008478141
0.006645949
0.004696558
0.002588447
0.0005473919
-0.001175054
-0.002429829
-0.003292726
-0.003939775
-0.004560572
-0.005200707
-0.00571897
-0.005990889
-0.006057529
-0.006182055
-0.006522332
-0.006953258
-0.007239192
-0.007108049
-0.006366807
-0.00493724
-0.002945974
-0.0006675894
0.001564985
0.003616606
0.005402777
0.006698939
0.007357491
0.007488607
0.007323935
0.006917306
0.006184572
0.005099359
0.003765841
0.002391975
0.00130765
0.0008320406
0.001154126
0.00225942
0.003972322
0.005891761
0.007551653
0.008660641
0.009302517
0.009663833
0.009793265
0.009530946
0.008668111
0.007139936
0.005212223
0.003185173
0.001187724
-0.0007562759
-0.002708436
-0.004794374
-0.00716802
-0.009694267
-0.01223699
-0.01466478
-0.0168643
-0.01876648
-0.02022547
-0.02133974
-0.0223802
-0.02346195
-0.02451503
-0.02543422
-0.02620079
-0.02698242
-0.02784299
-0.02871116
-0.02946548
-0.02982964
-0.02964468
-0.02901003
-0.02819798
-0.02754819
-0.02711241
-0.02679625
-0.02671627
-0.02696996
-0.02757358
-0.02851857
-0.02972152
-0.03102853
-0.03218145
-0.03305465
-0.03368519
-0.03424585
-0.03479593
-0.03506802
-0.03479904
-0.03386093
-0.03248698
-0.03086821
-0.02899936
-0.02701521
-0.02512651
-0.02336978
-0.02181264
-0.02034233
-0.01886833
-0.01761327
-0.01673601
-0.01594891
-0.01502995
-0.01384323
-0.01234165
-0.01073093
-0.009030228
-0.007218331
-0.00539756
-0.003348317
-0.0007938111
0.00231786
0.005669986
0.008859616
0.01164241
0.01377537
0.01502434
0.01545301
0.01550655
0.01571103
0.0161667
0.01654025
0.01646196
0.01599817
0.01548633
0.01509297
0.01461941
0.01376561
0.01234166
0.01054141
0.008735279
0.00717122
0.005864283
0.004704145
0.00379092
0.003263467
0.003105478
0.003168025
0.00342949
0.004051958
0.005092074
0.006409138
0.00769823
0.008883033
0.009947791
0.01073999
0.0113339
0.01203197
0.01301833
0.01412851
0.0151605
0.0161428
0.01717419
0.01818775
0.01915367
0.02011971
0.02101803
0.0218109
0.02243647
0.02285993
0.0232867
0.02395273
0.02470788
0.02508677
0.02490331
0.02441327
0.023935
0.02357655
0.02349124
0.02369291
0.02397994
0.02414612
0.02412347
0.02398782
0.02386141
0.0238169
0.02384947
0.02390823
0.02393968
0.02391396
0.02377323
0.02341822
0.02294073
0.02254259
0.0222392
0.02187592
0.02145761
0.02111813
0.02094729
0.02081853
0.02050808
0.02005232
0.01954495
0.01897974
0.01825693
0.0172339
0.01594573
0.01423189
0.01194909
0.009346626
0.006823037
0.004599507
0.002621643
0.0005853256
-0.001726297
-0.00407495
-0.006106249
-0.007694932
-0.00896848
-0.01014112
-0.01127607
-0.01244553
-0.01360261
-0.01482688
-0.01625764
-0.017837
-0.01937673
-0.02058829
-0.02125148
-0.02141533
-0.02129745
-0.02099547
-0.02052992
-0.01977087
-0.01868966
-0.01727748
-0.01563034
-0.01401198
-0.01273778
-0.01188163
-0.01136858
-0.01111318
-0.01107098
-0.01131447
-0.01182292
-0.01252027
-0.01321199
-0.01366761
-0.01381201
-0.01374891
-0.01359272
-0.0132182
-0.01251387
-0.01169996
-0.01103368
-0.01051878
-0.01013501
-0.009816773
-0.009324084
-0.008532239
-0.007672569
-0.007004654
-0.006520412
-0.006165246
-0.005850128
-0.005317537
-0.004352585
-0.002996967
-0.001471764
8.58054e-07
0.001333952
0.002571797
0.003697367
0.004637899
0.005411443
0.005965931
0.006260804
0.006472611
0.006954953
0.007761606
0.008566555
0.009042868
0.009139292
0.009145395
0.009381281
0.009975402
0.01094581
0.0121826
0.0134304
0.01461941
0.01576982
0.01682339
0.01765272
0.01812943
0.01827791
0.0182108
0.01791039
0.01727652
0.01642093
0.01552438
0.01471674
0.01400757
0.013428
0.01305896
0.01291398
0.01286329
0.01258782
0.01187662
0.01099413
0.01052476
0.01069588
0.0112839
0.01203183
0.01274504
0.01337265
0.01385577
0.01413234
0.01422134
0.01428166
0.01446769
0.01462165
0.01459184
0.01441556
0.01412251
0.01355926
0.01271461
0.01177975
0.01081216
0.0097555
0.008666932
0.007809967
0.007373122
0.00721061
0.006991592
0.006616964
0.006098479
0.005501149
0.004991198
0.004555514
0.003968402
0.003171319
0.002263977
0.001279396
0.0003339733
-0.0003616245
-0.0008251934
-0.001257878
-0.001834839
-0.002552552
-0.003341409
-0.004100245
-0.004823278
-0.005657779
-0.006731866
-0.00803714
-0.009432758
-0.01061757
-0.01130999
-0.01148778
-0.01136752
-0.01121218
-0.01106996
-0.01062456
-0.00981953
-0.00895227
-0.00819895
-0.007594616
-0.007041399
-0.006518354
-0.006125953
-0.005937322
-0.005997981
-0.006352722
-0.00685245
-0.007329284
-0.007800248
-0.008237129
-0.008542793
-0.008671853
-0.008668265
-0.008618787
-0.008590763
-0.008603057
-0.008636713
-0.008658407
-0.008542208
-0.008150466
-0.007519464
-0.006774237
-0.006162439
-0.005841723
-0.005682831
-0.005557596
-0.005434602
-0.005350178
-0.005453
-0.005858389
-0.006640255
-0.007641986
-0.008623785
-0.009572825
-0.01060714
-0.01166938
-0.01264718
-0.01342866
-0.01386628
-0.01380149
-0.01325785
-0.01228012
-0.01102403
-0.009567888
-0.007981327
-0.006448102
-0.005268392
-0.00465372
-0.004541119
-0.004672165
-0.004789242
-0.004769776
-0.004651424
-0.004529522
-0.004413359
-0.004061887
-0.003242293
-0.00205964
-0.0008793713
0.0001388985
0.001102073
0.002102078
0.002979268
0.003436602
0.003285374
0.002836526
0.002661531
0.002937386
0.003628869
0.004689667
0.006078501
0.008024422
0.01034738
0.01252331
0.01446238
0.0163415
0.01832553
0.02046635
0.02254949
0.02434012
0.02577594
0.02686497
0.02769705
0.02850643
0.02938352
0.03025629
0.0308927
0.03101206
0.03055452
0.02976068
0.02891753
0.02824322
0.02787817
0.02777149
0.02762299
0.02724611
0.02673915
0.02617823
0.02558837
0.02495117
0.02429446
0.02356011
0.02261911
0.02137339
0.01969669
0.01752148
0.01494718
0.0121889
0.009483936
0.007089739
0.005258161
0.004089961
0.003384318
0.003011255
0.00302711
0.003245387
0.00318196
0.002567744
0.001515589
0.0001971845
-0.001197496
-0.002585909
-0.003805103
-0.004866294
-0.005812315
-0.006528196
-0.006916739
-0.007025897
-0.00697566
-0.006670607
-0.005916909
-0.004967915
-0.004258389
-0.004001255
-0.004097998
-0.004335567
-0.00477707
-0.005575404
-0.006742316
-0.008138774
-0.009584085
-0.01094958
-0.01210778
-0.01312641
-0.01407719
-0.0151334
-0.01629188
-0.01730189
-0.0182182
-0.01913619
-0.01989497
-0.02032021
-0.02041287
-0.02029427
-0.01995015
-0.01926615
-0.0184061
-0.01762451
-0.01681212
-0.01593722
-0.01512353
-0.01429763
-0.01362024
-0.01332164
-0.01336862
-0.0136194
-0.01403823
-0.01451126
-0.01493415
-0.01536457
-0.01587009
-0.01650068
-0.01712749
-0.01755095
-0.01769557
-0.01764329
-0.01754005
-0.01749543
-0.01763892
-0.01816914
-0.01906572
-0.02017018
-0.02139523
-0.02243382
-0.0230059
-0.02321268
-0.02351529
-0.02403861
-0.02430987
-0.02402013
-0.0233542
-0.02247262
-0.02145668
-0.02055485
-0.01973395
-0.0186759
-0.01727266
-0.01567792
-0.01409261
-0.01248246
-0.01060016
-0.00855677
-0.006608492
-0.004966928
-0.003592862
-0.002361321
-0.001096387
0.000182856
0.001175574
0.001677565
0.001804644
0.001950199
0.002315472
0.002718958
0.002784077
0.00243798
0.001955412
0.001632948
0.001574754
0.001696387
0.001928077
0.002398888
0.003178809
0.004018346
0.004586124
0.004766197
0.004690271
0.004567587
0.004530493
0.004597701
0.004716763
0.004814153
0.004848783
0.004829242
0.004797452
0.004897291
0.005280737
0.005922795
0.00670359
0.007367384
0.007728154
0.007789362
0.007695463
0.007606395
0.007627554
0.007877112
0.008385176
0.00907295
0.009821118
0.01056589
0.0114521
0.01262078
0.01403036
0.01552665
0.01697224
0.01832309
0.01954144
0.02042124
0.02109449
0.02189554
0.02276713
0.02356307
0.02412015
0.02447207
0.02494509
0.02571826
0.02667124
0.02772074
0.0288885
0.03021563
0.03166113
0.03310912
0.03435195
0.03528107
0.03598203
0.03670276
0.03737489
0.03758419
0.0372821
0.03661618
0.03566288
0.03448702
0.03318098
0.031861
0.03072805
0.02983579
0.02901969
0.02818078
0.02716115
0.02596046
0.02470403
0.02339229
0.02186713
0.02017624
0.01862344
0.01722986
0.01588487
0.01463322
0.01334551
0.01187586
0.0102478
0.008612471
0.007174666
0.006031259
0.00491385
0.003497406
0.001644992
-0.0004391838
-0.002518924
-0.004510662
-0.006310243
-0.007761349
-0.008780087
-0.009589931
-0.01040976
-0.01116449
-0.01188198
-0.01276708
-0.01369736
-0.01450615
-0.01514771
-0.01556585
-0.0157489
-0.01576744
-0.01572751
-0.0157068
-0.01572642
-0.01576549
-0.01579425
-0.01579838
-0.01578346
-0.01576474
-0.0157859
-0.01603738
-0.01669862
-0.01759798
-0.01833589
-0.01866273
-0.01867102
-0.01873536
-0.01909919
-0.01974353
-0.02032184
-0.02068236
-0.02088827
-0.02100305
-0.02106241
-0.02101749
-0.02081979
-0.02067477
-0.02058017
-0.02018906
-0.01947258
-0.01865257
-0.01778764
-0.01690449
-0.01619331
-0.01582035
-0.01587733
-0.01634428
-0.0169382
-0.01747421
-0.01811052
-0.01902112
-0.01996764
-0.02061022
-0.02094471
-0.02109358
-0.02116334
-0.02123465
-0.02146389
-0.02189397
-0.02234728
-0.02259634
-0.02241366
-0.02172943
-0.02096144
-0.02057816
-0.02050359
-0.02042578
-0.02018104
-0.01963227
-0.01874712
-0.01774819
-0.01673374
-0.01553892
-0.01428187
-0.01333952
-0.01291799
-0.01283657
-0.01276486
-0.01261531
-0.01225026
-0.01157232
-0.01080359
-0.01027092
-0.01001836
-0.00969866
-0.008931903
-0.007756735
-0.006531908
-0.005428434
-0.004387658
-0.003272024
-0.001900409
-0.0002581023
0.001376845
0.002916384
0.004340902
0.005549699
0.006496978
0.007404879
0.008752187
0.01070236
0.01290367
0.01487264
0.0163976
0.01756035
0.01843031
0.01904301
0.01968368
0.02041541
0.02112384
0.02167945
0.02192785
0.02167258
0.02093654
0.02017978
0.01969122
0.01940418
0.01905115
0.01848176
0.01770615
0.01696113
0.01650615
0.01631625
0.01611632
0.01588269
0.01586177
0.01610297
0.01643687
0.01677157
0.01718051
0.01771553
0.01838184
0.01900397
0.01951351
0.01997382
0.02035454
0.02058832
0.02066718
0.02064986
0.02061382
0.0205851
0.02041456
0.02003092
0.0195965
0.01930947
0.01920806
0.01904249
0.01849965
0.01757731
0.01639476
0.01537921
0.01483338
0.01437172
0.01348206
0.01206531
0.01043541
0.009061849
0.008126746
0.007530694
0.006947254
0.006144047
0.005353627
0.00495441
0.004794456
0.004595999
0.004548467
0.004891405
0.005467233
0.005942674
0.006140746
0.00629521
0.006618823
0.00666126
0.006247674
0.005727627
0.005180241
0.004455145
0.003543013
0.002522951
0.001786469
0.001474274
0.001315683
0.001258304
0.00120416
0.0009874757
0.0004761379
-0.0003872431
-0.001370126
-0.002044064
-0.0021188
-0.001910844
-0.002015972
-0.002580768
-0.003349479
-0.004278544
-0.005564526
-0.007099956
-0.008411138
-0.009271838
-0.009982418
-0.01079288
-0.01192151
-0.01346032
-0.01516818
-0.01679365
-0.01808603
-0.01897774
-0.01947329
-0.01965535
-0.01965244
-0.01947455
-0.01908999
-0.01851306
-0.0178321
-0.01723868
-0.01674623
-0.0163042
-0.01589805
-0.01527748
-0.01432444
-0.01319644
-0.01221168
-0.01170153
-0.01183874
-0.01241426
-0.01298066
-0.01318034
-0.01292451
-0.01257582
-0.01246576
-0.01261639
-0.01277629
-0.01253355
-0.01164799
-0.01045498
-0.009559674
-0.009001728
-0.008299373
-0.006991876
-0.005142298
-0.003166499
-0.001563723
-0.0005495819
1.828124e-05
0.0004660922
0.001153042
0.002134542
0.003231128
0.004201123
0.0049661
0.005543568
0.005911057
0.006074865
0.006099938
0.005977101
0.005462067
0.004496238
0.003159039
0.001745115
0.0004712911
-0.000767409
-0.002162231
-0.003504679
-0.004409028
-0.004795162
-0.004971109
-0.005081561
-0.004993504
-0.004506522
-0.003520025
-0.002305398
-0.001280393
-0.0005993791
-7.426089e-05
9.997072e-05
-0.0003223968
-0.001073549
-0.001686857
-0.001908845
-0.001832554
-0.001842859
-0.002168693
-0.002694493
-0.003261058
-0.003645535
-0.003793162
-0.003683747
-0.003381545
-0.003026674
-0.002614468
-0.002109113
-0.00139326
-0.0004544662
0.0004311256
0.0009744838
0.001190104
0.001465517
0.002184005
0.003227292
0.004105385
0.004823031
0.005472172
0.005696285
0.005422859
0.00484111
0.004145462
0.003589571
0.003331191
0.003334904
0.003436884
0.00348742
0.003444144
0.003353497
0.003313933
0.003517841
0.003960951
0.004253201
0.004119983
0.003697566
0.003248916
0.002824915
0.002435875
0.002106556
0.00172712
0.001282154
0.0009781322
0.0009892565
0.001028565
0.0007153966
9.525565e-05
-0.0005822788
-0.001203908
-0.00176441
-0.002222645
-0.002365347
-0.00219214
-0.00191207
-0.001729677
-0.001706083
-0.001629683
-0.00103105
8.602854e-05
0.001236643
0.002190347
0.002921689
0.003414075
0.00382184
0.004261558
0.004543022
0.004668413
0.004953166
0.005504686
0.006107472
0.006533247
0.006808186
0.006890718
0.006763696
0.00655813
0.006421796
0.006416231
0.006493909
0.006570858
0.00651191
0.006171935
0.005577231
0.004910823
0.004459369
0.004319045
0.00442653
0.004475844
0.004318589
0.004041294
0.003916554
0.004057999
0.003953866
0.00316951
0.001998453
0.0009124402
0.0001459099
-0.0003762574
-0.0009472886
-0.001570283
-0.002186536
-0.003091575
-0.004453931
-0.005943081
-0.007177177
-0.007969912
-0.008342555
-0.008560888
-0.008734144
-0.008922264
-0.00906114
-0.009204593
-0.009482037
-0.009940764
-0.01036395
-0.0106802
-0.01101113
-0.01142155
-0.0117707
-0.01207312
-0.01251379
-0.01326613
-0.01416994
-0.01516296
-0.01615685
-0.01715417
-0.01817076
-0.01911546
-0.01982571
-0.0200521
-0.01995572
-0.0198622
-0.01978383
-0.01969433
-0.01961229
-0.01954384
-0.01938414
-0.01918219
-0.01926935
-0.01964653
-0.01994063
-0.01995445
-0.01974101
-0.01933653
-0.01881518
-0.01834383
-0.01791879
-0.01746399
-0.0168609
-0.01603263
-0.01520177
-0.01428219
-0.01313647
-0.01186662
-0.01064488
-0.009807518
-0.009300074
-0.008555891
-0.007278489
-0.005851534
-0.004756688
-0.003867209
-0.002869971
-0.00177717
-0.0007312433
5.583158e-05
0.0005279141
0.0008975776
0.001358602
0.00199332
0.002649708
0.003097226
0.003245432
0.003180195
0.003057989
0.003087803
0.003433783
0.004067643
0.004959098
0.005965225
0.006871956
0.00760992
0.008327328
0.009135678
0.009905086
0.01067739
0.01156817
0.01239959
0.01294025
0.01326538
0.01359063
0.01388614
0.01395406
0.01379508
0.01357436
0.01336863
0.01293913
0.01230039
0.01165404
0.01113065
0.01078767
0.01046096
0.009989117
0.009317195
0.008602916
0.008095663
0.007894611
0.007870322
0.007765072
0.007625084
0.007539635
0.007447589
0.00737153
0.007297826
0.007353927
0.007575302
0.007764056
0.007719224
0.007597801
0.007492835
0.007163409
0.006487409
0.005730932
0.005328757
0.005424825
0.005661862
0.005826445
0.005912962
0.005930797
0.006009224
0.006058725
0.006013478
0.005894899
0.005646289
0.005201656
0.004571961
0.003840271
0.00311527
0.002581134
0.002309232
0.002085659
0.001698321
0.001104689
0.0005244083
-7.376527e-05
-0.0009076899
-0.00177988
-0.002562076
-0.003502137
-0.004591377
-0.005543535
-0.006318429
-0.007092621
-0.007853106
-0.008415207
-0.008668595
-0.008666923
-0.0084885
-0.008201539
-0.00806362
-0.008203543
-0.008418643
-0.008356527
-0.007973754
-0.007631389
-0.007709865
-0.00805943
-0.008316318
-0.00835802
-0.008216362
-0.008064532
-0.007991588
-0.008260368
-0.008921772
-0.009565735
-0.01000985
-0.01044062
-0.01078107
-0.01092725
-0.01090525
-0.0108364
-0.01086179
-0.01073916
-0.01052665
-0.01037526
-0.01009199
-0.009558651
-0.0088483
-0.00823854
-0.007720539
-0.00714186
-0.006584112
-0.006161711
-0.005779384
-0.005323409
-0.004710224
-0.003990934
-0.003135951
-0.001897748
-0.0002097264
0.001659402
0.003383115
0.0047359
0.005636566
0.006249693
0.006711712
0.007121257
0.007611175
0.00803766
0.008194702
0.008223611
0.008277512
0.008274318
0.007928395
0.007267102
0.006646718
0.006094589
0.005487567
0.004904234
0.004400205
0.003800217
0.003105344
0.002532342
0.00200733
0.001561595
0.001507386
0.001820984
0.002114167
0.002267773
0.002294934
0.002138228
0.001876499
0.001661348
0.001580146
0.001612669
0.001671724
0.001685573
0.001646136
0.00155945
0.001315673
0.0008619264
0.0002142764
-0.0004883792
-0.0009789394
-0.0009863029
-0.0005675173
-0.0002442077
-0.0005282432
-0.001373855
-0.002375724
-0.003344639
-0.004064693
-0.004511645
-0.004851549
-0.005302008
-0.00592258
-0.006683703
-0.00746222
-0.008190194
-0.008884812
-0.009761615
-0.01079183
-0.01165534
-0.01225029
-0.01281084
-0.01335319
-0.01378451
-0.01391638
-0.0138926
-0.01412423
-0.01454141
-0.01486068
-0.01494883
-0.01477658
-0.01441793
-0.01420014
-0.01429885
-0.01459222
-0.01485588
-0.0149615
-0.01503225
-0.01529406
-0.01570897
-0.01609137
-0.01640176
-0.01676037
-0.01714834
-0.0175522
-0.0179369
-0.01807949
-0.01795792
-0.01786498
-0.01806874
-0.01848432
-0.01873986
-0.01855099
-0.01790239
-0.0169204
-0.0160144
-0.01548384
-0.0149868
-0.01415853
-0.01314797
-0.01216704
-0.01121337
-0.01020624
-0.009229718
-0.008338182
-0.007442543
-0.006532163
-0.005494535
-0.00433144
-0.003209377
-0.002311864
-0.001606762
-0.0008369981
0.000208386
0.001538544
0.003012949
0.004470468
0.005794404
0.006848191
0.007632172
0.008180787
0.008310258
0.007852396
0.007018953
0.006268758
0.005876742
0.005632234
0.005189471
0.004690098
0.004450728
0.004527106
0.004802224
0.005281539
0.005966104
0.006562151
0.006888991
0.006857577
0.006593974
0.00649589
0.006749476
0.007235062
0.007845211
0.008375745
0.008537603
0.008506224
0.008687381
0.009007581
0.009233936
0.00943427
0.009754086
0.01034807
0.01125944
0.01222647
0.01293444
0.01340431
0.01381075
0.01429267
0.01470587
0.01494022
0.01482116
0.01425011
0.01348652
0.01283218
0.01231566
0.01184261
0.0112121
0.01032732
0.009271345
0.008078496
0.006902706
0.005812867
0.004732043
0.003638222
0.00265527
0.001835875
0.001244008
0.0009298513
0.0008492022
0.0008858637
0.0009319017
0.001014211
0.001209045
0.001333764
0.001333211
0.001351751
0.001323247
0.001173954
0.0008040652
-0.0001274959
-0.001716112
-0.003410721
-0.004636798
-0.00541278
-0.005921353
-0.006215861
-0.00636573
-0.006197511
-0.005729058
-0.005267645
-0.00501484
-0.005126652
-0.00537409
-0.005351507
-0.005007949
-0.004482762
-0.003876401
-0.003269611
-0.002656884
-0.002043803
-0.001513802
-0.001209759
-0.001015475
-0.0008152635
-0.0004881497
2.613004e-05
0.0006770859
0.001226333
0.001373728
0.001146111
0.0007917727
0.0004435928
0.0001972842
8.773315e-05
9.812513e-05
0.0002807628
0.0006065072
0.001292423
0.002366122
0.003356684
0.004049632
0.004646372
0.00530721
0.006067171
0.006786943
0.007172048
0.007383597
0.00772001
0.008018625
0.008029926
0.007749812
0.007245379
0.006614335
0.005861435
0.005050825
0.004633032
0.004699085
0.00493101
0.005052018
0.004992782
0.004890458
0.005019471
0.005478098
0.006250417
0.007304084
0.008454155
0.00922668
0.009364087
0.009219134
0.009390075
0.009932994
0.01056794
0.01094344
0.01107484
0.01105709
0.01075656
0.01016721
0.009599157
0.009188975
0.008939728
0.008816681
0.008679143
0.008324286
0.007710445
0.006927069
0.006240487
0.00576163
0.005263935
0.004569518
0.003832623
0.003325509
0.003157104
0.003116278
0.002896537
0.002594992
0.002543996
0.002779577
0.00297146
0.00282096
0.002378327
0.00178674
0.001174876
0.0007037872
0.0003447183
-4.071829e-05
-0.0004545949
-0.0008943065
-0.001214564
-0.0009347012
0.000191304
0.001613122
0.002666343
0.003174533
0.003386908
0.003402376
0.002917861
0.001925128
0.0008721509
6.495078e-05
-0.0004386507
-0.0007049871
-0.0009870109
-0.001432584
-0.001916621
-0.002246804
-0.002350712
-0.002254399
-0.00196661
-0.001732008
-0.001769449
-0.001963944
-0.002062075
-0.002307712
-0.003035982
-0.004007387
-0.004578829
-0.004473165
-0.003925789
-0.003272432
-0.002931715
-0.002993972
-0.003171088
-0.003352611
-0.003447042
-0.003426046
-0.003557654
-0.003878631
-0.004338115
-0.004725794
-0.004812157
-0.004673773
-0.004465562
-0.00443931
-0.004672146
-0.005013074
-0.005365628
-0.005783102
-0.006197014
-0.006478734
-0.006583503
-0.006676126
-0.006988385
-0.007461488
-0.007872978
-0.008176176
-0.008421879
-0.008574275
-0.008650383
-0.008549482
-0.008306224
-0.008068446
-0.00794817
-0.007936435
-0.007859326
-0.007671661
-0.007447047
-0.007156383
-0.006712451
-0.005966572
-0.004868768
-0.003546756
-0.002318358
-0.001529517
-0.001246723
-0.001140237
-0.0009273684
-0.0007591707
-0.0008824419
-0.001395809
-0.002168574
-0.003010346
-0.003761734
-0.004381853
-0.004762619
-0.004950363
-0.005099764
-0.005082743
-0.004690769
-0.004121159
-0.003655982
-0.003551112
-0.003887781
-0.004622907
-0.005680385
-0.00688969
-0.007925343
-0.008513582
-0.008641406
-0.008515688
-0.008377832
-0.008356011
-0.008443688
-0.008569853
-0.008657755
-0.008598195
-0.008266156
-0.007836074
-0.007632356
-0.007616847
-0.007681637
-0.007734949
-0.007460146
-0.006922094
-0.006507855
-0.006223051
-0.005749195
-0.005004397
-0.004392546
-0.004146393
-0.004046504
-0.003870345
-0.003612657
-0.003391473
-0.003295998
-0.003207298
-0.002918964
-0.002596617
-0.002584853
-0.002794466
-0.002941935
-0.002940522
-0.002711375
-0.002367064
-0.002099325
-0.002002411
-0.001939569
-0.001678498
-0.001143079
-0.0004037245
0.0001626603
0.0003030823
0.0002431
0.0002488903
0.0004965152
0.0008923719
0.001237451
0.001504347
0.001723138
0.00213053
0.002779508
0.003314558
0.003529531
0.00373805
0.004300689
0.00496479
0.005373983
0.005409197
0.00510883
0.004817858
0.004747548
0.004784155
0.004927066
0.005221062
0.00558699
0.006022399
0.006504524
0.006898401
0.007100105
0.007121761
0.007028183
0.006797148
0.006583783
0.006563552
0.00658404
0.006564096
0.006412948
0.005962235
0.005433611
0.005252798
0.005791863
0.006969439
0.008348394
0.009651381
0.01085255
0.01204295
0.01330357
0.01465179
0.01594558
0.01676474
0.01688937
0.01655195
0.01616644
0.01605754
0.01640223
0.01692874
0.01700089
0.01652737
0.0158331
0.0153604
0.01523825
0.01544298
0.01582838
0.01608208
0.01591914
0.01542133
0.01491217
0.01463989
0.01463799
0.01469057
0.01449724
0.0140516
0.01359006
0.01324823
0.0129193
0.01254809
0.01211566
0.01157896
0.01094627
0.01013829
0.009192808
0.008269751
0.007363401
0.006567689
0.006076642
0.005695855
0.005176378
0.004677788
0.004234186
0.003701811
0.003134405
0.002617719
0.002363597
0.002269913
0.002077623
0.001755973
0.001446186
0.001274377
0.001214609
0.000911239
0.0001819768
-0.0005146459
-0.0007445014
-0.0006867558
-0.0007420614
-0.001193003
-0.002103628
-0.003178147
-0.003964457
-0.004241406
-0.00413684
-0.003935017
-0.003876093
-0.004148481
-0.004645901
-0.004979412
-0.005127799
-0.005405827
-0.005852749
-0.006119147
-0.006063453
-0.005940635
-0.005839009
-0.00575634
-0.005789211
-0.005834574
-0.005854888
-0.006089058
-0.00670562
-0.007571076
-0.008479009
-0.009258412
-0.009900484
-0.01046566
-0.01099067
-0.01135895
-0.0116208
-0.0118516
-0.01204155
-0.01216229
-0.01231556
-0.01255614
-0.0126652
-0.01265922
-0.01267995
-0.01263306
-0.01247333
-0.01205423
-0.01120835
-0.01022654
-0.009539893
-0.009326611
-0.009454711
-0.009662936
-0.009744594
-0.009556516
-0.009202543
-0.008865088
-0.008432455
-0.007838685
-0.007270813
-0.006932632
-0.006831708
-0.006730183
-0.006603137
-0.006574093
-0.00650871
-0.006266725
-0.005961859
-0.005879638
-0.005966529
-0.005825022
-0.00531867
-0.004700518
-0.004231387
-0.003820256
-0.003221887
-0.002438275
-0.001531008
-0.0005384058
0.000391092
0.001234463
0.002099046
0.002910929
0.003473129
0.003748459
0.003979942
0.004403775
0.00509177
0.005832041
0.006334556
0.006485688
0.006460227
0.006602464
0.006995484
0.007519221
0.008105068
0.00863746
0.009064648
0.009491816
0.0100183
0.01067296
0.01127915
0.0116437
0.01173672
0.01166662
0.0114658
0.01119906
0.01111764
0.01117546
0.01121397
0.01128953
0.01129567
0.01108674
0.01087156
0.01094558
0.01128348
0.01166647
0.01202624
0.01241907
0.01280262
0.01320132
0.01369666
0.0143407
0.01505927
0.01565931
0.0161498
0.01657046
0.01671449
0.01647645
0.01602783
0.01549811
0.01495253
0.01434083
0.01354916
0.01268063
0.01201087
0.01166764
0.01148724
0.01144771
0.01152585
0.01142003
0.0109079
0.01026854
0.00974925
0.009416307
0.009229602
0.009088373
0.00915498
0.00936007
0.009494314
0.009473388
0.009276164
0.008929797
0.008565865
0.008136084
0.007723101
0.007416433
0.007293782
0.007198123
0.007002447
0.006651571
0.006137186
0.005739397
0.005678652
0.005848886
0.006066658
0.006052367
0.005669767
0.004966832
0.004152525
0.003383988
0.002616809
0.001547462
0.0002174752
-0.0009273153
-0.001510485
-0.001427101
-0.0009948161
-0.0007829055
-0.001246967
-0.002388601
-0.003627998
-0.004383484
-0.004503917
-0.004262473
-0.00417318
-0.004515687
-0.00513187
-0.005790146
-0.006211194
-0.006333417
-0.006175822
-0.005696936
-0.005185007
-0.004971288
-0.004965188
-0.005026189
-0.005027113
-0.004972009
-0.004838549
-0.004600602
-0.004351553
-0.004197324
-0.004166816
-0.004212941
-0.004266386
-0.004286381
-0.0041823
-0.003710708
-0.003060939
-0.002642548
-0.002606768
-0.002894001
-0.003345117
-0.003669513
-0.003770387
-0.003673998
-0.003547851
-0.003396256
-0.003201584
-0.002945549
-0.002540096
-0.002043038
-0.001564076
-0.001159773
-0.001008287
-0.001044465
-0.0009684508
-0.0006992316
-0.0003707431
-0.0001309247
6.627842e-05
0.0004981122
0.001263415
0.001978766
0.002272651
0.002182054
0.001932867
0.002014863
0.002760366
0.003936656
0.004859703
0.005143491
0.004914441
0.004573549
0.004546947
0.004971612
0.005576103
0.005905749
0.005803729
0.005322993
0.004640538
0.004021438
0.003517804
0.003088386
0.00276766
0.002622875
0.002752396
0.003010509
0.003263942
0.003508681
0.003737928
0.004090441
0.004758135
0.00569308
0.006867946
0.008080937
0.008955445
0.009305757
0.009249806
0.009004735
0.008574027
0.007882657
0.007153146
0.006892147
0.007309195
0.008015708
0.008636991
0.008911794
0.008608717
0.007768786
0.006973847
0.006812419
0.007001156
0.007056186
0.006842813
0.006506434
0.006144605
0.005709582
0.00516608
0.004519525
0.003938556
0.003483936
0.003039029
0.002610056
0.00218395
0.001695466
0.001237495
0.0009547557
0.0008844146
0.0009463402
0.001026564
0.001055799
0.001036911
0.0009728591
0.0007436729
0.0003412943
0.000104632
0.0002364262
0.0004933543
0.0007861113
0.0009304524
0.0008217824
0.0005354021
0.000287615
0.0001807603
0.000237183
0.0002718035
0.0001216779
-0.0001993174
-0.000687021
-0.001278602
-0.001929371
-0.002526845
-0.00297998
-0.003404731
-0.003765161
-0.003893591
-0.003919366
-0.003931811
-0.003869435
-0.003862218
-0.003847487
-0.003551157
-0.003019223
-0.002388769
-0.00187352
-0.001619691
-0.001608153
-0.001701765
-0.001658344
-0.001293379
-0.0007689626
-0.0004723362
-0.0006772091
-0.001215629
-0.001696316
-0.001787639
-0.001658035
-0.001691144
-0.002117869
-0.003016939
-0.004267572
-0.005519743
-0.00637765
-0.006801717
-0.006964141
-0.007196502
-0.007628795
-0.007921617
-0.007648429
-0.006895391
-0.006289558
-0.006240901
-0.006503099
-0.006802173
-0.007045674
-0.007232396
-0.007467521
-0.007681395
-0.007889782
-0.008192379
-0.008698017
-0.009317894
-0.009810147
-0.009963608
-0.009581033
-0.008766563
-0.007927237
-0.007235126
-0.006799768
-0.006437638
-0.005805286
-0.004893608
-0.004093287
-0.003510858
-0.003059626
-0.002755809
-0.002482876
-0.002101226
-0.001533517
-0.0008342686
-8.389626e-05
0.0005255857
0.0009426978
0.00120339
0.001197002
0.0009721901
0.0007169291
0.0005811113
0.0005889564
0.0006694313
0.0007551009
0.0009388729
0.001316867
0.001770709
0.002213548
0.002546807
0.002745036
0.002932182
0.003137366
0.003337641
0.003604714
0.003857497
0.004093189
0.004503854
0.004947616
0.005126726
0.005054721
0.005022348
0.005045754
0.004995533
0.004862208
0.004720693
0.004589832
0.004379042
0.004222442
0.004271533
0.004472499
0.004672347
0.004761611
0.004656473
0.004352092
0.004136082
0.004197284
0.004449486
0.00469716
0.004891604
0.005181578
0.00557798
0.005932866
0.006127283
0.006254258
0.006420875
0.006481484
0.006481753
0.006543102
0.006527111
0.006374225
0.006171586
0.006011522
0.0057854
0.005250251
0.004428855
0.003656337
0.00322725
0.003176832
0.003330164
0.0034959
0.003697953
0.004027749
0.004393754
0.00464783
0.004701419
0.004485879
0.004176743
0.003880967
0.003427925
0.002795084
0.002179726
0.001642487
0.001119181
0.0004504224
-0.0005162783
-0.001624342
-0.002312526
-0.002580456
-0.002818803
-0.003322455
-0.004026507
-0.004632907
-0.005014498
-0.005413367
-0.005994052
-0.00654725
-0.006966153
-0.007250139
-0.007421006
-0.007583741
-0.007915795
-0.00846575
-0.009188028
-0.009869687
-0.01028589
-0.01038702
-0.01030042
-0.01030424
-0.01073912
-0.01162711
-0.01256126
-0.01324081
-0.01367657
-0.01381229
-0.01373065
-0.01372102
-0.0138728
-0.01395116
-0.01372411
-0.01332357
-0.01323068
-0.01354317
-0.01392201
-0.01415714
-0.01404355
-0.01361396
-0.01329379
-0.01336082
-0.01355576
-0.0135382
-0.01328049
-0.01292892
-0.01249074
-0.01204934
-0.01180745
-0.01159186
-0.0113136
-0.01094252
-0.01046471
-0.009904639
-0.009382953
-0.008729483
-0.008103482
-0.007600607
-0.00707672
-0.006531701
-0.006028171
-0.005508034
-0.004936571
-0.004369643
-0.003994176
-0.003766026
-0.003479937
-0.002964764
-0.002347942
-0.001768922
-0.001114174
-0.0003166547
0.0005183347
0.001197478
0.001651146
0.002172051
0.002798566
0.003329142
0.003601476
0.003639775
0.00369818
0.003992734
0.004453483
0.004990222
0.005554028
0.006005957
0.006267214
0.006503423
0.006864717
0.007296442
0.007792482
0.008323871
0.008746982
0.008990624
0.009183396
0.009286849
0.009204834
0.009003807
0.008831649
0.008764783
0.008783807
0.008829361
0.008853853
0.008841428
0.008731794
0.008558152
0.008615873
0.008838537
0.008984487
0.008839463
0.008225559
0.007244624
0.006329425
0.005949892
0.006253894
0.00676325
0.006911208
0.006608098
0.006130212
0.005774224
0.005562676
0.005443136
0.005322071
0.005063812
0.004563978
0.003903223
0.003343355
0.00307114
0.003072767
0.003198226
0.00329607
0.003301528
0.003237007
0.003061857
0.002504887
0.001596331
0.0007357295
0.0002640779
0.0001372423
8.859551e-05
1.744503e-05
-0.0002673411
-0.0008080178
-0.001353908
-0.001788457
-0.001962363
-0.001845981
-0.001735714
-0.001813397
-0.002063084
-0.002596212
-0.00345477
-0.004218205
-0.004577271
-0.004657464
-0.004704143
-0.005122463
-0.006043296
-0.00706653
-0.007723446
-0.007859425
-0.007688748
-0.007701588
-0.008284745
-0.00926454
-0.01012858
-0.01052691
-0.01042736
-0.009982249
-0.009610811
-0.009537588
-0.009620383
-0.009797013
-0.009944584
-0.009905349
-0.009827082
-0.009874372
-0.01004179
-0.01033881
-0.01091442
-0.0116572
-0.01222895
-0.01257845
-0.01267041
-0.01252878
-0.01230713
-0.01206142
-0.01197443
-0.01208766
-0.01226303
-0.01224395
-0.01189798
-0.01137664
-0.01099134
-0.01082542
-0.0106921
-0.01038753
-0.01001044
-0.009714011
-0.009605105
-0.009571535
-0.009453095
-0.009206505
-0.00877563
-0.008247378
-0.007880437
-0.008010824
-0.008599784
-0.009134866
-0.009460367
-0.009590436
-0.009636117
-0.009478571
-0.008979629
-0.008315899
-0.007695766
-0.007257611
-0.007194095
-0.007346721
-0.007421705
-0.007354506
-0.007194491
-0.007161007
-0.007174666
-0.006895816
-0.006230181
-0.005472756
-0.004935851
-0.004496726
-0.004020833
-0.003843444
-0.004134073
-0.004465052
-0.004265558
-0.003533657
-0.002859424
-0.002566331
-0.002482086
-0.002307685
-0.002100353
-0.002043941
-0.002151709
-0.002312266
-0.002411843
-0.002344887
-0.001991894
-0.001455648
-0.0009902545
-0.0008487809
-0.0011694
-0.001744141
-0.002216323
-0.002383322
-0.002185179
-0.001661289
-0.001074916
-0.0008092127
-0.0009729163
-0.001087011
-0.0007316517
-1.933279e-05
0.0007612024
0.001324253
0.001688739
0.002157183
0.002739024
0.003250954
0.003721519
0.00434783
0.004989847
0.005475354
0.005835282
0.00627756
0.00701804
0.0079438
0.008645014
0.008780984
0.008522212
0.008166769
0.008044035
0.00828244
0.008695427
0.009018548
0.009199816
0.009503057
0.01006499
0.01063745
0.01108906
0.01138976
0.01153186
0.01156525
0.01156072
0.01155684
0.01155866
0.01166016
0.0118805
0.01187512
0.01140625
0.01069513
0.01012843
0.009789397
0.00949979
0.009199232
0.008949046
0.008809869
0.008778867
0.008778746
0.008622187
0.008192594
0.007524903
0.006766578
0.00614434
0.005626632
0.004983259
0.004180317
0.003275036
0.002279509
0.001351714
0.0007322323
0.0005071412
0.0005571823
0.0006311899
0.0003848277
-0.0003473472
-0.001243731
-0.00175475
-0.001822369
-0.001733673
-0.001710389
-0.001802097
-0.001941882
-0.002041229
-0.001982976
-0.001717116
-0.001508059
-0.001544873
-0.001753622
-0.001889684
-0.001781976
-0.001530134
-0.001282272
-0.001272872
-0.001410851
-0.00148214
-0.001550754
-0.001673504
-0.001812679
-0.00190883
-0.001939057
-0.001922961
-0.00187799
-0.0017129
-0.001479955
-0.001418552
-0.001578874
-0.001820926
-0.001987535
-0.002019411
-0.001926923
-0.001663296
-0.001372748
-0.001171234
-0.001164068
-0.001402186
-0.001736234
-0.001974836
-0.002038509
-0.002023927
-0.00213592
-0.002282215
-0.002282554
-0.002136329
-0.001959854
-0.001856328
-0.001851437
-0.001962727
-0.002289558
-0.002843335
-0.003561996
-0.004229061
-0.004542544
-0.004233283
-0.003359062
-0.002458904
-0.002138597
-0.002375087
-0.002622979
-0.002447662
-0.001883579
-0.001429946
-0.001378447
-0.001630189
-0.001919257
-0.002066805
-0.002049774
-0.001986994
-0.002218377
-0.002843067
-0.003564396
-0.004020918
-0.00399728
-0.003762313
-0.003604786
-0.003504101
-0.003379869
-0.003086843
-0.002609852
-0.002140952
-0.001865914
-0.001820101
-0.001875123
-0.001716349
-0.001124217
-0.0004765103
-0.0003348609
-0.000560904
-0.0005787505
-0.0001697427
0.0004226396
0.00085883
0.0009879795
0.0009341399
0.001025295
0.001384713
0.001916828
0.002536594
0.002998698
0.003004429
0.002609233
0.002214787
0.00216544
0.00232068
0.002499513
0.00264549
0.002594674
0.002246854
0.00173396
0.001459325
0.001561829
0.001759163
0.0017569
0.001560918
0.001232761
0.001033826
0.001061784
0.00111043
0.001044863
0.0008657462
0.0005359679
7.006352e-05
-0.0002513512
-0.000350424
-0.0005431821
-0.0008384054
-0.001023374
-0.00113716
-0.00116935
-0.001064267
-0.000966102
-0.0007258374
-0.0002587654
8.244522e-05
4.367376e-05
-0.0002686156
-0.0006410282
-0.001003838
-0.001216751
-0.001280678
-0.001223496
-0.001218633
-0.001393256
-0.001662862
-0.001792164
-0.001551068
-0.001109067
-0.000912178
-0.001045643
-0.001239883
-0.001408174
-0.001464233
-0.001337882
-0.001039716
-0.0004338522
0.0002116153
0.000540447
0.0005291699
0.0003272542
0.0001687744
0.0001414572
0.0003459716
0.0006821425
0.0009554024
0.001056055
0.001009279
0.0008968127
0.0006791882
0.0002834806
-0.0002822119
-0.0008277046
-0.00117409
-0.001389838
-0.001549161
-0.001646979
-0.001568859
-0.001386013
-0.001197752
-0.00114835
-0.001342184
-0.001661262
-0.001943216
-0.002235653
-0.002573818
-0.002750638
-0.002793794
-0.002990374
-0.003172997
-0.003138153
-0.002858271
-0.002425429
-0.002050417
-0.00187589
-0.00189115
-0.001939237
-0.001808628
-0.001571362
-0.001235523
-0.0006670378
-1.644537e-05
0.0003237364
0.0003489809
0.0003083242
0.0003464463
0.0004530369
0.0005596121
0.0006062414
0.000584878
0.0005354843
0.0005826683
0.0008957723
0.001391305
0.001808272
0.001982584
0.002015424
0.00204004
0.001899408
0.001681944
0.001578534
0.001632768
0.001760747
0.001863933
0.001993656
0.002196125
0.002377781
0.002595303
0.002843189
0.003042051
0.003136668
0.003137666
0.003103292
0.003189955
0.00344913
0.003705442
0.003815018
0.003665041
0.003355996
0.003086479
0.002977105
0.003014474
0.003087677
0.002994287
0.002752329
0.002633699
0.002740662
0.002964134
0.00314497
0.003202366
0.003096738
0.002624721
0.00189248
0.001188399
0.0006469103
0.0001781485
-0.0002961987
-0.0007045255
-0.0009875088
-0.001216915
-0.001183619
-0.000775295
-0.000510119
-0.0007091338
-0.001228754
-0.001669826
-0.001853185
-0.001715125
-0.001394232
-0.001293233
-0.001579713
-0.002048461
-0.002405462
-0.002457944
-0.002095534
-0.001430143
-0.0006447762
-1.020023e-05
0.0001241036
-0.0002476165
-0.0007151499
-0.0008471251
-0.0007230485
-0.000614071
-0.0006474289
-0.0007879079
-0.001005732
-0.00129442
-0.001518964
-0.001704206
-0.001887617
-0.002041302
-0.002216339
-0.002641006
-0.003416834
-0.004211792
-0.004608147
-0.004669143
-0.004630422
-0.004527246
-0.004256321
-0.003993155
-0.004039347
-0.004378768
-0.004757013
-0.004854109
-0.004597582
-0.004241303
-0.003994233
-0.003966594
-0.00406601
-0.004298296
-0.004474079
-0.004340702
-0.004108846
-0.004243368
-0.004733345
-0.005133114
-0.005187223
-0.004972546
-0.00471524
-0.004566349
-0.004418138
-0.004123382
-0.003859177
-0.00374307
-0.003519208
-0.003011075
-0.002388139
-0.001931722
-0.001771454
-0.001858197
-0.002152271
-0.002418975
-0.002405359
-0.002148411
-0.001855767
-0.001656508
-0.001459512
-0.001341448
-0.001555676
-0.001982664
-0.002376903
-0.002498426
-0.002258725
-0.001851108
-0.001477167
-0.001108233
-0.0007708642
-0.0006536436
-0.0006513669
-0.000553522
-0.0003890032
-0.0003302223
-9.74501e-05
0.0005931156
0.001376859
0.001831668
0.002033064
0.00220868
0.002371883
0.002391387
0.002452364
0.002679886
0.002704476
0.002351458
0.001838887
0.001464663
0.001352501
0.001275094
0.0007928856
2.265788e-05
-0.0005740051
-0.0008809011
-0.000858975
-0.0003876124
0.0003465784
0.0008149129
0.0007922945
0.0004673347
0.0002678915
0.0005231712
0.001100391
0.001633723
0.001892624
0.001987074
0.002037747
0.001998908
0.002007875
0.002238265
0.002631666
0.00310255
0.003499957
0.003742888
0.003933629
0.00411444
0.004288527
0.00454516
0.004774832
0.004785961
0.004659916
0.004860391
0.005556546
0.00628966
0.006736657
0.006912979
0.006937453
0.006925006
0.006939756
0.007035307
0.007287594
0.007505301
0.007541067
0.007549865
0.007584989
0.007657402
0.007707522
0.007751148
0.007689189
0.007562796
0.00754569
0.007624583
0.007753174
0.00782991
0.00786511
0.007857314
0.007939483
0.008045322
0.00804723
0.008188034
0.008569428
0.008884427
0.009019964
0.00896021
0.008719355
0.008615141
0.00862415
0.008487707
0.008065887
0.007531196
0.007116721
0.006814254
0.006486931
0.00612979
0.005733975
0.005383015
0.005156762
0.004960998
0.00469793
0.004093795
0.003124124
0.002155558
0.001401607
0.0008830871
0.0005615182
0.00023376
-0.0002487183
-0.0009329291
-0.001673048
-0.002162028
-0.002217283
-0.002180559
-0.002204522
-0.002102253
-0.001956191
-0.00199852
-0.002388917
-0.003001689
-0.003587031
-0.00403034
-0.004240938
-0.004439912
-0.004918979
-0.005602336
-0.006184051
-0.006452559
-0.006347196
-0.005965402
-0.005688023
-0.005663555
-0.005720827
-0.005843536
-0.006034884
-0.006217554
-0.006311014
-0.006301182
-0.006345485
-0.006542038
-0.006761206
-0.006909904
-0.006939882
-0.007034563
-0.00735378
-0.007813305
-0.007944302
-0.007486969
-0.006836
-0.006583808
-0.006845895
-0.007323839
-0.007671631
-0.007742925
-0.0076025
-0.007428351
-0.007469213
-0.007712287
-0.00785939
-0.007776919
-0.007558241
-0.0073045
-0.006832963
-0.006208163
-0.005779385
-0.005703271
-0.005839281
-0.005828535
-0.005465106
-0.004803972
-0.004194425
-0.003859569
-0.00384631
-0.003950015
-0.003942719
-0.003961556
-0.004106191
-0.004150069
-0.003952208
-0.003590161
-0.003095539
-0.002566573
-0.002130464
-0.001723918
-0.001310304
-0.0009739385
-0.0007478345
-0.0005321851
-0.0003607056
-0.0001801242
5.337196e-05
0.0002790549
0.0004935828
0.0007456569
0.0009471227
0.001147688
0.001460731
0.001972299
0.002635465
0.003376265
0.004017394
0.004383592
0.004352698
0.004022468
0.003805841
0.003900125
0.004188734
0.00444975
0.004549471
0.004498473
0.004397935
0.004444417
0.004700503
0.00499132
0.005289792
0.005450434
0.005413379
0.005368192
0.005322208
0.005290539
0.005519454
0.005967923
0.006259384
0.006095588
0.005535063
0.005176298
0.005425005
0.006118178
0.006899906
0.007427891
0.007580973
0.007485372
0.007352505
0.00731468
0.007379337
0.007509853
0.007766107
0.007982144
0.007817271
0.007403424
0.007179454
0.007424155
0.007930522
0.008452537
0.008807237
0.008765585
0.008360664
0.007888922
0.007620007
0.007625691
0.007737974
0.007575491
0.006954653
0.006229261
0.00567972
0.005281431
0.004859765
0.004397903
0.004021652
0.003751478
0.003433298
0.00304262
0.002704709
0.002526345
0.002508401
0.00256825
0.002537024
0.002228232
0.001730249
0.001397387
0.001434735
0.001684463
0.001935358
0.001904413
0.001493884
0.0008973963
0.0004627443
0.0003165945
0.0004114342
0.0004510123
0.0002983826
1.653413e-05
-0.0003755967
-0.0008856093
-0.001500956
-0.002165415
-0.002680762
-0.002797598
-0.002585432
-0.002440179
-0.002660496
-0.003141448
-0.003629968
-0.004157639
-0.004614172
-0.004795678
-0.004824479
-0.004754872
-0.004430757
-0.00405463
-0.004098458
-0.004621527
-0.005145959
-0.005392666
-0.00545092
-0.005490182
-0.005732153
-0.006173817
-0.006389086
-0.006005235
-0.005235974
-0.004671357
-0.004530164
-0.00474186
-0.005012346
-0.005219742
-0.005389093
-0.005464921
-0.005267884
-0.004761794
-0.004117562
-0.00380329
-0.004067413
-0.004529955
-0.004835296
-0.005027618
-0.005046563
-0.004678727
-0.004169523
-0.003782845
-0.003463819
-0.003175403
-0.002959549
-0.002849619
-0.002834196
-0.002963493
-0.003216811
-0.003326808
-0.003090189
-0.002518107
-0.002005954
-0.00181492
-0.001785006
-0.001601721
-0.001098398
-0.0003604502
0.0003039815
0.0006675762
0.0008507161
0.001100579
0.001417154
0.001771453
0.002287393
0.002749163
0.002741949
0.002371675
0.002038938
0.001804616
0.001559204
0.001306767
0.001065117
0.0007097711
0.0002354105
-0.0001873658
-0.0004121975
-0.0003790301
-2.849889e-05
0.0004512066
0.0006316003
0.0003648737
-0.0001137456
-0.0004950798
-0.0006263409
-0.0005515173
-0.0004146376
-0.0003360609
-0.0003492871
-0.0004149362
-0.0004740583
-0.0004933743
-0.0004843359
-0.0004814594
-0.0004985368
-0.000525915
-0.0005478553
-0.0005614302
-0.0006698377
-0.0008073281
-0.0006947469
-6.063119e-05
0.0001995108
0.000394295
0.0004800891
0.0004780508
0.0004776992
0.0007336982
0.001087221
0.001335561
0.001637107
0.002017795
0.002348671
0.002522398
0.002539318
0.002478721
0.002425659
0.002420002
0.002452125
0.002489885
0.002508557
0.002504119
0.002488276
0.002475356
0.002472508
0.002477917
0.002485323
0.002489502
0.002489124
0.002486112
0.00248324
0.002482161
0.002487282
0.002512182
0.002625821
0.002873949
0.003039964
0.002975895
0.002762155
0.00264287
0.002793509
0.003072853
0.003397781
0.00362989
0.003619232
0.003537848
0.00357546
0.003737297
0.003821624
0.003697409
0.003484983
0.003300242
0.003239699
0.003159007
0.002993088
0.002705118
0.002444339
0.002507568
0.002765686
0.003102158
0.003504613
0.003868497
0.004081373
0.004125364
0.004089245
0.00417752
0.004411783
0.004677299
0.004950339
0.005073364
0.005004733
0.004819507
0.004708123
0.004830353
0.005106899
0.005354738
0.005465239
0.005440173
0.0053878
0.00556638
0.006191298
0.007092812
0.007796805
0.007919221
0.007667272
0.007469526
0.007510501
0.007713622
0.007957932
0.008238837
0.008382055
0.008259271
0.00802755
0.007990751
0.008152911
0.008373097
0.008412106
0.008198384
0.00788132
0.007645263
0.007568105
0.007607264
0.007669354
0.007686075
0.00764558
0.007577385
0.007517552
0.007483502
0.007470004
0.00746567
0.007551252
0.007745388
0.007815151
0.00755686
0.006848175
0.005842123
0.004950088
0.004375843
0.003988061
0.003667112
0.003287172
0.002793727
0.002317622
0.002009036
0.001916704
0.001966038
0.002047349
0.002186788
0.00235049
0.002347791
0.002041968
0.001638306
0.001466405
0.001554671
0.001559633
0.00111911
0.0003364177
-0.0002690001
-0.0004521858
-0.0002549888
0.000150176
0.0005046514
0.0006766102
0.0007582267
0.000646389
0.0003466156
-5.759426e-05
-0.0004602444
-0.0007342831
-0.0008339366
-0.0008134211
-0.0008130256
-0.001045811
-0.00150724
-0.001967577
-0.002225144
-0.002251538
-0.002220594
-0.002321611
-0.00244107
-0.002501917
-0.002573305
-0.00256901
-0.002438391
-0.002326789
-0.002466476
-0.002910326
-0.003563054
-0.004177779
-0.004531555
-0.004588601
-0.004481206
-0.004464133
-0.004746159
-0.00522208
-0.00570622
-0.006055936
-0.006085689
-0.00584253
-0.005550372
-0.005490914
-0.005788034
-0.006153269
-0.006331206
-0.006378732
-0.00639938
-0.006434386
-0.006475952
-0.006502446
-0.006517337
-0.006618345
-0.006778992
-0.00681011
-0.006667189
-0.006429757
-0.006112415
-0.005843267
-0.00566644
-0.005465047
-0.005120939
-0.004761533
-0.004482886
-0.004248292
-0.004060375
-0.003952153
-0.003926537
-0.003900683
-0.003690328
-0.003244382
-0.002623842
-0.002007548
-0.001643971
-0.001697854
-0.001980527
-0.002256939
-0.002303966
-0.002069475
-0.001661062
-0.001232742
-0.0009873116
-0.0009388361
-0.001025517
-0.001037853
-0.0008758331
-0.0006319844
-0.0004479766
-0.0003920399
-0.0004367826
-0.0005091286
-0.0005469025
-0.000456142
-0.0002352728
-3.119478e-05
7.414437e-05
-2.748949e-05
-0.0002831596
-0.0006054017
-0.0008209125
-0.000708765
-0.0003295839
0.0002406457
0.0007739811
0.0009925412
0.0009660736
0.0008679393
0.0007295248
0.0005810288
0.0004858218
0.0005526256
0.0007090439
0.0007568966
0.0006757363
0.0006695796
0.0008464693
0.001014703
0.001086833
0.001141735
0.001215794
0.001287452
0.001325705
0.001285351
0.001066463
0.0007028255
0.00036447
0.00014499
-3.22069e-05
-0.0001562827
-0.0002876432
-0.0004838017
-0.0006891879
-0.0007660128
-0.0006360638
-0.0004937365
-0.0005064563
-0.0005937762
-0.0005266548
-0.0002636566
4.268835e-05
0.0002886745
0.0005262459
0.0006959767
0.0007144143
0.0006399009
0.0005397787
0.0004894801
0.0004069121
0.0002571933
9.345862e-05
-1.104407e-05
-3.496036e-05
-2.317581e-05
-0.0001039414
-0.0002825918
-0.0004643396
-0.0005556886
-0.0004745798
-0.0003792338
-0.0004730374
-0.0007327148
-0.0009955356
-0.00113385
-0.001112864
-0.0009214437
-0.0007183038
-0.0006928634
-0.0008214573
-0.0008727786
-0.0007063417
-0.0004421379
-0.0003625344
-0.000570566
-0.0009064142
-0.001126022
-0.001065606
-0.0008793897
-0.0007989455
-0.0008817298
-0.001076058
-0.001408907
-0.001878887
-0.002297283
-0.002574527
-0.002722219
-0.002775004
-0.002729852
-0.002583505
-0.0024843
-0.002479792
-0.002476908
-0.002500472
-0.002585479
-0.00269953
-0.002784015
-0.002811334
-0.002860836
-0.003112753
-0.003602489
-0.004117138
-0.004423293
-0.004393753
-0.004114646
-0.003891028
-0.003877033
-0.0040114
-0.004149794
-0.004194473
-0.004140148
-0.004032549
-0.003866976
-0.003696858
-0.00363971
-0.003638076
-0.003613913
-0.003539806
-0.003376762
-0.003173163
-0.002995401
-0.002794354
-0.002532186
-0.00227828
-0.002133742
-0.002190591
-0.002353831
-0.002518844
-0.002646243
-0.002619846
-0.00244503
-0.002404933
-0.002599238
-0.00291061
-0.003100014
-0.003067681
-0.002959403
-0.002876338
-0.002873933
-0.002903215
-0.002934397
-0.002921975
-0.002911944
-0.002920786
-0.002847222
-0.002669403
-0.002471145
-0.002339052
-0.002296703
-0.002307664
-0.002277727
-0.002098558
-0.001809214
-0.001549264
-0.00141699
-0.001410986
-0.001412949
-0.001333411
-0.001214699
-0.001108794
-0.001118223
-0.001184125
-0.001195867
-0.00114944
-0.00107214
-0.00107221
-0.001119291
-0.001128364
-0.00114431
-0.001204653
-0.0013403
-0.001491153
-0.001515071
-0.001344933
-0.001094778
-0.0009646498
-0.001004569
-0.001130792
-0.001226685
-0.001183149
-0.001041808
-0.0009536585
-0.000975269
-0.001058258
-0.001126496
-0.001138482
-0.00110129
-0.001061162
-0.001098931
-0.001172477
-0.001176644
-0.001095478
-0.001005953
-0.001011228
-0.001060254
-0.001075122
-0.001084043
-0.001061367
-0.000973062
-0.0008554108
-0.0007824558
-0.0008441805
-0.001021839
-0.001165646
-0.001120917
-0.000906327
-0.000666989
-0.0005253439
-0.0005037023
-0.0005151435
-0.0004336303
-0.0002822102
-0.0002090567
-0.0002334613
-0.0002306727
-0.0001461192
-2.533513e-05
2.552114e-05
-7.190437e-05
-0.0002546389
-0.0003637632
-0.0002836826
-7.339174e-05
0.0001251004
0.0002182044
0.0002126766
0.0002172117
0.0003563301
0.0005847081
0.0007381773
0.0007456557
0.0006631653
0.0006188026
0.0006542712
0.0006998235
0.0007510154
0.0008346872
0.0009276785
0.0009897324
0.001004357
0.0009850145
0.0009566741
0.0009260231
0.0008627616
0.0007887919
0.0007210122
0.0006630145
0.0006532747
0.0006755367
0.0007223669
0.0007881976
0.0008453172
0.0008715159
0.0008665668
0.0008466877
0.0008445516
0.0009064927
0.001015462
0.001108858
0.001144165
0.001124902
0.001100365
0.001132719
0.001218039
0.001318277
0.001403722
0.00144091
0.001429762
0.00138749
0.001370177
0.001392593
0.001426139
0.001438594
0.001420379
0.001402642
0.001427039
0.001479452
0.001494464
0.001422972
0.001296795
0.001182324
0.001116873
0.001074703
0.001016327
0.0009602784
0.000927258
0.0009182719
0.0009367048
0.000959609
0.0009394168
0.0008560368
0.0007287067
0.0006174383
0.000552303
0.0005174213
0.0004942563
0.0004735989
0.0004536066
0.0004285569
0.0003780218
0.0003053989
0.0002400454
0.0002043162
0.000189169
0.0001711905
0.0001510347
0.0001314172
0.0001212117
0.0001085469
8.602783e-05
6.176343e-05
4.576488e-05
2.930331e-05
-6.303211e-06
-6.437862e-05
-0.0001366959
-0.0001968138
-0.0002254649
-0.0002371352
-0.0002679565
-0.0003269662
-0.0003857491
-0.0004143425
-0.0004089911
-0.0003981283
-0.0004066763
-0.0004387739
-0.000466203
-0.000457781
-0.0004063791
-0.0003465393
-0.0003273734
-0.0003540561
-0.0003923102
-0.0004090637
-0.0003947307
-0.0003606489
-0.0003245225
-0.0002975009
-0.0002802938
-0.0002671386
-0.0002520908
-0.0002328659
-0.0002108619
-0.0001892708
-0.0001705884
-0.0001545104
-0.0001388293
-0.0001167771
-8.722766e-05
-6.349982e-05
-4.580386e-05
-2.346484e-05
3.718782e-06
2.374845e-05
3.234019e-05
3.420576e-05
3.31501e-05
4.115326e-05
6.496273e-05
9.641941e-05
0.00012326
0.0001406416
0.0001560532
0.0001761271
0.0001982798
0.0002167165
0.0002284556
0.0002344681
0.0002381765
0.0002428405
0.000251539
0.0002682224
0.0002897978
0.000310473
0.0003290146
0.0003440459
0.0003537972
0.0003584612
0.0003601361
0.0003612044
0.0003629857
0.0003656167
0.0003705618
0.0003776464
0.0003834335
0.0003862951
0.0003842908
0.0003796953
0.0003789923
0.0003874964
0.0004009498
0.0004116964
0.0004172876
0.0004183115
0.0004167185
0.0004146752
0.0004133467
0.000412616
0.0004117926
0.0004103607
0.0004077084
0.0004030337
0.0003994951
0.0004010711
0.000406118
0.000409475
0.0004113571
0.0004133208
0.0004145869
0.0004138983
0.0004111157
0.000407207
0.0004038412
0.0004020023
0.000400469
0.0003995775
0.0004001015
0.0004006318
0.000399293
0.0003956093
0.0003905094
0.0003852178
0.0003804404
0.000376218
0.0003722635
0.0003682803
0.0003641029
0.0003597527
0.0003554457
0.0003517978
0.0003487169
0.000345589
0.0003417488
0.0003369252
0.0003317271
0.0003269545
0.0003229357
0.0003195836
0.0003169183
0.0003144481
0.0003112404
0.0003072896
0.0003028655
0.0002983299
0.0002942251
0.0002910469
0.0002884343
0.0002855526
0.0002821577
0.0002782671
0.0002741956
0.0002703418
0.0002667599
0.0002630652
0.0002591712
0.0002554585
0.0002521555
0.0002492591
0.0002464308
0.0002435065
0.0002405342
0.0002376188
0.0002348306
0.0002321488
0.0002294108
0.0002265244
0.0002236765
0.0002209932
0.0002183866
0.0002157853
0.0002131677
0.0002104816
0.0002077403
0.0002050617
0.000202583
0.0002002952
0.0001980279
0.0001955983
0.0001929971
0.0001903434
0.0001877179
0.0001851787
0.0001827562
0.0001803641
0.0001779445
0.0001755035
0.0001730952
0.000170741
0.0001684138
0.0001660783
0.0001637182
0.0001613392
0.0001589458
0.0001565384
0.0001541347
0.0001517537
0.0001493984
0.0001470582
0.0001447139
0.0001423529
0.0001399862
0.0001376306
0.0001352879
0.000132952
0.0001306218
0.0001282989
0.0001259831
0.0001236722
0.0001213642
0.0001190573
0.0001167498
0.0001144438
0.0001121413
0.0001098434
0.0001075519
0.0001052651
0.0001029793
0.0001006961
9.841947e-05
9.614971e-05
9.388352e-05
9.161948e-05
8.935798e-05
8.710083e-05
8.484935e-05
8.260366e-05
8.036282e-05
7.812649e-05
7.589484e-05
7.366807e-05
7.144661e-05
6.923109e-05
6.702181e-05
6.481863e-05
6.262126e-05
6.042967e-05
5.824403e-05
5.606459e-05
5.389145e-05
5.172466e-05
4.956425e-05
4.74103e-05
4.526289e-05
4.312214e-05
4.098809e-05
3.88608e-05
3.674032e-05
3.462669e-05
3.251999e-05
3.042028e-05
2.832762e-05
2.624206e-05
2.416365e-05
2.209245e-05
2.00285e-05
1.797185e-05
1.592257e-05
1.38807e-05
1.184628e-05
9.819376e-06
7.800029e-06
5.788289e-06
3.784205e-06
