-8.157955e-05
-8.108323e-05
-8.06163e-05
-8.017027e-05
-7.975062e-05
-7.93474e-05
-7.897282e-05
-7.861949e-05
-7.829062e-05
-7.798027e-05
-7.769902e-05
-7.743974e-05
-7.720239e-05
-7.696451e-05
-7.670493e-05
-7.641818e-05
-7.614239e-05
-7.594699e-05
-7.592741e-05
-7.605514e-05
-7.632223e-05
-7.663856e-05
-7.694962e-05
-7.736423e-05
-7.795233e-05
-7.864004e-05
-7.934442e-05
-7.999562e-05
-8.063035e-05
-8.130744e-05
-8.209581e-05
-8.288356e-05
-8.305495e-05
-8.295815e-05
-8.374337e-05
-8.571503e-05
-8.800102e-05
-8.82047e-05
-8.389667e-05
-7.620677e-05
-6.998969e-05
-6.765443e-05
-6.975851e-05
-7.43608e-05
-7.596447e-05
-7.155589e-05
-6.332524e-05
-5.539455e-05
-5.060677e-05
-4.91975e-05
-4.949884e-05
-4.945553e-05
-4.796677e-05
-4.520921e-05
-4.373362e-05
-4.707613e-05
-5.043555e-05
-4.82963e-05
-4.088106e-05
-3.211799e-05
-2.567958e-05
-2.271281e-05
-2.198403e-05
-2.141773e-05
-1.961448e-05
-1.672729e-05
-2.170372e-05
-5.209725e-05
-0.0001043319
-0.00015542
-0.0001858321
-0.0001921786
-0.0001846569
-0.0001763235
-0.0001680686
-0.0001573704
-0.0001566606
-0.000170225
-0.0001900738
-0.0002058097
-0.0002125858
-0.0002122878
-0.0002106689
-0.0002115886
-0.0002027032
-0.0001587651
-8.002729e-05
1.470477e-06
5.384693e-05
6.648221e-05
4.111252e-05
1.737966e-06
-1.330483e-05
4.472244e-06
2.107678e-05
-1.088247e-05
-8.452208e-05
-0.0001474463
-0.0001825688
-0.0002053629
-0.0002076447
-0.0001756314
-0.0001043465
-1.054302e-05
6.996355e-05
0.0001164993
0.0001473363
0.0001669972
0.0001634015
0.0001417911
0.0001191346
0.0001084877
0.0001117994
0.0001227522
0.0001413002
0.0001811563
0.0002168899
0.0002173443
0.000169541
4.257026e-05
-0.0001440272
-0.0003147807
-0.0004098273
-0.0004237488
-0.0003933448
-0.0003533989
-0.0002970383
-0.0002121973
-8.997345e-05
4.783246e-05
0.0001566563
0.0002097554
0.0002137704
0.0001959909
0.0001826275
0.0001844492
0.0001797016
0.0001062097
-6.789793e-05
-0.0002853178
-0.0004737019
-0.000638147
-0.0007815298
-0.0008177703
-0.000722783
-0.0005719899
-0.0004304974
-0.0002784226
-0.0001150539
-1.525448e-05
1.610029e-05
5.340863e-05
0.0001291359
0.0002195059
0.000289971
0.0003814151
0.0005535525
0.0007599657
0.0009551353
0.001036022
0.0008971352
0.0006104129
0.0003447647
0.000216896
0.0002314837
0.0003153815
0.000387184
0.000406502
0.0003811524
0.0003437557
0.0003227847
0.0003211465
0.0002798972
0.0001125194
-0.0001383371
-0.0003624484
-0.0005219732
-0.0006129287
-0.000649038
-0.0006554983
-0.0006564256
-0.0006646855
-0.000691663
-0.0007885775
-0.0009690764
-0.00116491
-0.00128714
-0.001249186
-0.001057714
-0.0008298144
-0.0006710871
-0.0005465449
-0.0003338864
-1.611017e-05
0.0002959938
0.0004918253
0.0005860991
0.0007658566
0.001068429
0.001255985
0.001237147
0.00114592
0.001179163
0.001390332
0.001668207
0.00187455
0.001948435
0.001918249
0.001849703
0.001764111
0.001581768
0.001249172
0.0008619713
0.0005726982
0.0004582746
0.0004866089
0.0005677342
0.0006235034
0.0006258072
0.0005921059
0.0005566263
0.0005430556
0.0005539453
0.0005751228
0.0005533344
0.0004495024
0.0003167731
0.000210411
0.0002301698
0.0003189618
0.0003615437
0.0003966868
0.0004672202
0.0006136652
0.0008203494
0.0009335846
0.0008880625
0.00074973
0.0006217174
0.0005045648
0.0002587928
-0.0001238659
-0.000496949
-0.0007878672
-0.0009660459
-0.001037682
-0.001052824
-0.001146917
-0.00147528
-0.001940287
-0.002257736
-0.002298557
-0.002145991
-0.001967719
-0.001883362
-0.001901251
-0.001886272
-0.001710422
-0.001424286
-0.001170307
-0.001009077
-0.000746315
-0.0002310265
0.0004815171
0.001209497
0.001809797
0.002135342
0.002103259
0.001747859
0.00124101
0.0008275155
0.000649516
0.0006581797
0.0005845414
0.0001819678
-0.0004674967
-0.001064635
-0.00138273
-0.001403645
-0.001266482
-0.001135836
-0.001100588
-0.001119712
-0.001020093
-0.0007076951
-0.0001914223
0.0003785553
0.0007954294
0.0009609812
0.0009269971
0.0008223987
0.0007562684
0.0007658985
0.0008249355
0.0008846752
0.000908022
0.000778025
0.0002917682
-0.0004550631
-0.001131328
-0.001485979
-0.001443977
-0.0009961979
-0.0003129646
0.0001347453
-1.021923e-05
-0.0006249106
-0.001445384
-0.002276275
-0.00287281
-0.003224478
-0.003410723
-0.003506776
-0.003556088
-0.003497086
-0.003151422
-0.002484179
-0.001752904
-0.001257238
-0.001107521
-0.001205182
-0.001365826
-0.00145191
-0.001403048
-0.001074933
-0.0005009141
-0.0001260449
-0.0002791165
-0.0009247401
-0.001763194
-0.002296271
-0.002128981
-0.001316735
-0.0001308315
0.001249316
0.002742092
0.00420343
0.005319574
0.005889227
0.005946131
0.005449918
0.004274424
0.002691711
0.001196812
0.0001682074
-0.0002938073
-0.0004685803
-0.0006787732
-0.0009985068
-0.001298243
-0.001303877
-0.0008058697
4.002864e-05
0.0008231056
0.001237792
0.001234179
0.0008676853
0.0003140288
-0.0001317683
-0.0001705171
0.00021772
0.0007947606
0.001517424
0.002358866
0.003178461
0.003963077
0.004421844
0.004295835
0.003589262
0.002429521
0.0009064605
-0.0008047012
-0.002414856
-0.003593411
-0.004126372
-0.003978828
-0.003377995
-0.002609474
-0.001862336
-0.001045221
-0.0001155236
0.0008059982
0.001400868
0.001491372
0.001187231
0.0005945842
-0.0001547566
-0.0007650155
-0.001144832
-0.001281381
-0.001043135
-0.0003901235
0.0005465203
0.001679679
0.002824807
0.00380891
0.004419909
0.004472522
0.004099544
0.003658645
0.003427538
0.003457048
0.003624921
0.003773909
0.003815537
0.003688625
0.003257369
0.002495443
0.001660996
0.001074688
0.0007769598
0.0005533943
0.0002975269
-4.119372e-05
-0.0004204603
-0.0005042229
1.060935e-05
0.00111426
0.002444387
0.003484538
0.003944802
0.003897164
0.003538925
0.002930868
0.002155268
0.001454398
0.0009457951
0.0004401991
-0.0002233279
-0.0008224072
-0.0009027393
-0.000145529
0.00132701
0.002856901
0.003812838
0.004023677
0.003753147
0.003400104
0.00322202
0.003141151
0.002803138
0.001867847
0.0004118221
-0.001010362
-0.001877348
-0.002069629
-0.001838201
-0.001544767
-0.001423701
-0.001488677
-0.001509005
-0.001181528
-0.0005750528
-1.279288e-05
0.0001567559
-0.0001488852
-0.000474458
-0.0004789214
-4.599822e-05
0.0009063463
0.002130572
0.003145198
0.003635209
0.003616582
0.003238617
0.002673379
0.002043491
0.001287097
0.0002028665
-0.00129648
-0.002876025
-0.003926649
-0.004180684
-0.00368742
-0.002746637
-0.001849436
-0.001234673
-0.0008828929
-0.0007379083
-0.0008390906
-0.001161041
-0.001525724
-0.001810706
-0.002205851
-0.00272925
-0.003125563
-0.003247748
-0.003150761
-0.00293964
-0.002457943
-0.001522353
-0.0002901139
0.001056837
0.002287261
0.002984078
0.0029775
0.002512574
0.001905181
0.001486913
0.001283823
0.0008867433
0.0001995819
-0.0005769338
-0.001217121
-0.001408763
-0.0009282204
0.0001669089
0.001570728
0.00284806
0.00376459
0.004318093
0.004551208
0.004385399
0.003677824
0.002345458
0.0005810319
-0.001187551
-0.002489989
-0.003092057
-0.003118675
-0.002900555
-0.002691824
-0.002471374
-0.002105631
-0.001387205
-0.0004007639
0.0003943401
0.0003867045
-0.0005556999
-0.001802243
-0.002785471
-0.003433649
-0.003761073
-0.003599548
-0.00309002
-0.002457546
-0.001810439
-0.001308023
-0.0009172368
-0.0008006849
-0.001074645
-0.001547255
-0.001988401
-0.00245324
-0.003017289
-0.003450078
-0.003558436
-0.003270976
-0.002591613
-0.001829817
-0.001219217
-0.0007810994
-0.0003766896
2.825798e-05
0.0003576921
0.0006802192
0.001263746
0.002014639
0.00248718
0.002398427
0.001780495
0.0009817207
0.0003998318
0.0002812735
0.0006627156
0.001282003
0.001780416
0.001961501
0.001775646
0.001269632
0.0006000905
-8.655391e-05
-0.0004288579
-0.0001513369
0.0005998867
0.001715142
0.002959741
0.004028629
0.004616014
0.004442216
0.003729179
0.003087343
0.003018241
0.003393824
0.003781005
0.003935039
0.003731787
0.00330758
0.002822125
0.002319029
0.001906114
0.001700826
0.001813179
0.002236237
0.002745256
0.003078207
0.003028761
0.002586356
0.001985432
0.001297902
0.0004630045
-0.0004758499
-0.00148867
-0.002447099
-0.003007718
-0.002867855
-0.002228954
-0.001583699
-0.001403724
-0.001915359
-0.002800097
-0.003567843
-0.004028366
-0.004131976
-0.003919297
-0.003593631
-0.00334001
-0.003108583
-0.002830814
-0.002690684
-0.002812483
-0.002932768
-0.002687486
-0.002212218
-0.002028626
-0.002397904
-0.003201142
-0.003968025
-0.00429122
-0.00423658
-0.003838363
-0.002966072
-0.001501462
0.0006145951
0.003236694
0.006016269
0.008460401
0.01009644
0.01073655
0.01050325
0.009792495
0.00893555
0.008035688
0.007055578
0.005892374
0.004395351
0.002625807
0.0008416942
-0.0007591361
-0.002093932
-0.00304383
-0.003466102
-0.003171432
-0.002054112
-0.0002971837
0.001837703
0.004160342
0.006435145
0.008143176
0.008752345
0.008175685
0.006820672
0.005313787
0.004098794
0.003079811
0.001970172
0.0007057134
-0.000611891
-0.001926855
-0.002915157
-0.003131201
-0.002336257
-0.000756788
0.0009446498
0.002124797
0.002319432
0.00151255
0.0002783654
-0.0005536842
-0.0007262675
-0.0005956554
-0.0005322139
-0.0006888061
-0.001188514
-0.001953413
-0.00271006
-0.003405859
-0.004064986
-0.004702585
-0.005328166
-0.005939615
-0.006420671
-0.006559823
-0.00626332
-0.005628858
-0.004843455
-0.003958855
-0.00288825
-0.00148199
0.0001307324
0.001802678
0.003637339
0.005725415
0.007776015
0.009400494
0.01038422
0.01057544
0.009821171
0.008067527
0.005279012
0.001605238
-0.002502503
-0.006394824
-0.009321459
-0.01079823
-0.01082468
-0.009785338
-0.008221586
-0.006859312
-0.006001413
-0.005214377
-0.003870791
-0.001799442
0.0003802142
0.001732718
0.001906514
0.001266468
0.0003516297
-0.0004368895
-0.001073983
-0.001716292
-0.002348017
-0.002893851
-0.003258096
-0.003103115
-0.00223734
-0.0008384476
0.000597075
0.001445388
0.001433651
0.0006653978
-0.000422771
-0.00117464
-0.001204008
-0.0006324696
4.102029e-05
0.0004176831
0.0002038624
-0.000658103
-0.002059301
-0.003819584
-0.005533343
-0.006719671
-0.007186165
-0.007115455
-0.006869735
-0.006824634
-0.007180096
-0.007583096
-0.007460003
-0.006783562
-0.005858224
-0.004838644
-0.003643159
-0.002157719
-0.0003922699
0.001406411
0.002805954
0.003770234
0.004706151
0.006014519
0.007678465
0.009283185
0.01034904
0.01058198
0.009933934
0.00841356
0.00598282
0.002714684
-0.0009376865
-0.004337312
-0.006852516
-0.008092963
-0.007950674
-0.006657076
-0.004563929
-0.002151518
1.754185e-05
0.001650164
0.002836082
0.003843495
0.004767229
0.005487359
0.005889429
0.006036389
0.006196701
0.006426546
0.006339688
0.005768047
0.005002446
0.004476717
0.004555815
0.005304277
0.006379879
0.007391563
0.008075463
0.008388924
0.008536782
0.008591876
0.008392708
0.007647117
0.006321011
0.004689416
0.003212619
0.002402618
0.002297868
0.002358036
0.00197938
0.0009406805
-0.0005029538
-0.001933119
-0.003260238
-0.004484536
-0.005446944
-0.005926296
-0.005650626
-0.004465165
-0.002584939
-0.0005039967
0.001195122
0.002250977
0.002780711
0.00313922
0.003595436
0.00425771
0.004957336
0.005444367
0.00561041
0.005427559
0.004844567
0.003977122
0.003167951
0.002712962
0.002751928
0.003097399
0.003323655
0.003132484
0.002514438
0.001667164
0.00083847
0.0002895451
0.0002178856
0.0005125922
0.0009078617
0.001391459
0.001976756
0.002543098
0.003065776
0.003553728
0.003909974
0.003936887
0.00360102
0.003104127
0.002574095
0.002017588
0.001261868
0.0002817592
-0.0006311575
-0.001182403
-0.001137617
-4.681265e-05
0.002148213
0.005054683
0.007935272
0.009979784
0.01078877
0.01043292
0.009306894
0.0079045
0.0065779
0.005420516
0.004430383
0.003750379
0.003355376
0.003101494
0.002976455
0.003032823
0.003102653
0.003036826
0.002855391
0.002601302
0.002227215
0.00172281
0.001103374
0.0005098516
0.0001783377
0.0001669047
0.0001588469
-2.793659e-05
-0.0004295805
-0.000811585
-0.000942234
-0.0009411545
-0.0009712487
-0.001173711
-0.001626142
-0.002071013
-0.002144337
-0.001731915
-0.0008800341
0.0002727711
0.001562567
0.002856339
0.004123694
0.005423534
0.006876857
0.008423591
0.009699141
0.01038737
0.01035216
0.00949284
0.00772497
0.005386197
0.00317736
0.001440472
0.0001294887
-0.0009992478
-0.002146518
-0.003228615
-0.004253103
-0.00512596
-0.005747597
-0.006152654
-0.006385741
-0.006492861
-0.006526924
-0.006508912
-0.006332058
-0.005958257
-0.005563948
-0.005435829
-0.005551444
-0.005621895
-0.005323023
-0.004529767
-0.00353454
-0.002780312
-0.002491483
-0.002585122
-0.002815023
-0.002966642
-0.00296242
-0.002767666
-0.002285828
-0.001818374
-0.001594008
-0.001558897
-0.00154745
-0.001335819
-0.0009053389
-0.0003787648
0.0002579399
0.001033584
0.001784335
0.002221014
0.002201594
0.001858464
0.001291083
0.0007984986
0.0006292181
0.0008293873
0.001343814
0.002080674
0.003048588
0.004187935
0.005457346
0.006718788
0.00790099
0.009036563
0.01001068
0.0105207
0.01050909
0.01002817
0.009121519
0.008034853
0.006941783
0.005860052
0.004748652
0.003751912
0.00311087
0.002678183
0.001953982
0.0004384552
-0.001929726
-0.004800776
-0.007698151
-0.01012632
-0.01187209
-0.01306726
-0.01379595
-0.01388539
-0.01302163
-0.01115126
-0.008580388
-0.005775905
-0.003187402
-0.001031917
0.0006371757
0.001723291
0.002254955
0.002538023
0.002835228
0.003066656
0.003251522
0.003781545
0.004955117
0.006753365
0.008853483
0.0108161
0.01236634
0.01340933
0.01408433
0.01458721
0.01497885
0.01519796
0.01505085
0.01433936
0.01296834
0.01101828
0.008476302
0.005596995
0.00283334
0.0005476252
-0.001246542
-0.002955281
-0.004710967
-0.006307
-0.007507872
-0.008309688
-0.008803744
-0.009064756
-0.009125214
-0.008912979
-0.008501019
-0.008111837
-0.00797021
-0.008225408
-0.008880902
-0.009907625
-0.01107571
-0.01205652
-0.01250308
-0.01238043
-0.01184475
-0.01089667
-0.009454252
-0.0074329
-0.004908487
-0.001958074
0.0009977027
0.003352394
0.004777505
0.005368081
0.00552666
0.005954293
0.007026035
0.008611354
0.01031709
0.01155488
0.01186385
0.01143498
0.01070344
0.0101194
0.009815462
0.009515917
0.008978181
0.008390421
0.007952091
0.007394482
0.006453095
0.005149751
0.003854643
0.002893057
0.002334038
0.002205304
0.002379373
0.002736452
0.003194818
0.003601474
0.003846116
0.004022733
0.00429007
0.004632334
0.004911526
0.004945125
0.004747231
0.004486366
0.00431665
0.004275102
0.004198977
0.00392942
0.003570029
0.00338732
0.003459688
0.003694252
0.004076966
0.00466526
0.005233329
0.005475312
0.005387951
0.005327754
0.005717688
0.00667969
0.007933956
0.00926535
0.01064585
0.01204326
0.01337834
0.01446713
0.01512757
0.01531848
0.01501525
0.01426173
0.01331957
0.01234439
0.01118103
0.00972172
0.008053533
0.006239002
0.004359331
0.002449873
0.0006266943
-0.0008937309
-0.002099233
-0.002934071
-0.003505667
-0.004096786
-0.004816901
-0.005747532
-0.007150653
-0.00925063
-0.01206048
-0.01531492
-0.01856727
-0.02125639
-0.02329701
-0.02496842
-0.0264611
-0.02784498
-0.02892163
-0.02954215
-0.02956597
-0.02900704
-0.02821097
-0.02760904
-0.02750247
-0.02803057
-0.02900769
-0.02995645
-0.030482
-0.03050518
-0.03005052
-0.02906913
-0.02778801
-0.02668786
-0.02603105
-0.02568864
-0.02548318
-0.02529425
-0.02486155
-0.02391589
-0.02261485
-0.0213511
-0.02039922
-0.01979155
-0.01948869
-0.01951423
-0.0198594
-0.02043502
-0.02109525
-0.02164125
-0.02212013
-0.02320062
-0.0255963
-0.02962877
-0.03511729
-0.04136485
-0.04761794
-0.05331814
-0.05827678
-0.06250289
-0.06603125
-0.06892986
-0.07098655
-0.07200252
-0.0722466
-0.07197004
-0.07128287
-0.07014835
-0.06835928
-0.06564238
-0.06214934
-0.05831237
-0.05445683
-0.05069345
-0.04693513
-0.04287438
-0.03813546
-0.03275285
-0.02724719
-0.02200332
-0.01693428
-0.01182284
-0.006581868
-0.001324634
0.003659115
0.00820767
0.01233019
0.01586378
0.01862394
0.02049555
0.02159897
0.02216609
0.02248659
0.02286636
0.02337447
0.02395123
0.02456437
0.02529236
0.02654166
0.02867623
0.03173355
0.03547573
0.03920131
0.04212914
0.04387651
0.04452989
0.04452127
0.04421604
0.04352975
0.04206226
0.03952299
0.03612893
0.03238567
0.0285344
0.0245771
0.02067252
0.01712944
0.01410324
0.01150579
0.009223369
0.007227194
0.005473369
0.003821507
0.002315299
0.001219037
0.000714866
0.0008831675
0.001864367
0.003848044
0.006841543
0.01052535
0.0142937
0.01748825
0.01966168
0.02051145
0.01977122
0.01706932
0.0121819
0.00539072
-0.002598948
-0.01082239
-0.01853644
-0.02533451
-0.03104766
-0.03544124
-0.0383658
-0.04004488
-0.04110654
-0.04203424
-0.0430082
-0.04390555
-0.04457784
-0.04506559
-0.04542256
-0.045652
-0.04576168
-0.04579207
-0.04588473
-0.04620339
-0.04676656
-0.0475843
-0.04864092
-0.04977201
-0.0506574
-0.05099094
-0.05048716
-0.04871556
-0.04508022
-0.03934764
-0.03184681
-0.02317929
-0.01389866
-0.004272884
0.005617453
0.01572202
0.02587697
0.03590294
0.0457309
0.05543249
0.06521517
0.07514639
0.08481432
0.09318613
0.09893236
0.1009906
0.09888001
0.09269004
0.08294568
0.06998549
0.05396689
0.03575553
0.0173177
0.001095409
-0.01132857
-0.01981923
-0.02485354
-0.0271144
-0.02728888
-0.02602209
-0.02389628
-0.02121656
-0.01801789
-0.01417506
-0.009630437
-0.004498755
0.001062899
0.006770333
0.01215403
0.01654578
0.01946593
0.02125484
0.02278668
0.02476375
0.02722151
0.02949388
0.03081187
0.03072876
0.02912316
0.02610354
0.02221365
0.01827702
0.01497262
0.01292061
0.01257124
0.01376316
0.01584129
0.01796966
0.01962132
0.02075342
0.02136704
0.02110103
0.01931397
0.01510212
0.007807399
-0.002411214
-0.01456068
-0.02751152
-0.04068706
-0.05384807
-0.06635598
-0.07703732
-0.08488468
-0.08977197
-0.09242451
-0.0936564
-0.09379167
-0.0926517
-0.08947046
-0.08353637
-0.07468196
-0.06324551
-0.04944557
-0.03346347
-0.01589773
0.002320348
0.01999338
0.03595177
0.04924602
0.05944486
0.06678539
0.07186387
0.07536177
0.07759728
0.07842747
0.07779672
0.07582453
0.07264277
0.06810801
0.06204207
0.0545276
0.04604307
0.03755426
0.03015785
0.02470624
0.02158626
0.02041965
0.02027711
0.02049371
0.02082707
0.02114605
0.02135197
0.02135468
0.0209311
0.01964994
0.01687085
0.01193751
0.004423554
-0.005568286
-0.01718868
-0.02904338
-0.03968544
-0.04830555
-0.0546121
-0.05862457
-0.06056576
-0.06041059
-0.05789284
-0.05274009
-0.04499865
-0.03512605
-0.0235945
-0.010917
0.002139751
0.01481208
0.02664005
0.03739405
0.04664709
0.05381467
0.05850835
0.06053036
0.05997854
0.05735428
0.05313726
0.04746151
0.04024442
0.03146937
0.02135802
0.01045239
-0.0005677117
-0.01122593
-0.02125058
-0.03030551
-0.03794691
-0.04365332
-0.0471562
-0.04847068
-0.04768229
-0.04500976
-0.04052941
-0.03425108
-0.02664751
-0.01878294
-0.0119758
-0.007321725
-0.005363089
-0.005989198
-0.008757873
-0.01318275
-0.0186047
-0.02402391
-0.02850859
-0.03161951
-0.03338136
-0.0341694
-0.03433675
-0.03407045
-0.03331132
-0.0320795
-0.03057744
-0.02885672
-0.02647507
-0.02284448
-0.01753699
-0.0104376
-0.001934852
0.007266822
0.01643936
0.02495714
0.03229185
0.03783771
0.04099865
0.04144081
0.03896746
0.03364427
0.02592407
0.01656384
0.006419145
-0.003736076
-0.01323373
-0.02138377
-0.02754493
-0.03137048
-0.03279196
-0.03196675
-0.02934715
-0.02593863
-0.02297432
-0.0213691
-0.02126385
-0.02213229
-0.02321858
-0.02401132
-0.02418028
-0.02319869
-0.0202667
-0.0146983
-0.006131514
0.005046474
0.01781329
0.03082111
0.04326782
0.05512429
0.0663994
0.07706985
0.08706784
0.09596956
0.1030439
0.1080071
0.1110272
0.1123007
0.1119518
0.1100463
0.1068588
0.1025496
0.09721895
0.09104789
0.08421663
0.07703054
0.07001066
0.0635215
0.05777635
0.05318635
0.05009569
0.048275
0.0471405
0.04588076
0.04385391
0.04081883
0.03682091
0.03207576
0.02723261
0.02287091
0.01905541
0.01567896
0.01261575
0.009904875
0.007801794
0.00643639
0.005543746
0.004710565
0.003742153
0.00255746
0.0009650603
-0.001245784
-0.004155771
-0.0081032
-0.01362451
-0.02064342
-0.02822544
-0.03517055
-0.04047836
-0.043082
-0.04189367
-0.03619765
-0.02617039
-0.01307599
0.001154751
0.01462927
0.02611524
0.03497897
0.04095649
0.0439363
0.04399395
0.04160672
0.03740412
0.03189915
0.02522907
0.01724736
0.007965102
-0.002324615
-0.01330209
-0.02450901
-0.03556102
-0.04639931
-0.05700465
-0.06720668
-0.07673716
-0.08526406
-0.0926194
-0.09880398
-0.1038628
-0.1077962
-0.1105365
-0.1118632
-0.1112636
-0.1082369
-0.1024845
-0.09367306
-0.08174944
-0.06686922
-0.04941155
-0.0302691
-0.0106264
0.008157111
0.02477782
0.03826252
0.04777125
0.05277852
0.0534857
0.05078408
0.0458631
0.03985381
0.03346084
0.02706017
0.02086501
0.01490563
0.009028892
0.002723743
-0.00442662
-0.01216162
-0.01984205
-0.02706546
-0.03348491
-0.03863798
-0.04212824
-0.0434484
-0.04220182
-0.03873615
-0.03401498
-0.02914167
-0.02514677
-0.02273105
-0.02190749
-0.02211125
-0.02276289
-0.0235213
-0.02409623
-0.02410968
-0.02320866
-0.02129099
-0.01847162
-0.01496685
-0.01086006
-0.005918935
0.0002864058
0.00774732
0.01585016
0.02373821
0.0308748
0.03721415
0.04288561
0.0479337
0.05242216
0.05664789
0.06115165
0.06628381
0.07200718
0.07790862
0.08337325
0.08789233
0.0912458
0.09288677
0.09183522
0.08716174
0.07815139
0.06444628
0.0466158
0.02654241
0.006636567
-0.01100136
-0.02499201
-0.03463893
-0.03975491
-0.04051538
-0.03714485
-0.0299678
-0.01978587
-0.007737897
0.005044147
0.01745068
0.02841812
0.03704024
0.04284259
0.04591544
0.04677214
0.0460168
0.04407783
0.04122123
0.03758758
0.03344178
0.02935712
0.02602826
0.02395301
0.02320379
0.02360467
0.02468045
0.02584418
0.02672924
0.02732134
0.02763705
0.02727308
0.02555427
0.02225908
0.01769694
0.01241731
0.007263165
0.00289062
-0.0004877111
-0.002972684
-0.00501399
-0.007335704
-0.01070175
-0.01560059
-0.02210966
-0.02989044
-0.03824064
-0.04635413
-0.05351434
-0.05941226
-0.06410573
-0.06773849
-0.07027955
-0.07135955
-0.07031574
-0.06646795
-0.05968381
-0.05057978
-0.04033366
-0.0303593
-0.02175865
-0.01473026
-0.008666321
-0.002746249
0.003534
0.01012481
0.01645606
0.02179286
0.0255427
0.02723287
0.02659571
0.02378335
0.01915152
0.01318499
0.00659919
0.0003879639
-0.004393396
-0.007296323
-0.008692008
-0.009091171
-0.008784
-0.007706937
-0.005505292
-0.002131992
0.002215742
0.007197572
0.01211316
0.01621227
0.0190788
0.02062757
0.02100318
0.02062056
0.01988567
0.01886206
0.01752299
0.01599318
0.0144602
0.01304284
0.01174222
0.01046496
0.009136734
0.007803543
0.006694922
0.006036284
0.005842738
0.005890072
0.005850955
0.005719201
0.005657132
0.005720472
0.005853307
0.006011205
0.006329257
0.007026423
0.008159747
0.009580243
0.01105653
0.01249621
0.01393956
0.01521093
0.01604662
0.01630611
0.01586947
0.01461167
0.01256836
0.009790339
0.006083458
0.001274334
-0.004645253
-0.01140121
-0.0184838
-0.02527446
-0.03128546
-0.03606424
-0.03935089
-0.04110387
-0.04146721
-0.04056391
-0.03847129
-0.03515825
-0.03056636
-0.02464347
-0.0175762
-0.009965561
-0.002945455
0.002175384
0.00484743
0.005607183
0.005470804
0.005324687
0.005779198
0.007051542
0.008825128
0.01047225
0.01145038
0.01162671
0.01102258
0.009355371
0.006136004
0.00109675
-0.005354786
-0.01190659
-0.01708607
-0.01992591
-0.02035779
-0.01927698
-0.01764672
-0.01576506
-0.01355084
-0.01090349
-0.008028912
-0.00535538
-0.003461302
-0.002718026
-0.003078245
-0.00431773
-0.006101108
-0.008231573
-0.01050899
-0.01260245
-0.01429116
-0.01558678
-0.01653693
-0.01717513
-0.0176324
-0.01796472
-0.0184045
-0.01910114
-0.02008009
-0.02141414
-0.02299232
-0.02444928
-0.02544528
-0.02548642
-0.02390121
-0.01995686
-0.01353822
-0.005341273
0.003481053
0.01191794
0.0194047
0.02571118
0.0306566
0.03403796
0.03563603
0.03531962
0.03295838
0.0284942
0.02218456
0.01436644
0.005620584
-0.003240567
-0.01147222
-0.01848329
-0.02394423
-0.02777511
-0.03001692
-0.03088427
-0.03062592
-0.02933783
-0.02700493
-0.02368962
-0.01952818
-0.01473099
-0.009518314
-0.004090601
0.001169625
0.005761876
0.009143917
0.01100871
0.01147264
0.01101124
0.01023443
0.009449706
0.008737452
0.008099607
0.007385895
0.006527351
0.005624955
0.004793315
0.0042867
0.004418302
0.005365642
0.007228278
0.01001456
0.01343822
0.01702718
0.02045179
0.02342966
0.02564258
0.02689021
0.02737652
0.02760736
0.02802083
0.02885946
0.03011726
0.03170534
0.0334922
0.03523215
0.03661975
0.03742529
0.03766712
0.03757932
0.03743568
0.03736779
0.03714663
0.03636914
0.03473453
0.03208305
0.02845813
0.02415652
0.01968293
0.01542484
0.01137736
0.007306026
0.003007922
-0.001659986
-0.006677953
-0.01176698
-0.01652405
-0.02059896
-0.02363673
-0.02549589
-0.02642149
-0.02678086
-0.02677399
-0.02637877
-0.02554299
-0.02421462
-0.02234652
-0.02001055
-0.01735282
-0.01424752
-0.0105079
-0.006257523
-0.001599173
0.003310005
0.008213006
0.01273246
0.01651077
0.01943177
0.02132523
0.02211649
0.02209067
0.02156879
0.02057845
0.01901834
0.01702184
0.01482385
0.01255651
0.01036009
0.008319322
0.006559723
0.005021108
0.003361104
0.00129918
-0.001212154
-0.004152818
-0.007533112
-0.01137785
-0.01544275
-0.01938603
-0.02309502
-0.02652474
-0.02956741
-0.0319584
-0.03354375
-0.03438433
-0.03452563
-0.03403448
-0.03319699
-0.03228697
-0.03124444
-0.02966483
-0.02737252
-0.02468471
-0.02200759
-0.0199324
-0.01872913
-0.01811339
-0.01767245
-0.01714166
-0.01662154
-0.01615149
-0.01551199
-0.01435425
-0.0124365
-0.009730894
-0.006508859
-0.003073221
0.0004521302
0.004068067
0.00779026
0.01156729
0.01522525
0.0185478
0.02108014
0.02275538
0.02387753
0.02453158
0.02476914
0.02484823
0.02485722
0.02469806
0.02413475
0.02287884
0.02085025
0.01820065
0.01509024
0.01170125
0.008344146
0.005288781
0.002654239
0.0004970692
-0.001269442
-0.002919408
-0.00467042
-0.006611535
-0.008667981
-0.01080873
-0.01308008
-0.01550419
-0.01796818
-0.02013321
-0.02152859
-0.02196581
-0.02184402
-0.02167284
-0.02180151
-0.02233765
-0.02313204
-0.02407224
-0.02521833
-0.02668633
-0.02835606
-0.02988237
-0.03079213
-0.03065268
-0.02920712
-0.0263791
-0.02211218
-0.01616548
-0.008326269
0.00114383
0.01144654
0.02144288
0.03004153
0.03668105
0.04136936
0.04441644
0.04623329
0.04720358
0.04777112
0.04829165
0.04883106
0.04938006
0.04992646
0.05036498
0.05060296
0.05063208
0.05042827
0.04996286
0.0490305
0.04722766
0.04457432
0.04136694
0.03772624
0.03359089
0.02908074
0.02465476
0.02073901
0.01761494
0.01535891
0.01381743
0.01280438
0.01220832
0.01190033
0.0115981
0.01095819
0.009699408
0.007723758
0.005201256
0.002460337
-0.0002010822
-0.002530463
-0.00435565
-0.00557477
-0.006188062
-0.006302288
-0.005891421
-0.005042238
-0.004001775
-0.002948208
-0.002104746
-0.001780122
-0.002043174
-0.002729779
-0.003543969
-0.004421453
-0.005713395
-0.00758674
-0.00990563
-0.01245398
-0.0150974
-0.01784709
-0.02060489
-0.02336997
-0.02622728
-0.02918762
-0.03197775
-0.03465577
-0.03760322
-0.04112216
-0.04535065
-0.05013946
-0.05509403
-0.0599731
-0.0647931
-0.06967349
-0.07469548
-0.07977929
-0.08465651
-0.08903523
-0.09271304
-0.09571409
-0.09822843
-0.100375
-0.1020993
-0.1032323
-0.1037217
-0.1036424
-0.1029585
-0.1014424
-0.09870628
-0.09422854
-0.08759111
-0.07887553
-0.06874757
-0.05789634
-0.04661325
-0.03496056
-0.02268279
-0.009762722
0.003133933
0.01508188
0.02558133
0.03493511
0.04367298
0.05209637
0.06017809
0.06772013
0.07463902
0.08093352
0.08641333
0.09079639
0.09402931
0.09589654
0.09582885
0.09348266
0.08898999
0.08271973
0.07539518
0.06798102
0.06125039
0.0554975
0.05065146
0.04661865
0.04349278
0.04157881
0.04095725
0.04135772
0.04236634
0.04360849
0.04494016
0.04645274
0.04810408
0.04953859
0.05034862
0.05020758
0.04880418
0.04608505
0.0423718
0.03808383
0.03369867
0.0297349
0.02638977
0.02328021
0.02002394
0.01644814
0.01251402
0.008667814
0.005519717
0.003301441
0.002009509
0.001474918
0.001452731
0.001691138
0.001756448
0.001264259
3.160772e-05
-0.001955879
-0.004369127
-0.006846209
-0.009101625
-0.01076431
-0.01152305
-0.01117137
-0.009599915
-0.006776844
-0.00280336
0.001902185
0.006588369
0.01054826
0.01347023
0.01533987
0.01638322
0.01691961
0.01708035
0.0170075
0.01677102
0.01608158
0.01445765
0.01184258
0.008691668
0.005569912
0.002791131
0.0003357568
-0.001990563
-0.004259869
-0.006320094
-0.007921454
-0.00898962
-0.009767715
-0.01047813
-0.0111009
-0.01152045
-0.01169229
-0.011681
-0.01160457
-0.01156598
-0.01154845
-0.01122589
-0.01032451
-0.009058306
-0.007851858
-0.007170228
-0.007374862
-0.008584667
-0.01067516
-0.01342456
-0.01650664
-0.01951972
-0.02206107
-0.02373723
-0.02430591
-0.02391591
-0.02282452
-0.02125634
-0.01918665
-0.01644612
-0.01310855
-0.009751209
-0.00713984
-0.00589566
-0.006231126
-0.008109916
-0.01140639
-0.01581218
-0.02085538
-0.02606548
-0.03087489
-0.03458124
-0.03693776
-0.03804346
-0.03808681
-0.0373532
-0.03619825
-0.03498783
-0.03394553
-0.0329828
-0.03209603
-0.0312902
-0.03018164
-0.02812527
-0.02448072
-0.01872526
-0.01079865
-0.001502269
0.007648276
0.01525068
0.02053174
0.02365499
0.02529097
0.02599348
0.02599776
0.0253218
0.02389461
0.02186169
0.019509
0.01720985
0.01565573
0.01540453
0.01663236
0.01913376
0.0226032
0.02667863
0.0308919
0.03466767
0.03748076
0.03912586
0.0397766
0.03993518
0.03987591
0.03931625
0.03787695
0.03534639
0.03176504
0.0272712
0.02204739
0.01621862
0.01004587
0.003955973
-0.001865434
-0.007411555
-0.01242398
-0.01654782
-0.01973053
-0.02222864
-0.02422464
-0.02592766
-0.02758796
-0.0292258
-0.03057378
-0.03136137
-0.03157536
-0.03140074
-0.03098184
-0.03044973
-0.02981906
-0.02899413
-0.02792002
-0.02668775
-0.02554925
-0.0246486
-0.02397002
-0.02344869
-0.02318276
-0.02327604
-0.02380578
-0.02483057
-0.02642011
-0.02861674
-0.03152346
-0.03514623
-0.03911168
-0.04296213
-0.0463622
-0.04915747
-0.05124253
-0.05261778
-0.05338474
-0.0534874
-0.05298983
-0.05207997
-0.05072117
-0.04873374
-0.04596457
-0.04247832
-0.03855773
-0.03462713
-0.0312139
-0.02870414
-0.02706028
-0.02588803
-0.02474123
-0.02338329
-0.02170182
-0.01949949
-0.0164768
-0.0124566
-0.007608505
-0.00245837
0.002360292
0.00626971
0.008716576
0.009533237
0.009089684
0.007815894
0.005769873
0.002732473
-0.001230341
-0.005649365
-0.01000965
-0.01402649
-0.01755394
-0.02039535
-0.02233565
-0.0234507
-0.02403471
-0.02434252
-0.02452715
-0.02465534
-0.02474272
-0.02478935
-0.02484437
-0.02510609
-0.02573372
-0.02656134
-0.027241
-0.02755496
-0.02748726
-0.02699434
-0.02588981
-0.02401968
-0.02133588
-0.0179594
-0.01416098
-0.0103134
-0.007007067
-0.004786475
-0.003662282
-0.003339457
-0.003608644
-0.004473977
-0.005997042
-0.007809115
-0.0093869
-0.01042577
-0.01100483
-0.01118612
-0.01083528
-0.009970491
-0.008799885
-0.007782684
-0.007139707
-0.006769811
-0.00650756
-0.00639562
-0.006448402
-0.006684393
-0.007229464
-0.008070198
-0.009099546
-0.01036544
-0.01192311
-0.01384249
-0.01611782
-0.01864565
-0.02128345
-0.02382855
-0.02609663
-0.02814688
-0.03025445
-0.03258487
-0.03492555
-0.0370644
-0.03896223
-0.04062019
-0.04205172
-0.04309062
-0.04351198
-0.04340247
-0.04308364
-0.04285458
-0.042839
-0.04297649
-0.04314258
-0.04336691
-0.04373249
-0.04430742
-0.04511147
-0.0458432
-0.04613069
-0.04582591
-0.04510068
-0.04423747
-0.04347009
-0.04285214
-0.04232854
-0.04178813
-0.04117979
-0.04047075
-0.03957118
-0.03832625
-0.03641219
-0.03354515
-0.02960636
-0.02465076
-0.01896758
-0.01281078
-0.006450551
2.346651e-05
0.006562874
0.01292056
0.01883605
0.02422387
0.02907502
0.03348416
0.03769871
0.04181416
0.0459309
0.05013295
0.0544343
0.05866748
0.06242642
0.06529421
0.06712425
0.06802523
0.06829101
0.06820988
0.06784068
0.06698695
0.06531179
0.0627367
0.0594383
0.05571199
0.05176691
0.04756202
0.042906
0.0376618
0.03208003
0.02669342
0.02185236
0.01759997
0.01373994
0.01009473
0.006783583
0.004017867
0.001792917
1.494579e-05
-0.001360446
-0.00225969
-0.002483967
-0.001810887
-0.0002052651
0.002422782
0.006146485
0.0108029
0.01608439
0.02160751
0.02693153
0.0319781
0.03674856
0.04093875
0.04408325
0.04588729
0.04667757
0.04679928
0.04618171
0.04477112
0.04254974
0.0395244
0.03561652
0.03068343
0.02481987
0.0185015
0.01237818
0.006954209
0.002511405
-0.0008918434
-0.003160704
-0.00404183
-0.003422838
-0.001550892
0.001063218
0.004036873
0.007235662
0.0105089
0.01363624
0.01646442
0.01883322
0.02050659
0.02136792
0.02160067
0.02164806
0.02172717
0.02172878
0.02130916
0.0201901
0.01824797
0.01562714
0.01286582
0.0105259
0.008828899
0.007713925
0.007230807
0.007477963
0.008418913
0.01006955
0.01265922
0.01625183
0.0206191
0.0252345
0.02938249
0.03248061
0.03438234
0.0353246
0.03577449
0.03594954
0.03578555
0.03528282
0.03455299
0.03384629
0.03339795
0.0332705
0.03342254
0.03383035
0.034478
0.03540723
0.03648445
0.03757882
0.03874366
0.04008719
0.04140028
0.04246097
0.04337909
0.04420288
0.04482866
0.04516715
0.04532361
0.04526651
0.04456336
0.04312591
0.04112961
0.03867793
0.0359447
0.03296025
0.02951993
0.02552808
0.02108275
0.01652205
0.01214019
0.008118218
0.00460978
0.001646345
-0.0007130339
-0.002497187
-0.003858757
-0.004808677
-0.005327985
-0.005479548
-0.00528032
-0.004546638
-0.003064401
-0.0008581724
0.001797251
0.00456623
0.007232766
0.009467362
0.01088335
0.01135983
0.0109247
0.009862494
0.00849736
0.007023951
0.005582674
0.004261616
0.003201674
0.002576141
0.002547383
0.003144803
0.004116422
0.005262111
0.006432675
0.007487218
0.008281116
0.008717412
0.008797561
0.008537554
0.00803961
0.007401003
0.006786109
0.006336804
0.005927651
0.005334159
0.004639167
0.004191287
0.004041465
0.003922319
0.003418907
0.002373659
0.0009119588
-0.0005821591
-0.001846632
-0.002892527
-0.003820402
-0.004588591
-0.005152373
-0.0055478
-0.005549391
-0.004739883
-0.002877584
-6.016133e-05
0.003291853
0.006776044
0.01001751
0.01270945
0.0146638
0.01576064
0.01625111
0.01636782
0.01610276
0.01549122
0.01479958
0.01414075
0.01346026
0.01287632
0.01231779
0.01154021
0.01030053
0.008696486
0.007123945
0.005828379
0.004864286
0.004039021
0.003112081
0.002061188
0.0009468069
1.274983e-05
-0.000656883
-0.001401401
-0.002662649
-0.004681532
-0.007338371
-0.01038867
-0.01352275
-0.01631031
-0.01840987
-0.01970865
-0.02042555
-0.02085699
-0.02100406
-0.02068008
-0.01975037
-0.01800925
-0.01518135
-0.01118681
-0.006246911
-0.0006919982
0.005064047
0.01064687
0.01587946
0.02054263
0.0240297
0.02575518
0.02587639
0.0252119
0.02450461
0.02381468
0.02297609
0.02203054
0.02109997
0.02036195
0.01987715
0.01942729
0.01878931
0.01804546
0.01738093
0.01676243
0.01607974
0.01534342
0.01459601
0.01396943
0.01369149
0.01399495
0.01499699
0.01671851
0.0190162
0.02162411
0.02429084
0.02687466
0.02917558
0.03090866
0.03201521
0.03267712
0.03318743
0.03361916
0.03366519
0.03283463
0.0309665
0.02832324
0.02513179
0.02132386
0.01671244
0.01121873
0.005006867
-0.001701526
-0.008820515
-0.01641623
-0.02428986
-0.03175369
-0.03806702
-0.04295536
-0.0465784
-0.04912123
-0.05093986
-0.05249511
-0.05404271
-0.05566364
-0.05752479
-0.05952348
-0.0612471
-0.06221439
-0.06222253
-0.06125916
-0.05943928
-0.05699981
-0.0540946
-0.05078175
-0.04714313
-0.04340332
-0.04005929
-0.03749419
-0.03562791
-0.03420208
-0.0328985
-0.03156369
-0.03000269
-0.02802207
-0.02547676
-0.02226331
-0.0185446
-0.01450802
-0.01035467
-0.006335286
-0.002704766
0.0002729381
0.002249425
0.003222747
0.00353309
0.003550181
0.003760644
0.004496275
0.005745844
0.007253159
0.008740525
0.01006511
0.01116798
0.01203256
0.01260648
0.01286525
0.01273435
0.01188399
0.0100017
0.00703966
0.003279887
-0.000929705
-0.005283387
-0.009386447
-0.01290959
-0.01581064
-0.01803278
-0.0194222
-0.01995481
-0.01958174
-0.01824613
-0.01610126
-0.01350339
-0.01081153
-0.008219492
-0.005711742
-0.003022642
0.000179217
0.003881781
0.007902404
0.01194464
0.01587814
0.01958382
0.02285087
0.02545784
0.02734344
0.02869857
0.02975699
0.03049508
0.03085732
0.03053648
0.0290681
0.02597515
0.02095233
0.01420083
0.006339638
-0.00185145
-0.009438035
-0.01583501
-0.02106852
-0.0252972
-0.02849957
-0.03086214
-0.03257711
-0.03368322
-0.03432002
-0.03476682
-0.03506127
-0.03505577
-0.03478539
-0.03435535
-0.03372509
-0.03281692
-0.03162353
-0.03021135
-0.02859642
-0.0266845
-0.0243926
-0.02155212
-0.01802529
-0.01397324
-0.009649439
-0.005360075
-0.001407878
0.002095917
0.005213067
0.008068099
0.01056781
0.01227753
0.01292481
0.01276191
0.01232418
0.01202097
0.01183181
0.01144174
0.01057426
0.009070145
0.007016478
0.00452095
0.001733635
-0.001114026
-0.003804576
-0.006115684
-0.007885149
-0.00901222
-0.009481359
-0.009299389
-0.008418951
-0.006634893
-0.003947241
-0.0006503925
0.002748932
0.005696019
0.007745492
0.00887319
0.009335336
0.00932244
0.008821512
0.007897422
0.00649222
0.004482828
0.001950294
-0.0009308118
-0.004015537
-0.006984823
-0.009343712
-0.01079465
-0.01148537
-0.01164319
-0.01132971
-0.0104293
-0.008770682
-0.006424187
-0.003692202
-0.0009042828
0.001737385
0.004094456
0.006048188
0.007590386
0.008734973
0.009435774
0.009611662
0.009285162
0.008637666
0.008071518
0.007896977
0.007947995
0.007914748
0.007708052
0.007457554
0.007411314
0.0075191
0.007386984
0.006679727
0.005399465
0.003828652
0.002325511
0.001192916
0.0004560944
3.467848e-06
-0.0002560195
-0.0004339433
-0.0006825476
-0.000901652
-0.0009245617
-0.0006228775
0.0002759017
0.001896122
0.003926291
0.005807984
0.007039186
0.007406102
0.00694596
0.005822028
0.004088339
0.001780475
-0.0007345796
-0.002975573
-0.004595464
-0.005449799
-0.005667741
-0.005476155
-0.005142492
-0.005017803
-0.00519415
-0.005511299
-0.005757498
-0.006012521
-0.006571779
-0.007580763
-0.009078523
-0.0108223
-0.01237891
-0.01346722
-0.01407114
-0.0140684
-0.01327629
-0.01159732
-0.008964535
-0.005392807
-0.0009852397
0.004044919
0.00909651
0.01326006
0.01595542
0.0171998
0.01745847
0.01734546
0.01727177
0.01724018
0.01706534
0.01642365
0.01494593
0.01231079
0.008490103
0.003913616
-0.0009266134
-0.005743979
-0.01034049
-0.01456242
-0.01826496
-0.02139887
-0.02402152
-0.02600483
-0.02715834
-0.02753756
-0.02739671
-0.02681994
-0.02571965
-0.02419082
-0.02246233
-0.02065672
-0.0188952
-0.01737277
-0.01625038
-0.01541358
-0.01472106
-0.01436536
-0.01456571
-0.01526231
-0.01637494
-0.01778188
-0.01925661
-0.02084795
-0.02273454
-0.0248182
-0.02675907
-0.02837545
-0.0296657
-0.03082177
-0.03199728
-0.03340202
-0.03505637
-0.03689292
-0.03892953
-0.0410579
-0.04290433
-0.04416969
-0.04474098
-0.04454424
-0.04354295
-0.0417719
-0.03938865
-0.03637894
-0.03280744
-0.02900376
-0.02534241
-0.02199721
-0.01909492
-0.01679389
-0.01508777
-0.01379761
-0.01276449
-0.01171506
-0.01040358
-0.008753042
-0.006402535
-0.003030565
0.001315605
0.006410237
0.01208748
0.01787164
0.02308068
0.02715218
0.02971341
0.03080095
0.03086527
0.0302869
0.02899906
0.02680252
0.02357097
0.01964513
0.01562341
0.01203331
0.009078332
0.006605207
0.004283427
0.001775132
-0.001195851
-0.004632029
-0.008242818
-0.01175572
-0.01500184
-0.01785856
-0.01998085
-0.02100564
-0.02105546
-0.02055151
-0.01978598
-0.01886054
-0.0176892
-0.01605801
-0.0139763
-0.01180201
-0.009916215
-0.008444739
-0.007138476
-0.005633793
-0.003876136
-0.001945582
0.0001639445
0.002497538
0.005142883
0.008105395
0.01116368
0.01394772
0.0161582
0.01786239
0.01928722
0.0206497
0.02203937
0.02347926
0.02487093
0.02605665
0.02689813
0.02721624
0.0271216
0.02683574
0.02648103
0.026054
0.02554362
0.02488964
0.02388831
0.02257034
0.02117387
0.01990489
0.01892498
0.01825609
0.01797113
0.0181011
0.0186307
0.01951437
0.02065198
0.02187357
0.02293028
0.02373151
0.02420534
0.0242222
0.023748
0.02279914
0.02156183
0.02020987
0.01903935
0.01832946
0.0181224
0.01829686
0.01872992
0.01927883
0.01986904
0.02031089
0.02035012
0.02001422
0.01957327
0.01920076
0.01885727
0.01835265
0.01748891
0.01665927
0.0164164
0.01676122
0.017422
0.01783963
0.01751329
0.01661117
0.01569351
0.01509818
0.01466484
0.01414879
0.0135473
0.01282191
0.01204694
0.01164543
0.01187179
0.01262381
0.01367983
0.01473033
0.01548309
0.01607124
0.01700706
0.01848276
0.02039367
0.02256738
0.02453807
0.02583401
0.02648968
0.02694586
0.02749244
0.02802842
0.02807798
0.02726158
0.02561537
0.02364974
0.0218076
0.0200584
0.01816334
0.01607804
0.01387529
0.01155448
0.009129998
0.006887126
0.00499053
0.003396385
0.002036198
0.0009899299
0.0003724323
0.0001508018
0.0002066038
0.0005499523
0.001225135
0.002029851
0.002640859
0.002891228
0.002845344
0.002732338
0.002797866
0.002823442
0.002345469
0.001260753
-0.0003148638
-0.002232944
-0.004511847
-0.007044482
-0.009592977
-0.01208724
-0.01432419
-0.01586026
-0.01635555
-0.01594385
-0.01499895
-0.01377583
-0.01213986
-0.009889158
-0.007453238
-0.005618661
-0.004901881
-0.005343583
-0.006401578
-0.007400222
-0.00824903
-0.009144286
-0.01043028
-0.01246985
-0.01530468
-0.01876128
-0.02256555
-0.0263728
-0.02986196
-0.03289972
-0.03532734
-0.03702406
-0.03815317
-0.03883216
-0.03895282
-0.03852614
-0.03763911
-0.03633112
-0.03463878
-0.03243083
-0.02942621
-0.02556116
-0.02118009
-0.01668354
-0.01240348
-0.008559614
-0.005163714
-0.002146726
0.0005890814
0.003053679
0.005137322
0.006708267
0.007902911
0.008933027
0.00976215
0.01027547
0.01046228
0.01043357
0.0103577
0.01047041
0.01087812
0.0115908
0.01274588
0.01446981
0.01656538
0.01860654
0.02028846
0.02156593
0.02246531
0.02296972
0.02298159
0.02242008
0.02136471
0.02002879
0.01857532
0.01679153
0.01416081
0.01049107
0.00612555
0.00147843
-0.003243578
-0.007853655
-0.01207883
-0.0156014
-0.01804245
-0.01924761
-0.01948891
-0.01920044
-0.01846696
-0.01707014
-0.01477435
-0.01161272
-0.007915859
-0.003799755
0.0006188571
0.004966526
0.00867879
0.01147499
0.01340983
0.01459853
0.01518514
0.01538082
0.01541017
0.01551104
0.01600646
0.01688024
0.01779221
0.01858491
0.01933523
0.02015142
0.02117624
0.02233175
0.0234924
0.02456416
0.02538295
0.02582447
0.02585443
0.02543193
0.02463721
0.02379185
0.02315923
0.022574
0.02148662
0.01936391
0.01597799
0.01150259
0.006623962
0.00186063
-0.00260779
-0.006649602
-0.01024761
-0.01330816
-0.01550879
-0.01671859
-0.01725273
-0.01750835
-0.01770289
-0.01769212
-0.01708373
-0.01571118
-0.01365746
-0.01126859
-0.008953456
-0.006901443
-0.005171914
-0.00363102
-0.00212252
-0.0007308469
0.0004941849
0.001439911
0.001860372
0.001572104
0.0002155406
-0.002530188
-0.006600209
-0.01168483
-0.01733214
-0.02315854
-0.02883526
-0.03419852
-0.03921764
-0.04394427
-0.04860413
-0.05324673
-0.05751376
-0.06105854
-0.06388471
-0.06609434
-0.06768278
-0.06861501
-0.06885229
-0.06838171
-0.06725311
-0.06571266
-0.0638413
-0.06143186
-0.05841888
-0.05489776
-0.0510627
-0.04709354
-0.0429038
-0.03833823
-0.03337337
-0.02814087
-0.02282846
-0.01757693
-0.0124423
-0.007504422
-0.0029027
0.001299725
0.005044259
0.008049564
0.01007104
0.01128616
0.01204696
0.01256242
0.01288845
0.01293681
0.01265679
0.0122199
0.01188595
0.01185883
0.01190621
0.01167993
0.01111953
0.01004782
0.008361495
0.006244366
0.00406547
0.002206718
0.0008964991
-2.967649e-05
-0.0007273639
-0.001272315
-0.001734935
-0.00209232
-0.002275061
-0.002127739
-0.001501817
-0.0004441953
0.000727778
0.001726954
0.002416761
0.002762382
0.002843485
0.002804217
0.00279442
0.002974374
0.003289108
0.003753002
0.004390795
0.005045598
0.005651486
0.00621764
0.006851342
0.007706625
0.008837389
0.01016685
0.01156068
0.01291752
0.01429429
0.01599542
0.01801859
0.01994289
0.02152675
0.02271864
0.02364669
0.02452289
0.0253514
0.02597089
0.02627633
0.02631233
0.0262202
0.02613632
0.02611953
0.02602228
0.02552892
0.0245536
0.02320585
0.02188942
0.02090989
0.02012968
0.01936434
0.01847401
0.01738506
0.01613303
0.01487853
0.0139004
0.01332139
0.0129667
0.01267028
0.01240015
0.0120547
0.01125566
0.009649266
0.007249667
0.004415555
0.001323964
-0.002059657
-0.005696049
-0.009532216
-0.0134482
-0.01747102
-0.02148933
-0.02536372
-0.0291269
-0.03275959
-0.0362311
-0.03925866
-0.04143566
-0.04268093
-0.04318177
-0.04325668
-0.04311519
-0.04271224
-0.04194573
-0.04073303
-0.03897987
-0.03672507
-0.03414806
-0.03142566
-0.02864456
-0.02576257
-0.02259888
-0.01894794
-0.01490997
-0.01099379
-0.007632259
-0.004755414
-0.00189936
0.001240513
0.004665572
0.008293486
0.0119604
0.01560751
0.01926071
0.02287834
0.02649712
0.03019751
0.03400349
0.0377494
0.04106041
0.04357326
0.04507492
0.04551288
0.04517571
0.04458803
0.04403549
0.04344269
0.04262433
0.04145123
0.0397049
0.03726211
0.03417852
0.03046012
0.02609414
0.02122256
0.01626568
0.01182754
0.008369574
0.00625561
0.005562666
0.005953443
0.006870788
0.008043223
0.009561793
0.01155739
0.01404226
0.01702161
0.02041699
0.02395525
0.02746058
0.03097737
0.03451957
0.03780227
0.04055896
0.04270597
0.04425343
0.04509081
0.04523717
0.04495339
0.04437418
0.04325444
0.04112572
0.03785372
0.03373868
0.02920302
0.02476661
0.02099166
0.0182529
0.01650314
0.01541115
0.01478215
0.01467921
0.01512269
0.01590118
0.01677055
0.0175423
0.01819116
0.01883294
0.01975584
0.0209429
0.02190181
0.02226466
0.02199756
0.02111204
0.0195652
0.01741577
0.01477853
0.01169542
0.008398842
0.005359546
0.002966328
0.001505075
0.0009589582
0.001095438
0.00181197
0.003176365
0.005099398
0.007365602
0.009816412
0.01212329
0.01391859
0.01493806
0.01511692
0.01464025
0.01372208
0.01246279
0.01101389
0.009423195
0.007569596
0.005371239
0.002973022
0.000513527
-0.001947103
-0.004301882
-0.006441273
-0.008134415
-0.009139026
-0.009353773
-0.008897454
-0.007762276
-0.005682186
-0.002254748
0.002762639
0.009064849
0.01606775
0.02304147
0.02932648
0.03462388
0.03913297
0.04313506
0.0466216
0.04916882
0.05054667
0.05099096
0.05082588
0.05039603
0.05000783
0.04964281
0.04889164
0.04730575
0.04479965
0.04144042
0.03705675
0.03176934
0.02626852
0.0212843
0.01712324
0.01369984
0.0106453
0.007654769
0.00466448
0.001745268
-0.001116876
-0.004190313
-0.007495437
-0.01068803
-0.01354021
-0.01572179
-0.01688613
-0.01697289
-0.01633127
-0.01529727
-0.01390025
-0.01204427
-0.009737906
-0.007133127
-0.00443742
-0.001865127
0.0004210194
0.002505653
0.004575108
0.006606653
0.00850597
0.01045391
0.01280487
0.0157337
0.01906842
0.02217161
0.02449198
0.02587703
0.02645477
0.02634579
0.02544913
0.02381448
0.02185318
0.02002726
0.01845958
0.01686854
0.01492122
0.01251113
0.009785005
0.006979898
0.004358704
0.002079482
0.0001758591
-0.001400933
-0.002754902
-0.003917798
-0.004994797
-0.006132561
-0.007510578
-0.009208178
-0.01116722
-0.01335151
-0.01573274
-0.01825612
-0.0208502
-0.02344161
-0.02587539
-0.02792621
-0.02939203
-0.03020454
-0.03061652
-0.03096746
-0.03149281
-0.03218125
-0.03277403
-0.03296041
-0.03280695
-0.03264089
-0.03267661
-0.03302611
-0.03363345
-0.03436902
-0.03506155
-0.03551473
-0.03565925
-0.03558881
-0.03546409
-0.03540196
-0.03542853
-0.03550121
-0.03556252
-0.03557995
-0.03551398
-0.03520575
-0.03453643
-0.03365024
-0.03275249
-0.03208569
-0.0318805
-0.03193669
-0.0318985
-0.03190532
-0.03214401
-0.03253168
-0.03286892
-0.03315392
-0.0336592
-0.03440469
-0.03518346
-0.03587625
-0.03646268
-0.0370883
-0.03793864
-0.03900626
-0.03999626
-0.04052325
-0.04047576
-0.04011819
-0.03958997
-0.03894919
-0.03837152
-0.03801744
-0.03790023
-0.03782852
-0.03746908
-0.03672436
-0.03588329
-0.0352886
-0.03498264
-0.03464319
-0.03404212
-0.03332533
-0.0327834
-0.03256701
-0.03261114
-0.03276309
-0.03299561
-0.03335906
-0.03386025
-0.03433596
-0.03450668
-0.03422907
-0.03358756
-0.03278599
-0.03187917
-0.03082002
-0.02956681
-0.02807218
-0.02654175
-0.02536404
-0.02463987
-0.02422216
-0.02398073
-0.02387105
-0.02401012
-0.02457359
-0.02559227
-0.02694497
-0.02859303
-0.03068983
-0.03339162
-0.03653499
-0.03972368
-0.04265121
-0.04526117
-0.04764938
-0.04981348
-0.05162814
-0.05294255
-0.05389419
-0.05489806
-0.05608817
-0.05727014
-0.05802767
-0.05814738
-0.05768963
-0.05675686
-0.05555817
-0.0539722
-0.05159936
-0.0482729
-0.04394674
-0.03877385
-0.03299126
-0.02689297
-0.02074625
-0.01457297
-0.008471251
-0.002573585
0.003121715
0.008441307
0.01286875
0.01596725
0.01781144
0.01892109
0.01979683
0.02066002
0.02145357
0.02186879
0.02173708
0.02113534
0.02022942
0.01901918
0.01748991
0.01566372
0.01374048
0.0119771
0.01048165
0.009108002
0.007729143
0.006313586
0.004907931
0.003663493
0.00259475
0.00170021
0.001099662
0.001071837
0.001720674
0.002693233
0.003705671
0.004725644
0.005884065
0.007322772
0.009089076
0.01102294
0.01271959
0.01391064
0.01458991
0.01488068
0.01495561
0.01494145
0.01478766
0.01446042
0.01408699
0.01382397
0.01370181
0.01348765
0.01292557
0.01211987
0.01137971
0.01077052
0.01014021
0.009394937
0.008408543
0.00725298
0.00608828
0.005002279
0.004092252
0.003309245
0.002503113
0.001624514
0.0005730466
-0.0006485464
-0.002013093
-0.003281512
-0.004129484
-0.004444362
-0.004377693
-0.004188386
-0.0039401
-0.003422537
-0.00259587
-0.001549936
-0.0003754982
0.0007945999
0.001785705
0.002551424
0.00314399
0.003780066
0.004601244
0.005535271
0.006536856
0.007521097
0.008372484
0.00907755
0.009672406
0.01023542
0.01072921
0.01105945
0.01108632
0.01063591
0.00958656
0.007966438
0.005991187
0.003686452
0.001077578
-0.001476202
-0.003679671
-0.005399871
-0.006627854
-0.007578002
-0.008440629
-0.009296858
-0.01023326
-0.01119739
-0.01193933
-0.01217828
-0.01185644
-0.011158
-0.01036514
-0.009781689
-0.009531543
-0.009389783
-0.008975743
-0.00823658
-0.007417857
-0.006507
-0.005211003
-0.003471206
-0.00154564
0.0003453822
0.001974599
0.003193345
0.003993209
0.004422609
0.004559009
0.004400639
0.00401137
0.003533814
0.00277566
0.001452322
-0.0001707712
-0.001526308
-0.002325968
-0.002526371
-0.002432672
-0.002411433
-0.002624549
-0.003162896
-0.004062258
-0.005284737
-0.006829568
-0.008568199
-0.01030359
-0.01206362
-0.01405297
-0.01635672
-0.01870645
-0.02075531
-0.02236173
-0.02354738
-0.02432387
-0.02471829
-0.02476468
-0.02440415
-0.0235293
-0.02208826
-0.02016155
-0.01764265
-0.01431209
-0.01021441
-0.005698487
-0.001266473
0.002982991
0.007300546
0.01192072
0.01680648
0.02152325
0.02553261
0.02864848
0.03102497
0.03278548
0.0339189
0.03455611
0.03499836
0.03539334
0.03572006
0.03591509
0.03587529
0.03551655
0.03480715
0.03362756
0.0320484
0.03034586
0.02877962
0.02744576
0.02626898
0.02510333
0.02387686
0.02268933
0.02157021
0.02045269
0.0192695
0.01803031
0.01697741
0.01622244
0.01557925
0.01489996
0.01427381
0.01385747
0.01370623
0.01375307
0.0138637
0.01390928
0.01372921
0.01327822
0.01261835
0.01191676
0.01137782
0.01096485
0.01044477
0.009768142
0.009134165
0.008746732
0.008652864
0.008756425
0.008905952
0.008988679
0.008977729
0.008913886
0.008855097
0.008835182
0.008852512
0.008883758
0.008910818
0.009019026
0.009491733
0.01047043
0.0118617
0.01337021
0.01480392
0.01600365
0.01692062
0.01760276
0.01819094
0.01871743
0.01910124
0.0191522
0.01863236
0.01764336
0.01643432
0.01525092
0.01422545
0.01324039
0.01216994
0.01093599
0.009782587
0.0089395
0.00846695
0.008326354
0.008167791
0.007800829
0.007550873
0.007750537
0.008303564
0.008866668
0.009173095
0.009174423
0.009005546
0.008819233
0.008480949
0.007776603
0.006636514
0.00498264
0.002835923
0.000474035
-0.001685412
-0.003504581
-0.005123
-0.006656793
-0.008142407
-0.009574438
-0.01085492
-0.01203172
-0.01312978
-0.01397802
-0.01443389
-0.01452895
-0.01444786
-0.01452585
-0.01504753
-0.01590996
-0.01671796
-0.01715789
-0.01719365
-0.01700728
-0.01682288
-0.01676537
-0.01678591
-0.01662073
-0.01604952
-0.01522024
-0.01450063
-0.01405552
-0.01359433
-0.01287574
-0.01187633
-0.01066926
-0.009361991
-0.008044447
-0.006746377
-0.00549412
-0.004468786
-0.003855334
-0.003590557
-0.0033108
-0.002721479
-0.001862085
-0.0009248603
-0.0001755569
0.000140956
-8.435019e-05
-0.0006394747
-0.001159613
-0.001492739
-0.001665479
-0.001615377
-0.001479292
-0.001539215
-0.001838392
-0.002199044
-0.002342435
-0.002074714
-0.001446452
-0.0005373809
0.0007555608
0.002627002
0.004984662
0.007586906
0.01022286
0.01279444
0.01527879
0.0175049
0.01935124
0.0210597
0.02287625
0.02474544
0.02636705
0.02753475
0.02823966
0.02854797
0.0284728
0.02808322
0.0274351
0.02639844
0.02490802
0.0230184
0.02083551
0.01856844
0.01624811
0.01381634
0.01120745
0.008458762
0.005958559
0.003895548
0.002061692
0.0002805703
-0.001436497
-0.003014545
-0.004383386
-0.005402825
-0.00596295
-0.006114704
-0.005938237
-0.005336997
-0.004320524
-0.002992941
-0.001562545
-1.6636e-05
0.001761719
0.003665112
0.005449292
0.006968459
0.008178494
0.009018039
0.009461547
0.009591465
0.009563348
0.009518505
0.009525088
0.009568807
0.009424158
0.008812631
0.007910352
0.007138679
0.00677284
0.006796115
0.006999737
0.007166846
0.007195911
0.007112289
0.006988796
0.006778144
0.006309795
0.005557636
0.004551491
0.003387085
0.002391905
0.001817831
0.001511389
0.001042167
0.0001262175
-0.00123507
-0.002945823
-0.004814558
-0.006593366
-0.008230996
-0.0097522
-0.01148291
-0.01356789
-0.01587686
-0.01831694
-0.0207446
-0.02279609
-0.02421799
-0.02502751
-0.02541615
-0.02534787
-0.02487031
-0.02429033
-0.02385388
-0.02344546
-0.0227897
-0.02176319
-0.02051391
-0.01935441
-0.01839048
-0.01754292
-0.016701
-0.01569001
-0.01445753
-0.01303502
-0.01156255
-0.009944145
-0.007995823
-0.005845179
-0.003863356
-0.0022457
-0.001069068
-0.0001597108
0.0006797679
0.001444318
0.002240949
0.003306678
0.004567497
0.005766635
0.006825826
0.007828051
0.008789834
0.009705679
0.01065477
0.01160571
0.01252003
0.01347274
0.01455527
0.01576417
0.01689526
0.01766368
0.01796611
0.01799656
0.01827015
0.01900638
0.01991131
0.02062503
0.02113852
0.0216865
0.02232337
0.02288482
0.02321209
0.02324512
0.02290691
0.02224912
0.02160521
0.02129245
0.02159467
0.02237056
0.02330219
0.02443684
0.02589103
0.02736785
0.02849685
0.02930006
0.02997278
0.03055136
0.03086453
0.03064659
0.02980345
0.02840829
0.02662011
0.0246646
0.02256924
0.02025398
0.01796729
0.01626172
0.01546269
0.01540356
0.01555729
0.01556453
0.01548285
0.01554362
0.0157384
0.01586018
0.01582065
0.01567987
0.01554587
0.01546249
0.01530646
0.01496923
0.01439139
0.01351355
0.01228702
0.01067058
0.008818177
0.006977752
0.005161174
0.003226153
0.001174293
-0.000923465
-0.002916393
-0.004651934
-0.006104198
-0.007393478
-0.008595826
-0.009645966
-0.01051485
-0.01128182
-0.01210216
-0.01286724
-0.01354924
-0.0142323
-0.01485235
-0.01527531
-0.01553728
-0.0157368
-0.01578307
-0.01566675
-0.0154906
-0.01525816
-0.01479454
-0.0140493
-0.01325507
-0.01257709
-0.01191439
-0.01107871
-0.009962508
-0.008503871
-0.006748599
-0.004918868
-0.003118253
-0.001171222
0.001113693
0.003724022
0.006490791
0.009209139
0.01163021
0.01358209
0.01516235
0.01637161
0.01719621
0.01770171
0.01788242
0.01753201
0.01663243
0.01520207
0.0131525
0.01076823
0.008546944
0.006573443
0.004485466
0.001928599
-0.001051665
-0.004117474
-0.006839397
-0.008814252
-0.009961934
-0.01052244
-0.01074531
-0.01069382
-0.01039245
-0.009877543
-0.009269053
-0.008776479
-0.008480279
-0.008117644
-0.00755076
-0.006683597
-0.005443129
-0.004001466
-0.002758852
-0.002047427
-0.00184875
-0.001788361
-0.001630277
-0.001588933
-0.001934898
-0.00257726
-0.003181212
-0.003492187
-0.003425233
-0.003066974
-0.002762242
-0.002607198
-0.002279132
-0.001609879
-0.0007518868
-5.449344e-05
0.000462751
0.0009719067
0.001656473
0.002664457
0.003749736
0.00453278
0.004935108
0.005283044
0.005950721
0.007064198
0.008567207
0.01028387
0.01197116
0.01343563
0.01443956
0.01489149
0.01495055
0.01496511
0.01508011
0.01502801
0.01452375
0.01373255
0.01304995
0.01273253
0.01271671
0.01273506
0.0126971
0.01289444
0.01350893
0.01429636
0.01489162
0.01511541
0.01503537
0.01483849
0.01465829
0.01437644
0.01379968
0.01298395
0.01204945
0.01102372
0.009895986
0.008638169
0.007144029
0.005441609
0.003723678
0.002145879
0.000727709
-0.0005196306
-0.001538353
-0.002349477
-0.002944422
-0.003293499
-0.003423573
-0.003421588
-0.003384307
-0.003366824
-0.003375823
-0.003403381
-0.003426628
-0.003420809
-0.003394895
-0.003373307
-0.003359823
-0.003355867
-0.003456219
-0.003867574
-0.004610579
-0.005397256
-0.005917286
-0.006154938
-0.006248373
-0.006178063
-0.005860399
-0.00518794
-0.004148869
-0.002849427
-0.001445124
-4.097979e-05
0.001432183
0.00306953
0.004785517
0.0064153
0.007756846
0.008741088
0.009407697
0.00979321
0.009958892
0.009996176
0.009994384
0.01001495
0.0100707
0.01013452
0.01017502
0.01012933
0.009708859
0.008701213
0.007286791
0.005584821
0.003817276
0.002171428
0.0008105191
-0.0002489403
-0.001143524
-0.00194067
-0.002691642
-0.003312175
-0.003630331
-0.003873024
-0.004283479
-0.004797545
-0.005227708
-0.005516419
-0.005740938
-0.00595812
-0.006449287
-0.007232083
-0.007824917
-0.008022169
-0.00795741
-0.007837781
-0.00779513
-0.007722835
-0.007297404
-0.006442941
-0.005271263
-0.003952367
-0.002718236
-0.001762228
-0.0009943258
-0.0001724815
0.0006938079
0.001345134
0.001650745
0.001545498
0.001078078
0.0002094045
-0.001036136
-0.00245829
-0.003892581
-0.005134232
-0.006302233
-0.007696855
-0.009348404
-0.01105914
-0.012635
-0.01400086
-0.0151938
-0.01621859
-0.01707186
-0.01777511
-0.01826373
-0.01838611
-0.01808341
-0.01746293
-0.01667707
-0.01572947
-0.01469562
-0.01379508
-0.0129434
-0.01187665
-0.01052585
-0.009041802
-0.007727481
-0.006755585
-0.006104518
-0.005568563
-0.004879266
-0.003975738
-0.002825483
-0.001598577
-0.0006192298
2.653403e-05
0.0004523761
0.0008348068
0.001111808
0.001173431
0.001021561
0.0006438479
0.0001406988
-0.0002829085
-0.0004910883
-0.0004989666
-0.0005505776
-0.001020842
-0.001875461
-0.002790917
-0.003629759
-0.004553255
-0.005830082
-0.007464641
-0.009279331
-0.01122176
-0.01322143
-0.01497798
-0.01625928
-0.01705978
-0.01773382
-0.01870614
-0.01990736
-0.02099421
-0.02187697
-0.0226563
-0.0233962
-0.02421941
-0.02514205
-0.02595234
-0.02643676
-0.02657039
-0.02648487
-0.02616189
-0.02545983
-0.02448464
-0.02337584
-0.02211763
-0.02069397
-0.01923719
-0.01783449
-0.01652158
-0.01526048
-0.01419493
-0.01329302
-0.01236715
-0.01127015
-0.01000536
-0.00888014
-0.00820264
-0.008025304
-0.008158619
-0.008345213
-0.008420255
-0.008378066
-0.008406622
-0.008690485
-0.009239796
-0.009822846
-0.01021366
-0.01027335
-0.009822588
-0.008887808
-0.007893091
-0.007072785
-0.006352452
-0.005465423
-0.004200432
-0.002674009
-0.001237746
1.626544e-07
0.001052216
0.001838036
0.00244304
0.003106436
0.003830947
0.004332705
0.004515743
0.004334834
0.003762293
0.003014455
0.00238017
0.001858859
0.001264899
0.0006059768
-1.886544e-05
-0.0007551774
-0.001663318
-0.002602677
-0.003263615
-0.003630245
-0.003998407
-0.004500667
-0.005055285
-0.005681179
-0.006459797
-0.007259432
-0.007909383
-0.008492987
-0.009163012
-0.009842013
-0.01033587
-0.01054919
-0.01047788
-0.01005798
-0.009302934
-0.008345998
-0.007237547
-0.00611991
-0.005137903
-0.004364788
-0.003648437
-0.002825613
-0.001935984
-0.001081221
-0.0004374575
-0.0001115301
2.446444e-05
0.0002314919
0.0004846363
0.0005418851
0.0003630788
0.000182627
0.0002910533
0.0007681691
0.001497268
0.002179504
0.002571611
0.002727514
0.00299962
0.003615119
0.004403234
0.00521559
0.006123477
0.007227302
0.008772879
0.01075928
0.01283174
0.01462257
0.01600426
0.0169997
0.01773062
0.01832612
0.01867597
0.0186238
0.01815274
0.01730286
0.0161785
0.01490493
0.01346228
0.01168464
0.009509687
0.007261545
0.005422927
0.00409735
0.002868484
0.001149541
-0.001076042
-0.00329009
-0.00507258
-0.006362574
-0.007364511
-0.008233124
-0.009051507
-0.009798149
-0.01039396
-0.01101764
-0.01174903
-0.01215312
-0.01187692
-0.01100043
-0.009921625
-0.008987732
-0.008305073
-0.007611381
-0.006596342
-0.005357612
-0.004171741
-0.003240834
-0.002563947
-0.002066078
-0.001684071
-0.001303381
-0.001024658
-0.000940615
-0.000865872
-0.0006496341
-0.0003946601
-0.0003888172
-0.000751268
-0.001373909
-0.001876385
-0.002018209
-0.001959665
-0.001859754
-0.001851684
-0.00186643
-0.001780013
-0.001605278
-0.001476154
-0.001561772
-0.001691188
-0.001506459
-0.0009639915
-0.0002767365
0.0003998202
0.0009928789
0.001482375
0.001783651
0.001913948
0.001912149
0.001944008
0.002039566
0.002071493
0.0021005
0.002208352
0.002367456
0.002499617
0.002616883
0.0028029
0.002998411
0.003223795
0.003482808
0.003709408
0.003909677
0.004210205
0.004609392
0.004969253
0.005171544
0.005206682
0.005233707
0.005648254
0.006509115
0.007375767
0.008007074
0.008214681
0.00804573
0.007645093
0.00702426
0.006226067
0.005301624
0.004297595
0.003291568
0.002116337
0.0007390389
-0.0008560475
-0.002636041
-0.004551181
-0.006512586
-0.008463675
-0.01027182
-0.01184589
-0.01321282
-0.01438168
-0.01533015
-0.01627657
-0.01743862
-0.01870147
-0.0198328
-0.02058944
-0.02089098
-0.02086746
-0.0208293
-0.02106773
-0.02153421
-0.02179692
-0.0213973
-0.02036727
-0.01900364
-0.01759168
-0.01626699
-0.01493543
-0.01355089
-0.01225341
-0.01109384
-0.009990404
-0.008850724
-0.00773969
-0.006762783
-0.005880406
-0.005161706
-0.004689704
-0.004269699
-0.003717527
-0.003022897
-0.002384309
-0.001971177
-0.001608029
-0.001132398
-0.000751228
-0.000844233
-0.001468363
-0.002308755
-0.003183192
-0.00395854
-0.004509913
-0.004869625
-0.005086458
-0.005200861
-0.005226046
-0.005061585
-0.004658559
-0.004021302
-0.003130898
-0.001955349
-0.0003063313
0.001804927
0.00399522
0.005846387
0.007075294
0.007673546
0.008100992
0.008776198
0.00975559
0.01076341
0.01134402
0.01142722
0.01128597
0.0110192
0.01049963
0.009618084
0.008408495
0.007001054
0.005567895
0.004243944
0.003123057
0.002074137
0.001068499
0.0002876449
-0.0001259631
-0.0002046604
-0.0001092874
-7.736198e-06
1.388256e-05
5.003089e-06
0.000161382
0.0005776539
0.001229986
0.001933837
0.002528376
0.003181423
0.003964517
0.004678132
0.005111526
0.00522465
0.005138617
0.005061685
0.005196668
0.005418268
0.005497983
0.005388612
0.005193959
0.005041463
0.004995185
0.00510764
0.005519739
0.006269794
0.007172982
0.008034197
0.00866774
0.008911033
0.008750018
0.00843861
0.008122723
0.007856047
0.007686755
0.007629391
0.007515335
0.007084962
0.006443422
0.005719374
0.004946439
0.004123065
0.003072865
0.001705718
0.0002190537
-0.0009685876
-0.001740402
-0.002406547
-0.003170857
-0.004051332
-0.00494358
-0.005846511
-0.00665884
-0.007183245
-0.007576105
-0.008169086
-0.009056782
-0.009964544
-0.01056426
-0.01073838
-0.01060378
-0.01038682
-0.01025925
-0.01018656
-0.01008131
-0.009882562
-0.009484988
-0.009201502
-0.009362691
-0.009882542
-0.01042555
-0.01072993
-0.01083046
-0.01087429
-0.01081972
-0.01066633
-0.01049888
-0.01040609
-0.01040015
-0.01031065
-0.009877987
-0.00910512
-0.008281185
-0.00751108
-0.006804266
-0.006238051
-0.005782095
-0.005349393
-0.004986312
-0.004869004
-0.004987722
-0.005090383
-0.005046471
-0.004997635
-0.005073234
-0.005384669
-0.005888069
-0.006366407
-0.006673646
-0.006921689
-0.007218345
-0.007361096
-0.00705484
-0.006295636
-0.005155756
-0.003716827
-0.002167275
-0.0006889905
0.0006224209
0.001657478
0.002300899
0.002585813
0.002823309
0.003268085
0.003610973
0.003529335
0.003105255
0.002629949
0.00229757
0.002026742
0.00172501
0.00140133
0.001041036
0.0007570714
0.0005795529
0.0006197009
0.001083592
0.001992018
0.003023307
0.003815816
0.004330362
0.004657129
0.004857353
0.004969335
0.005025127
0.005051342
0.005068007
0.005147958
0.005355663
0.005516972
0.005554575
0.005641038
0.005800755
0.005816402
0.005601583
0.005284257
0.00504033
0.004955628
0.005000957
0.005088738
0.005144055
0.00514221
0.005103369
0.005063129
0.005045399
0.005052369
0.005075364
0.005196091
0.005621752
0.006389244
0.007307703
0.008268244
0.009196915
0.01003389
0.01089678
0.01189833
0.01283034
0.01331693
0.01330494
0.01313857
0.01308648
0.0130971
0.01306458
0.01285715
0.01240768
0.01176368
0.01105174
0.01047115
0.01003235
0.009513451
0.008819415
0.008131314
0.007650886
0.007319387
0.006973569
0.006477026
0.005829605
0.005065052
0.004157887
0.003202571
0.002274565
0.001362994
0.0005637132
3.368915e-05
-0.0001772011
-0.000163425
-0.0001475768
-0.0004436965
-0.001171164
-0.00206724
-0.002830944
-0.00330084
-0.003342251
-0.003063965
-0.002730389
-0.002540796
-0.002528669
-0.002614633
-0.002697663
-0.00270552
-0.002542687
-0.002261809
-0.002013127
-0.001899974
-0.001845834
-0.001567369
-0.0009997732
-0.0003862677
7.859831e-05
0.0006484781
0.001639693
0.003086714
0.004849764
0.006548734
0.0078975
0.008901097
0.009672947
0.0102905
0.01062595
0.01062755
0.01044174
0.01033586
0.01053931
0.01090827
0.01116015
0.01139218
0.01180347
0.0123327
0.01278785
0.01314521
0.01350168
0.01384549
0.01408223
0.01405457
0.01368485
0.0130333
0.01228697
0.0117136
0.01143442
0.01126797
0.01106124
0.01109168
0.01157444
0.01229513
0.01289637
0.01325896
0.01369167
0.0144164
0.01531831
0.01604687
0.01654522
0.01700784
0.01750803
0.01795795
0.01824342
0.01824314
0.0178952
0.01739087
0.01700452
0.01677972
0.01654271
0.01624722
0.01597716
0.01580207
0.0156302
0.01531416
0.01481202
0.01429248
0.01391332
0.01361612
0.01312681
0.01238604
0.01132921
0.009972939
0.00853429
0.007230587
0.006145384
0.00512547
0.004108786
0.003145123
0.002392801
0.001891021
0.001577769
0.001426444
0.001271584
0.0009363444
0.0003849912
-0.0002131842
-0.000737682
-0.001060273
-0.001168888
-0.001064157
-0.0008387093
-0.0007348111
-0.0008039128
-0.001040274
-0.001369314
-0.001650565
-0.001772957
-0.001552636
-0.0008183617
0.0003044043
0.001704328
0.003329372
0.005072777
0.006932328
0.008929734
0.01070132
0.0119416
0.0127489
0.01334493
0.01394326
0.01468975
0.01564485
0.01657328
0.01730159
0.01783537
0.01831138
0.01875958
0.01921858
0.01972685
0.02016257
0.02029583
0.02018469
0.02006592
0.01996908
0.01996443
0.02011548
0.02041382
0.02074547
0.02079632
0.02059386
0.02038466
0.02023294
0.01999308
0.01951273
0.01859096
0.01728079
0.01601776
0.01506714
0.01432805
0.01366736
0.0129808
0.01228809
0.01174867
0.0115496
0.01179127
0.01230145
0.01276834
0.01299539
0.01299074
0.01288083
0.01280829
0.01294405
0.01335472
0.01386458
0.01421134
0.01415046
0.01368014
0.01304274
0.01240575
0.01188916
0.01159571
0.01145921
0.01124432
0.01087272
0.01047082
0.01009184
0.009576261
0.008840511
0.007984635
0.007137471
0.006383349
0.005726247
0.005094759
0.004446355
0.003737203
0.002899193
0.002008693
0.001152492
0.0003883397
-0.0003420287
-0.001217365
-0.0023697
-0.003688369
-0.00487774
-0.005779983
-0.006426691
-0.007078757
-0.007898175
-0.008820132
-0.009896896
-0.01127623
-0.01281026
-0.01420689
-0.01547434
-0.01671256
-0.01790273
-0.01904401
-0.02005705
-0.02090247
-0.02161337
-0.02228584
-0.02286469
-0.02309767
-0.02291681
-0.02253526
-0.02222351
-0.02211571
-0.02210252
-0.02202149
-0.02187156
-0.02151366
-0.02087252
-0.02004325
-0.01907671
-0.01810811
-0.01738104
-0.0170363
-0.0169893
-0.01692514
-0.0166318
-0.01622441
-0.01597116
-0.0157951
-0.01569406
-0.01588212
-0.0163608
-0.0168827
-0.01721096
-0.01734682
-0.01751572
-0.01781823
-0.01815312
-0.01838088
-0.01846361
-0.01854818
-0.01882412
-0.01924244
-0.01961451
-0.01980401
-0.01980762
-0.01969092
-0.01944665
-0.01918336
-0.0189368
-0.01852484
-0.01793087
-0.01736542
-0.01702229
-0.01680185
-0.0162697
-0.01524257
-0.01405205
-0.01301353
-0.01208012
-0.01120555
-0.01057222
-0.01055145
-0.01107437
-0.01173596
-0.01226754
-0.0126596
-0.01305898
-0.01356595
-0.01407752
-0.01442537
-0.01454569
-0.01445318
-0.01416101
-0.01385713
-0.01357473
-0.01315315
-0.0125963
-0.01202259
-0.01139076
-0.01056261
-0.009537035
-0.008441862
-0.007364558
-0.00659768
-0.00633116
-0.006387025
-0.006359327
-0.005979241
-0.005248453
-0.0044712
-0.003967886
-0.003840903
-0.003969238
-0.004149016
-0.004235665
-0.004190692
-0.003978068
-0.003567889
-0.003101078
-0.002753344
-0.002509959
-0.002364025
-0.002505503
-0.002882236
-0.003179067
-0.003331679
-0.003477031
-0.003573304
-0.003603271
-0.003680865
-0.0037802
-0.003595932
-0.003105564
-0.002619952
-0.002272441
-0.002123553
-0.002108494
-0.002186324
-0.002374312
-0.00264455
-0.003038365
-0.003512239
-0.003911675
-0.004165799
-0.004419731
-0.004809483
-0.005438094
-0.006327376
-0.007295621
-0.008176284
-0.008940771
-0.009727426
-0.01046653
-0.01101579
-0.01119471
-0.01108401
-0.0110334
-0.01116071
-0.01130514
-0.01144668
-0.0116134
-0.01184463
-0.01213532
-0.01237343
-0.01259292
-0.01280704
-0.01296692
-0.01285467
-0.01223119
-0.01131405
-0.01054103
-0.0100926
-0.009815977
-0.009582307
-0.009359762
-0.009065723
-0.008635075
-0.008148876
-0.007543303
-0.006705328
-0.00571906
-0.004783354
-0.004108158
-0.003681009
-0.0034723
-0.003337719
-0.002976498
-0.002327526
-0.001648288
-0.001218985
-0.001113617
-0.001223616
-0.001381828
-0.001465713
-0.001404601
-0.001146129
-0.0008489275
-0.0005891721
-0.0003114953
0.0001002104
0.0006210493
0.001118775
0.001551461
0.001818523
0.002017688
0.002459464
0.003373714
0.004642023
0.005888158
0.006920956
0.007766154
0.008474629
0.00906243
0.009372577
0.009416117
0.009471291
0.009692636
0.009937447
0.009920366
0.009596648
0.009164526
0.008667168
0.007948905
0.007129714
0.006403864
0.005720682
0.004977486
0.004196855
0.003519149
0.003128427
0.003017694
0.003090348
0.003092012
0.003012632
0.003073041
0.003412591
0.003926855
0.004400057
0.004769897
0.005028081
0.005257119
0.005349522
0.005068296
0.004479283
0.003661824
0.002675554
0.001773314
0.001084909
0.0004458272
-0.0004056503
-0.001566216
-0.002837528
-0.004096406
-0.005243306
-0.006131752
-0.006895499
-0.007560197
-0.007952136
-0.00800115
-0.007696856
-0.007163785
-0.006654559
-0.006360556
-0.00628159
-0.00618077
-0.005859479
-0.005259569
-0.004546428
-0.003995735
-0.003760857
-0.003838806
-0.00416545
-0.00445065
-0.004447155
-0.004200967
-0.00391841
-0.003764053
-0.003771412
-0.003867183
-0.003890417
-0.003727166
-0.003685902
-0.004075071
-0.004536629
-0.004661193
-0.004489633
-0.004386488
-0.004479473
-0.004599213
-0.004596348
-0.004297409
-0.003813314
-0.003360453
-0.003205086
-0.003393144
-0.003637546
-0.003578583
-0.003098657
-0.00230539
-0.001528558
-0.0009665292
-0.0004710089
0.0001391338
0.0008828859
0.001694076
0.002472616
0.003277714
0.004243037
0.005292632
0.006157478
0.006743901
0.007172844
0.007636707
0.008353132
0.009398397
0.01056247
0.01146603
0.01190328
0.01201117
0.0118498
0.01154695
0.01136699
0.01138454
0.01135261
0.01094635
0.01018774
0.0094203
0.008958769
0.008844494
0.008825727
0.008773019
0.008648537
0.008571961
0.008619642
0.008602936
0.008392778
0.008120935
0.008091235
0.008398714
0.008847645
0.00918619
0.009297522
0.009277381
0.009329326
0.009470532
0.009588853
0.009439455
0.009053655
0.008552364
0.008090539
0.007740124
0.007462472
0.007291738
0.007200298
0.007187908
0.007211879
0.007422895
0.007847845
0.008177019
0.008119492
0.007518796
0.006524985
0.005576499
0.005032577
0.004857778
0.004736421
0.004591087
0.00450935
0.004509069
0.00453701
0.004456495
0.004269181
0.004092119
0.004111034
0.004312708
0.004447946
0.004390499
0.004187976
0.003876734
0.003539907
0.003135117
0.002527572
0.001729725
0.0009211169
0.0003461374
0.0001139248
0.0001731398
0.000435394
0.0005356405
0.0002070828
-0.0002807996
-0.0006541435
-0.0008784236
-0.0009971085
-0.001055139
-0.001074849
-0.001116852
-0.001382919
-0.00202489
-0.002822891
-0.003328769
-0.003515443
-0.003773916
-0.004427814
-0.005462812
-0.006773257
-0.008039132
-0.008882212
-0.009172475
-0.009070927
-0.008861845
-0.00882545
-0.009208969
-0.01002499
-0.01095135
-0.01160197
-0.01182066
-0.01180915
-0.01192268
-0.01225741
-0.01275376
-0.01333861
-0.01375948
-0.01392643
-0.01397918
-0.01388712
-0.01371502
-0.01355861
-0.0134488
-0.01317355
-0.01262725
-0.01196835
-0.01123055
-0.01036127
-0.009540998
-0.009004963
-0.008825821
-0.008877235
-0.00886458
-0.008548485
-0.007915671
-0.007296372
-0.007052417
-0.007236051
-0.007699455
-0.008019881
-0.008056094
-0.007822739
-0.007467453
-0.00726634
-0.00734599
-0.007749823
-0.008339123
-0.008835723
-0.009104496
-0.009246669
-0.00935632
-0.009691285
-0.01032356
-0.01099938
-0.01148289
-0.01182862
-0.01215083
-0.01250012
-0.0128847
-0.0131807
-0.01340696
-0.0135498
-0.01352713
-0.01341195
-0.01320588
-0.01292407
-0.01259017
-0.01207935
-0.01140199
-0.01071158
-0.009869711
-0.008754664
-0.007489972
-0.006255753
-0.00506879
-0.003994738
-0.00298665
-0.001998814
-0.0009556383
0.0001752788
0.001193487
0.002078908
0.00298244
0.00395209
0.00501931
0.006200404
0.007458436
0.00863264
0.009561837
0.01011942
0.01038734
0.01071511
0.01126427
0.01187344
0.01233074
0.01263939
0.01276754
0.01269346
0.0126562
0.01288125
0.01343289
0.01415689
0.01475556
0.01506988
0.01521492
0.01522442
0.01513617
0.01513481
0.01522927
0.01537982
0.01539064
0.01511327
0.01471431
0.01416206
0.01360978
0.01322001
0.0127714
0.01191351
0.01076591
0.009775055
0.009196207
0.008892013
0.008607941
0.008153544
0.007577825
0.006902919
0.006031698
0.005225634
0.004800096
0.004574812
0.004137009
0.003420491
0.002728515
0.002214682
0.001914638
0.001710808
0.001543961
0.001533603
0.001771849
0.00201525
0.00185369
0.001188931
0.0002706025
-0.0003771738
-0.0004186448
-0.0001066036
5.718702e-05
-0.0002222837
-0.000738289
-0.001047984
-0.0008507013
-0.0001655364
0.00087578
0.001892602
0.002467829
0.002662958
0.00282599
0.003351913
0.004150854
0.004846518
0.005330005
0.005697161
0.006137131
0.006721334
0.007422492
0.008094335
0.008597534
0.009062659
0.009703527
0.01051947
0.01139411
0.01212132
0.01260513
0.01291343
0.01299658
0.01293263
0.01299613
0.01328184
0.01365315
0.01391836
0.01400119
0.0140445
0.01427078
0.01467503
0.01507096
0.01520496
0.01492657
0.01448288
0.0141194
0.0137031
0.01321005
0.01279863
0.01267509
0.01270798
0.01251235
0.01202858
0.01139326
0.01075248
0.0102799
0.01008188
0.0102114
0.01051343
0.01066758
0.01055808
0.01032641
0.01026154
0.01040656
0.0106956
0.01104307
0.0111857
0.01097606
0.01053797
0.01001967
0.009612931
0.009238535
0.008726201
0.008127107
0.007492309
0.006861453
0.006230355
0.005613467
0.004947036
0.004147825
0.003370397
0.002897478
0.002576329
0.002169551
0.001708342
0.001354193
0.001135544
0.0008913202
0.0006318293
0.0005265067
0.0005103097
0.000519552
0.0005974233
0.0006230274
0.000511035
0.0004031597
0.0003542734
0.0001848266
-0.0001013363
-0.0004918593
-0.0008791988
-0.00120955
-0.001381982
-0.001128446
-0.0004509821
0.0003496818
0.0009126065
0.001072449
0.0008204445
0.0003852333
6.163208e-05
8.445321e-05
0.0003964322
0.0007547697
0.0009456127
0.0008412593
0.0006425832
0.0005303305
0.0005811453
0.0006826438
0.0006466164
0.0004330483
2.329152e-05
-0.0005123556
-0.0009796909
-0.001255664
-0.001468879
-0.001767504
-0.002052934
-0.001959189
-0.001546925
-0.001320664
-0.001538746
-0.002032655
-0.002525168
-0.002996854
-0.003550364
-0.004047421
-0.004418796
-0.004698392
-0.004938334
-0.005327769
-0.005961503
-0.006613384
-0.00726657
-0.008140987
-0.009153763
-0.009977208
-0.01038933
-0.01047871
-0.01049563
-0.01041236
-0.01014059
-0.009819652
-0.00950508
-0.009123682
-0.008495476
-0.007510201
-0.006331096
-0.005348905
-0.004652243
-0.003872575
-0.002826824
-0.001767734
-0.0009537269
-0.0003851171
8.046087e-05
0.0006098662
0.00126694
0.001995116
0.002597567
0.002912313
0.002952253
0.002966612
0.003196547
0.003603334
0.004001831
0.004335099
0.004575411
0.004706719
0.004723853
0.004753856
0.005071768
0.005726127
0.006575351
0.00738449
0.007916136
0.008095837
0.00805668
0.008086015
0.008250485
0.008513913
0.008846063
0.009142389
0.009268574
0.009159778
0.009153425
0.009506051
0.01007451
0.01056042
0.01082167
0.01096965
0.01096442
0.01067107
0.01025608
0.009827652
0.009397141
0.009214605
0.009220712
0.009083952
0.008704849
0.008321154
0.008273106
0.008533889
0.008724328
0.008620329
0.008305534
0.007993958
0.00783753
0.007851408
0.007952323
0.008041877
0.008067906
0.008036882
0.007987385
0.007955114
0.007952848
0.007971194
0.007996505
0.008103873
0.008321064
0.008445618
0.008460751
0.008446645
0.008341158
0.008054088
0.007688663
0.007514515
0.007596336
0.007691609
0.007554635
0.007296629
0.006998395
0.006641478
0.006283361
0.005924944
0.005618714
0.005428794
0.005339866
0.005172466
0.004820298
0.004375074
0.003840109
0.002990339
0.001782971
0.0003382503
-0.001076811
-0.002143564
-0.00294427
-0.003682374
-0.004332512
-0.004825654
-0.005383678
-0.006161646
-0.007001119
-0.007755971
-0.008341067
-0.008733646
-0.009085698
-0.009526882
-0.01011358
-0.01078456
-0.01143983
-0.01187312
-0.01207984
-0.01221155
-0.01239436
-0.01275936
-0.01326023
-0.01369767
-0.0139668
-0.01420587
-0.01451874
-0.01488289
-0.01527027
-0.01556518
-0.01572076
-0.01565315
-0.01538843
-0.01495163
-0.01422484
-0.01333588
-0.01260683
-0.01218448
-0.01197752
-0.01197159
-0.01210972
-0.0121305
-0.01167213
-0.01080264
-0.009882477
-0.009218017
-0.009044015
-0.009289376
-0.009661462
-0.009897936
-0.009913687
-0.009785567
-0.009646367
-0.009585491
-0.009612238
-0.009680113
-0.009734893
-0.009753714
-0.009831123
-0.01003239
-0.01026665
-0.01054521
-0.01083081
-0.01104168
-0.01113304
-0.01111762
-0.01106337
-0.01113793
-0.01135235
-0.01148749
-0.01144935
-0.01140127
-0.01142705
-0.01129094
-0.01084377
-0.01028508
-0.01012191
-0.010755
-0.0118854
-0.01289851
-0.01347123
-0.01347887
-0.01302981
-0.01246755
-0.01210949
-0.01208223
-0.01241487
-0.01292095
-0.01307137
-0.01270773
-0.01221541
-0.01208723
-0.01247317
-0.01309961
-0.01361851
-0.01393828
-0.01401582
-0.01383986
-0.01357929
-0.01351974
-0.01365443
-0.013743
-0.01370278
-0.0137194
-0.01392394
-0.01418747
-0.01421157
-0.0139478
-0.01373144
-0.01381184
-0.01408203
-0.01422731
-0.01421593
-0.01419029
-0.01422277
-0.01430088
-0.01437809
-0.01441894
-0.01437517
-0.01412555
-0.0137331
-0.01344275
-0.01314657
-0.01269635
-0.01219468
-0.01182326
-0.0116602
-0.01165999
-0.01172087
-0.01167583
-0.01122559
-0.01038459
-0.009526237
-0.008866498
-0.008221745
-0.007447793
-0.006427915
-0.005087588
-0.003643482
-0.002392464
-0.001570652
-0.001173811
-0.0009371658
-0.0007323683
-0.000624164
-0.0006007503
-0.0007059936
-0.0008643306
-0.0008386794
-0.0004919737
0.0001529414
0.00085622
0.001342315
0.001571672
0.001768597
0.002154049
0.00279195
0.003475914
0.00394559
0.004099408
0.004022453
0.003887547
0.003831757
0.003882533
0.003983801
0.004068696
0.004189287
0.004384354
0.004477074
0.004477771
0.004594734
0.004874607
0.005286551
0.00590409
0.006625678
0.007177405
0.0074403
0.00743666
0.007527354
0.007981137
0.008647068
0.009200397
0.009460397
0.009557792
0.009637401
0.009735091
0.00982389
0.009797425
0.009782973
0.01008192
0.01075277
0.01150613
0.01201374
0.01218729
0.01235998
0.01286513
0.01337287
0.01337528
0.01296836
0.0125107
0.01216625
0.01198319
0.01193856
0.01196506
0.01197982
0.01181966
0.01129109
0.01045805
0.00965972
0.009194522
0.009087031
0.008962131
0.008449315
0.007659414
0.006959749
0.006593975
0.00643708
0.006115077
0.005450761
0.004537086
0.003500597
0.002523659
0.001839291
0.001549402
0.001562621
0.001688857
0.001770901
0.001754208
0.001673841
0.00161093
0.001707194
0.001934703
0.002074634
0.002125416
0.00213891
0.002046601
0.00184766
0.001537325
0.001193251
0.0008091322
0.0002485337
-0.0003879778
-0.0008764332
-0.00109114
-0.001094791
-0.001160588
-0.00159162
-0.002391845
-0.00322363
-0.003739685
-0.003874505
-0.004001853
-0.004494941
-0.005127288
-0.005491132
-0.005601728
-0.005696892
-0.005905208
-0.00627613
-0.006657804
-0.006941013
-0.007182553
-0.00750497
-0.007837358
-0.008115247
-0.008372692
-0.008619889
-0.008924669
-0.009185111
-0.009252612
-0.00927406
-0.009415047
-0.009521973
-0.00943503
-0.009307927
-0.009250267
-0.009354273
-0.009787228
-0.01048352
-0.01114095
-0.01144882
-0.01110958
-0.01018969
-0.00920893
-0.008740559
-0.008788588
-0.008804742
-0.008335043
-0.007543364
-0.006794977
-0.006285074
-0.006064694
-0.006060091
-0.006111983
-0.005977134
-0.005572375
-0.005051412
-0.004537235
-0.004166232
-0.003805982
-0.003219914
-0.002265641
-0.001211999
-0.0005423306
-0.0003998151
-0.0004599531
-0.0003831071
-0.0002550697
-0.0002403894
-8.223628e-05
0.0004539143
0.001189611
0.001808017
0.0022721
0.002799664
0.003430342
0.00385501
0.003815897
0.00332054
0.002718645
0.002315362
0.002238768
0.002341217
0.002355674
0.002238314
0.002181835
0.002192334
0.002146119
0.002021734
0.001882074
0.001792468
0.001772898
0.001798839
0.001787159
0.001527707
0.0008749733
1.972234e-05
-0.0006303481
-0.0007587383
-0.0005413166
-0.0003544236
-0.0003814525
-0.0006187356
-0.001058665
-0.001587258
-0.001960463
-0.001962114
-0.00175783
-0.001601601
-0.001412817
-0.0009237361
-3.614694e-05
0.0009402372
0.001513685
0.00167309
0.001828793
0.002253204
0.002979392
0.003787714
0.004288243
0.004101572
0.003483777
0.003122071
0.003339342
0.003922608
0.004465941
0.004662661
0.004403141
0.003914868
0.003289941
0.002601081
0.002045199
0.001762017
0.001731911
0.001780469
0.001589643
0.0009534202
6.230837e-05
-0.0006840211
-0.001072178
-0.001299166
-0.001667458
-0.002039699
-0.002114706
-0.002016203
-0.001762479
-0.001372911
-0.001099747
-0.000983052
-0.0009013363
-0.0007524226
-0.0004084571
6.37374e-05
0.0003783347
0.0004997948
0.000563519
0.0007201613
0.0009721812
0.001105642
0.001247738
0.001538262
0.001901801
0.002189756
0.002330759
0.00241132
0.002570823
0.002835172
0.003347619
0.003991411
0.004439211
0.004587209
0.004555356
0.004670806
0.004935052
0.005218948
0.005477356
0.005559872
0.005415713
0.005228777
0.005280765
0.005619622
0.006140509
0.006758232
0.007294615
0.007583294
0.007524284
0.007203216
0.006972106
0.007018762
0.007264105
0.007517964
0.007644086
0.007625766
0.007533422
0.007451923
0.007419634
0.007412962
0.007224321
0.006685042
0.006098527
0.005785697
0.005809801
0.00611071
0.006615671
0.007120718
0.007343953
0.007212334
0.007016959
0.006972163
0.006991303
0.006952575
0.006730084
0.006281005
0.005760183
0.005247096
0.00463237
0.003895424
0.003224314
0.002689685
0.002106623
0.001271955
0.0002454939
-0.0007510592
-0.001461922
-0.001878045
-0.00217425
-0.002453346
-0.002814579
-0.003290872
-0.00363838
-0.003599386
-0.003233611
-0.002795374
-0.0023867
-0.001875359
-0.001234984
-0.0007462288
-0.0005516271
-0.0006482083
-0.0009347796
-0.001088682
-0.0009005149
-0.0004771903
-7.03034e-05
0.0001405676
0.0001482221
5.964466e-05
9.757559e-06
0.0001238423
0.0002224063
0.0002409485
0.0001505928
0.0001067849
0.0003160919
0.0006130632
0.0008291752
0.0008768473
0.0008607783
0.0009519383
0.001193167
0.001660316
0.00236618
0.003024861
0.003513035
0.00399503
0.004534762
0.005022657
0.005330792
0.005422182
0.005420052
0.005624426
0.006247716
0.007117699
0.007849769
0.008194931
0.008173782
0.007986313
0.007898828
0.008129633
0.0085548
0.00878441
0.008709194
0.008541777
0.00836219
0.008182354
0.008043279
0.008040221
0.008230754
0.00840688
0.00839015
0.008207001
0.007996033
0.007873297
0.007866414
0.007928761
0.007988943
0.007908658
0.007475456
0.006770184
0.006147063
0.005821586
0.00582065
0.005879955
0.005899731
0.005921984
0.005845731
0.005658296
0.005547141
0.005727574
0.006051208
0.00627808
0.006409218
0.006497087
0.006579069
0.006770322
0.007153216
0.007606999
0.007943973
0.00807229
0.008032589
0.007934053
0.007869856
0.007872135
0.007918236
0.007966082
0.007971838
0.007835772
0.007612164
0.007533159
0.007642708
0.00766772
0.007279441
0.006515292
0.005738749
0.005249957
0.004961136
0.004569624
0.004058035
0.003412081
0.002634228
0.001942918
0.001523679
0.0012675
0.0009935143
0.0006606723
0.0001938336
-0.0005183853
-0.00136449
-0.002012383
-0.002169118
-0.001953171
-0.001615912
-0.001456942
-0.00161918
-0.001962055
-0.00225512
-0.002331526
-0.002102098
-0.001795978
-0.00169222
-0.001786507
-0.001753324
-0.001289563
-0.0004965438
0.0002605126
0.0007590907
0.001086397
0.001293406
0.00127075
0.001029963
0.0007355956
0.0005463138
0.0005115885
0.0005756995
0.0005849411
0.0002859874
-0.0004228786
-0.001277726
-0.00189976
-0.002106737
-0.002055193
-0.002107312
-0.00247004
-0.003131388
-0.003845642
-0.004331547
-0.004482986
-0.004392321
-0.004230104
-0.004117485
-0.004007536
-0.003840232
-0.003772233
-0.003867243
-0.004029487
-0.004051347
-0.003756077
-0.003165224
-0.002413788
-0.001761769
-0.001399028
-0.001326169
-0.001411264
-0.001504982
-0.001510313
-0.001331386
-0.001047885
-0.0008846274
-0.0007170601
-0.0003819684
-5.045101e-05
0.0001023397
6.430292e-05
-3.908446e-05
1.793978e-05
0.0003651126
0.0008840434
0.001456873
0.002048965
0.002786829
0.00359645
0.004318044
0.005005472
0.005672142
0.006188672
0.006486262
0.006703157
0.006882482
0.007062118
0.007334173
0.007786122
0.008370447
0.008884421
0.009164896
0.009202644
0.009150813
0.009236882
0.009397961
0.009461584
0.009387252
0.009236206
0.009097611
0.009029066
0.009032324
0.009070877
0.00910407
0.009109677
0.00900815
0.008585677
0.007943115
0.00730168
0.006820384
0.006621751
0.006760016
0.006986396
0.007037189
0.006877906
0.00657223
0.006132456
0.005662408
0.005323369
0.005259917
0.005560324
0.006069702
0.006375699
0.006102424
0.005408723
0.004564656
0.003793435
0.003401495
0.003470526
0.003787157
0.004000915
0.003828078
0.003338621
0.00283108
0.002479649
0.00219531
0.001900504
0.001622291
0.001297447
0.0006893291
-0.0001493254
-0.0008984505
-0.001315407
-0.001480268
-0.00158346
-0.001771163
-0.002369935
-0.003318897
-0.00418407
-0.004674262
-0.004741611
-0.004774551
-0.005134223
-0.005757018
-0.006339564
-0.0066498
-0.006660717
-0.006420312
-0.006062431
-0.005891675
-0.006014808
-0.006296691
-0.006533937
-0.006522198
-0.006146095
-0.005581109
-0.005128729
-0.004955748
-0.005010784
-0.005031084
-0.004771875
-0.004300966
-0.003874999
-0.003763622
-0.003960714
-0.004289384
-0.004748866
-0.005235197
-0.005597634
-0.005861271
-0.006057049
-0.006178003
-0.006219682
-0.006208042
-0.006181006
-0.006157152
-0.006135885
-0.006102114
-0.005959209
-0.005729825
-0.005598639
-0.005529449
-0.005369402
-0.005203447
-0.00513301
-0.005159259
-0.005178046
-0.005078035
-0.00498897
-0.004937875
-0.004798381
-0.004442332
-0.00392138
-0.003550785
-0.00343183
-0.003395513
-0.00331388
-0.003102257
-0.002414934
-0.001195623
-3.102808e-05
0.0006454772
0.0008891757
0.001050244
0.001381367
0.001858866
0.002403462
0.002798863
0.002858883
0.002653919
0.002392583
0.002242357
0.00224313
0.002289457
0.00219425
0.002041469
0.002013566
0.002103193
0.002073686
0.00184326
0.001686339
0.001765796
0.001861262
0.0018045
0.001727776
0.0017017
0.001758281
0.001817987
0.001951253
0.002312485
0.002711322
0.002878111
0.002779316
0.002572498
0.00238378
0.002139791
0.00184448
0.001694507
0.001622345
0.001382492
0.001069764
0.0008714599
0.0007048338
0.0005187594
0.0004417337
0.0004193028
0.0003461418
0.00021709
9.013123e-05
1.660539e-05
8.666776e-06
-1.449934e-05
-0.000156646
-0.0003453586
-0.0005786867
-0.0008430362
-0.00106362
-0.001178819
-0.001119874
-0.0008586211
-0.0005599854
-0.0002813689
-3.513289e-05
0.0001408473
0.0002256578
0.0002374771
0.0002173732
0.0002013205
0.0002014361
0.000149582
-8.601531e-05
-0.0004076461
-0.0005764307
-0.0006206409
-0.0006600185
-0.0008018074
-0.001091618
-0.001386138
-0.001649952
-0.001799414
-0.001574384
-0.0008956544
-5.879293e-05
0.0005528199
0.0007720938
0.0006963158
0.0005374263
0.000543869
0.0007895789
0.0010112
0.00102203
0.0008549444
0.0005741596
0.0002634279
0.0001536658
0.0003100059
0.0006006034
0.0008420084
0.0009337319
0.0008950774
0.0007320254
0.0004826727
0.0002683539
0.0001665572
0.0002896499
0.0005630325
0.0007250872
0.0006844513
0.0006119763
0.0005441779
0.0004915772
0.0005672667
0.000773949
0.001002681
0.001154147
0.001196828
0.001178845
0.001256655
0.00144363
0.00154915
0.001485635
0.001319201
0.001152272
0.0009711897
0.0008241126
0.0008345211
0.0009656592
0.000964397
0.0007020322
0.0004206473
0.0002737145
0.0001978338
0.0001301747
8.528086e-05
0.0001861372
0.0003559042
0.0004194182
0.0004452536
0.0004715896
0.0005426168
0.0007224474
0.0009576639
0.001146702
0.001240519
0.001255636
0.001236647
0.001264561
0.001451896
0.001652401
0.00170382
0.00170364
0.00166229
0.001525383
0.001332595
0.001174619
0.001069252
0.0008152842
0.0002152381
-0.0005895272
-0.001268459
-0.001607598
-0.001664991
-0.001792363
-0.002308774
-0.00312316
-0.004830197
-0.005312373
-0.005627237
-0.005970344
-0.006489521
-0.007170863
-0.007936919
-0.008680431
-0.009430756
-0.01018076
-0.01067273
-0.01076159
-0.01064024
-0.01073766
-0.01123387
-0.01185592
-0.01224701
-0.01211462
-0.01166697
-0.01130832
-0.01131482
-0.01167468
-0.01202405
-0.01219016
-0.01222898
-0.01219946
-0.01226643
-0.01237795
-0.01240823
-0.01253511
-0.01286666
-0.01325055
-0.01361847
-0.0139919
-0.01426208
-0.01410789
-0.01365152
-0.01325906
-0.01301643
-0.01287922
-0.01280693
-0.01288192
-0.01317847
-0.01355913
-0.01371988
-0.01347898
-0.01299172
-0.012553
-0.01233475
-0.01223488
-0.0121536
-0.01213896
-0.01209984
-0.01199245
-0.01184064
-0.01173815
-0.01177839
-0.01178491
-0.01158709
-0.01128003
-0.01111219
-0.01099369
-0.01079121
-0.01049672
-0.01022984
-0.00999997
-0.009629033
-0.009182946
-0.00878028
-0.008441639
-0.008236414
-0.008308543
-0.008595179
-0.008748918
-0.008529275
-0.007957693
-0.007399673
-0.007144909
-0.007062786
-0.006937455
-0.006723443
-0.006496244
-0.006335885
-0.006217092
-0.005974684
-0.005611797
-0.005413459
-0.005535319
-0.005840324
-0.006098689
-0.006118071
-0.005854993
-0.005641248
-0.005771698
-0.006071239
-0.006248675
-0.006204755
-0.006087205
-0.006163218
-0.006477549
-0.006907125
-0.007386124
-0.007813049
-0.008150248
-0.008502743
-0.008941129
-0.009399397
-0.00962251
-0.009621827
-0.009742013
-0.01013148
-0.01067431
-0.0113539
-0.01192116
-0.01204732
-0.01174584
-0.01121239
-0.01059373
-0.01007304
-0.00977926
-0.009705238
-0.009743284
-0.00977625
-0.009744579
-0.009656161
-0.009553801
-0.009475122
-0.009431039
-0.009422631
-0.009520392
-0.009681916
-0.009712017
-0.009567416
-0.009435089
-0.009403339
-0.009361809
-0.009248594
-0.009091753
-0.008972061
-0.009017226
-0.009168817
-0.009342716
-0.009524716
-0.009646159
-0.009548367
-0.00919217
-0.008747232
-0.008414936
-0.008279219
-0.008289762
-0.008297887
-0.008091309
-0.007647254
-0.007119127
-0.006578225
-0.006086991
-0.005736725
-0.005524164
-0.005315585
-0.005152127
-0.005130036
-0.005220039
-0.005319305
-0.005290624
-0.005061187
-0.004764758
-0.004460953
-0.004176544
-0.003899217
-0.003535093
-0.003104517
-0.002731839
-0.002449782
-0.002080116
-0.001470819
-0.0006736071
8.309133e-05
0.0005460002
0.0007702055
0.0009734854
0.00135206
0.001929663
0.002623899
0.003226384
0.003571973
0.003731197
0.003942337
0.004365854
0.004977869
0.005546716
0.005785156
0.005678389
0.005516756
0.005610625
0.006131308
0.006862677
0.007457428
0.007797137
0.007834396
0.007679704
0.007594131
0.007709793
0.008067284
0.00859304
0.009163646
0.009548844
0.00957873
0.009361882
0.009231807
0.009394704
0.009752876
0.01012494
0.01058837
0.01120645
0.01181061
0.0122336
0.01252608
0.01277441
0.01297488
0.01312689
0.01333606
0.01363281
0.01392139
0.01412874
0.01430181
0.01438109
0.01429908
0.01416419
0.01418882
0.0143585
0.01442659
0.0142672
0.01396739
0.01369272
0.01355039
0.01348418
0.01336692
0.01320271
0.0129677
0.01269437
0.01246486
0.01226157
0.01190276
0.01131153
0.01073991
0.0105265
0.01069977
0.01095763
0.01096791
0.01075358
0.01042996
0.01015312
0.01008286
0.01011285
0.01003062
0.009799875
0.009523185
0.009239045
0.009003586
0.008884254
0.008975911
0.009263396
0.009538572
0.009455837
0.008987975
0.008397007
0.007992119
0.007868501
0.007956368
0.008002373
0.007736147
0.007164476
0.006450175
0.005811475
0.005397793
0.005132803
0.004897147
0.004625666
0.004248595
0.00381483
0.00341778
0.003058163
0.002704594
0.002355474
0.002150027
0.002111887
0.002064906
0.001905852
0.00168241
0.001434961
0.001191453
0.0009634362
0.0006739247
0.0003728314
0.000141317
4.931022e-05
-5.055719e-06
-9.448861e-05
-0.0002121673
-0.0003120434
-0.000359614
-0.0003544564
-0.0003213529
-0.0002885085
-0.0002609106
-0.000161118
7.573368e-05
0.0003732178
0.0005904449
0.0005918226
0.0004469057
0.0003358708
0.0002719948
0.0002691478
0.0003671561
0.0005392
0.0007917475
0.001102158
0.001366394
0.00147823
0.00132254
0.0008941431
0.0004345038
8.519098e-05
-0.0001986109
-0.000367214
-0.0003911922
-0.0003878754
-0.0003787579
-0.0003704224
-0.0004119277
-0.0004213814
-0.0003341391
-0.0001871531
-5.708821e-05
7.894189e-06
1.020228e-05
-1.561862e-05
-3.139111e-05
3.576118e-05
0.0002551717
0.0005544147
0.0007996292
0.0009673765
0.001145767
0.001348699
0.001520684
0.001614271
0.001628351
0.00159818
0.001564704
0.001550953
0.00155709
0.001570117
0.001568991
0.001488006
0.001271756
0.0009176418
0.0005110342
0.0001965165
5.797772e-05
7.25632e-05
0.0001517993
0.0001927607
8.337466e-05
-0.0001945173
-0.0005660586
-0.0008590735
-0.001008708
-0.001043103
-0.0009615289
-0.0008474179
-0.0007350547
-0.0006342728
-0.0006387542
-0.0007804844
-0.0009367164
-0.0009629343
-0.0009062057
-0.0008666229
-0.0008726733
-0.0008656035
-0.0007786804
-0.0006891598
-0.0006792178
-0.0007869415
-0.001026984
-0.001304331
-0.001495402
-0.001593235
-0.001693727
-0.001819605
-0.001919471
-0.00190625
-0.001762954
-0.001582395
-0.001402848
-0.001253521
-0.00114857
-0.001029231
-0.0008331898
-0.0005990225
-0.0004090242
-0.0002931258
-0.0001845796
-7.561766e-05
3.222229e-05
0.0001721187
0.0003891429
0.0006686699
0.0009192287
0.001063857
0.001107505
0.001161779
0.00130564
0.001501018
0.001704911
0.001969595
0.002251646
0.00249387
0.002651712
0.002665288
0.002587095
0.002489294
0.002463521
0.002540519
0.00266224
0.002779663
0.002886041
0.002949621
0.002995408
0.003014906
0.002944275
0.002833848
0.00281079
0.002934582
0.003145819
0.003314845
0.003451402
0.003617327
0.003791863
0.003905589
0.003879953
0.003705467
0.003524918
0.003531432
0.003799727
0.004213376
0.00455646
0.004699245
0.004690403
0.004602742
0.004483104
0.004412975
0.004389911
0.004345446
0.004253142
0.004125853
0.003963612
0.003822014
0.003760206
0.003751188
0.003709124
0.003636536
0.00359552
0.003629781
0.003688245
0.003718536
0.003690735
0.003642717
0.003614341
0.003604659
0.003611155
0.003654731
0.003718725
0.003757562
0.003766525
0.003760945
0.00375894
0.003824428
0.003936428
0.003992
0.00390486
0.003705971
0.003515509
0.003414846
0.003364957
0.003308676
0.003223381
0.0031184
0.003010638
0.00289037
0.002767347
0.002680152
0.002605072
0.002504986
0.002408526
0.002325943
0.002236272
0.002142688
0.002081892
0.002044624
0.001988457
0.001901912
0.001811802
0.001760476
0.001728696
0.001675712
0.001593482
0.001491606
0.001364229
0.001221627
0.001094694
0.0009928192
0.0008907359
0.0007806896
0.000690935
0.0006489568
0.0006247312
0.0005680183
0.0004375155
0.0002585976
0.0001034367
-2.561401e-06
-7.787715e-05
-0.0001441314
-0.0002002645
-0.0002600685
-0.0003240852
-0.0003821402
-0.0004387267
-0.0004893583
-0.0005122646
-0.0005094132
-0.0005153233
-0.0005588507
-0.000627262
-0.0006883422
-0.0007219006
-0.0007294036
-0.0007255616
-0.0007250065
-0.0007340897
-0.0007506149
-0.0007685707
-0.0007832227
-0.0007934088
-0.0008008877
-0.00080786
-0.0008147562
-0.0008216896
-0.0008292294
-0.0008376462
-0.0008428791
-0.0008360336
-0.0008295129
-0.0008386695
-0.0008576119
-0.0008632813
-0.0008485987
-0.0008321775
-0.000835354
-0.0008559119
-0.000888361
-0.0009235508
-0.0009506283
-0.0009648818
-0.0009697832
-0.0009725633
-0.0009779041
-0.0009862396
-0.0009954604
-0.00100336
-0.001008794
-0.001006633
-0.0009964781
-0.0009930608
-0.00100224
-0.00101306
-0.001018655
-0.001025159
-0.001034754
-0.001039563
-0.001037032
-0.001030886
-0.001021459
-0.001013541
-0.001017986
-0.001036554
-0.001054326
-0.001063895
-0.001069419
-0.001073407
-0.001071991
-0.001067131
-0.001060802
-0.001055239
-0.001057982
-0.001070496
-0.001085862
-0.001098002
-0.001107385
-0.001112559
-0.001116047
-0.00112106
-0.001126802
-0.001130851
-0.001131556
-0.001129282
-0.001125428
-0.001123124
-0.001123092
-0.001119079
-0.001111742
-0.001105526
-0.001102296
-0.001099
-0.001091081
-0.001079612
-0.001069169
-0.001063096
-0.001061238
-0.0010627
-0.001065424
-0.00106466
-0.001059003
-0.001049093
-0.001036581
-0.001023685
-0.001013524
-0.001007883
-0.001006202
-0.001007687
-0.001009705
-0.001008513
-0.001003981
-0.0009976579
-0.0009910937
-0.0009870895
-0.0009853404
-0.0009835449
-0.0009819507
-0.0009816231
-0.000982847
-0.0009836345
-0.0009824826
-0.000978907
-0.0009741813
-0.0009701746
-0.0009671289
-0.0009639627
-0.0009590375
-0.0009528743
-0.0009470669
-0.0009415116
-0.0009363105
-0.0009319167
-0.000927966
-0.0009235852
-0.0009176354
-0.0009098907
-0.0009009256
-0.0008920081
-0.0008844523
-0.0008786397
-0.0008739872
-0.0008695741
-0.0008647618
-0.0008594194
-0.000853772
-0.0008482573
-0.0008434638
-0.000839155
-0.0008341814
-0.0008280028
-0.0008211167
-0.0008143216
-0.0008081738
-0.0008029481
-0.0007983564
-0.0007938324
-0.0007886453
-0.0007827188
-0.0007764178
-0.0007700835
-0.0007640306
-0.0007582647
-0.0007526221
-0.0007467878
-0.0007404671
-0.0007336234
-0.0007265414
-0.0007196978
-0.0007132949
-0.0007070226
-0.0007003697
-0.0006931089
-0.0006855601
-0.0006780951
-0.0006708302
-0.0006636909
-0.0006565446
-0.0006493093
-0.0006420373
-0.000634891
-0.0006278631
-0.0006207137
-0.0006133883
-0.0006059881
-0.0005985867
-0.0005912057
-0.0005839305
-0.0005767901
-0.0005696594
-0.0005624154
-0.0005550293
-0.0005475913
-0.0005402186
-0.0005329644
-0.0005258039
-0.0005186783
-0.0005115431
-0.0005043891
-0.0004972312
-0.0004901122
-0.0004830544
-0.0004760168
-0.0004689661
-0.0004618845
-0.0004547736
-0.0004476506
-0.0004405341
-0.0004334349
-0.0004263616
-0.0004193235
-0.000412313
-0.00040531
-0.0003983018
-0.0003912829
-0.0003842574
-0.0003772383
-0.0003702382
-0.000363257
-0.0003562878
-0.0003493242
-0.0003423645
-0.0003354156
-0.0003284834
-0.0003215708
-0.0003146801
-0.0003078094
-0.000300955
-0.0002941126
-0.0002872801
-0.0002804579
-0.0002736483
-0.0002668543
-0.0002600769
-0.0002533155
-0.0002465691
-0.000239837
-0.00023312
-0.0002264185
-0.0002197325
-0.0002130615
-0.0002064055
-0.0001997651
-0.0001931407
-0.0001865321
-0.0001799393
-0.0001733624
-0.0001668018
-0.0001602578
-0.0001537304
-0.0001472198
-0.0001407259
-0.0001342489
-0.0001277891
-0.0001213467
-0.0001149217
-0.0001085145
-0.0001021252
-9.575384e-05
-8.94007e-05
-8.306593e-05
-7.67497e-05
-7.045218e-05
-6.417355e-05
-5.791398e-05
-5.167364e-05
-4.545271e-05
-3.925136e-05
-3.306977e-05
-2.69081e-05
-2.076653e-05
-1.464523e-05
-8.544369e-06
-2.464114e-06
3.595366e-06
