-0.0005993465
-0.000600651
-0.0006027278
-0.0006037293
-0.0006052067
-0.0006058359
-0.0006071483
-0.0006081842
-0.0006101438
-0.0006113927
-0.0006132672
-0.0006134755
-0.0006129827
-0.0006103641
-0.0006090321
-0.0006070621
-0.0006082144
-0.0006090181
-0.0006096841
-0.0006092048
-0.0006174611
-0.0006291782
-0.0006411537
-0.0006414346
-0.0006338757
-0.0006223234
-0.0006163397
-0.0006169035
-0.0006186462
-0.0006179757
-0.0006173637
-0.0006166493
-0.0006181278
-0.0006207647
-0.0006231351
-0.0006171827
-0.000598756
-0.0005714295
-0.0005585993
-0.0005779662
-0.0006225867
-0.0006622899
-0.0006950272
-0.0007264432
-0.0007523537
-0.0007502856
-0.0007174219
-0.0006817548
-0.0006351813
-0.0005801193
-0.0005361257
-0.0005077143
-0.0005070484
-0.0005034848
-0.0004938033
-0.0004797506
-0.0004651203
-0.0004571419
-0.0004683064
-0.0005110361
-0.000581901
-0.0006520501
-0.0007195071
-0.0007568144
-0.0007016084
-0.0006126234
-0.0005320955
-0.000455244
-0.0004165823
-0.0005213629
-0.0006674239
-0.0007319905
-0.0007662487
-0.0007864845
-0.0007161852
-0.000589825
-0.0004769361
-0.0003867504
-0.0003272315
-0.000312222
-0.000317647
-0.0003457806
-0.0004104779
-0.0004870634
-0.0006158451
-0.00074684
-0.000833556
-0.0008619145
-0.0008574809
-0.0007807489
-0.0005858537
-0.0003200753
-8.344798e-05
8.369271e-05
0.0001132926
-7.956943e-05
-0.0004175252
-0.0006361432
-0.0006706745
-0.0005846619
-0.0004678401
-0.0004506335
-0.0005779822
-0.0008102158
-0.001066511
-0.001202725
-0.001130483
-0.0009658748
-0.0009398783
-0.0009919651
-0.0009616589
-0.0007772548
-0.0004476396
-3.104007e-05
0.0003699937
0.0005538161
0.0005068043
0.000373181
0.0001053818
-0.0003387306
-0.001002827
-0.001649053
-0.002036277
-0.002161591
-0.001718175
-0.0008729051
5.734815e-06
0.0007800638
0.001387264
0.001765524
0.001707538
0.00112155
0.0003129331
-0.000383331
-0.0009258551
-0.001233552
-0.001090253
-0.0005497246
-8.801515e-05
-4.694917e-05
-0.0003748768
-0.0008196225
-0.00124924
-0.001607675
-0.001760945
-0.001537286
-0.0009189426
-0.000422467
-0.0003661601
-0.0005073089
-0.0005951266
-0.0005597757
-0.0003650303
-0.0003243422
-0.0003657801
-0.0003146202
-8.549884e-05
0.0003300162
0.0007066361
0.0008512351
0.000766494
0.0006883948
0.0007206972
0.0006241391
0.0003012294
-9.949375e-05
-0.0002793729
-0.0001863189
6.922431e-05
0.0005482167
0.001022927
0.0009572847
0.0007284036
0.0003879842
-7.290876e-07
-8.269916e-05
-0.0002981528
-0.0007699459
-0.001143321
-0.001264909
-0.001260708
-0.001098611
-0.001092518
-0.001389424
-0.001814445
-0.002064421
-0.001944954
-0.001614691
-0.001185683
-0.0004378627
0.000585352
0.001654358
0.002377284
0.002721786
0.002926968
0.002867201
0.002099974
0.001109452
0.0001447306
-0.0003893241
-0.0005406216
-0.0007271372
-0.0007808063
-0.0002739132
0.0004923003
0.001361494
0.002077935
0.002153104
0.00169006
0.0009518998
0.0002053543
-0.0005607163
-0.001210611
-0.001246916
-0.0007679344
4.187803e-05
0.001035805
0.002163331
0.003009465
0.002935053
0.002054754
0.000800687
5.570885e-05
0.0006154527
0.002149092
0.003628382
0.004378908
0.004298405
0.003677981
0.003200802
0.00350278
0.003707787
0.003004895
0.001796144
0.0002285632
-0.001382415
-0.00270526
-0.003712362
-0.004556735
-0.00510914
-0.004988159
-0.004059378
-0.002676006
-0.001408853
-0.000587013
-0.0003503619
-0.0005496327
-0.0004862679
0.0001351948
0.001387507
0.002820209
0.003522632
0.003376191
0.002185743
0.0004470983
-0.0007929124
-0.001588684
-0.002434291
-0.003231506
-0.003585621
-0.002981796
-0.001557262
0.0001555336
0.002400255
0.00463509
0.005866427
0.005885876
0.004628368
0.001950557
-0.001470796
-0.004788869
-0.007143588
-0.007924315
-0.006843513
-0.004486917
-0.002302852
-0.0009131696
-0.0002341918
-0.0003024839
-0.0009415287
-0.001792062
-0.002189857
-0.001407615
-0.0003014605
0.0003817656
7.361058e-05
-0.0002628601
-0.000145563
0.0007044886
0.002460107
0.004429525
0.00591663
0.006358162
0.004878271
0.00220449
-1.378848e-05
-0.001685139
-0.002770251
-0.003040194
-0.001888993
-0.0002139176
0.0004843761
-8.635982e-05
-0.001568555
-0.003527376
-0.005316239
-0.006262168
-0.005717292
-0.003432047
-0.0004984463
0.002476684
0.005386009
0.006861386
0.006323647
0.004372707
0.001816125
-0.0001401558
-0.001236506
-0.001997633
-0.002045294
-0.001670941
-0.0004071751
0.001726496
0.003326563
0.00419785
0.004621655
0.003091172
0.0007323948
-0.0008144207
-0.001509333
-0.00187851
-0.001999738
-0.002174951
-0.002040701
-0.001077549
0.0006881836
0.00223811
0.002716918
0.002721021
0.002758043
0.002454422
0.00142414
-1.757802e-05
-0.0006269485
-0.000390882
0.001258501
0.00380532
0.006322591
0.00712928
0.004957398
0.001605406
-0.001305241
-0.002854266
-0.003068484
-0.002361849
-0.001238964
-0.0002349955
0.0003718181
-0.0006181872
-0.002529255
-0.003886464
-0.003415494
-0.0002445345
0.003772575
0.007231942
0.009657871
0.01013314
0.008570228
0.005799503
0.00334847
0.001818041
0.00110713
0.001825544
0.003559427
0.004842151
0.005100857
0.003373482
-0.0002260366
-0.004386562
-0.007732785
-0.009619973
-0.009178236
-0.006292063
-0.001752044
0.003053284
0.007008108
0.00887424
0.008602587
0.006338301
0.002983131
0.0002028157
-0.001649796
-0.002257819
-0.002071553
-0.001835988
-0.001457547
-0.0001167025
0.00182785
0.003053802
0.002779883
0.001156863
-0.001338908
-0.003990519
-0.006006761
-0.006787598
-0.006029291
-0.0041384
-0.002038182
-0.0003279052
0.001497665
0.003655049
0.005762244
0.007622481
0.008600378
0.00766942
0.005122418
0.001404278
-0.002136981
-0.005003303
-0.006118656
-0.005437489
-0.00218219
0.003030358
0.00959345
0.01456082
0.01608945
0.01374771
0.008545023
0.003218135
-0.0006238765
-0.003148976
-0.004208134
-0.00340017
-0.001446291
0.001342009
0.003363749
0.003181538
-0.000122099
-0.005777767
-0.01153732
-0.01455579
-0.01347596
-0.007985411
0.0003846509
0.00941893
0.0166822
0.0202277
0.01865918
0.01442444
0.009584293
0.005949056
0.005007399
0.006092331
0.007937094
0.008992176
0.009996299
0.0112083
0.01208003
0.01179821
0.009930917
0.007236059
0.004842729
0.002871067
0.0007494486
-0.002609663
-0.005949745
-0.009045356
-0.01141582
-0.01295422
-0.01345167
-0.01238471
-0.009006768
-0.005113728
-0.001359358
0.002004838
0.003633957
0.004134788
0.004644906
0.005242397
0.005032698
0.003651436
0.002714846
0.003913977
0.006896784
0.01086671
0.01385101
0.01484251
0.01275177
0.008924142
0.006174932
0.004693946
0.004372372
0.003402706
-0.0002577304
-0.006369272
-0.01310693
-0.01755876
-0.01844781
-0.01626945
-0.01308604
-0.01028949
-0.006845954
-0.00279203
0.0009829584
0.004847618
0.008529254
0.0113792
0.01297143
0.0130248
0.01061782
0.006891185
0.003341847
0.0003011941
-0.0008341663
0.0003495803
0.002547043
0.004184869
0.004585429
0.004023261
0.003126182
0.003447312
0.00373939
0.00312922
0.001307228
-0.001410464
-0.003899899
-0.006002935
-0.007671412
-0.008964186
-0.009608197
-0.007993023
-0.004479297
-0.0001952254
0.00323909
0.004710318
0.003690219
0.001224848
-0.0002209
0.0005661112
0.003027634
0.00517127
0.006105378
0.005724968
0.005831665
0.00670515
0.007723382
0.007751335
0.00621732
0.005564043
0.007628211
0.01154592
0.01601749
0.01883012
0.01802282
0.01375185
0.007470626
0.0006043254
-0.006023054
-0.01222319
-0.01750112
-0.02038265
-0.01997033
-0.01585669
-0.008881801
-0.002267485
0.001723333
0.001831637
-0.001452685
-0.006353363
-0.01061253
-0.01231303
-0.01073658
-0.006283662
-0.0004107502
0.004641263
0.007345497
0.007299552
0.005440928
0.003923131
0.003908318
0.005453081
0.007316744
0.008285266
0.008683543
0.009788478
0.01179894
0.01283583
0.01088953
0.006608544
0.002082294
-0.001350968
-0.003239166
-0.003778609
-0.003988514
-0.0041212
-0.003245747
-0.0008025981
0.002344709
0.004806942
0.005134941
0.002158127
-0.00314072
-0.008093003
-0.01079959
-0.01151013
-0.0112881
-0.010373
-0.008145053
-0.003711646
0.002642497
0.009422326
0.0152053
0.01854008
0.01839547
0.01536095
0.01119996
0.007282892
0.003890183
0.00211063
0.001772042
0.002086651
0.002351058
0.001695838
-0.001042456
-0.006437162
-0.01259446
-0.01697893
-0.0175987
-0.01599416
-0.01306142
-0.01035609
-0.008161875
-0.006477052
-0.004163149
-0.0004450746
0.003436236
0.006558044
0.008072844
0.009297976
0.01115559
0.01358611
0.0158609
0.01692203
0.01700207
0.01687559
0.01677281
0.01678385
0.01608379
0.01432472
0.01210045
0.009987878
0.007908453
0.005539132
0.002314357
-0.001336215
-0.004720921
-0.006934785
-0.00705666
-0.004949933
-0.00147624
0.002478278
0.005791716
0.007439562
0.007927649
0.006572486
0.003787633
-0.0001022375
-0.003975757
-0.007358638
-0.008162602
-0.006554095
-0.00352142
-0.001138142
0.0002447955
0.002207952
0.004645369
0.008618455
0.01450401
0.0206565
0.02571423
0.02740579
0.02586759
0.02179302
0.01703416
0.01288714
0.009793789
0.007441634
0.004852305
0.001276618
-0.003532436
-0.008903146
-0.01374403
-0.01759114
-0.02032257
-0.02147778
-0.02030338
-0.0173756
-0.01492394
-0.01510201
-0.01872646
-0.02424174
-0.0292148
-0.03226117
-0.0323965
-0.02845061
-0.02069613
-0.01185137
-0.003789088
0.003751275
0.01139051
0.01991319
0.02871352
0.03601217
0.03944825
0.03920739
0.03690265
0.03274931
0.02760365
0.02266502
0.01876741
0.01704929
0.01808928
0.02114077
0.02495788
0.02826769
0.02932315
0.02675356
0.02097728
0.01319411
0.004133594
-0.005731801
-0.01486486
-0.02246969
-0.02878099
-0.03424364
-0.03856708
-0.04191564
-0.04391619
-0.04440432
-0.04315628
-0.04186473
-0.04080419
-0.03962275
-0.03823466
-0.0362833
-0.03225671
-0.02678517
-0.02094092
-0.01601908
-0.0135093
-0.0139941
-0.01561628
-0.01633936
-0.01565345
-0.0133632
-0.009847695
-0.005926686
-0.002755946
-0.001550764
-0.002984369
-0.006716006
-0.01179666
-0.01854766
-0.02686156
-0.03593429
-0.0434432
-0.04874262
-0.05348776
-0.0581523
-0.06253813
-0.06677525
-0.07016058
-0.07167219
-0.07028314
-0.06621995
-0.05982168
-0.05303364
-0.04691272
-0.04151244
-0.03624863
-0.03111922
-0.0264451
-0.02221251
-0.01872994
-0.01497385
-0.01024221
-0.003916302
0.005337721
0.01789734
0.03139359
0.04358631
0.05327038
0.06069607
0.06533613
0.0668732
0.06606307
0.06434663
0.06234285
0.06082592
0.0600795
0.05975077
0.05983636
0.05963905
0.0586238
0.05624638
0.05214717
0.0464142
0.0401279
0.03304058
0.02493078
0.01684391
0.009801855
0.00500249
0.002035715
0.0004024393
-8.310904e-05
-0.0006973012
-0.002526318
-0.005616792
-0.00883889
-0.01115406
-0.01385899
-0.01843654
-0.02521596
-0.03258688
-0.03917778
-0.04350238
-0.04515683
-0.04415645
-0.04173141
-0.03932667
-0.03888877
-0.04188822
-0.04705798
-0.05397199
-0.06040111
-0.0656395
-0.07037616
-0.07330152
-0.07426081
-0.07278191
-0.06910839
-0.06367432
-0.0569814
-0.05056884
-0.04513386
-0.03991059
-0.03568904
-0.03126506
-0.02707987
-0.023943
-0.02158804
-0.02034177
-0.01873946
-0.01487224
-0.00829448
0.001895619
0.01594457
0.03329587
0.05303772
0.0715266
0.08556533
0.09527106
0.1001803
0.09975692
0.09342306
0.0827665
0.0691401
0.05350366
0.0365255
0.01822497
-0.0001828179
-0.01592521
-0.02836222
-0.03758086
-0.04519652
-0.05186266
-0.05667114
-0.05943237
-0.06095273
-0.06236177
-0.0644266
-0.06779016
-0.07257158
-0.07828111
-0.08377451
-0.08761941
-0.08939096
-0.08959149
-0.08840556
-0.08629549
-0.08428313
-0.08232694
-0.07946187
-0.07429153
-0.06562589
-0.05306657
-0.03627119
-0.01733963
0.0006156231
0.01673456
0.03170522
0.04625272
0.05973466
0.07212304
0.08364129
0.09321013
0.1015364
0.1079458
0.1133698
0.1175165
0.1200206
0.1192009
0.1130271
0.1027168
0.08900427
0.07387065
0.0611422
0.05504514
0.05632201
0.06349521
0.0744274
0.08794156
0.1025587
0.1158583
0.125717
0.1323611
0.1365581
0.1376312
0.135127
0.1294478
0.1212508
0.1108894
0.09926221
0.09058855
0.08774166
0.09151783
0.1002375
0.1079965
0.1100393
0.1030281
0.08783844
0.06851095
0.04776431
0.02747936
0.009205021
-0.007219815
-0.0214835
-0.03363985
-0.04396456
-0.05246541
-0.06039253
-0.06751148
-0.0740816
-0.07915976
-0.08134607
-0.07952125
-0.07201223
-0.05780044
-0.03752262
-0.01430046
0.00776803
0.02668114
0.04145744
0.05063543
0.0558259
0.05760552
0.05720673
0.05672893
0.05634934
0.05488164
0.05213322
0.04652197
0.03694557
0.02522257
0.01256783
-0.000617294
-0.01323715
-0.02354173
-0.02954115
-0.03057354
-0.02750318
-0.02200298
-0.01707122
-0.01514645
-0.01739498
-0.0240662
-0.03391745
-0.04467683
-0.05540759
-0.06528619
-0.07328243
-0.08065776
-0.08870604
-0.09711946
-0.104912
-0.1126877
-0.1206609
-0.1279982
-0.1348899
-0.1401774
-0.1432532
-0.1438847
-0.1423767
-0.1391146
-0.1346415
-0.1302763
-0.1267616
-0.1238883
-0.1212866
-0.1196028
-0.1183634
-0.1169542
-0.1154329
-0.1143876
-0.1152411
-0.1177393
-0.1214931
-0.1254764
-0.1296366
-0.1332425
-0.1365866
-0.1397302
-0.1427528
-0.1460238
-0.1490213
-0.1510963
-0.152606
-0.1535745
-0.1536539
-0.1536205
-0.1533675
-0.1527074
-0.1519711
-0.1516276
-0.1511158
-0.1493954
-0.1466463
-0.1438176
-0.140952
-0.138208
-0.1359001
-0.1338408
-0.133314
-0.1343382
-0.1349257
-0.1323794
-0.1230713
-0.1045751
-0.07768194
-0.04636869
-0.01486687
0.01582639
0.04130838
0.05999661
0.07392021
0.08607084
0.09796962
0.1099639
0.120888
0.129186
0.133911
0.1347929
0.1337261
0.133257
0.1348836
0.1388243
0.1436803
0.1493709
0.1560301
0.1621039
0.1679877
0.1724575
0.1761635
0.179491
0.1818349
0.1832373
0.1836431
0.1839952
0.1836511
0.1814862
0.1772864
0.1727029
0.1680294
0.1639758
0.161073
0.1606783
0.1637896
0.1698081
0.1769618
0.1847693
0.1914134
0.1968901
0.2014035
0.2042411
0.2045122
0.2015914
0.1963784
0.1894415
0.181194
0.1715736
0.1609856
0.1506503
0.1433695
0.1401166
0.1411826
0.1456525
0.1512084
0.1565774
0.1612339
0.1656679
0.1713857
0.1789438
0.1864397
0.1935663
0.1984181
0.1976096
0.1889959
0.1725163
0.1472663
0.1177243
0.08614236
0.05692834
0.03062889
0.007566561
-0.01244709
-0.03139535
-0.04738205
-0.0625095
-0.07700077
-0.09108101
-0.103478
-0.1137336
-0.1219167
-0.1283244
-0.1329538
-0.1362015
-0.1378718
-0.1378361
-0.1363925
-0.133118
-0.1289568
-0.1246884
-0.1207838
-0.1182562
-0.1165458
-0.1150803
-0.1151106
-0.1167446
-0.1206493
-0.1263067
-0.1329374
-0.1405644
-0.1478646
-0.1543141
-0.159632
-0.1636764
-0.1645379
-0.1606511
-0.1510807
-0.1368825
-0.1192516
-0.1004984
-0.0817184
-0.0655204
-0.05089865
-0.03873601
-0.02934721
-0.02202185
-0.01689755
-0.01292983
-0.009878318
-0.006201557
-0.001256111
0.0049675
0.01251314
0.021436
0.03132222
0.04107285
0.04923146
0.05527307
0.05881859
0.06035528
0.0618935
0.06313799
0.06500996
0.06718159
0.06941498
0.07165075
0.07447152
0.07778729
0.08108606
0.08357749
0.08468118
0.08340486
0.07917013
0.07182924
0.0605926
0.04600248
0.02895912
0.009834837
-0.009657015
-0.02780134
-0.04284768
-0.0533923
-0.05927308
-0.0593823
-0.05449879
-0.04485965
-0.03125808
-0.01625916
-0.002061464
0.00885489
0.01459058
0.01489871
0.009517214
-0.001323895
-0.01592593
-0.03212182
-0.04777382
-0.05937881
-0.0648174
-0.06275354
-0.05330543
-0.03841269
-0.02102018
-0.003971087
0.01173766
0.02601018
0.03785914
0.04747159
0.05386564
0.05706491
0.05883776
0.05928807
0.05897021
0.05685295
0.05119213
0.03991405
0.02359182
0.003932837
-0.01485139
-0.03118333
-0.04333705
-0.05134678
-0.05546126
-0.05713052
-0.05855123
-0.06125715
-0.06476961
-0.06753554
-0.06893471
-0.06826721
-0.06508303
-0.05868337
-0.04795914
-0.03243255
-0.01411545
0.00286415
0.01523194
0.02347109
0.02816989
0.02896357
0.02652601
0.02160242
0.01488018
0.006531927
-0.003335299
-0.01346618
-0.02358726
-0.0326987
-0.04113574
-0.04864053
-0.05258609
-0.05066349
-0.04348807
-0.0333381
-0.02146311
-0.00872987
0.00166231
0.007760696
0.007543588
0.001694524
-0.006888286
-0.01635911
-0.02506396
-0.03124377
-0.03422589
-0.03372681
-0.0305195
-0.02603834
-0.0214214
-0.01708541
-0.0131977
-0.009890355
-0.007287827
-0.005447403
-0.003849155
-0.00212357
0.0001757324
0.003131229
0.005493345
0.006334544
0.005135017
0.002075946
-0.002310211
-0.007438836
-0.01193664
-0.01467291
-0.01515201
-0.012827
-0.007705388
-0.0004545514
0.006363187
0.01038067
0.01101928
0.008076071
0.003015402
-0.00227904
-0.006749434
-0.009814706
-0.01166683
-0.01149363
-0.008987966
-0.004581534
0.001279362
0.008500071
0.01677317
0.02493577
0.03237759
0.0385154
0.0422518
0.04288553
0.04010825
0.03463768
0.02878339
0.02377415
0.01991196
0.01798422
0.01728757
0.01661369
0.01467113
0.01145344
0.007500678
0.002302831
-0.004073032
-0.0113762
-0.01942554
-0.02602473
-0.02908443
-0.02750827
-0.02202968
-0.01545588
-0.009857977
-0.006837437
-0.006552763
-0.008496615
-0.009950947
-0.009283804
-0.006633356
-0.002440087
0.002527392
0.0077146
0.01223653
0.01510816
0.01557701
0.01367809
0.009446257
0.00328447
-0.003142402
-0.008723385
-0.01299724
-0.01623308
-0.01716955
-0.01349231
-0.005661806
0.005518643
0.01762894
0.03005525
0.04229284
0.05336392
0.06171862
0.06471958
0.06049032
0.04838737
0.03024882
0.007915019
-0.01454491
-0.03415413
-0.04978214
-0.06333116
-0.0737143
-0.08268215
-0.08947886
-0.09400978
-0.09684282
-0.09608266
-0.09103703
-0.08169794
-0.06819861
-0.05118698
-0.03097321
-0.009568887
0.01017958
0.02721191
0.03996451
0.04763136
0.0513114
0.05147463
0.04935074
0.04690696
0.04399
0.04069767
0.03680592
0.03274046
0.02882548
0.02390553
0.01808181
0.01115496
0.002834561
-0.006599172
-0.0154251
-0.02318293
-0.02927701
-0.03248345
-0.03285865
-0.0313019
-0.02889405
-0.02651532
-0.02413868
-0.02112626
-0.01647752
-0.009071643
0.0005531281
0.0110803
0.02137957
0.02967292
0.03429952
0.03604234
0.0362533
0.03687034
0.03906908
0.04295804
0.04727713
0.05082198
0.05108281
0.04625098
0.03767286
0.02682717
0.01425999
0.001932273
-0.007188579
-0.01198776
-0.01300139
-0.0118607
-0.01006501
-0.00939679
-0.01150973
-0.01646104
-0.02274449
-0.0285698
-0.0328769
-0.03514174
-0.03421113
-0.02956185
-0.02246557
-0.014364
-0.006177999
0.001833225
0.01005217
0.01731579
0.02254229
0.02464335
0.02325605
0.01795408
0.009274281
-0.00249325
-0.01374144
-0.02322453
-0.0304198
-0.03540804
-0.0384878
-0.04103554
-0.04277249
-0.04336824
-0.04393719
-0.04461668
-0.04471355
-0.04290377
-0.03814947
-0.03115887
-0.02378388
-0.01741408
-0.01269179
-0.00914484
-0.006495215
-0.005482267
-0.006330519
-0.008213495
-0.0102628
-0.01109644
-0.01021556
-0.007723971
-0.003900926
0.0009681682
0.005547673
0.009869157
0.01431133
0.01821736
0.018867
0.01569497
0.009339078
0.001762955
-0.004649036
-0.009463702
-0.01250605
-0.01212377
-0.008121158
-0.002223234
0.005091699
0.01240062
0.01778772
0.02087217
0.02193754
0.02043567
0.01576748
0.008139644
-0.00158537
-0.01151344
-0.01846018
-0.02205274
-0.02357731
-0.02418592
-0.02304113
-0.01964858
-0.014706
-0.008774396
-0.002723671
0.002026982
0.005763898
0.008181406
0.009719552
0.0125932
0.01830973
0.02583865
0.03225127
0.03506104
0.03345457
0.02951207
0.02667753
0.02525468
0.02306585
0.01895522
0.01296758
0.006462709
1.011878e-05
-0.00669898
-0.01264855
-0.0177758
-0.02246868
-0.02646931
-0.02868109
-0.02865596
-0.02689631
-0.02361787
-0.01941925
-0.01505886
-0.0104642
-0.005937904
-0.002942032
-0.001031377
-0.0001021029
-0.0003190368
-0.0008433583
-0.001296713
-0.0008806319
0.0003807038
0.002672191
0.005604748
0.009354985
0.01367441
0.0178538
0.02109561
0.02305841
0.02367835
0.0229737
0.02104613
0.01795749
0.01442566
0.01083474
0.006725819
0.001591108
-0.004563063
-0.01100267
-0.01636189
-0.01992317
-0.02178037
-0.02129909
-0.01789201
-0.01239248
-0.006112575
-0.0005732515
0.003987052
0.007176845
0.008205178
0.007292702
0.005469603
0.003594353
0.00203211
0.001345807
0.002661693
0.005508656
0.008669514
0.01160664
0.01380945
0.01565534
0.01722379
0.01935631
0.0210692
0.0218583
0.02258582
0.02283591
0.02248333
0.02102897
0.01797219
0.01290838
0.005740509
-0.002794139
-0.01223892
-0.02193433
-0.03065073
-0.03752234
-0.04213865
-0.04521108
-0.047168
-0.04835714
-0.04903134
-0.04971468
-0.05012952
-0.0499295
-0.04716389
-0.04109725
-0.03092373
-0.01663568
-0.002148187
0.009269496
0.01701398
0.02040521
0.02179297
0.02126585
0.01915412
0.01671321
0.01460187
0.0139635
0.01589532
0.01990803
0.02422761
0.02722602
0.02868813
0.0292633
0.02958773
0.029375
0.02843101
0.02662785
0.02410274
0.02161642
0.01911554
0.01629919
0.01284099
0.008419311
0.003138691
-0.00173876
-0.005731218
-0.008724108
-0.0103041
-0.009013917
-0.005113802
-6.361705e-05
0.005621362
0.01241955
0.01853833
0.02406817
0.02896396
0.03320209
0.03651166
0.03750197
0.03530502
0.03027418
0.02273127
0.01291602
0.001804205
-0.008682116
-0.0170096
-0.0228566
-0.02635033
-0.02853238
-0.03006011
-0.03122873
-0.03184097
-0.03105317
-0.02845277
-0.02355084
-0.01620097
-0.00770812
0.0006290486
0.008310452
0.01522081
0.02063363
0.02483696
0.02707423
0.0257384
0.02069057
0.01327331
0.005187024
-0.002902158
-0.01126219
-0.01681048
-0.01790706
-0.01382001
-0.006239398
0.003139257
0.01227612
0.02026859
0.02602239
0.02957499
0.03168287
0.03186387
0.03058947
0.02772403
0.02268046
0.01536153
0.006798088
-0.001564997
-0.00800031
-0.01185242
-0.01447829
-0.01603018
-0.01687025
-0.01822828
-0.02003874
-0.02120691
-0.02205862
-0.02204993
-0.02089866
-0.01969998
-0.01865295
-0.01766982
-0.01669116
-0.01565881
-0.01528197
-0.01535669
-0.01518367
-0.01459215
-0.01361263
-0.0126239
-0.01163484
-0.01019052
-0.008676322
-0.007310531
-0.006939611
-0.008155788
-0.01107482
-0.0153614
-0.02029776
-0.02523692
-0.02968561
-0.03335858
-0.03616643
-0.0378002
-0.0373605
-0.0345956
-0.02994113
-0.02367223
-0.0163811
-0.008790052
-0.001922354
0.004116943
0.01031334
0.0165668
0.02195686
0.02625967
0.02966634
0.03205528
0.03321819
0.03291434
0.03120992
0.02907412
0.02699632
0.02550363
0.02470656
0.0246568
0.02557632
0.02727778
0.02903887
0.03012531
0.03114019
0.03239393
0.03356368
0.0345276
0.03418768
0.03207447
0.02865822
0.02440558
0.01977602
0.01539895
0.01171608
0.009379885
0.008405834
0.0084993
0.009128914
0.009507081
0.009047192
0.008334784
0.008440504
0.008988047
0.009743688
0.01021819
0.009746493
0.008557238
0.006887267
0.005401898
0.004211882
0.002868185
0.002479399
0.003418038
0.006699959
0.01192746
0.01839037
0.02572479
0.03285254
0.03842893
0.04184189
0.04324932
0.0422477
0.03843776
0.0331536
0.02702378
0.0206768
0.01462721
0.01030167
0.00742612
0.004975032
0.002775476
0.0007596722
-0.00171532
-0.005238654
-0.008576659
-0.01181447
-0.01458281
-0.01668636
-0.01710668
-0.01500095
-0.01081108
-0.005183375
0.001072348
0.006637487
0.01100344
0.0136908
0.01414721
0.01302219
0.01114029
0.008907165
0.006586986
0.003992589
0.0010007
-0.002329446
-0.005907665
-0.01016815
-0.01464535
-0.01892549
-0.02279138
-0.02673607
-0.03073405
-0.03446339
-0.03743613
-0.03920324
-0.03964356
-0.03839121
-0.03479558
-0.02865183
-0.02089769
-0.01311018
-0.007001999
-0.004121478
-0.005196423
-0.009139762
-0.01370958
-0.0183834
-0.02280331
-0.02654119
-0.02924111
-0.03101182
-0.03191531
-0.03175478
-0.0304038
-0.02837669
-0.02554853
-0.02209958
-0.01838468
-0.01522358
-0.01299243
-0.01195089
-0.01269418
-0.0148365
-0.0173678
-0.0198812
-0.02235002
-0.02442304
-0.02534103
-0.0245713
-0.02210652
-0.01771858
-0.01204693
-0.005166948
0.002045665
0.008750489
0.01383449
0.01731808
0.02023694
0.02214422
0.02273852
0.02163064
0.01837612
0.01292351
0.006052186
-0.001153126
-0.007258396
-0.01153281
-0.01320727
-0.01293261
-0.0101519
-0.005340355
0.0008318507
0.007206288
0.01316877
0.01704837
0.01826839
0.01655274
0.01304963
0.008404367
0.003406093
-0.001720793
-0.005649299
-0.007571028
-0.006163373
-0.001278634
0.00587287
0.01431043
0.02362644
0.03158244
0.03784568
0.04249794
0.04551653
0.0478041
0.04963224
0.05095175
0.05107163
0.04970545
0.04764073
0.04462434
0.04072051
0.03592697
0.02963392
0.02240324
0.01550107
0.0100531
0.005944464
0.002822162
0.0004351598
-0.001342267
-0.002478197
-0.003702505
-0.004182395
-0.005150246
-0.006518793
-0.007079198
-0.006546826
-0.005196342
-0.003530327
-0.002559497
-0.001746953
-0.002013371
-0.002234326
-0.00173749
-0.00023063
0.002434097
0.00525638
0.008618002
0.01266507
0.01659531
0.01984987
0.0217637
0.02211588
0.0219808
0.02035309
0.01765029
0.0138873
0.008635531
0.003010246
-0.001340875
-0.004591884
-0.006970069
-0.008404122
-0.009796923
-0.01082251
-0.01109428
-0.01111583
-0.01217271
-0.01354457
-0.01545311
-0.01710267
-0.01912021
-0.0214102
-0.02271618
-0.02295669
-0.02299836
-0.02232938
-0.02165588
-0.02045696
-0.01913984
-0.01789772
-0.01667486
-0.01567263
-0.01482391
-0.01380426
-0.0119207
-0.009801396
-0.006370272
-0.001871665
0.001672868
0.004787376
0.008075139
0.01193499
0.01558222
0.01867993
0.0212277
0.02217935
0.022067
0.02073679
0.01885052
0.01590507
0.01184312
0.006420026
-0.0008174024
-0.008873678
-0.01721613
-0.02559857
-0.03302438
-0.03936842
-0.04414384
-0.04747505
-0.0484937
-0.04647331
-0.04314057
-0.03873892
-0.03330385
-0.027233
-0.02106505
-0.01618372
-0.01162017
-0.007269219
-0.003080012
0.00035978
0.003729922
0.006074696
0.00752401
0.009445577
0.01010552
0.009229033
0.007127291
0.004064235
0.0004965002
-0.003138128
-0.005649709
-0.008014019
-0.01020834
-0.01180286
-0.01300195
-0.01455611
-0.01529188
-0.01557606
-0.0145781
-0.01218499
-0.00755868
-0.002006066
0.003827821
0.009885847
0.01499119
0.01881053
0.02159012
0.02228611
0.02048551
0.01692777
0.01128267
0.005193184
-0.000563383
-0.005942692
-0.009289546
-0.01019841
-0.009309305
-0.007525652
-0.00653172
-0.005607623
-0.003519041
-0.0009016971
0.002001572
0.005379125
0.009096494
0.01233226
0.01465189
0.01632965
0.0175436
0.01881809
0.01928644
0.0193149
0.0190238
0.01811336
0.01687553
0.01621739
0.01557353
0.0149735
0.01440381
0.01415814
0.01402758
0.01398296
0.01440587
0.01549688
0.0168913
0.0173697
0.01727887
0.01642888
0.01531353
0.01384277
0.0124556
0.01048721
0.007321034
0.003451923
-0.0004457025
-0.004279817
-0.008111872
-0.0118247
-0.01529975
-0.01846955
-0.02141161
-0.02353314
-0.02499619
-0.02529245
-0.02485051
-0.02489445
-0.02511076
-0.02502929
-0.02435968
-0.02276224
-0.01918982
-0.01399176
-0.007891459
-0.0007633976
0.006776452
0.01350424
0.01858991
0.02214234
0.02480258
0.02639938
0.02619499
0.02430842
0.02081012
0.0158738
0.010179
0.003756006
-0.00315257
-0.01015803
-0.01660842
-0.02248798
-0.02773312
-0.0323295
-0.0359661
-0.03872755
-0.0407326
-0.04159117
-0.04150175
-0.0412174
-0.04085937
-0.04065723
-0.04007548
-0.03908977
-0.03850739
-0.03837402
-0.03785829
-0.0365308
-0.03460725
-0.03197749
-0.02867262
-0.02463645
-0.02038011
-0.01654358
-0.01383468
-0.01164025
-0.009820389
-0.008299569
-0.006135726
-0.002720461
0.001840473
0.007128058
0.01270105
0.0182815
0.02335433
0.02774612
0.02985762
0.02978719
0.02783879
0.02443892
0.02021371
0.01586984
0.01105519
0.005984937
0.001017768
-0.003740336
-0.008335235
-0.01303849
-0.01715531
-0.0204867
-0.02258891
-0.02325745
-0.022589
-0.02083571
-0.01848361
-0.01610515
-0.01371423
-0.011234
-0.008683165
-0.006126702
-0.003561587
-0.0008006891
0.002428154
0.00616007
0.009919842
0.01363047
0.01740435
0.02012368
0.02198548
0.02296519
0.02313395
0.02252127
0.02061612
0.01751278
0.01387231
0.01045004
0.007655764
0.005577203
0.005007506
0.006385333
0.008342341
0.0099689
0.01036252
0.009353091
0.007290567
0.004695389
0.002333788
0.0006980968
0.0001989565
0.0007303807
0.002027789
0.003957838
0.00671563
0.009878587
0.01301943
0.01652428
0.02012964
0.02379825
0.02777556
0.03122626
0.03469321
0.03797705
0.04106877
0.04477786
0.04894209
0.05230621
0.05489086
0.05610815
0.05616272
0.0551188
0.05346364
0.05119823
0.04829007
0.04480186
0.04207119
0.03968667
0.0372397
0.03484037
0.03236936
0.02985624
0.02708548
0.02367
0.01942093
0.01501139
0.0113414
0.008366911
0.005616603
0.00328421
0.001026265
-0.001134269
-0.002946145
-0.004894616
-0.00713038
-0.008911458
-0.009893438
-0.01081021
-0.01170554
-0.01225495
-0.01286158
-0.01376218
-0.01542401
-0.01789563
-0.0205785
-0.02324683
-0.02578054
-0.02780209
-0.02886516
-0.02891669
-0.02821241
-0.02684403
-0.02532378
-0.02427974
-0.02343082
-0.02302101
-0.02276226
-0.02212984
-0.02155184
-0.02193138
-0.02338173
-0.02513397
-0.02661286
-0.02807075
-0.02887287
-0.02851079
-0.02767144
-0.0270758
-0.02672635
-0.02677315
-0.02718558
-0.02765822
-0.02802175
-0.02875622
-0.03019775
-0.03168422
-0.03328809
-0.03462164
-0.0353276
-0.03555733
-0.03556919
-0.03533937
-0.0345134
-0.03296057
-0.03065214
-0.02746573
-0.02352908
-0.01928065
-0.01560442
-0.0125659
-0.009273484
-0.005539619
-0.002309203
0.00021201
0.003170986
0.007018439
0.01157807
0.01634033
0.02057726
0.02348576
0.02463777
0.0241518
0.02292922
0.0212447
0.01930057
0.01792227
0.01684644
0.01562454
0.0142637
0.01277297
0.01109687
0.009275827
0.007556759
0.005848336
0.0036401
0.001136776
-0.001395717
-0.004220028
-0.007633127
-0.01148914
-0.01485355
-0.01719748
-0.01896429
-0.02001256
-0.02064406
-0.02111022
-0.02106256
-0.02057296
-0.01953784
-0.01755777
-0.01450638
-0.01095353
-0.007218174
-0.003606381
-6.298828e-05
0.003634634
0.007274642
0.0101544
0.01203808
0.01337228
0.0141697
0.01392534
0.0127884
0.01173984
0.01116742
0.01182737
0.01267343
0.012833
0.01151274
0.008848321
0.005271423
0.001242665
-0.002784498
-0.006617426
-0.009560457
-0.0111453
-0.01199517
-0.01143338
-0.009749755
-0.007303367
-0.004975496
-0.002786504
-0.0003058128
0.002844491
0.006996748
0.01176545
0.01630355
0.02069688
0.02442525
0.0272419
0.02863178
0.02844393
0.02686791
0.02447327
0.02204917
0.01930841
0.01605296
0.01258492
0.009443456
0.006340416
0.002803649
-0.0006824165
-0.003198078
-0.004406684
-0.004773586
-0.003773084
-0.001527309
0.000978633
0.003352802
0.00547266
0.007105988
0.00807212
0.008227018
0.007343258
0.005586066
0.003669436
0.002356585
0.001143018
1.665601e-05
-0.0004342315
-0.0008410283
-0.001553086
-0.002022479
-0.001948959
-0.001558811
-0.0009009842
-0.0002466495
0.0002045053
0.0004981513
0.0005498202
0.0006186519
0.0004345759
-0.0004686573
-0.002333084
-0.005218818
-0.008908104
-0.01239507
-0.01476021
-0.01580683
-0.01569882
-0.01453616
-0.01238738
-0.009303006
-0.005295858
-0.0008572344
0.002726455
0.0046789
0.00520965
0.004902826
0.004055408
0.002484815
0.0002641914
-0.002221413
-0.004298825
-0.005635872
-0.006404928
-0.007099511
-0.008270015
-0.01020069
-0.01263884
-0.0152429
-0.01750863
-0.0191604
-0.02004615
-0.01975523
-0.01771578
-0.01390872
-0.008472759
-0.00196193
0.004529707
0.01075239
0.0162326
0.02034225
0.0232152
0.02547911
0.02718807
0.02841341
0.0294925
0.03057593
0.03127102
0.03071922
0.02897803
0.02633794
0.02259019
0.01798176
0.01293322
0.008195414
0.004226498
0.0009009569
-0.00167092
-0.003607549
-0.004376165
-0.003991224
-0.00298
-0.001608749
-0.0005096045
-0.0002569942
-0.001327837
-0.003382974
-0.005694448
-0.007822591
-0.0094641
-0.01079981
-0.01253922
-0.01415199
-0.01499228
-0.01494521
-0.01414054
-0.01288022
-0.01176112
-0.01049855
-0.009079958
-0.007418727
-0.006020673
-0.005263833
-0.004890266
-0.004530297
-0.00424429
-0.004601874
-0.005357258
-0.006455371
-0.007831083
-0.009157962
-0.01025912
-0.01095987
-0.0112406
-0.01142699
-0.01153865
-0.01101909
-0.00930286
-0.006396437
-0.002807691
0.001078448
0.005378522
0.01029316
0.01539872
0.0202952
0.02483431
0.02888045
0.03178544
0.03343496
0.03388416
0.03334172
0.03174611
0.0290438
0.0255134
0.02051498
0.01389168
0.007032565
0.0003709058
-0.006173893
-0.01193778
-0.01615929
-0.01994439
-0.02342486
-0.02616074
-0.02837544
-0.03009377
-0.03137007
-0.03177739
-0.03085579
-0.02886705
-0.02553096
-0.022075
-0.01874373
-0.0150751
-0.01198509
-0.01031769
-0.009965773
-0.01029076
-0.01057117
-0.01151573
-0.01330801
-0.01474683
-0.01555226
-0.01536517
-0.01382923
-0.01077174
-0.007228464
-0.004241059
-0.002122974
-0.001632177
-0.002198578
-0.002968394
-0.003419429
-0.003610305
-0.002944258
-0.00154916
2.015656e-06
0.00155825
0.002723103
0.002844159
0.002516184
0.001851837
0.0008267456
0.0001789742
0.0002580773
0.0008904815
0.00222148
0.00419767
0.006798614
0.009484582
0.01170372
0.01299131
0.01313001
0.01285256
0.01220976
0.01122873
0.01071413
0.01102396
0.01172951
0.01239613
0.01230483
0.01138417
0.009527783
0.007025759
0.004359293
0.001537467
-0.001319374
-0.003437336
-0.003695349
-0.002509728
0.000483233
0.005109518
0.009756529
0.01380087
0.01740761
0.01973412
0.02135263
0.02199604
0.02188506
0.02152611
0.02098474
0.02067448
0.02007116
0.0193756
0.01802117
0.01637986
0.01453396
0.01266414
0.01141258
0.01013113
0.008799329
0.007666676
0.0069262
0.006478215
0.005841188
0.00538192
0.004601962
0.003925461
0.004591941
0.006588556
0.009632546
0.01225557
0.01533352
0.01916412
0.02254235
0.02341145
0.02194841
0.01737255
0.01061455
0.003005585
-0.004362375
-0.01127635
-0.01760327
-0.02294034
-0.02635839
-0.02768363
-0.02801199
-0.0279884
-0.02681427
-0.02404069
-0.02072642
-0.01717453
-0.01416324
-0.01162181
-0.008927554
-0.006335877
-0.004422855
-0.003391325
-0.002857499
-0.002591005
-0.001863365
-0.0006044176
0.0007123587
0.002594888
0.005686447
0.009808906
0.01349987
0.01772956
0.0216845
0.02535509
0.02689979
0.02640014
0.0242327
0.0210524
0.01735963
0.01339385
0.00918893
0.005102736
0.001936472
-0.0009747742
-0.004115683
-0.006786409
-0.008064759
-0.008691522
-0.008399441
-0.007152452
-0.004991243
-0.002866
-0.0005451002
0.0009498146
0.0009370465
-0.0001053363
-0.001621151
-0.004256806
-0.006894904
-0.008950335
-0.01005469
-0.009826398
-0.009086351
-0.007576129
-0.005495443
-0.00311425
-0.00133846
-0.0005630234
-0.0005665446
-0.001348504
-0.002187714
-0.003744702
-0.005505931
-0.006983328
-0.009040582
-0.01159138
-0.01351179
-0.01455573
-0.01512698
-0.0151387
-0.01491287
-0.01424697
-0.01320537
-0.01250426
-0.01177899
-0.01068428
-0.009858097
-0.009350258
-0.009125564
-0.009678881
-0.01051046
-0.01135929
-0.01246972
-0.01305056
-0.01268784
-0.01118032
-0.008084832
-0.003864043
0.000669885
0.005253962
0.009286149
0.01239144
0.01403608
0.01495918
0.01554635
0.01580314
0.01613984
0.01641772
0.01627597
0.01533387
0.01356619
0.01139037
0.009168417
0.007509554
0.006275103
0.005162075
0.004596757
0.00493212
0.006138223
0.008357505
0.01104215
0.01346737
0.01530785
0.01629966
0.01673988
0.01734769
0.01785487
0.01853405
0.01909242
0.01913739
0.01917039
0.01914795
0.01884632
0.0181238
0.01717831
0.0164892
0.01589206
0.01467695
0.01328474
0.01166079
0.00965216
0.007544075
0.005999631
0.004586466
0.00225912
0.0004788425
-0.0006587621
-0.001822616
-0.001545764
-0.0004492868
0.001197753
0.002797531
0.004923846
0.005986433
0.005357087
0.00418864
0.002626538
0.001396433
-0.0003069452
-0.001265329
-0.00168924
-0.001903014
-0.002470337
-0.00325733
-0.003635725
-0.004289098
-0.004925442
-0.004640413
-0.003746595
-0.002481376
-0.001603791
-0.001341699
-0.001622691
-0.003154761
-0.004805123
-0.006369004
-0.007509574
-0.007575037
-0.007498036
-0.007198564
-0.007871929
-0.008838329
-0.009363312
-0.01014706
-0.01091105
-0.01200407
-0.01263364
-0.01259313
-0.01236915
-0.01174321
-0.01064924
-0.00962621
-0.008476119
-0.007029484
-0.006583765
-0.006481212
-0.007104582
-0.007663506
-0.007194115
-0.006251013
-0.005135001
-0.004647451
-0.004704743
-0.004625592
-0.004539916
-0.004927696
-0.006143471
-0.007911989
-0.009001724
-0.00977186
-0.00895036
-0.007597475
-0.006488057
-0.005204362
-0.003256604
-0.0006040204
0.002133818
0.0046391
0.006591696
0.007594773
0.007560098
0.00619637
0.003899396
0.0003487732
-0.004076604
-0.008262368
-0.01128901
-0.01349251
-0.01512922
-0.01583662
-0.01601209
-0.01600421
-0.0154353
-0.01414906
-0.01266162
-0.01087767
-0.008945621
-0.007487786
-0.006114048
-0.005034426
-0.004704027
-0.005243015
-0.005917695
-0.006249908
-0.006859834
-0.007445427
-0.008460367
-0.009479052
-0.01055422
-0.01200653
-0.01267846
-0.01306045
-0.01224536
-0.01022367
-0.007371416
-0.003684553
0.0008719048
0.005186437
0.008094576
0.00983783
0.01069981
0.01080979
0.01016419
0.009655819
0.008940838
0.00872957
0.009020023
0.009027377
0.009994417
0.01130575
0.01306947
0.014229
0.01517528
0.01621085
0.01732646
0.01741012
0.01745525
0.01761975
0.01746173
0.01673611
0.01539441
0.01412539
0.01298957
0.01199181
0.01094313
0.009816674
0.009810117
0.009915442
0.009902151
0.009929406
0.009854114
0.009653898
0.009091213
0.008427295
0.008270437
0.008500875
0.009267782
0.01083353
0.01269506
0.01440164
0.01640171
0.01859897
0.01982981
0.01971022
0.01917479
0.01876816
0.01883134
0.01889027
0.01856716
0.01794884
0.01720215
0.01576236
0.01365668
0.01124954
0.009298578
0.008228609
0.007686892
0.00744804
0.006987271
0.006279818
0.005411191
0.00360111
0.0007262087
-0.002868481
-0.00698783
-0.01076068
-0.01441276
-0.01708292
-0.01901509
-0.02033571
-0.02112357
-0.02129164
-0.02102328
-0.02030477
-0.01915114
-0.01716185
-0.01499738
-0.01267937
-0.01083631
-0.009954186
-0.009652136
-0.009670085
-0.01029096
-0.01062389
-0.01037053
-0.009217703
-0.007911116
-0.006680914
-0.005212799
-0.003335127
-0.001365227
-0.0003599406
-0.0006756192
-0.00253269
-0.006350631
-0.01114209
-0.01658607
-0.02197303
-0.02620051
-0.02936094
-0.0316737
-0.03196666
-0.03036485
-0.02777585
-0.02447738
-0.0204
-0.01629908
-0.01310837
-0.01038674
-0.007435536
-0.004452907
-0.002055717
0.0002317981
0.001711915
0.001855063
0.001320286
9.291145e-05
-0.001832091
-0.004498448
-0.007399743
-0.009896382
-0.01133159
-0.01235406
-0.01305976
-0.01324243
-0.01332424
-0.01341343
-0.01349395
-0.01360703
-0.01381188
-0.01407868
-0.0141461
-0.0136746
-0.01346091
-0.01321378
-0.01256543
-0.01158292
-0.009652608
-0.007217175
-0.005264204
-0.004090069
-0.003348135
-0.002975124
-0.002863864
-0.003266823
-0.003389386
-0.003287862
-0.003027044
-0.002347681
-0.001301581
-0.0004494645
0.0001615646
0.001083636
0.001963925
0.002797538
0.004036828
0.00514798
0.005712691
0.005855347
0.006202272
0.006871379
0.007296585
0.006648304
0.005622316
0.005003934
0.00468413
0.005553133
0.007278223
0.009289274
0.01145588
0.01321403
0.01469551
0.01659402
0.01851189
0.0196067
0.02024925
0.02058676
0.02099102
0.02090332
0.01953915
0.01799903
0.01586778
0.01277812
0.009060298
0.005068656
0.001322002
-0.002705715
-0.006459499
-0.009994778
-0.0124724
-0.01433911
-0.01542087
-0.01533192
-0.01374668
-0.01117485
-0.008477266
-0.005471121
-0.00228356
0.000512373
0.00279347
0.004872481
0.006784947
0.008159189
0.008491166
0.008102583
0.007174381
0.005821529
0.004316839
0.002751094
0.001444245
0.0004730555
-0.0002008212
-0.0003942438
-0.0007677301
-0.00108871
-0.000740286
0.000113644
0.001297447
0.002533494
0.003265797
0.003258843
0.002734476
0.001976535
0.001351206
0.0009864909
0.001277407
0.00233291
0.003762765
0.005653654
0.008130546
0.0106058
0.01228407
0.0128703
0.01312476
0.01283183
0.0123639
0.01240567
0.01252687
0.01256007
0.01257366
0.01257606
0.01257681
0.01255924
0.01239151
0.01197268
0.011348
0.01081543
0.009863643
0.008435191
0.006393167
0.004630586
0.002623596
0.0004744086
-0.00220247
-0.004712338
-0.006683008
-0.008179693
-0.009802258
-0.01124686
-0.01208444
-0.01270884
-0.01231852
-0.01121813
-0.01014334
-0.008763996
-0.007231761
-0.005996151
-0.004580972
-0.002664764
-0.0002229691
0.002112351
0.003736955
0.004583872
0.004360348
0.002948562
0.0003403786
-0.002443295
-0.004669506
-0.005871431
-0.00633912
-0.006833169
-0.00634796
-0.004997577
-0.003164289
-0.0007848151
0.00141043
0.002227705
0.001224029
-0.00114113
-0.004487756
-0.007300337
-0.008963742
-0.01007782
-0.01026784
-0.009306456
-0.008008918
-0.006656463
-0.005019511
-0.003177539
-0.001698491
-0.0006761228
1.229382e-05
0.0004610067
0.001254357
0.002582508
0.003726079
0.004328011
0.004588158
0.0051919
0.006197003
0.006807335
0.007126562
0.006424867
0.005072224
0.003722202
0.002105398
-0.0002654439
-0.003209569
-0.005765795
-0.007645555
-0.009444728
-0.01070948
-0.01164189
-0.01214006
-0.01223382
-0.01212708
-0.01157834
-0.01063603
-0.009911339
-0.009796492
-0.009869097
-0.009845326
-0.009767289
-0.009731146
-0.009764372
-0.009849922
-0.009844677
-0.009556479
-0.008816487
-0.007837079
-0.007340469
-0.007195324
-0.006469058
-0.005237108
-0.004226711
-0.003087988
-0.001618896
-0.0004585985
0.0007225802
0.00116828
0.001236904
0.0007467499
0.0001948929
-0.000443499
-0.001616834
-0.002699953
-0.003355671
-0.003960508
-0.004655076
-0.005306613
-0.006038825
-0.00686514
-0.007892208
-0.008871211
-0.009527159
-0.01036039
-0.01107355
-0.01151049
-0.01099746
-0.00975131
-0.008400299
-0.006910919
-0.004892863
-0.00249916
-0.0006701138
0.0003851091
0.001343471
0.002342994
0.003540118
0.005325844
0.006896679
0.007955863
0.009005611
0.009563071
0.01026538
0.01097615
0.0118581
0.01291678
0.01392963
0.014248
0.01371522
0.01244028
0.01046544
0.008094136
0.00568882
0.0036519
0.002093594
0.0007975368
-0.0001106588
-0.0001387699
0.0006048411
0.002121606
0.003932731
0.005608627
0.007670008
0.009929388
0.01123451
0.01182161
0.01285783
0.01374166
0.01458414
0.0162152
0.01798838
0.01958276
0.02128376
0.02357218
0.02524869
0.02623322
0.02707971
0.02774063
0.0280936
0.02773101
0.02679861
0.02553268
0.02419917
0.02271709
0.021045
0.01925653
0.01747603
0.01527324
0.01232094
0.008488693
0.004584623
0.0008623337
-0.002453957
-0.005309373
-0.008134866
-0.01051666
-0.0115938
-0.01108346
-0.01012962
-0.009659394
-0.009154572
-0.007646164
-0.005519266
-0.003135405
-0.00116117
0.0004586622
0.002339084
0.004230461
0.00551514
0.00626325
0.006222231
0.005532812
0.004778438
0.003288347
0.001146453
-0.001473619
-0.004089632
-0.006531821
-0.00866604
-0.0103869
-0.0120444
-0.01433938
-0.01702749
-0.01933885
-0.02112627
-0.02265425
-0.0243152
-0.02565929
-0.02628401
-0.02673063
-0.02651877
-0.02583616
-0.02489338
-0.02396136
-0.02311875
-0.02278594
-0.02197415
-0.02086979
-0.02030112
-0.01996135
-0.01943951
-0.01911562
-0.01916103
-0.01908041
-0.01871937
-0.0180654
-0.01733239
-0.01648627
-0.01530273
-0.01391243
-0.01210944
-0.009801855
-0.00754205
-0.00602462
-0.005228684
-0.00484577
-0.004745847
-0.004834006
-0.005428467
-0.006587024
-0.007701065
-0.008528584
-0.009400796
-0.009915185
-0.01023881
-0.01046728
-0.00994091
-0.008560326
-0.006830412
-0.004611603
-0.002028215
0.0005695047
0.003078461
0.00526563
0.006839636
0.007790701
0.008275384
0.00835779
0.007989484
0.006798048
0.004850679
0.002592741
0.0005202891
-0.001019769
-0.002199005
-0.002864342
-0.002572533
-0.001485687
-0.0001942882
0.001034964
0.002118675
0.002864097
0.003181608
0.003379599
0.003667334
0.004703347
0.006231056
0.007505001
0.008257153
0.008409346
0.008229336
0.00774826
0.006802012
0.005626082
0.00428522
0.00243615
-4.881212e-05
-0.002632893
-0.004717888
-0.006064252
-0.006888006
-0.007386295
-0.007676703
-0.007596502
-0.00745048
-0.007020167
-0.005691317
-0.003680609
-0.00150022
5.271029e-05
0.0006925762
0.001227949
0.001931001
0.002789637
0.003561399
0.003890857
0.003464582
0.002158647
0.0003424354
-0.001578908
-0.002832842
-0.003792314
-0.004516135
-0.00461656
-0.004503916
-0.003856654
-0.002413813
-0.0007101584
0.0008823913
0.002697029
0.004394768
0.005640227
0.006547106
0.006911064
0.006866032
0.00661237
0.006035826
0.005203875
0.004105587
0.002654831
0.0007722335
-0.001721436
-0.003799722
-0.004849788
-0.005045481
-0.004898173
-0.004076761
-0.002935767
-0.001168643
0.001012429
0.004204962
0.007750766
0.01029654
0.0127643
0.01530557
0.01767352
0.01975085
0.02170025
0.0238217
0.02570407
0.02748402
0.02889767
0.0302785
0.03149762
0.03215912
0.03212612
0.03185999
0.03207247
0.03185618
0.0305068
0.0280315
0.0252984
0.02171108
0.01671961
0.01111041
0.006165746
0.002618596
-0.0004758285
-0.003007289
-0.004983367
-0.006237513
-0.006991133
-0.00721879
-0.007213503
-0.006649669
-0.005185293
-0.003126391
-0.0004731975
0.00216919
0.004550549
0.006373004
0.007382745
0.007875516
0.007964223
0.008246688
0.008791625
0.0093738
0.009686342
0.01034213
0.01157265
0.01271595
0.01347338
0.01396871
0.01463695
0.01522962
0.01592377
0.01644052
0.01690603
0.0168814
0.01540062
0.01295383
0.01002915
0.007511569
0.005172226
0.003235035
0.002249544
0.002125223
0.002552677
0.003504726
0.004836019
0.006426243
0.008196894
0.00970598
0.01100733
0.01223364
0.01311189
0.01341302
0.01330426
0.01286867
0.01206372
0.01121436
0.01032942
0.009038961
0.007566411
0.006298762
0.005294312
0.004905341
0.00495056
0.005445203
0.005760344
0.005777327
0.005876614
0.005772828
0.00490063
0.002893865
0.0002644692
-0.002157109
-0.004318148
-0.006315785
-0.008129788
-0.00978528
-0.0116639
-0.01345243
-0.01472334
-0.01600914
-0.01742877
-0.01885661
-0.02021424
-0.02124532
-0.02165603
-0.02141199
-0.02084117
-0.01996864
-0.01884743
-0.01731302
-0.01590546
-0.01446174
-0.01411522
-0.01476374
-0.01558751
-0.01626571
-0.01728827
-0.01802752
-0.01845708
-0.01900769
-0.01905385
-0.01908452
-0.01914421
-0.01911797
-0.0190179
-0.01896992
-0.0192447
-0.02011712
-0.02147803
-0.02250803
-0.02296066
-0.02300788
-0.02314981
-0.02349356
-0.02370072
-0.02340957
-0.02335457
-0.02315676
-0.02225453
-0.02072684
-0.01939258
-0.01871102
-0.01765043
-0.01633371
-0.01498257
-0.0135741
-0.0121222
-0.01069941
-0.009721292
-0.008734859
-0.00763642
-0.006775242
-0.005876941
-0.004193423
-0.001737936
0.0007109057
0.002729559
0.004380861
0.006165171
0.008050486
0.009159032
0.009202108
0.008563434
0.007456059
0.006363657
0.005742674
0.005593571
0.005607571
0.005541618
0.005553401
0.005841185
0.006390681
0.006856069
0.007104903
0.007366285
0.007321427
0.007075502
0.006966258
0.007124839
0.008072274
0.00915033
0.009894658
0.01065996
0.01149058
0.01185719
0.01182375
0.01206423
0.01271746
0.01360739
0.01451238
0.01563663
0.01636892
0.01659688
0.01646967
0.01571719
0.01485257
0.01350824
0.01199442
0.01051458
0.008945018
0.00688278
0.005641412
0.005741643
0.00610574
0.006880332
0.007989552
0.008515913
0.008230726
0.007532041
0.006484529
0.005448651
0.004324092
0.004191095
0.004038104
0.00401226
0.004728922
0.00507334
0.005539756
0.006035022
0.007236894
0.008743281
0.008979182
0.008166592
0.007476914
0.006885713
0.006628428
0.006569365
0.006791604
0.006637555
0.00667659
0.007618938
0.008342086
0.008437349
0.008389245
0.008246306
0.007751931
0.006860558
0.005934807
0.005034725
0.003677045
0.002068377
-7.828054e-05
-0.002393613
-0.004149945
-0.005513702
-0.007214525
-0.008769951
-0.009613918
-0.009734147
-0.009317672
-0.008636064
-0.008042543
-0.007538821
-0.007333104
-0.00738066
-0.007507212
-0.007837182
-0.008339233
-0.008643792
-0.008711325
-0.009052006
-0.00961555
-0.009946671
-0.009937704
-0.01000116
-0.01013741
-0.01011726
-0.009646579
-0.00853539
-0.007112549
-0.005949723
-0.005243251
-0.004921977
-0.004529972
-0.003611513
-0.002506074
-0.001535421
-0.0003314783
0.001131818
0.002757845
0.004631689
0.005918031
0.006716126
0.007698987
0.008171399
0.008180203
0.00829674
0.00848646
0.008551047
0.008218743
0.007271381
0.005889076
0.004678153
0.0037471
0.002962881
0.002075853
0.00100495
0.0005973265
0.0009906354
0.001721055
0.002543549
0.003114172
0.003949051
0.005604599
0.007220719
0.008042104
0.007574981
0.00743424
0.008196978
0.00842682
0.008462698
0.008272851
0.007570161
0.00640683
0.005349322
0.004255145
0.002984197
0.002905456
0.003423077
0.004909489
0.007584414
0.01021969
0.01269021
0.01498242
0.01678356
0.01789017
0.01856068
0.01842778
0.01788716
0.01705696
0.01636296
0.01572296
0.01452687
0.01328043
0.0124023
0.01183823
0.01130576
0.0112142
0.01129311
0.01128333
0.01106741
0.01041664
0.009293382
0.008063222
0.006633342
0.004638951
0.002072375
-0.0004950581
-0.00268821
-0.004350184
-0.005654143
-0.007275049
-0.008292775
-0.008823845
-0.009601488
-0.01045308
-0.01145221
-0.01231458
-0.01301941
-0.01397442
-0.01493286
-0.01565365
-0.01654401
-0.01754278
-0.01855704
-0.01996934
-0.02145391
-0.02308548
-0.02444571
-0.02518832
-0.0255706
-0.02595451
-0.026246
-0.02583422
-0.02501895
-0.02391832
-0.02265577
-0.02159847
-0.02082418
-0.02016134
-0.01910998
-0.01772504
-0.01622787
-0.01457505
-0.0129096
-0.01164377
-0.01055719
-0.01002231
-0.009994101
-0.01019363
-0.01093806
-0.01223571
-0.01341068
-0.01456251
-0.01550581
-0.01604478
-0.01624991
-0.01592193
-0.01521737
-0.01430844
-0.01316962
-0.01207611
-0.01126566
-0.01045868
-0.01004782
-0.009751626
-0.009106438
-0.008280591
-0.007247426
-0.005853689
-0.004355076
-0.002819356
-0.001389328
0.0001525627
0.001874007
0.003112797
0.003920118
0.004236617
0.004323785
0.004646151
0.00518024
0.005727488
0.00651963
0.008096046
0.009892
0.01134215
0.01268414
0.01372241
0.01475333
0.01632708
0.01801121
0.01948159
0.02085962
0.0221312
0.02256707
0.0225307
0.02256212
0.02238063
0.02165856
0.02032254
0.01865931
0.01658798
0.01434865
0.01254992
0.01096211
0.009044875
0.007274017
0.006310521
0.005766583
0.005366392
0.004806948
0.00457791
0.005163986
0.005744251
0.005788506
0.005593771
0.004899105
0.003460639
0.001763386
0.0006282434
-0.000547527
-0.002196045
-0.004384148
-0.006789213
-0.008680463
-0.01013323
-0.011532
-0.0124258
-0.01254348
-0.01290552
-0.01349185
-0.01376895
-0.01347748
-0.01353125
-0.01412382
-0.0142725
-0.01422525
-0.01382231
-0.01272521
-0.01107492
-0.009500931
-0.007937227
-0.005874014
-0.004503041
-0.00378618
-0.003157833
-0.003471278
-0.00452279
-0.005263616
-0.005926091
-0.006865514
-0.007360485
-0.007372233
-0.007297643
-0.006980404
-0.006188057
-0.005154561
-0.004449252
-0.00383509
-0.00284568
-0.001777879
-0.0003274341
0.001575634
0.003077664
0.004363224
0.005056986
0.004582255
0.003160314
0.001704006
0.0002701322
-0.001091138
-0.00183622
-0.001755419
-0.001803724
-0.002023503
-0.002110137
-0.001838681
-0.001011276
0.0001423313
0.001135582
0.002146895
0.003348506
0.004184906
0.005276029
0.005974764
0.005915086
0.00519095
0.003380173
0.000725043
-0.001565461
-0.003139072
-0.003999133
-0.004320886
-0.00407345
-0.003543703
-0.002935642
-0.002516844
-0.002143834
-0.002115468
-0.002113552
-0.002190011
-0.002552434
-0.003131861
-0.003557113
-0.003276773
-0.002610229
-0.00166529
-0.0005279074
0.0009714501
0.002374115
0.003998439
0.004966689
0.005457756
0.005778848
0.006133874
0.006065069
0.005212583
0.004358078
0.003444487
0.003079754
0.003190388
0.003211809
0.003136035
0.003052252
0.002995578
0.003005538
0.003070793
0.003147371
0.003086611
0.002704076
0.001872748
0.0008223057
-7.871894e-05
-0.001161009
-0.002686284
-0.004142883
-0.005913814
-0.007100286
-0.007805543
-0.008089855
-0.007742709
-0.00639182
-0.004726001
-0.002787832
-0.0008088019
0.000547573
0.001561312
0.002773985
0.00361881
0.004699125
0.005327866
0.005406317
0.005719406
0.006160374
0.006233993
0.005611313
0.005172138
0.004331149
0.003365152
0.00351669
0.004904921
0.006170856
0.006035908
0.007021139
0.008247322
0.007899628
0.006990945
0.005880943
0.005330243
0.005436375
0.005820651
0.006762146
0.008201613
0.009158112
0.009032123
0.007843506
0.00639314
0.004336933
0.002769376
0.001482853
-0.0004404667
-0.001331466
-0.001115951
-1.995354e-05
0.0008217329
0.001549213
0.00267248
0.003126496
0.002584424
0.001507684
0.0002508806
-0.0003487183
-0.001469969
-0.002796907
-0.004256728
-0.005902016
-0.007513534
-0.008741272
-0.0103557
-0.01125665
-0.01159621
-0.01050382
-0.009490177
-0.008601246
-0.007150547
-0.006113847
-0.004669818
-0.003709438
-0.002583773
-0.002005022
-0.0008650927
0.0004815058
0.000484683
6.761507e-05
-0.000770607
-0.001931949
-0.002441215
-0.002089439
-0.001271127
7.229564e-06
0.001309888
0.002633007
0.003958841
0.005012227
0.005259715
0.004439191
0.003316294
0.002677342
0.002498615
0.002190567
0.001955122
0.00114532
0.0009162611
-0.0003635546
-0.001883757
-0.003453613
-0.005150249
-0.006634989
-0.008817089
-0.01005801
-0.01011793
-0.01010235
-0.009661428
-0.008214973
-0.00605003
-0.004622224
-0.003759094
-0.002221638
-0.0008727179
0.000915943
0.002056889
0.00295744
0.004140478
0.005799671
0.006911099
0.007955783
0.008023284
0.008038533
0.008123899
0.007739281
0.006534507
0.004649422
0.003251674
0.001683937
5.02364e-05
-0.001314294
-0.003127056
-0.004156607
-0.004633385
-0.005007841
-0.005838863
-0.007011945
-0.007589156
-0.007839356
-0.008614344
-0.009761339
-0.01029726
-0.01023538
-0.01026849
-0.01044038
-0.01050645
-0.0102325
-0.009398535
-0.008278881
-0.0077617
-0.007923932
-0.008131748
-0.00820964
-0.008019106
-0.00723982
-0.005554283
-0.00343642
-0.001118521
0.0006599739
0.002042453
0.003619165
0.005113993
0.005986404
0.007070265
0.007500864
0.007015873
0.006483712
0.006340667
0.005996487
0.0052902
0.004660997
0.003896542
0.003305758
0.00282186
0.002770059
0.00279158
0.002565159
0.002063905
0.00143393
0.001123888
0.0007080799
0.0001790273
7.333592e-05
4.693628e-05
-8.256977e-05
-0.0001381097
0.0001319616
0.000997565
0.002332705
0.003446885
0.004630904
0.006141977
0.008402562
0.01112259
0.01346934
0.01511378
0.01601722
0.01683549
0.01739802
0.01696063
0.01593606
0.01502615
0.01390393
0.01253805
0.01104832
0.009316308
0.007759036
0.006214204
0.004897097
0.003727415
0.002466426
0.001283484
-9.227547e-06
-0.0008076734
-0.001678104
-0.002210505
-0.002601293
-0.003506522
-0.004539902
-0.004940578
-0.004851311
-0.004876425
-0.004981194
-0.005048814
-0.004827536
-0.004102718
-0.003016171
-0.002245439
-0.001599446
-0.0004827077
0.0004109809
0.001014152
0.00163114
0.001614409
0.001306454
0.0007274905
9.303248e-05
0.0001620607
0.0006099219
0.001612413
0.003072258
0.00417661
0.005499902
0.006618432
0.007769928
0.008442977
0.009190906
0.009865807
0.009381042
0.008872174
0.008443522
0.008077832
0.007132819
0.005607813
0.004495738
0.003504883
0.003205222
0.003288824
0.003190703
0.00299613
0.002859166
0.003071145
0.003887638
0.005268849
0.006530001
0.007840841
0.008999876
0.01004433
0.01071115
0.01097674
0.01126852
0.01119674
0.01073564
0.01015411
0.009026707
0.007819686
0.007145382
0.006254346
0.005416461
0.00437422
0.002775876
0.001492094
-0.0003820692
-0.001962949
-0.003767982
-0.005761245
-0.007073037
-0.007678634
-0.008633046
-0.009806031
-0.009978226
-0.009875371
-0.01009352
-0.01077968
-0.01185519
-0.01267232
-0.01283735
-0.01265885
-0.01223798
-0.01138151
-0.01031927
-0.009357737
-0.008351016
-0.007639445
-0.007667157
-0.007659122
-0.007578827
-0.007564655
-0.007544245
-0.007422689
-0.007099776
-0.006605818
-0.006326534
-0.006876579
-0.007401988
-0.007251357
-0.007082456
-0.007356989
-0.008351285
-0.009910551
-0.01116109
-0.01216698
-0.01252659
-0.01231871
-0.01190801
-0.01113863
-0.01022514
-0.009218488
-0.007832505
-0.006254284
-0.004916297
-0.003348684
-0.001543278
-7.800171e-05
0.0003577452
0.0003970794
0.0005168378
0.0004416823
-0.0001321082
-0.001154352
-0.001796294
-0.0006499659
0.0006341981
0.0008343204
0.001593645
0.002981491
0.00395075
0.004909193
0.005286814
0.004610604
0.003313938
0.002183184
0.0009002643
-0.0006378194
-0.002551111
-0.004093759
-0.004083405
-0.002798375
-0.001589575
-0.001242415
-0.001838459
-0.002646935
-0.002161826
0.0001256515
0.002480871
0.004678161
0.005393154
0.005412997
0.006218819
0.007484311
0.008150737
0.008096367
0.008055498
0.008122054
0.008273438
0.00843288
0.008416631
0.007954169
0.006902072
0.005771576
0.005634107
0.005776361
0.00576654
0.005709377
0.005668903
0.005698147
0.005728306
0.005618926
0.005162637
0.004329727
0.003481927
0.002951586
0.002262248
0.001156708
0.0004665677
0.0005383621
0.0005944519
0.0005678065
0.0005170406
0.0004279812
0.0002751526
0.000118286
0.0001278552
0.0005578119
0.001660298
0.003186868
0.004216844
0.005636831
0.006570029
0.00756303
0.007794778
0.007739287
0.007843671
0.007909292
0.007754613
0.007085403
0.00604549
0.005319831
0.005289941
0.005380901
0.005074455
0.004106513
0.002616955
0.001348752
0.0004193187
-0.0002863734
-0.0008483027
-0.00218927
-0.003892492
-0.005042707
-0.00589948
-0.005870231
-0.005828017
-0.005947791
-0.006100738
-0.006297037
-0.006468937
-0.006473281
-0.006004223
-0.005001721
-0.003887737
-0.003827644
-0.004036834
-0.004072897
-0.003970764
-0.003835476
-0.003837899
-0.004154301
-0.004997266
-0.006170805
-0.006889114
-0.007558206
-0.008625731
-0.009330017
-0.009975327
-0.01098883
-0.01165386
-0.01187404
-0.01263291
-0.01385423
-0.01459964
-0.01457862
-0.0145275
-0.01439722
-0.01388679
-0.01290091
-0.01190995
-0.01142196
-0.01040915
-0.009267146
-0.00872569
-0.007871085
-0.007017519
-0.006572338
-0.005081714
-0.002532293
-0.0003546176
0.001638004
0.004015832
0.00592889
0.007256615
0.008454712
0.009178947
0.009257014
0.009028875
0.00829128
0.007245751
0.006799081
0.006965057
0.007042323
0.006974983
0.006944837
0.006906687
0.006897389
0.006911769
0.006916913
0.006876822
0.006806531
0.006789858
0.007005841
0.007624748
0.008572982
0.009288622
0.009844621
0.01087644
0.01196843
0.01181599
0.01084876
0.009665243
0.008984178
0.007869059
0.006263746
0.004696019
0.003668738
0.003025681
0.003010742
0.003918045
0.004638697
0.005265331
0.006282412
0.006976159
0.007660855
0.008769521
0.009550435
0.01033938
0.01142009
0.01187605
0.01193493
0.01223355
0.01259605
0.01253628
0.0120363
0.01125098
0.009701864
0.007946394
0.006597043
0.005454095
0.00470791
0.004510344
0.004508169
0.004154636
0.003310872
0.002219703
0.001633312
0.001619013
0.001124202
1.32263e-05
-0.001087486
-0.001616214
-0.002531554
-0.003468201
-0.003809948
-0.004686227
-0.005912384
-0.006632385
-0.006768976
-0.006502326
-0.005916875
-0.006072948
-0.006811782
-0.00809112
-0.009506318
-0.01038014
-0.0112513
-0.01172367
-0.0127693
-0.01396713
-0.01394534
-0.0138926
-0.01403828
-0.01418821
-0.0141656
-0.01370351
-0.0126839
-0.01154014
-0.01123797
-0.01038663
-0.008994415
-0.008056331
-0.006419965
-0.004726779
-0.003681636
-0.003784463
-0.003874193
-0.003768729
-0.00367494
-0.003590563
-0.003554126
-0.003511514
-0.00348199
-0.003499258
-0.003691231
-0.004137839
-0.004724214
-0.005023117
-0.005455654
-0.006006726
-0.00610215
-0.006058315
-0.006085864
-0.006142142
-0.006207618
-0.006238612
-0.006285285
-0.006270545
-0.006204383
-0.006131238
-0.006156525
-0.006408942
-0.006945765
-0.007474877
-0.007293764
-0.006414333
-0.005232523
-0.003512286
-0.001529727
0.0006140284
0.002786812
0.004820095
0.006969477
0.008851147
0.01009062
0.01114328
0.01166644
0.01186394
0.01224663
0.01254564
0.01227285
0.01180552
0.01113833
0.01004446
0.009075119
0.008025034
0.006410772
0.004704373
0.003335716
0.002325581
0.001727083
0.001752781
0.001701359
0.00151257
0.001375348
0.001450567
0.001932054
0.002782441
0.003510482
0.003664535
0.003673954
0.003486807
0.002565071
0.001701871
0.001511015
0.001651068
0.001659295
0.001517316
0.001355886
0.001356486
0.001770897
0.002701253
0.003780957
0.004232157
0.004050643
0.003622422
0.002885343
0.002056391
0.001668905
0.001426362
0.0006698626
-0.000337749
-0.0009773468
-0.001544887
-0.002556156
-0.003398342
-0.003419942
-0.003781433
-0.004698475
-0.005657759
-0.005997467
-0.00600771
-0.006560948
-0.007798423
-0.009175689
-0.01004219
-0.01105419
-0.01158349
-0.01135242
-0.01053559
-0.008961746
-0.007064504
-0.00484046
-0.003052016
-0.001586667
0.0004423919
0.002747234
0.004175007
0.004874069
0.005916467
0.006516887
0.006527413
0.006584588
0.0066785
0.006716826
0.00661588
0.006338593
0.006028166
0.005890125
0.005032873
0.00471834
0.005081638
0.006224844
0.006778237
0.006581735
0.006511184
0.006602974
0.006766023
0.006759909
0.006333005
0.005292101
0.004063355
0.003615261
0.002729393
0.001673152
0.00169534
0.001305818
0.0002525152
-0.0008596774
-0.000996106
-0.001060746
-0.001622893
-0.002475517
-0.003083869
-0.003506617
-0.0034792
-0.003462644
-0.003911875
-0.004906005
-0.006046338
-0.006219325
-0.006130436
-0.006192954
-0.006231382
-0.006021142
-0.005369429
-0.004428437
-0.003770122
-0.003337447
-0.002404482
-0.001174241
-0.0007316174
-0.0004878541
-0.0003419636
-0.0007141
-0.0008392902
-0.001021791
-0.001548135
-0.002079402
-0.001920047
-0.001312641
-0.0007119518
-0.0006773834
-0.0009555362
-0.001363018
-0.001688647
-0.001620182
-0.001770766
-0.001445098
-0.0009892216
-0.001205021
-0.001858349
-0.002279329
-0.002637472
-0.003143427
-0.003343155
-0.003329804
-0.003374782
-0.003432888
-0.003465616
-0.003480363
-0.003471042
-0.003451568
-0.003447156
-0.003488328
-0.003570866
-0.003617791
-0.003454331
-0.002879752
-0.001894282
-0.0009928184
-0.0004165314
0.0004696857
0.001436428
0.002238726
0.003224875
0.004064068
0.004335565
0.004314091
0.004131477
0.003594055
0.002753037
0.00214984
0.001934705
0.001358915
-4.186055e-05
-0.001797833
-0.003336233
-0.00449073
-0.005665886
-0.006540343
-0.007573778
-0.008456749
-0.008653677
-0.00868246
-0.008600098
-0.008157917
-0.007253982
-0.006227994
-0.005106271
-0.003461062
-0.001747975
-0.000208571
0.001184221
0.002012002
0.002695119
0.003387245
0.004006005
0.004303836
0.004365269
0.004423383
0.004458497
0.004341615
0.004036214
0.003728868
0.00374672
0.003550755
0.003653009
0.00418416
0.004554431
0.005091704
0.006036575
0.006787526
0.007147533
0.007575133
0.008145987
0.008249392
0.007841399
0.007290249
0.006926264
0.006417604
0.005477091
0.004680329
0.004337581
0.004031965
0.003605065
0.002736173
0.002139262
0.002568605
0.00364019
0.004646775
0.005649643
0.006944239
0.007969606
0.009125487
0.0100983
0.01105696
0.01214938
0.01324731
0.01443603
0.01509287
0.0154474
0.01585854
0.01577866
0.01532232
0.01504962
0.01454519
0.01333822
0.01179823
0.01031252
0.009047711
0.007460409
0.005676688
0.003852077
0.001932002
0.0005487953
-0.0001283913
-0.0003053974
-0.0003903233
-0.0006265751
-0.0009273169
-0.001071622
-0.0008756923
-0.001081947
-0.001858955
-0.002486138
-0.00290251
-0.003037368
-0.003179376
-0.003765546
-0.004711678
-0.005429307
-0.005747312
-0.006315869
-0.007425497
-0.008387775
-0.00862665
-0.008283447
-0.007405335
-0.006028843
-0.004822172
-0.003608008
-0.002449128
-0.001241144
-0.0001832056
0.0008555242
0.001765111
0.002031259
0.001756897
0.0009493879
-0.0003665018
-0.001567402
-0.002816247
-0.004026927
-0.005268049
-0.006354505
-0.007402294
-0.008242595
-0.00829672
-0.007709861
-0.006761205
-0.005897627
-0.005208061
-0.004268092
-0.003349579
-0.002898144
-0.002772595
-0.003027614
-0.003183905
-0.00323093
-0.003639523
-0.004386469
-0.00500963
-0.005426122
-0.005516726
-0.005572857
-0.006148557
-0.007354303
-0.008779191
-0.01009375
-0.01129968
-0.01237706
-0.01326487
-0.01404286
-0.01502579
-0.01589708
-0.01630304
-0.01659297
-0.01680776
-0.01647998
-0.0159599
-0.01526625
-0.01427253
-0.01363113
-0.01284251
-0.01137432
-0.01002426
-0.008958474
-0.008554446
-0.008628769
-0.008653598
-0.008651882
-0.008615751
-0.008393469
-0.007771964
-0.006759405
-0.005868307
-0.005301491
-0.004654239
-0.004018436
-0.003470831
-0.003211558
-0.003119143
-0.002893689
-0.002612382
-0.002409566
-0.001660259
-0.0005589631
0.0004462757
0.001605209
0.002514157
0.003423204
0.004495488
0.005546708
0.00672173
0.007504215
0.008193147
0.009075662
0.009316505
0.009252026
0.0088813
0.008241054
0.007378542
0.006306145
0.005215177
0.00481919
0.004920745
0.004921448
0.004846808
0.004770892
0.004728639
0.004713935
0.004716384
0.004716715
0.004719897
0.004733045
0.004770948
0.004812382
0.004797148
0.004620434
0.004215931
0.003713553
0.003518489
0.003401487
0.00297398
0.00238731
0.002159857
0.002205454
0.002226957
0.002220931
0.0022081
0.00217851
0.002115311
0.002032557
0.002022285
0.002258685
0.002902515
0.003846521
0.004543802
0.004816893
0.005284536
0.006255019
0.007226308
0.007970247
0.008876628
0.009784299
0.01049781
0.01140523
0.01236326
0.01318501
0.01420505
0.01510321
0.0154164
0.01539227
0.01510486
0.01428322
0.01303843
0.01214212
0.01134089
0.01039654
0.009400611
0.008030598
0.00661391
0.004977686
0.00333101
0.001804893
0.0002513155
-0.001065386
-0.002496089
-0.003787715
-0.004885174
-0.005522385
-0.005967314
-0.006577714
-0.006758049
-0.006417235
-0.005805443
-0.005099511
-0.003972772
-0.00240448
-0.0007468275
0.0007059402
0.002210278
0.003163131
0.003144907
0.002717708
0.002288257
0.002192393
0.002157622
0.001792232
0.001247368
0.001002632
0.0008892384
0.0005273506
-4.112698e-06
-0.0003653497
-0.0008559574
-0.001801011
-0.002759954
-0.003534709
-0.004468786
-0.005260629
-0.005511539
-0.005543279
-0.005527556
-0.005346935
-0.004906546
-0.004393379
-0.004389666
-0.004878104
-0.005416222
-0.005588668
-0.005678426
-0.006055832
-0.006473255
-0.006392631
-0.006071609
-0.006151427
-0.006264179
-0.006533557
-0.006770132
-0.006963923
-0.007496683
-0.008159417
-0.0082338
-0.007593507
-0.006530536
-0.005498686
-0.004625352
-0.003615307
-0.002878237
-0.002073111
-0.000928505
-0.0004029906
-0.0003685093
-0.0003270263
-0.0004652242
-0.00103586
-0.001986692
-0.002700601
-0.002825083
-0.002794147
-0.002900537
-0.003008446
-0.002869057
-0.00226084
-0.001256411
-0.0004987779
-0.0003704764
-0.0004619729
-0.0004642239
-0.0004083825
-0.0003415025
-0.0002842459
-0.0002504603
-0.0002615666
-0.0003382318
-0.0004591379
-0.0004968129
-0.0002066153
0.0006654939
0.001991491
0.003000507
0.003822692
0.004485552
0.004799157
0.005177354
0.005793809
0.00625542
0.00670827
0.007313811
0.007584424
0.007616924
0.007656129
0.007536772
0.007006665
0.006034176
0.005042443
0.004112331
0.002815428
0.001442723
-0.0001894741
-0.001853366
-0.003380353
-0.004854012
-0.005940798
-0.00700728
-0.007880358
-0.007924874
-0.007313022
-0.006422212
-0.00577384
-0.005439425
-0.004697612
-0.003312151
-0.002025116
-0.0007475181
0.0004571408
0.001799274
0.003218652
0.00484039
0.006319087
0.007415804
0.008438002
0.009533081
0.0101257
0.01048376
0.01111289
0.01162486
0.01208135
0.01247818
0.01214188
0.01115413
0.01039838
0.01013494
0.009708625
0.008763711
0.007802147
0.007059642
0.006162063
0.005269945
0.004564955
0.003619518
0.002540757
0.001503418
0.0002833316
-0.0006676985
-0.00155049
-0.002503507
-0.003339431
-0.00433423
-0.005134403
-0.005328693
-0.00527862
-0.0052824
-0.005320472
-0.00539555
-0.0055511
-0.005826651
-0.006108746
-0.006168283
-0.006451126
-0.00670723
-0.006741231
-0.006789735
-0.006743828
-0.006389009
-0.005606549
-0.004589822
-0.003401095
-0.002357497
-0.001448051
-0.0005540993
-0.000164505
-0.0002422951
-0.0007144302
-0.001790886
-0.003281029
-0.004661406
-0.005638699
-0.006569472
-0.007939811
-0.009250058
-0.01015414
-0.01052366
-0.01054023
-0.01046266
-0.01007737
-0.009282478
-0.008407639
-0.007746241
-0.006841143
-0.005469732
-0.003992217
-0.002467419
-0.00104472
-0.0001662186
0.0004594888
0.001491513
0.002242062
0.002501559
0.003169382
0.004082727
0.004415588
0.0041749
0.004051838
0.004112851
0.004686841
0.005103468
0.005227924
0.005563754
0.005978103
0.005955793
0.005431105
0.005141236
0.005100914
0.004681214
0.003819669
0.002988719
0.002581421
0.002140813
0.001216194
0.0003096287
5.754835e-06
3.429683e-05
-3.977386e-05
-0.0001432255
-6.150252e-05
0.0004108141
0.00128394
0.002104817
0.002467717
0.00283401
0.003705062
0.004755863
0.005603071
0.006493022
0.007377774
0.007703732
0.007717022
0.00780017
0.007787663
0.007413135
0.006554671
0.005504738
0.004554007
0.003420428
0.002218298
0.001112883
-0.0001471031
-0.001108617
-0.002154498
-0.00252865
-0.002052272
-0.001188299
-0.0002768634
2.611097e-05
-9.791626e-05
-7.704372e-05
5.252359e-05
5.077789e-05
-0.0003024462
-0.001110695
-0.002029656
-0.002475316
-0.002757556
-0.003558388
-0.004573888
-0.005128906
-0.005420059
-0.005975824
-0.006421592
-0.006334813
-0.006293128
-0.006444636
-0.006826926
-0.007472795
-0.007928525
-0.007800541
-0.007463287
-0.007123772
-0.007043508
-0.007363891
-0.007520352
-0.007929851
-0.007872357
-0.00773455
-0.007765721
-0.008052862
-0.008765977
-0.009592001
-0.01011359
-0.01044037
-0.01037228
-0.01035929
-0.01043267
-0.01048954
-0.01059948
-0.0107102
-0.01067984
-0.01021232
-0.009275787
-0.008277766
-0.007980832
-0.008234509
-0.008324896
-0.007929948
-0.006828687
-0.005129751
-0.003446053
-0.002087467
-0.001200066
-0.0003677902
-6.779829e-05
0.0005958685
0.001504293
0.002077589
0.002451999
0.002355318
0.002362834
0.002720003
0.003441025
0.004257456
0.00473998
0.005025406
0.0048941
0.004931315
0.005429638
0.006381483
0.007405564
0.007766131
0.007674383
0.007881119
0.00846666
0.00903635
0.009303937
0.009774283
0.01031332
0.01062306
0.01119398
0.01171229
0.01166446
0.01137555
0.01081051
0.0100442
0.009301399
0.008309122
0.007519707
0.006784492
0.005849914
0.005243033
0.00464418
0.003567437
0.002623322
0.002357121
0.00163947
0.0005237429
-0.0003101829
-0.001133182
-0.002107588
-0.002622186
-0.002885236
-0.003463171
-0.003998028
-0.004031544
-0.003944868
-0.00372452
-0.003265206
-0.002775311
-0.002390989
-0.001569253
-0.0005743933
-0.0001275947
-8.940811e-05
0.0001578518
0.0005936338
0.000816527
0.0006958459
0.001134819
0.002222254
0.002673457
0.00259305
0.002547533
0.002612299
0.002687539
0.002658797
0.002379034
0.001794601
0.001068184
0.0005369545
-0.0001427379
-0.0007495038
-0.001530789
-0.002146381
-0.002658645
-0.002670796
-0.002336944
-0.001504811
-0.0001675419
0.001212181
0.002661908
0.004174291
0.005416004
0.006226134
0.007205077
0.007704494
0.007689965
0.007712101
0.007770756
0.007832753
0.007903426
0.0079918
0.00807353
0.008078877
0.007739044
0.006912777
0.005775966
0.004775608
0.003665646
0.002281032
0.00122426
5.186064e-05
-0.0008572331
-0.002126849
-0.00327847
-0.003949645
-0.004426207
-0.004933924
-0.005286031
-0.005866604
-0.006443047
-0.006485936
-0.006335278
-0.005957466
-0.005385673
-0.004975027
-0.005081214
-0.005188601
-0.005203298
-0.005086217
-0.004755773
-0.004194771
-0.003683878
-0.003470406
-0.00305914
-0.002572311
-0.002258713
-0.001471757
-0.000377792
0.0004852078
0.001305105
0.002279248
0.002693133
0.002665601
0.00265753
0.002668567
0.002689073
0.002777447
0.003076426
0.003615643
0.004137117
0.004478632
0.005012935
0.005460702
0.005223004
0.004601081
0.003796647
0.003441745
0.003258807
0.003523805
0.003564141
0.004334035
0.004947829
0.005476675
0.005463975
0.005324523
0.005031784
0.004524668
0.004175675
0.004742772
0.005624929
0.006194327
0.006968213
0.007496046
0.008044342
0.00804729
0.007804798
0.007298926
0.006530902
0.006004519
0.00527939
0.004804793
0.004144155
0.003579371
0.002609241
0.001440373
-0.000130574
-0.001265442
-0.002760089
-0.003854
-0.005065645
-0.005610557
-0.006341557
-0.00728065
-0.008688395
-0.009920766
-0.01047928
-0.01042313
-0.01010955
-0.009446869
-0.008414049
-0.007722906
-0.007134974
-0.006099825
-0.005214071
-0.004441806
-0.003301497
-0.00268039
-0.002691906
-0.002769493
-0.002985406
-0.003486944
-0.003992132
-0.0039306
-0.003863348
-0.003916765
-0.003960639
-0.004056652
-0.004025356
-0.003749265
-0.003173565
-0.002617172
-0.002673658
-0.002775475
-0.002762583
-0.002714519
-0.002611991
-0.002537153
-0.002572416
-0.002875057
-0.003473729
-0.004074387
-0.003989002
-0.003709535
-0.003268539
-0.002742916
-0.002492992
-0.001751299
-0.0006385405
-0.0001345266
-0.0002273472
-0.0001729958
0.0001530931
0.0007338873
0.001287506
0.001250678
0.001355503
0.001877209
0.002670767
0.003377705
0.004521876
0.00562316
0.0066909
0.007857467
0.007865969
0.007767861
0.00764676
0.007179013
0.006480753
0.005937633
0.005115834
0.004380956
0.003427105
0.002858416
0.002600619
0.001753527
0.0005857055
6.615332e-05
0.0002534968
0.0003201432
2.989807e-05
-0.0007679513
-0.001930379
-0.002796197
-0.003509234
-0.004554288
-0.005071039
-0.004973077
-0.004959175
-0.00510933
-0.005334406
-0.005499551
-0.005302271
-0.004509145
-0.003116611
-0.0017486
-0.0004978396
0.0005692171
0.001281393
0.001774685
0.002420801
0.00266185
0.002930931
0.003050785
0.002532525
0.002473169
0.002303005
0.001821238
0.001430398
0.001739783
0.002339208
0.002665585
0.003305751
0.004322793
0.004946716
0.004957898
0.004922876
0.005009489
0.005131048
0.005150359
0.004931925
0.004413362
0.003844941
0.003787331
0.003911014
0.003959164
0.003893407
0.003613976
0.00310298
0.002581776
0.002571541
0.00263105
0.002428666
0.001923882
0.001343472
0.00128338
0.001336236
0.001281835
0.001220517
0.001254156
0.001510457
0.001974578
0.002331111
0.001961628
0.001375096
0.00117504
0.0007937818
-1.242199e-05
-0.0008673966
-0.001922308
-0.002565174
-0.002590741
-0.002566676
-0.002653976
-0.002758594
-0.002762407
-0.002551013
-0.002097528
-0.001627846
-0.001530201
-0.001343073
-0.0008009318
-0.0001855048
-9.354171e-05
-0.0001656394
-0.0001463059
-8.194701e-05
-3.349237e-05
-0.0002175596
-0.0007157941
-0.001462474
-0.002058095
-0.002741438
-0.003268728
-0.003798203
-0.00409842
-0.004536634
-0.005165987
-0.005499159
-0.005963527
-0.006697325
-0.007287994
-0.007977477
-0.008574904
-0.009283935
-0.009860517
-0.01042382
-0.01067362
-0.01066094
-0.01053529
-0.01012469
-0.009480443
-0.008955486
-0.008508975
-0.008105258
-0.007472202
-0.006440164
-0.005714108
-0.005624691
-0.005601549
-0.005127339
-0.004300974
-0.003607033
-0.003093732
-0.00293248
-0.003062754
-0.003163306
-0.003118756
-0.002728386
-0.001829308
-0.000653049
-7.073818e-05
0.0002398687
0.0007563116
0.0009924421
0.0009548053
0.000929624
0.0009601618
0.001135147
0.00154095
0.002102677
0.002408452
0.002342259
0.002300584
0.002327599
0.002352878
0.002355556
0.002317884
0.002285287
0.002284222
0.002338267
0.002534385
0.002896546
0.003192806
0.003592615
0.004034764
0.003772644
0.003501666
0.003936553
0.004575311
0.004919006
0.004856418
0.004801686
0.004803983
0.004818933
0.004832385
0.004847922
0.004880438
0.004934912
0.004962917
0.004862259
0.004516139
0.003948549
0.003515179
0.00359247
0.003683185
0.003672944
0.003566986
0.003316104
0.002965703
0.002740723
0.002691552
0.00231779
0.002358054
0.002374868
0.002063882
0.001420848
0.0006469175
0.0001128749
-0.0003587825
-0.0002134976
-0.0001323518
-0.0003324497
-0.0008843691
-0.001770291
-0.00263939
-0.003963828
-0.005012361
-0.00539361
-0.005255317
-0.005301386
-0.005713279
-0.006390005
-0.006966787
-0.00671392
-0.006174421
-0.005643979
-0.005435987
-0.004751342
-0.003597751
-0.002841696
-0.002441058
-0.001921082
-0.001678543
-0.001096314
-0.0002339449
0.0002800646
0.0009638422
0.001475566
0.002009483
0.002361188
0.002881951
0.003529002
0.003612165
0.003345763
0.002859336
0.002335693
0.002278936
0.002328346
0.002291757
0.002296109
0.002473067
0.002908397
0.003403864
0.003504533
0.003661212
0.004158696
0.004733449
0.004846634
0.004825217
0.004881028
0.004894108
0.004741398
0.004296402
0.003706151
0.003388389
0.002968487
0.002451552
0.002411012
0.002436447
0.002225341
0.0017341
0.001153465
0.0009694098
0.00106098
0.001059347
0.0009026018
0.0005877933
0.0002733375
0.0002141921
-2.895034e-05
-0.0002618186
-0.0003966986
-0.0008254268
-0.001460198
-0.001875942
-0.002233971
-0.0027278
-0.002926471
-0.003026422
-0.003438174
-0.004135767
-0.004763299
-0.005452062
-0.006225453
-0.0071705
-0.008004217
-0.00842697
-0.008848997
-0.009334796
-0.009233813
-0.008597769
-0.007976793
-0.007440514
-0.006731314
-0.005694795
-0.004434042
-0.003587643
-0.003354311
-0.003421216
-0.003371297
-0.003209159
-0.003052481
-0.003065087
-0.003450868
-0.004221588
-0.004954272
-0.005315753
-0.005195704
-0.004594942
-0.00426517
-0.004361074
-0.004421054
-0.004436991
-0.004513459
-0.004731755
-0.005030279
-0.005172606
-0.005334533
-0.005632772
-0.005618013
-0.00569371
-0.006045169
-0.006602965
-0.007075783
-0.007435645
-0.008010746
-0.008407724
-0.008421152
-0.008401822
-0.008275807
-0.007909442
-0.007396728
-0.00714045
-0.007162551
-0.006844437
-0.006018882
-0.004976826
-0.004204069
-0.003336848
-0.002066816
-0.001092346
-0.0006488675
-0.0005003745
-0.0001730432
0.0001266979
0.0002752549
0.0007520729
0.0007651509
0.0006634285
0.0006405681
0.0007112313
0.001014118
0.001547432
0.002084633
0.002358483
0.002858646
0.003307395
0.00327952
0.003245027
0.003278988
0.003312953
0.003350004
0.003367446
0.003371057
0.003341615
0.003293127
0.003255076
0.00332823
0.003616341
0.004150929
0.004665417
0.004910686
0.005369705
0.005840533
0.005950986
0.006211192
0.006530873
0.006452657
0.00585236
0.005549528
0.00512386
0.004722971
0.00468383
0.004407201
0.003852432
0.003399632
0.003346156
0.00311705
0.002604225
0.002115328
0.001840598
0.001212351
0.000368089
-0.0001940411
-0.0005291381
-0.0002144334
0.0003379285
0.0008090358
0.001022491
0.001475472
0.001941589
0.0019909
0.002055519
0.00205106
0.001695969
0.0008538006
-0.0002044916
-0.0008618924
-0.001268018
-0.001743805
-0.002065316
-0.002642136
-0.003198802
-0.003255906
-0.003200096
-0.002910942
-0.002180609
-0.001136435
-0.0001257628
0.001206623
0.002980527
0.004351452
0.005640331
0.006798818
0.007518079
0.00779423
0.008219766
0.009334365
0.009934285
0.009956671
0.009888455
0.009543724
0.008726043
0.007669368
0.006948865
0.006456013
0.005994068
0.005971184
0.005986957
0.006049027
0.006258763
0.006492802
0.006396025
0.005901424
0.005876287
0.005732622
0.005206403
0.004585022
0.004381261
0.004068216
0.003806738
0.004094662
0.00407959
0.004587762
0.004642501
0.004609203
0.004621236
0.004413222
0.003871851
0.003087597
0.002559128
0.001861167
0.001401085
0.0008549374
0.0005551457
-4.15762e-05
-0.0007649458
-0.000807047
-0.000705465
-0.0004218404
0.0001557147
0.0007268282
0.0006399394
0.0005194573
0.000509499
0.0005603264
0.0007174716
0.0009655645
0.001212199
0.001116964
0.0004298165
0.0004561916
0.0008019523
0.001282794
0.001796466
0.002015475
0.002722126
0.003851678
0.004704516
0.00540012
0.006402142
0.006948442
0.007098102
0.007684371
0.008587256
0.009183205
0.009743872
0.00975669
0.009651098
0.009469541
0.009063084
0.008652244
0.008629259
0.008431293
0.007670043
0.006603193
0.006000973
0.00604599
0.006004339
0.005502203
0.004523244
0.003390755
0.001948396
0.0008295279
-0.0004061819
-0.001323052
-0.002509521
-0.003705823
-0.004413865
-0.004667811
-0.004918736
-0.005117603
-0.004894126
-0.005064249
-0.005206345
-0.004777888
-0.004685351
-0.004771194
-0.004701409
-0.00440787
-0.003834676
-0.003413458
-0.003893021
-0.004797678
-0.005365737
-0.005736681
-0.005696731
-0.005653877
-0.005902742
-0.006457667
-0.007079919
-0.007218255
-0.007192843
-0.007148925
-0.00693612
-0.006485117
-0.005990976
-0.005966429
-0.00600476
-0.00591264
-0.005689595
-0.005396651
-0.005326993
-0.005781366
-0.005872436
-0.005759767
-0.005800163
-0.006070987
-0.006572666
-0.006946714
-0.006579321
-0.005950189
-0.005696472
-0.005296074
-0.004618534
-0.004089378
-0.003464517
-0.002902468
-0.00218872
-0.001467274
-0.0008500161
-0.0006004455
-0.0008154559
-0.001392903
-0.002307656
-0.003026005
-0.003318462
-0.003663727
-0.004218771
-0.004455383
-0.004449797
-0.004497077
-0.004602576
-0.004663961
-0.00454271
-0.004074501
-0.003317666
-0.002681028
-0.002235257
-0.002123238
-0.00217484
-0.001990232
-0.001504596
-0.0008856124
-0.0006810875
-0.0007712332
-0.0007904359
-0.0007476723
-0.0007459218
-0.0007588083
-0.0007264891
-0.0006606175
-0.0006622993
-0.0008401339
-0.001293381
-0.001875592
-0.002120854
-0.002079784
-0.001955239
-0.001581064
-0.0009100599
-0.0001769626
0.0007290122
0.001641231
0.002302693
0.002984493
0.003448065
0.00354479
0.003217869
0.003063837
0.003220566
0.003298266
0.003114813
0.002604295
0.001941401
0.001711398
0.001964315
0.0025617
0.003378153
0.003920313
0.004202319
0.00380411
0.003091083
0.002607763
0.001882056
0.0009675523
-0.0003407622
-0.001365814
-0.001787383
-0.001782816
-0.00209945
-0.002789029
-0.003375427
-0.003121103
-0.002546844
-0.002033951
-0.002008184
-0.001781148
-0.001221063
-0.0007744645
-0.0008026919
-0.0008389935
-0.0007726658
-0.0006902892
-0.0006471248
-0.000778524
-0.001167244
-0.001732988
-0.002051494
-0.00199905
-0.001967987
-0.001993125
-0.002002642
-0.002018864
-0.00207204
-0.002117536
-0.002088826
-0.001914097
-0.001568572
-0.001302882
-0.001470887
-0.001621656
-0.001752384
-0.001505968
-0.0008748792
-0.0006407668
-0.0007355921
-0.0008276991
-0.0008695108
-0.0008047432
-0.0005394187
-3.239086e-05
0.0004850612
0.0005026895
0.0004406431
0.0006345872
0.001115846
0.001700245
0.001838701
0.00201644
0.002532132
0.003112252
0.003194573
0.003373331
0.003685229
0.003602954
0.002908103
0.002930096
0.003328531
0.003943894
0.004579302
0.004532801
0.004303511
0.003882238
0.003278519
0.002958916
0.003411163
0.004064423
0.004435655
0.004193468
0.003850271
0.003682281
0.003922523
0.004287828
0.004275718
0.004365094
0.004739047
0.005284897
0.005587183
0.005530307
0.005548761
0.005721436
0.005970949
0.006117303
0.005922067
0.006075608
0.006664449
0.006965983
0.007471319
0.008286984
0.008906953
0.009366215
0.009357551
0.009584181
0.01020884
0.01086541
0.01092941
0.01087145
0.01066849
0.01017141
0.009399681
0.008465649
0.007081585
0.005776943
0.004802262
0.004172233
0.003607136
0.002954409
0.002366394
0.001790652
0.001308731
0.0007546542
0.0005968986
0.0006904026
0.0005408324
-3.032725e-05
-0.0008754483
-0.001531304
-0.002050324
-0.00206743
-0.001814056
-0.001349288
-0.0008113455
-0.0005799041
-6.993625e-05
0.0004334106
0.0001271644
-0.0004591093
-0.0009625818
-0.001195877
-0.001624217
-0.002041311
-0.002124215
-0.002592213
-0.003529181
-0.004442863
-0.004890022
-0.005223912
-0.005773589
-0.006122628
-0.006125476
-0.006172565
-0.006268482
-0.006287029
-0.006098316
-0.00561705
-0.005046489
-0.004978343
-0.005039691
-0.00505236
-0.00510039
-0.005089304
-0.004974007
-0.00468136
-0.004116993
-0.003552899
-0.003610899
-0.003716189
-0.003735273
-0.003698056
-0.003519306
-0.003130514
-0.002519878
-0.002093221
-0.002249794
-0.002643139
-0.003188257
-0.003664015
-0.004028627
-0.004540307
-0.004732771
-0.004649563
-0.004598114
-0.004656841
-0.004920863
-0.005463301
-0.006075529
-0.006211979
-0.006157571
-0.006109483
-0.005969165
-0.005685321
-0.00540595
-0.005411269
-0.004986187
-0.004849183
-0.004895952
-0.004934857
-0.005041613
-0.005139406
-0.005150813
-0.004848497
-0.004047349
-0.002920197
-0.002329675
-0.00254419
-0.002733402
-0.002678787
-0.002398819
-0.001793037
-0.001025592
-0.0005231082
0.000176014
0.0006526848
0.001177924
0.001413474
0.001882974
0.002509869
0.002549189
0.002731987
0.00303431
0.003065104
0.002484859
0.002443842
0.00231453
0.001815385
0.001228915
0.001016238
0.0005381121
-0.0001310013
-0.0003883617
-0.0009212052
-0.001554044
-0.001576789
-0.00151672
-0.001528189
-0.001558937
-0.001612816
-0.001677913
-0.001724583
-0.001668581
-0.001400135
-0.0008764283
-0.0003493531
-0.000335913
-0.0001391882
0.0003960729
0.000945848
0.001264458
0.001813913
0.002333079
0.002334865
0.002202802
0.001889824
0.001359083
0.0009628964
0.001059671
0.00115738
0.001129048
0.0009919134
0.0007107817
0.0003902425
0.0003039624
0.0005150471
0.0003703918
0.0002691426
-0.0002522767
-0.0005969865
-0.001097483
-0.00156754
-0.001484163
-0.001402609
-0.001389746
-0.001353296
-0.00132621
-0.001435685
-0.001819929
-0.002430573
-0.002738146
-0.002255134
-0.001578947
-0.001175832
-0.001386315
-0.001666732
-0.001777443
-0.001602988
-0.001569017
-0.002154551
-0.002518229
-0.002406856
-0.002251331
-0.002181601
-0.00230037
-0.002676439
-0.00325906
-0.003635887
-0.003289926
-0.002680037
-0.002189691
-0.002310408
-0.00235498
-0.0020577
-0.00149541
-0.0008659429
-0.000792428
-0.0009390716
-0.0011488
-0.001393187
-0.001412704
-0.0009010611
-0.0007495354
-0.0008227388
-0.0008559154
-0.0008632762
-0.0008469153
-0.0008330344
-0.0008272415
-0.000832014
-0.0008347244
-0.0008210394
-0.0007903096
-0.0007682509
-0.0008186445
-0.00100231
-0.001361794
-0.001784069
-0.00182525
-0.001187479
-0.0008264449
-0.001271948
-0.001895388
-0.00217016
-0.001744648
-0.001462996
-0.001777952
-0.001642091
-0.001729901
-0.001181149
-0.0008081366
-0.000393665
0.0001588874
0.0002389512
0.0002226068
0.0001797175
7.780966e-05
-0.0001461512
-0.0002735031
5.241711e-05
0.0003216201
0.0004307859
0.0007702806
0.001264067
0.001514337
0.001613434
0.002016309
0.002661429
0.003128904
0.003316362
0.003501466
0.003453852
0.003375045
0.004004271
0.004330272
0.003702674
0.002893611
0.002342766
0.00177765
0.001476957
0.001220779
0.001273906
0.000944286
0.001352928
0.002054539
0.002357311
0.002739129
0.003144738
0.003114457
0.003098147
0.003571608
0.004434283
0.004221753
0.003212837
0.002706597
0.002930286
0.003187152
0.003501815
0.003679394
0.003624759
0.003723252
0.003978059
0.004210116
0.004040338
0.003704179
0.003597152
0.003280339
0.002708979
0.002347902
0.002406659
0.00250081
0.002523413
0.002457107
0.002148376
0.001556123
0.0008755926
0.0004128955
-8.517377e-05
-4.186334e-05
2.192292e-05
-1.495482e-05
-8.153508e-05
-0.0001878345
-0.0002856424
-0.000285976
-0.0001249786
0.0004017908
0.001145696
0.001639927
0.002111088
0.00240323
0.002944235
0.00375822
0.004177314
0.004235715
0.003759808
0.003566845
0.003665141
0.003725392
0.003739702
0.003725022
0.003708309
0.003698086
0.003696784
0.003695294
0.003688789
0.003680327
0.003685307
0.00371994
0.003777474
0.003800537
0.003677069
0.003301248
0.002733093
0.002368649
0.002426607
0.002495243
0.002524286
0.002540417
0.002458162
0.002157549
0.001567376
0.000914652
0.0004697163
-6.77325e-05
-0.0003147848
-0.0008278611
-0.001442821
-0.001441506
-0.001404757
-0.001414253
-0.001404484
-0.001390474
-0.001438944
-0.001656003
-0.002106085
-0.002601161
-0.002698831
-0.002865894
-0.003385719
-0.003973769
-0.004054994
-0.003939265
-0.003892174
-0.003958386
-0.004245299
-0.004737764
-0.005162052
-0.00488902
-0.004098686
-0.003493194
-0.003083958
-0.002896912
-0.002824933
-0.002441431
-0.001844468
-0.001488721
-0.001515191
-0.001507253
-0.001437808
-0.001409116
-0.001545051
-0.001929146
-0.002455151
-0.002695863
-0.002578746
-0.002623978
-0.003024418
-0.003710615
-0.004258815
-0.004114194
-0.003561846
-0.002628967
-0.001708039
-0.001495045
-0.001685868
-0.00167781
-0.001337725
-0.0006501689
0.0001444191
0.0007425575
0.001389241
0.001839681
0.002273736
0.002576187
0.003222088
0.004061609
0.004600312
0.004991237
0.004926783
0.004893274
0.00501141
0.005270842
0.005623671
0.005842079
0.005894156
0.006309759
0.006336939
0.006334339
0.006418851
0.006417784
0.00618192
0.005560983
0.004715955
0.003916721
0.003018501
0.00255966
0.002371112
0.001846387
0.001238491
0.0008768618
0.0003404502
-8.562012e-05
1.939699e-05
9.135612e-05
-6.520547e-05
-0.0005044983
-0.001141043
-0.001490153
-0.00106359
-0.0003768935
7.465461e-05
-0.0001099918
-0.0005467646
-0.001103669
-0.001509327
-0.001402919
-0.001315161
-0.001326674
-0.001386168
-0.001463021
-0.00150668
-0.001430748
-0.001146503
-0.0006403481
-0.0001632226
8.821575e-05
0.0006837005
0.001473305
0.001991452
0.002381617
0.002352945
0.002366017
0.002489953
0.002589862
0.002520291
0.002128542
0.001454441
0.000976672
0.00129361
0.002154525
0.003348541
0.004190744
0.004638568
0.005016266
0.004805755
0.004291896
0.003617006
0.003089492
0.002180143
0.001238003
0.0002069582
-8.368171e-05
-0.0008011484
-0.001972914
-0.002571767
-0.00278786
-0.003347828
-0.004033781
-0.004078523
-0.003941744
-0.003613531
-0.003080487
-0.00279216
-0.003482178
-0.004396677
-0.004841412
-0.00521617
-0.005135666
-0.005272837
-0.005887172
-0.0067394
-0.007367419
-0.008150776
-0.008665799
-0.009129629
-0.009387926
-0.00974055
-0.009965532
-0.009762178
-0.009595029
-0.00890254
-0.00840788
-0.00799679
-0.007741446
-0.007152595
-0.006380877
-0.005870203
-0.005393634
-0.005139924
-0.004641664
-0.004066992
-0.003748748
-0.00321483
-0.002747834
-0.002767028
-0.002796091
-0.002767858
-0.00276008
-0.002769958
-0.002776121
-0.002682347
-0.002401642
-0.001923968
-0.001504579
-0.001303781
-0.000649362
0.0004545516
0.001605617
0.002719979
0.003220458
0.003709829
0.00397711
0.004229052
0.004205292
0.003815354
0.003794757
0.003606765
0.003149315
0.002663911
0.00238249
0.001768966
0.0009777722
0.0004798549
0.0001220759
0.0001584657
6.10717e-05
-0.0003161316
-0.00082675
-0.001091192
-0.000840508
-0.0009329198
-0.00139725
-0.001162779
-0.0006901729
-0.0004315064
-0.000494104
-0.0004706039
-0.00109487
-0.001527064
-0.00107961
-0.0003970378
9.081969e-05
2.455672e-05
-4.631926e-05
-7.276522e-05
-0.0001704159
-0.0003745157
-0.0005768566
-0.0004591603
-3.907716e-05
-0.0002455227
-0.0005443563
-0.0005229488
-0.0003487854
-0.0009166297
-0.001453834
-0.001407596
-0.001391805
-0.00145035
-0.001472102
-0.001323651
-0.0009442512
-0.0004739376
-0.0004202096
-0.001107349
-0.001538868
-0.001117929
-0.0004722571
-2.563024e-05
-1.646467e-05
0.0002247963
0.0007935661
0.001265684
0.001248401
0.001187044
0.001162114
0.001128535
0.001167332
0.001344266
0.001664971
0.002073046
0.002229961
0.001906822
0.001970246
0.00255502
0.002707956
0.00260471
0.002158311
0.001273848
0.0003082817
-2.260736e-05
0.0001052987
0.0001170076
2.383115e-05
-8.729614e-05
-0.0001180577
-4.026076e-05
4.370852e-05
-4.958796e-05
-0.0004589972
-0.001099217
-0.001521429
-0.001340157
-0.00100121
-0.000691548
-0.0006546266
-0.0009529659
-0.0008315442
-0.0006431407
0.0002155079
0.001103482
0.002117716
0.002846537
0.003323061
0.003799164
0.003850677
0.003846804
0.003819508
0.003675291
0.003446695
0.003328328
0.003257662
0.002557117
0.0018891
0.001185616
0.0006538589
0.0001859467
1.952042e-05
-0.0001673801
-0.0001965526
0.000258551
3.956771e-05
-0.0002640028
-0.0001700894
0.0004940513
0.0004216044
2.874323e-05
-0.0003581334
-0.0003596094
0.0006013929
0.001471448
0.002506411
0.003136479
0.003221526
0.003432662
0.003475532
0.0029606
0.003044662
0.003228044
0.003196722
0.002886213
0.002194347
0.001408291
0.0008983153
0.000542156
0.0005920574
0.0006234935
0.0005305471
0.0004249432
0.0003544052
0.0004650476
0.0008408699
0.001411629
0.001704076
0.001631697
0.001590771
0.001656984
0.001683361
0.001564973
0.001207493
0.0007187352
0.0004540876
0.0004271291
6.072389e-05
-0.0007044767
-0.001491986
-0.001997597
-0.002149427
-0.002107028
-0.002149139
-0.002244552
-0.002289312
-0.00215303
-0.001748669
-0.001185421
-0.0008806058
-0.0006940727
-0.0004166756
-0.0003126265
-0.0007738395
-0.001109284
-0.001483825
-0.001915168
-0.001921082
-0.00200065
-0.002532307
-0.003342791
-0.003923624
-0.004392601
-0.004468219
-0.004467398
-0.004568442
-0.004581056
-0.004302494
-0.00354245
-0.00241402
-0.001632498
-0.00115143
-0.0003922758
0.0001262337
0.0006172032
0.0006299535
0.0007337895
0.001136721
0.001778529
0.002305472
0.002265423
0.00208872
0.001729028
0.00127412
0.001189052
0.001797601
0.002278217
0.002315829
0.002560665
0.003027712
0.003341428
0.003462219
0.003846156
0.004415346
0.004728468
0.004694102
0.004699039
0.004705966
0.004572651
0.004316986
0.004127308
0.004358855
0.004832817
0.005234811
0.005716154
0.00586986
0.005754023
0.005659618
0.005637994
0.005781542
0.006213141
0.006815521
0.00719512
0.007387922
0.007398178
0.006896064
0.00661246
0.006264778
0.005680865
0.005271362
0.004720213
0.00423135
0.004535312
0.005113802
0.005497316
0.005093069
0.004441293
0.003935566
0.003673745
0.00320367
0.002747542
0.002756238
0.002779997
0.002706599
0.002529666
0.002243958
0.001947913
0.001796753
0.001368275
0.0007185643
2.013329e-05
-0.0006208129
-0.00125246
-0.001775781
-0.002341577
-0.002747999
-0.003275284
-0.003847282
-0.003840023
-0.003825052
-0.003898401
-0.003946484
-0.003909458
-0.003844339
-0.003872211
-0.004148611
-0.004767675
-0.005505656
-0.005973738
-0.006253093
-0.006176432
-0.006112935
-0.006133585
-0.006145034
-0.006138187
-0.006128232
-0.006107513
-0.006063408
-0.006008228
-0.005948305
-0.005920667
-0.005904949
-0.005873593
-0.00581207
-0.005734546
-0.005670684
-0.005614797
-0.00558004
-0.0055259
-0.005454811
-0.005411237
-0.005355373
-0.005305511
-0.00528206
-0.005245011
-0.005179765
-0.005103561
-0.005031644
-0.004952946
-0.004889675
-0.004854768
-0.004854988
-0.004858574
-0.004808977
-0.004634135
-0.004266677
-0.003746835
-0.00333167
-0.002860894
-0.002221712
-0.001907351
-0.001938333
-0.00234579
-0.002317011
-0.001901206
-0.001391853
-0.001142183
-0.001645567
-0.002133053
-0.002046821
-0.002026465
-0.002283391
-0.002735253
-0.00307492
-0.002981613
-0.002915154
-0.003018976
-0.003300081
-0.003664589
-0.003748872
-0.003298283
-0.002941794
-0.002661542
-0.001977401
-0.001095753
-0.0002619147
0.0007256857
0.001684937
0.002390418
0.00304915
0.003269854
0.003191078
0.003190497
0.003262308
0.003334932
0.003345082
0.003218269
0.002882651
0.002413182
0.002095671
0.001784992
0.001359654
0.001200841
0.00124324
0.001241349
0.001163997
0.001016953
0.0008330203
0.0007724919
0.001021732
0.001096256
0.001034308
0.001145337
0.001548692
0.00216868
0.002620309
0.002983929
0.002989632
0.002925945
0.002933833
0.002954558
0.002978639
0.002995842
0.003006167
0.002984963
0.002959775
0.002919338
0.002744444
0.002369143
0.001941307
0.001791105
0.001417975
0.0009713829
0.0009678553
0.0009902732
0.00098387
0.0009400806
0.000909482
0.0009296566
0.0009194218
0.0008979893
0.0008713354
0.000852176
0.000851633
0.0008505639
0.000886711
0.0009091019
0.0008719679
0.0008037866
0.0007481289
0.0008039338
0.001073976
0.001534417
0.001982965
0.002118422
0.002128485
0.002251715
0.00258009
0.002829928
0.00314209
0.003339723
0.003371538
0.003589134
0.003946214
0.004144053
0.00409453
0.004083834
0.004123269
0.004123921
0.004002154
0.003708192
0.003297027
0.003016873
0.00274558
0.002389526
0.002251131
0.002262406
0.002233222
0.002189857
0.002151499
0.002130932
0.002119124
0.002108482
0.002101455
0.002133205
0.002174052
0.002141781
0.001915888
0.001487488
0.001020408
0.0007520923
0.0005511953
0.0005573215
0.0004025417
-8.758055e-06
-0.0004472667
-0.0006965362
-0.0009719692
-0.001120695
-0.001542377
-0.002205146
-0.002609264
-0.002865974
-0.003293315
-0.003623419
-0.003898169
-0.003909998
-0.003839144
-0.003793989
-0.003744681
-0.00374322
-0.003794935
-0.003921963
-0.004050685
-0.00404861
-0.004164132
-0.004248641
-0.00419147
-0.004125291
-0.004008487
-0.003780337
-0.00346329
-0.00326024
-0.003177707
-0.002941829
-0.002582382
-0.002371955
-0.002384803
-0.002388601
-0.002313282
-0.002136337
-0.001842446
-0.001547189
-0.001319116
-0.0008355455
-0.000250236
-9.478535e-06
-6.20075e-05
-9.207423e-05
-7.626183e-05
-4.315273e-05
1.904431e-05
5.10525e-05
6.545364e-05
2.902358e-05
-0.0001497817
-0.000423651
-0.0005694989
-0.0003032612
4.339795e-05
6.744915e-05
3.358382e-06
-5.803757e-06
5.631209e-06
3.590263e-05
4.79796e-05
4.209075e-05
4.015384e-05
5.273915e-05
6.093355e-05
5.498297e-05
2.623272e-05
-1.072072e-06
6.232208e-05
0.0003061991
0.0007363922
0.001135892
0.001304057
0.001425786
0.001681021
0.001864507
0.001863055
0.001799648
0.001635727
0.001356016
0.001146507
0.001207857
0.001281356
0.001262403
0.001108324
0.0007033407
0.000179463
-6.968351e-05
-2.817207e-05
1.822771e-05
0.0001069066
0.0002983256
0.0005081704
0.0005059902
0.0004498763
0.0004504511
0.0005234671
0.0006826859
0.0008788783
0.0009654355
0.000962084
0.001125266
0.001490865
0.001859879
0.001990234
0.001905314
0.001857253
0.001844096
0.001835726
0.001828959
0.001822181
0.001808441
0.00176216
0.001644353
0.001435701
0.001213031
0.001156069
0.001098612
0.000939125
0.0007425021
0.0006471945
0.0005443512
0.0002608802
-0.000132984
-0.0003430192
-0.000316804
-0.0003979203
-0.0006452499
-0.0009346771
-0.001117032
-0.001230667
-0.001203843
-0.001176841
-0.001214399
-0.001314887
-0.001447469
-0.00155348
-0.001899722
-0.00201085
-0.002071878
-0.002143682
-0.002018935
-0.00187838
-0.001902675
-0.001946831
-0.001748819
-0.001428903
-0.00107875
-0.0008027597
-0.0006112088
-0.0003157117
-0.0001012715
-2.679421e-05
0.0001537465
0.0003822071
0.0005245532
0.0006192334
0.0005918763
0.0005924535
0.0006720677
0.0007972825
0.0008756401
0.0007410898
0.0005629685
0.0005310275
0.0005456755
0.0005431073
0.0005315191
0.0005127072
0.0004937484
0.0004728017
0.0004579327
0.0004584543
0.0004958466
0.0005705602
0.0006546673
0.000796013
0.0009737501
0.0009347804
0.0008845577
0.0008734391
0.0008737899
0.0008769359
0.0008521463
0.0007710717
0.0006171871
0.0004499887
0.0003997141
0.0003881949
0.0004280627
0.0003449544
0.0001985925
0.0001334845
6.114106e-05
-3.338557e-05
-7.638109e-05
-0.0001077165
-0.0001965664
-0.0003053068
-0.0003295393
-0.0002513075
-0.0001536766
-0.0001134576
-0.0001517414
-0.0002022337
-0.0002379192
-0.0002160063
-0.0001399746
-0.000144003
-0.0001463224
-0.0001056928
-2.8088e-05
5.369039e-05
4.765298e-05
2.744751e-05
1.301483e-05
-1.612132e-06
-7.32043e-06
-2.777709e-06
2.418518e-05
8.706388e-05
0.0001442961
0.0001204075
5.369404e-05
-1.746859e-05
-6.079727e-05
-0.0001244258
-0.0002555364
-0.0003957527
-0.0005006085
-0.0005647746
-0.0006076355
-0.0006337934
-0.0006393693
-0.0006693937
-0.0007136056
-0.0007165446
-0.0006437291
-0.0005831788
-0.0005730955
-0.0005416974
-0.0004780263
-0.0004174002
-0.0004174375
-0.0004122572
-0.0003788214
-0.0003224138
-0.0002676561
-0.0002696001
-0.0002941237
-0.0003082843
-0.0003002574
-0.0003429797
-0.0003897783
-0.0004217164
-0.000426256
-0.0004126939
-0.0004070505
-0.0004054975
-0.0004001589
-0.0003797089
-0.0003387485
-0.0002877454
-0.0002652054
-0.000286776
-0.0003229415
-0.0003456824
-0.0003323987
-0.0003109601
-0.0002830875
-0.0002468111
-0.0002266112
-0.0002571791
-0.0002849567
-0.0002691051
-0.0002562112
-0.0002597953
-0.0002798269
-0.0003020737
-0.0002971146
-0.0002835369
-0.0002733189
-0.000264051
-0.0002557658
-0.0002477626
-0.0002411783
-0.0002346131
-0.0002253408
-0.0002075673
-0.0001785996
-0.0001458417
-0.0001323554
-0.0001366
-0.0001486588
-0.0001618138
-0.0001599109
-0.0001483183
-0.000139461
-0.0001328486
-0.000127447
-0.0001222512
-0.0001168819
-0.0001095201
-9.820979e-05
-8.105047e-05
-6.137181e-05
-4.895802e-05
-4.248631e-05
-2.470414e-05
4.269484e-06
2.912686e-05
3.64142e-05
3.647582e-05
4.346027e-05
5.75865e-05
7.085282e-05
7.711748e-05
8.701398e-05
9.485729e-05
9.141843e-05
8.795332e-05
8.617177e-05
8.62514e-05
8.966631e-05
9.745117e-05
0.0001033009
0.0001019586
0.000102701
0.0001046585
0.0001003681
0.0001024121
9.260204e-05
7.989133e-05
7.367545e-05
6.42233e-05
5.508066e-05
5.41154e-05
5.342064e-05
5.168302e-05
5.00775e-05
4.83835e-05
4.66138e-05
4.532724e-05
4.434911e-05
4.328125e-05
4.219095e-05
4.112719e-05
4.028316e-05
3.969363e-05
3.918283e-05
3.815945e-05
3.58686e-05
3.195711e-05
2.779449e-05
2.667255e-05
2.701955e-05
2.587743e-05
2.295835e-05
1.966909e-05
1.891122e-05
1.919433e-05
1.796838e-05
1.576752e-05
1.468274e-05
1.378706e-05
1.250349e-05
1.346058e-05
1.655803e-05
2.036105e-05
2.375373e-05
2.671602e-05
3.002457e-05
3.342365e-05
3.644645e-05
3.741948e-05
3.708387e-05
3.698487e-05
3.703312e-05
3.708171e-05
3.709111e-05
3.712285e-05
3.717221e-05
3.716556e-05
3.687522e-05
3.613725e-05
3.510383e-05
3.459524e-05
3.49832e-05
3.556538e-05
3.636109e-05
3.737472e-05
3.79912e-05
3.770486e-05
3.721109e-05
3.695054e-05
3.707683e-05
3.708098e-05
3.719637e-05
3.77608e-05
3.826205e-05
3.864537e-05
3.892913e-05
3.921657e-05
3.969068e-05
4.035309e-05
4.083013e-05
4.145535e-05
4.200956e-05
4.270039e-05
4.321589e-05
4.369097e-05
4.415661e-05
4.454174e-05
4.485904e-05
4.519264e-05
4.562858e-05
4.609767e-05
4.665107e-05
4.71956e-05
4.774031e-05
4.832082e-05
4.893563e-05
4.954415e-05
5.006876e-05
5.052885e-05
5.101003e-05
5.149758e-05
5.194275e-05
5.23979e-05
5.284641e-05
5.325512e-05
5.366211e-05
5.407e-05
5.447442e-05
5.488955e-05
5.532467e-05
5.575951e-05
5.618891e-05
5.66177e-05
5.704696e-05
5.748246e-05
5.792673e-05
5.836946e-05
5.880553e-05
5.924247e-05
5.967995e-05
6.011817e-05
6.055653e-05
6.099621e-05
6.143723e-05
6.187867e-05
6.232011e-05
6.276194e-05
6.320394e-05
6.364664e-05
6.408988e-05
6.453372e-05
6.49781e-05
6.542305e-05
6.586857e-05
6.631464e-05
6.676127e-05
