2.760052e-05
2.827407e-05
2.913832e-05
2.969635e-05
2.974741e-05
2.884305e-05
2.737363e-05
2.575662e-05
2.431889e-05
2.288639e-05
2.158204e-05
2.043543e-05
1.943304e-05
1.824637e-05
1.729345e-05
1.682124e-05
1.761597e-05
2.005789e-05
2.423613e-05
2.875899e-05
3.303687e-05
3.579236e-05
3.708623e-05
3.767986e-05
3.843623e-05
3.981369e-05
4.260847e-05
4.68154e-05
5.192056e-05
5.562783e-05
5.450339e-05
4.645592e-05
3.590784e-05
2.294411e-05
1.077193e-05
9.632122e-07
-4.685981e-07
3.952606e-06
1.289228e-05
2.4298e-05
3.290872e-05
4.186229e-05
5.406671e-05
6.736205e-05
7.575586e-05
8.227524e-05
8.814529e-05
9.003955e-05
8.423143e-05
6.636559e-05
3.638402e-05
3.30635e-06
-2.181975e-05
-4.008758e-05
-5.547321e-05
-6.081904e-05
-4.293227e-05
6.500959e-07
5.318158e-05
0.0001063979
0.0001358729
0.0001303181
9.364559e-05
2.732985e-05
-4.941266e-05
-9.776276e-05
-0.0001247722
-0.0001175038
-8.889923e-05
-5.376781e-05
-2.688935e-05
-1.507603e-06
2.706058e-05
4.817969e-05
7.147226e-05
7.843809e-05
5.354907e-05
1.613411e-06
-6.160435e-05
-0.0001012329
-8.398726e-05
6.425642e-06
0.0001517813
0.0002908909
0.0003766627
0.000366407
0.000258038
0.0001371695
4.932605e-05
1.026453e-05
6.664103e-06
7.214659e-06
4.955621e-05
9.470911e-05
0.0001071064
0.0001190675
0.0001485428
0.0002075787
0.0002954813
0.000380344
0.0003983302
0.000331694
0.0002419107
0.0001535887
4.502756e-05
-4.269837e-05
-0.00010478
-0.000176227
-0.0002442162
-0.0002635236
-0.0002056658
-9.476004e-05
3.449039e-05
0.0001543736
0.0002470298
0.0002990969
0.0004019099
0.0005121729
0.0005666706
0.0005645356
0.0004966146
0.0004163688
0.0002994016
0.0001597201
3.635985e-05
-7.931147e-05
-0.0001410524
-0.0001816603
-0.0001915718
-0.0001413611
-0.0001261765
-9.466352e-05
1.133289e-06
0.0001791513
0.0004165794
0.0006391883
0.000960758
0.00121805
0.001292058
0.001284403
0.001049811
0.0006273155
0.0001423928
-0.0002978401
-0.0006766908
-0.0009831515
-0.001190747
-0.001306738
-0.00126148
-0.001066151
-0.000773344
-0.0004882788
-0.000259584
-7.302287e-05
5.4362e-06
-7.740528e-06
3.714974e-05
0.0001234391
0.0001836289
0.0002778769
0.0003016962
0.0002313298
0.0002257022
0.0002580719
0.0002742284
0.0003001623
0.0002145291
-4.753846e-05
-0.0004000029
-0.0006699264
-0.0006948983
-0.0004494649
-0.0001036091
0.0001703231
0.0003349275
0.0004631973
0.0006225152
0.0007884794
0.0008624804
0.0007880811
0.0004801291
-0.000153098
-0.0009053751
-0.00154616
-0.001961197
-0.001993863
-0.001568842
-0.000848191
-5.384174e-05
0.0006566407
0.001048275
0.001158213
0.001138427
0.001002212
0.0007453489
0.0004019735
0.0001010215
2.727339e-05
0.0001854023
0.0004135907
0.0006280756
0.0009038494
0.00120485
0.001445954
0.001660964
0.001737799
0.001540293
0.001154381
0.0006375842
-5.053295e-05
-0.0006883804
-0.0009370282
-0.0008114009
-0.0004297981
9.57474e-05
0.0005330648
0.0007808858
0.0005760004
-7.534486e-05
-0.0007705865
-0.001296121
-0.001594155
-0.001617983
-0.001274198
-0.0007445811
-0.0002091131
0.0002810842
0.0005141755
0.0004441319
0.0001765045
-0.0002374875
-0.0007716604
-0.001526414
-0.002449821
-0.003434114
-0.004104483
-0.004130031
-0.003617091
-0.0027653
-0.001724412
-0.0005751698
0.0005654538
0.001515273
0.002178051
0.002799216
0.003660981
0.004609949
0.005090113
0.004704503
0.003565348
0.001835903
-0.0001824886
-0.00216558
-0.003815184
-0.005044783
-0.005759059
-0.005904464
-0.00561526
-0.004980016
-0.004134737
-0.003391524
-0.002833297
-0.002489667
-0.002178732
-0.001811992
-0.001348082
-0.0007785845
-6.119422e-06
0.0008572536
0.00137876
0.001531768
0.00121808
0.0006022551
2.423121e-05
-0.0003761303
-0.0006327729
-0.0006395521
-0.0001525413
0.001005764
0.002367277
0.003544767
0.004141767
0.003792772
0.002797929
0.001490579
0.0004243145
-0.0003281109
-0.0007527044
-0.0009131492
-0.001115884
-0.001438363
-0.001721077
-0.001193912
-3.795557e-05
0.001408904
0.002913593
0.003825468
0.003985627
0.003623044
0.00288471
0.002263264
0.001929727
0.001859781
0.002108896
0.002346922
0.002210119
0.001470944
0.0003992727
-0.0006599321
-0.001513077
-0.002048772
-0.002310913
-0.002344881
-0.0022384
-0.002077578
-0.001844291
-0.001616108
-0.00123173
-0.0006619277
-0.0001032478
0.0003259643
0.0004655743
-1.69476e-05
-0.001152086
-0.002561814
-0.003822221
-0.004513909
-0.004555217
-0.003944197
-0.002943889
-0.001682563
-0.0004656985
0.0008095838
0.001930928
0.002580289
0.002934851
0.002982033
0.002987449
0.003040984
0.002646819
0.001874757
0.00047233
-0.0009532203
-0.001763819
-0.001464975
-0.0003109681
0.0008792012
0.001729684
0.001967969
0.001550883
0.0007466953
-9.477974e-05
-0.000548687
-0.0005617704
-0.0005813141
-0.00102101
-0.001862634
-0.002895982
-0.003827513
-0.004519192
-0.005010535
-0.005288643
-0.005275547
-0.004811213
-0.003772161
-0.002108464
-0.0002978788
0.001068765
0.001912818
0.002303033
0.002375276
0.002271527
0.002424038
0.002826369
0.003216951
0.003262622
0.002942837
0.002325375
0.001561063
0.001017273
0.0006724057
0.0001949931
-0.0005736509
-0.00203829
-0.00365719
-0.004849762
-0.005108747
-0.004551122
-0.003702311
-0.002658071
-0.002060651
-0.001923948
-0.00232485
-0.002964842
-0.003410586
-0.003251905
-0.002420655
-0.001199349
-0.0002333604
2.776171e-05
-0.000333725
-0.0009753863
-0.001832665
-0.002604865
-0.002926029
-0.002849355
-0.002480019
-0.001858901
-0.001106465
-0.0005225859
-0.0002517492
-4.839772e-05
0.0003829667
0.00114892
0.002162926
0.003024008
0.003428831
0.003390484
0.003239519
0.002954717
0.002876507
0.003059831
0.003382966
0.003736702
0.003872303
0.003404069
0.001976932
7.301662e-05
-0.001923592
-0.003554396
-0.004650642
-0.004981505
-0.004887223
-0.004570613
-0.004332762
-0.004075563
-0.003706558
-0.003151181
-0.002141263
-0.001053387
-2.428616e-05
0.0007656869
0.0008774767
0.0001326321
-0.001380447
-0.003369761
-0.005226579
-0.006465001
-0.007020803
-0.007179082
-0.00703914
-0.006465327
-0.005263492
-0.003387776
-0.000840043
0.002202236
0.005478642
0.008745432
0.01143656
0.01277524
0.0128367
0.01137044
0.008787725
0.00569972
0.002858674
0.0006506128
-0.0009030547
-0.001926118
-0.002900572
-0.004167892
-0.005506123
-0.006685439
-0.00746493
-0.007633698
-0.007262518
-0.006806408
-0.006176918
-0.005471703
-0.004952276
-0.004621641
-0.004572842
-0.0044268
-0.003729222
-0.00282422
-0.001519532
8.612938e-05
0.001988306
0.004083651
0.006347398
0.008438249
0.00981132
0.01027415
0.0101638
0.009648846
0.008865232
0.007974339
0.00709561
0.006314651
0.005433245
0.004054542
0.002035709
-0.0001667132
-0.002287869
-0.004334982
-0.00647139
-0.008553526
-0.01003647
-0.0105491
-0.01017941
-0.009236762
-0.008005869
-0.00639323
-0.004178773
-0.001199605
0.002822551
0.006843923
0.009960417
0.01144441
0.01142623
0.01036414
0.008883458
0.007246707
0.005598695
0.004204771
0.003317431
0.00257123
0.001680623
0.0008972462
0.0007248256
0.001227306
0.001626739
0.001441662
0.0008417514
-0.0003137914
-0.001613131
-0.002738333
-0.003508202
-0.003748188
-0.003392812
-0.002292397
-0.0007156332
0.001357292
0.003752263
0.005860852
0.007618148
0.00873175
0.009215391
0.009456768
0.009467759
0.009317493
0.008628738
0.007396208
0.005451188
0.002998329
0.0004953421
-0.001522598
-0.002994101
-0.003653003
-0.003722033
-0.003954728
-0.004640593
-0.005559477
-0.006679476
-0.007699334
-0.00843419
-0.008926099
-0.009248561
-0.009158612
-0.008324216
-0.006877976
-0.004894234
-0.002356046
0.0005240457
0.003358944
0.006033966
0.008706349
0.01145709
0.01426484
0.01673898
0.01855682
0.01986375
0.02059465
0.02082042
0.02040271
0.0188202
0.01536839
0.009572064
0.001862376
-0.006701291
-0.01459654
-0.020744
-0.02521706
-0.02833534
-0.03066518
-0.03249811
-0.03318377
-0.03212803
-0.02927762
-0.02474031
-0.01911025
-0.01304319
-0.007098115
-0.001802357
0.002690852
0.006467855
0.009693476
0.01248107
0.01465849
0.01613402
0.01670412
0.01621982
0.0146267
0.01222355
0.009333892
0.006267037
0.003151374
-5.522885e-05
-0.003556172
-0.007512064
-0.01164767
-0.01585519
-0.02010893
-0.02379359
-0.02630294
-0.02766419
-0.02776351
-0.02642397
-0.02356352
-0.01938483
-0.01475011
-0.01055216
-0.007576397
-0.005964425
-0.005484364
-0.005376043
-0.004710548
-0.003246806
-0.001497729
-3.989315e-05
0.0008133407
0.0007075053
-0.000398902
-0.001936045
-0.003151728
-0.003722966
-0.003384963
-0.002154612
-0.0001675863
0.002419873
0.00522462
0.008030188
0.01037449
0.01165201
0.01177459
0.01087048
0.009388793
0.008035154
0.007084012
0.006378572
0.00595057
0.005678872
0.005071299
0.004205478
0.003638714
0.003871645
0.005132335
0.006860921
0.008335299
0.009043932
0.00880491
0.007598255
0.005603802
0.002901669
-0.0001283135
-0.003560855
-0.007037806
-0.01028652
-0.01279432
-0.01423253
-0.01453936
-0.01341734
-0.01128554
-0.008702114
-0.005289505
-0.0009975188
0.003999922
0.009300107
0.01472681
0.02015801
0.02530608
0.02980726
0.03327118
0.03554091
0.03671995
0.03676885
0.03568789
0.0331943
0.02908943
0.02356504
0.01735121
0.01086119
0.004308453
-0.00178778
-0.007253788
-0.01169236
-0.01526125
-0.01775885
-0.01881129
-0.01850887
-0.01711174
-0.01416844
-0.01023467
-0.005731252
-0.0007707541
0.003751829
0.007317287
0.009830277
0.01169997
0.01317271
0.01458072
0.01603129
0.01741788
0.01851763
0.01907329
0.01891515
0.01812184
0.01672384
0.01493011
0.01283856
0.01057215
0.007893757
0.004403641
0.0003794041
-0.003633789
-0.007244336
-0.01023947
-0.01255231
-0.01443918
-0.01624289
-0.01791785
-0.01908423
-0.01958039
-0.01930891
-0.01831175
-0.01630146
-0.01322559
-0.009361682
-0.005089486
-0.001181279
0.001951376
0.004090762
0.005271295
0.00574369
0.006205171
0.007112332
0.008459007
0.009892163
0.01145762
0.01282646
0.01375738
0.01419858
0.0141444
0.01348239
0.01197252
0.009587224
0.006432992
0.002582824
-0.001732327
-0.005796707
-0.009005162
-0.01129909
-0.01264404
-0.01297289
-0.0126323
-0.01203496
-0.01149949
-0.01112578
-0.01097077
-0.01124113
-0.01186943
-0.0123922
-0.01245327
-0.01213748
-0.01154757
-0.01071433
-0.009965358
-0.009320403
-0.008762192
-0.008362472
-0.008105929
-0.008176065
-0.008581215
-0.008955525
-0.009062537
-0.008792273
-0.007845894
-0.005960066
-0.002937625
0.001310296
0.006471012
0.01191206
0.01664746
0.01990571
0.02183684
0.02261713
0.02223412
0.02097081
0.01895111
0.01645066
0.01370524
0.0107545
0.007716084
0.004895563
0.002661788
0.001183996
0.0008792981
0.001415497
0.002318087
0.003260376
0.0041908
0.005118806
0.00568691
0.005682941
0.005031972
0.003522696
0.001168075
-0.001545658
-0.004400022
-0.006732171
-0.008410069
-0.00943844
-0.01007168
-0.01040207
-0.01014264
-0.009324707
-0.008038856
-0.006169003
-0.004081324
-0.002390876
-0.001006584
9.029332e-05
0.0007243198
0.0007539406
7.159117e-05
-0.001724506
-0.004629892
-0.008024487
-0.01110986
-0.01289694
-0.01295852
-0.01124525
-0.007976856
-0.003735175
0.0006026143
0.004136077
0.006590649
0.008167851
0.009232094
0.009847183
0.009848417
0.009283777
0.007998653
0.005991066
0.003538328
0.001095634
-0.001079259
-0.003323522
-0.005400461
-0.006710148
-0.007013669
-0.006441532
-0.005279796
-0.00393545
-0.00310465
-0.003257528
-0.004271466
-0.006109718
-0.008448509
-0.01092344
-0.013419
-0.01538761
-0.01690107
-0.01764868
-0.01763631
-0.01695363
-0.01490967
-0.0115529
-0.007762691
-0.004111955
-0.0009309894
0.001573967
0.003517516
0.005042314
0.006338516
0.006968881
0.006813075
0.006055873
0.004818119
0.00342195
0.001894113
-2.361149e-05
-0.002460522
-0.005231115
-0.007689765
-0.009352545
-0.01004128
-0.009744423
-0.008773407
-0.007411472
-0.00555396
-0.003022169
0.0001458503
0.003433277
0.006132951
0.007962097
0.008921985
0.009471921
0.01020764
0.01111544
0.01216855
0.01306779
0.01365542
0.01406972
0.01457182
0.01517205
0.01579553
0.01659057
0.01751596
0.01862823
0.01955957
0.02003594
0.01999339
0.01951948
0.01806931
0.01579701
0.01281608
0.009417974
0.005944948
0.002323034
-0.001054635
-0.00367189
-0.005267062
-0.006017896
-0.005995796
-0.005722037
-0.005212684
-0.00430336
-0.002984461
-0.001038493
0.001704351
0.005139493
0.008937077
0.01250473
0.01548407
0.01754411
0.01844433
0.01798724
0.01634363
0.01413159
0.01202378
0.01050911
0.009828756
0.009832636
0.01006897
0.01000554
0.009054691
0.007122552
0.004516231
0.001744856
-0.0008744764
-0.003006015
-0.004372327
-0.005285885
-0.005936966
-0.006571966
-0.007525216
-0.008871289
-0.01084359
-0.01347646
-0.01617368
-0.01845061
-0.01977731
-0.01953659
-0.01767488
-0.01463311
-0.01125159
-0.007612913
-0.003968092
-0.0004630338
0.002369751
0.004154118
0.004958003
0.004968506
0.004805598
0.004935124
0.005198601
0.005138045
0.004233555
0.002433705
-0.0003993559
-0.004298433
-0.008760735
-0.01373279
-0.01851995
-0.02253313
-0.02574911
-0.02815009
-0.0297893
-0.03073989
-0.03080321
-0.02964162
-0.02682097
-0.02187293
-0.01489373
-0.006669304
0.001834375
0.009413358
0.01499926
0.01827998
0.01977194
0.02016027
0.01979665
0.01872573
0.0165468
0.01278735
0.007428843
0.001079194
-0.005015858
-0.009966899
-0.01345733
-0.01583844
-0.01744403
-0.01838355
-0.0186993
-0.01835901
-0.01757845
-0.01663676
-0.0154349
-0.01381747
-0.01188167
-0.009326678
-0.006123136
-0.002686193
0.0004696916
0.00269452
0.003764936
0.004056638
0.004124612
0.00413256
0.004113962
0.004023907
0.003785511
0.003400236
0.002997391
0.002733456
0.002517305
0.002473175
0.002702601
0.00300065
0.00361914
0.004682763
0.005993656
0.007098596
0.007653338
0.007496849
0.006781491
0.006086222
0.005957244
0.006469486
0.007107821
0.00685786
0.005190548
0.00223902
-0.001317309
-0.004883395
-0.007609687
-0.008955449
-0.009493813
-0.009549109
-0.009424035
-0.008685105
-0.007415333
-0.005875545
-0.004102297
-0.002255987
-0.000605472
0.001035837
0.003174602
0.005448344
0.0077273
0.009468042
0.0102794
0.01019736
0.009352915
0.008315941
0.007230006
0.00603911
0.005178737
0.004865723
0.005096038
0.005451108
0.005492945
0.004764646
0.003344062
0.001104031
-0.001652002
-0.004642076
-0.007606061
-0.0096866
-0.01032178
-0.009293576
-0.007066749
-0.004452663
-0.001932387
0.0002070419
0.001802169
0.002966514
0.004125859
0.005199514
0.005951615
0.006224561
0.00605448
0.005806838
0.005424721
0.004806054
0.004004276
0.002846068
0.001377095
-0.0003249375
-0.002107359
-0.003578638
-0.004152746
-0.003619491
-0.001646417
0.001558194
0.005473771
0.009568499
0.01337887
0.01652496
0.01915182
0.02123183
0.02249574
0.0227981
0.02232021
0.02104613
0.01889918
0.01576892
0.0117225
0.006829375
0.001546104
-0.003498586
-0.007808425
-0.01096011
-0.01291049
-0.01403909
-0.01494455
-0.01579524
-0.01614978
-0.01583991
-0.01491257
-0.01341148
-0.01170327
-0.009931616
-0.00776277
-0.005229551
-0.00258429
6.342394e-05
0.002567402
0.004747558
0.006428991
0.007520289
0.00782549
0.007109477
0.00543306
0.002849382
-0.0005671529
-0.004251192
-0.007544673
-0.009969028
-0.01091122
-0.01006381
-0.007527273
-0.00363178
0.001209031
0.006333644
0.01109074
0.0150697
0.01807543
0.02034395
0.0221142
0.02345345
0.02414457
0.02370416
0.02177952
0.01824624
0.01320208
0.006836003
-3.326976e-05
-0.006601474
-0.01232747
-0.01661004
-0.01910054
-0.01972928
-0.01871146
-0.01654866
-0.0135116
-0.009924987
-0.006188929
-0.002604736
0.0005200592
0.003062317
0.004785787
0.005681399
0.005703315
0.004785635
0.003090039
0.001047448
-0.0007740109
-0.001913615
-0.00188495
-0.0005209185
0.002171711
0.006078808
0.0109096
0.01594163
0.0200799
0.02243601
0.02254247
0.02040202
0.0161931
0.01027719
0.003100502
-0.004801627
-0.01276036
-0.02046535
-0.02773997
-0.03473221
-0.04098097
-0.04570424
-0.04833574
-0.04820821
-0.0453592
-0.04064419
-0.03470696
-0.02788198
-0.02056338
-0.01336708
-0.006641823
-0.0008992427
0.003573761
0.006705662
0.008760131
0.009917583
0.01027836
0.01010111
0.009364099
0.008291158
0.006849968
0.005259757
0.003584186
0.001471394
-0.001176101
-0.00407771
-0.00670958
-0.00896623
-0.01070936
-0.01183797
-0.01238292
-0.01220903
-0.01121785
-0.009130491
-0.005408981
-0.0003523698
0.005484288
0.0112744
0.01604829
0.019264
0.02044191
0.01973869
0.01755747
0.01411864
0.009665897
0.004549891
-0.0002740035
-0.004062443
-0.00633795
-0.007065541
-0.006634618
-0.005265768
-0.00302712
0.000146925
0.003469889
0.006151892
0.007880156
0.008844981
0.009433684
0.009884229
0.01003058
0.009971196
0.009629748
0.008803503
0.007537529
0.006167047
0.004850288
0.00342763
0.002189327
0.001102293
0.0004776018
0.0006877459
0.00172497
0.003033563
0.004123137
0.004644147
0.004366038
0.003396308
0.001973275
0.0006230547
-0.0002097723
-0.000682969
-0.001204663
-0.00190084
-0.002591913
-0.002839881
-0.002850548
-0.002796759
-0.002274155
-0.001347956
-0.0003691616
0.0005230266
0.001396285
0.002444548
0.003564437
0.004611427
0.00511957
0.005136388
0.005084107
0.004857397
0.00471621
0.004587905
0.004234805
0.003518572
0.002398457
0.0006834681
-0.001437668
-0.003486101
-0.004803894
-0.005426524
-0.005561756
-0.005437128
-0.004748707
-0.003498682
-0.001937404
0.0002950927
0.003138669
0.006610296
0.01072154
0.01511228
0.01927568
0.02258939
0.02476665
0.02575147
0.02550759
0.02391226
0.02091119
0.01693979
0.01275746
0.009047282
0.006057116
0.003679704
0.001481392
-0.001114059
-0.004301192
-0.007927977
-0.01161117
-0.01487937
-0.01703853
-0.0175181
-0.01655497
-0.01500229
-0.01366927
-0.01318802
-0.01370872
-0.01481692
-0.01620252
-0.01782375
-0.01963687
-0.02113241
-0.02179008
-0.02157221
-0.02037536
-0.01797704
-0.01450749
-0.0102081
-0.005467984
-0.0008627117
0.003516259
0.007667213
0.01120842
0.01383474
0.0150242
0.01401336
0.01050121
0.004799797
-0.002339404
-0.009866961
-0.01626236
-0.02070104
-0.02311986
-0.02373121
-0.02323696
-0.02222788
-0.02103072
-0.01974567
-0.01820101
-0.01612406
-0.01329129
-0.0094036
-0.004220413
0.002034003
0.008875752
0.01560577
0.02166703
0.02667005
0.03030633
0.03239861
0.03311017
0.03247357
0.03034767
0.02674638
0.02157744
0.014943
0.007507531
0.0001561499
-0.00641205
-0.01173912
-0.01551265
-0.01807325
-0.01948104
-0.01990014
-0.01953207
-0.0187519
-0.01794541
-0.01700746
-0.0155968
-0.01360303
-0.01116481
-0.0083011
-0.005302447
-0.002693773
-0.0007096313
0.0006879651
0.001770239
0.00290882
0.004399634
0.006193095
0.008244981
0.01023051
0.01168978
0.01259463
0.0133882
0.01443597
0.01562928
0.01675112
0.01761826
0.01809008
0.01814169
0.01769573
0.01656319
0.0146717
0.01196002
0.008536768
0.004985408
0.001567121
-0.001617668
-0.00439665
-0.006912807
-0.009297695
-0.01152707
-0.01314105
-0.01353159
-0.01250196
-0.01028119
-0.007129687
-0.003424235
0.0005670801
0.004529613
0.008323044
0.01168479
0.01448013
0.01662273
0.01808967
0.01880243
0.01876505
0.01795401
0.01651016
0.01462892
0.01234452
0.00949622
0.006089901
0.002418371
-0.001327909
-0.00477799
-0.007798335
-0.01036278
-0.01252847
-0.01453952
-0.01669714
-0.01906315
-0.02127926
-0.02327578
-0.02501359
-0.02638723
-0.02725102
-0.02731353
-0.02641001
-0.02474635
-0.02224173
-0.01894931
-0.01522477
-0.01154021
-0.008414848
-0.006203501
-0.004928887
-0.004337781
-0.004180114
-0.004417762
-0.004828798
-0.00497347
-0.004719053
-0.004096853
-0.003195161
-0.002296461
-0.001626498
-0.001183258
-0.001091074
-0.001667128
-0.002830279
-0.0040352
-0.004732574
-0.004497396
-0.003147663
-0.0007150658
0.002678933
0.006564419
0.01015808
0.01303637
0.01488439
0.01591825
0.01661968
0.01728211
0.01786231
0.01785756
0.01686667
0.01503024
0.01265693
0.01013407
0.00783565
0.005672599
0.003606316
0.001742866
0.0003688421
0.0001101838
0.001263895
0.003533198
0.006448773
0.009015191
0.0105767
0.011092
0.0108241
0.01006749
0.008994094
0.007861029
0.006490325
0.004648468
0.002237861
-0.0006881086
-0.004099514
-0.007728783
-0.01133513
-0.01485968
-0.01799881
-0.02060896
-0.02238995
-0.02297492
-0.02267171
-0.02153329
-0.01948266
-0.01676916
-0.01336501
-0.009150267
-0.004325678
0.0003036708
0.004039737
0.006596096
0.008212971
0.00919155
0.01000747
0.01070424
0.01121622
0.01169207
0.0119564
0.0115602
0.01000827
0.007497981
0.004420412
0.001473508
-0.0009220024
-0.002428974
-0.003230478
-0.003503569
-0.003371689
-0.002759184
-0.001462821
0.0005653344
0.00344998
0.007034771
0.0106251
0.01406751
0.01705388
0.01936474
0.02117618
0.02271265
0.02389275
0.02442962
0.02448772
0.02401333
0.022836
0.02139855
0.02006618
0.01856649
0.01649915
0.01353184
0.009573438
0.004724788
-0.0005212734
-0.006246472
-0.01218094
-0.01767044
-0.02182868
-0.02407883
-0.0241419
-0.02215715
-0.01902001
-0.01535421
-0.01151631
-0.007558666
-0.003848441
-0.0001362447
0.003951241
0.00862629
0.01341453
0.01817062
0.02282276
0.02624291
0.02825199
0.02870561
0.02740001
0.02487268
0.02173289
0.01813089
0.01418053
0.009676385
0.004418947
-0.001018502
-0.006734528
-0.01216743
-0.01709235
-0.02120002
-0.02414206
-0.02603704
-0.02714615
-0.02772169
-0.02729584
-0.02619537
-0.02470222
-0.02274297
-0.02031849
-0.01766873
-0.01540552
-0.0134999
-0.01214655
-0.01126308
-0.01052352
-0.01005124
-0.009711409
-0.009180035
-0.008392263
-0.007371452
-0.005992195
-0.004450036
-0.002915467
-0.001599468
-0.0006464325
0.0001411875
0.0005610224
0.0006226507
0.0005682654
0.0004646112
0.0003564551
0.0003087342
0.0004100458
0.0005936197
0.0004581352
4.617197e-05
-0.0005818771
-0.001255909
-0.001689078
-0.001990108
-0.002490505
-0.003281261
-0.004137636
-0.004653823
-0.004670272
-0.004172668
-0.002982239
-0.001060625
0.00153244
0.005104163
0.009482904
0.01414596
0.0185577
0.02217612
0.02483788
0.02646298
0.02703611
0.02685544
0.02602992
0.02477874
0.02359168
0.02240317
0.0209111
0.01887029
0.01599472
0.01237675
0.008024515
0.003183851
-0.001573729
-0.005836111
-0.009426331
-0.0121515
-0.01383845
-0.0146917
-0.01493184
-0.01472342
-0.01415478
-0.01328419
-0.01231817
-0.01141056
-0.01048369
-0.009330225
-0.007962393
-0.006562997
-0.005254051
-0.004095106
-0.002606831
-0.0006090296
0.001851227
0.004542857
0.007243873
0.009728342
0.01170907
0.01294297
0.0133774
0.01299173
0.01197087
0.0105492
0.008710413
0.006343624
0.003480484
0.000116166
-0.00334263
-0.006497206
-0.008994228
-0.01076055
-0.01168534
-0.01192585
-0.01221295
-0.01277745
-0.01302404
-0.01271584
-0.01155605
-0.009852453
-0.00776587
-0.005495704
-0.00355212
-0.002097471
-0.0009304681
0.0006030582
0.00246674
0.004477109
0.006557689
0.008715764
0.01069667
0.01228586
0.01306642
0.01287343
0.01168913
0.009647712
0.006590248
0.002485626
-0.002146578
-0.006635989
-0.01076789
-0.0145337
-0.01767536
-0.0199202
-0.0210312
-0.02083579
-0.01953357
-0.01746677
-0.01500493
-0.0123682
-0.009502633
-0.006265087
-0.002602865
0.00130261
0.005369586
0.009668728
0.01403805
0.01824213
0.02194099
0.02475145
0.02646638
0.02710476
0.02681122
0.0256178
0.02380734
0.02166977
0.01897183
0.01565536
0.01175876
0.007517003
0.003216667
-0.0008412839
-0.004596829
-0.007806826
-0.01070484
-0.01251228
-0.01281085
-0.01204985
-0.01015343
-0.0077714
-0.005487608
-0.00322063
-0.0007405858
0.002168892
0.005270124
0.008223109
0.01065126
0.01251336
0.01395675
0.01507212
0.01582867
0.01618865
0.01630022
0.01634959
0.01636725
0.01627853
0.01596532
0.01527809
0.01413583
0.01224264
0.009170679
0.005041964
0.000273282
-0.004829043
-0.009745037
-0.0141232
-0.01823406
-0.02218629
-0.02577276
-0.0286239
-0.03011679
-0.03000654
-0.02831816
-0.02540973
-0.02151363
-0.01724978
-0.01298494
-0.008829916
-0.00537056
-0.002624185
-0.0001551498
0.002127997
0.004266842
0.006437968
0.008785675
0.01090317
0.01215378
0.01213871
0.01076082
0.008338196
0.005311943
0.002029977
-0.000922292
-0.003507939
-0.005593073
-0.006676011
-0.006456895
-0.005193271
-0.003367911
-0.001276
0.0007824274
0.002747134
0.004833268
0.00693595
0.008574505
0.00963884
0.01026477
0.009981243
0.009067363
0.007274643
0.005114335
0.002648437
0.0001440829
-0.001985941
-0.003786593
-0.004907623
-0.005351306
-0.005379774
-0.004845597
-0.003651087
-0.002238582
-0.0009477231
-0.000130814
0.0002304464
0.0003143563
0.000373038
0.0005001968
0.0006650458
0.0007295069
0.0004498492
-0.0004146169
-0.001946736
-0.003868772
-0.005697917
-0.007185512
-0.008258622
-0.009151515
-0.009772059
-0.01000709
-0.01001905
-0.009810624
-0.009266666
-0.008323753
-0.007070879
-0.005274841
-0.002723337
1.503773e-05
0.002567209
0.004626985
0.005968113
0.006893252
0.007882798
0.008967987
0.01025668
0.01176829
0.01311387
0.01417913
0.01466572
0.01439954
0.01312556
0.0106544
0.006911551
0.002255937
-0.002801979
-0.007570755
-0.01169064
-0.01495442
-0.01733099
-0.01919499
-0.02094443
-0.0224002
-0.02345215
-0.02449071
-0.02548739
-0.02639657
-0.02730614
-0.02795674
-0.02818315
-0.02810588
-0.02774901
-0.02710293
-0.0262954
-0.02565009
-0.02515277
-0.02451862
-0.02380605
-0.02323653
-0.02288877
-0.0230065
-0.02357143
-0.02455926
-0.02577358
-0.02691353
-0.02813578
-0.02927733
-0.03017401
-0.03050092
-0.02998138
-0.02884568
-0.02737415
-0.02588572
-0.02456575
-0.0232656
-0.02196531
-0.02055293
-0.01902357
-0.01735583
-0.01571656
-0.01411634
-0.01248334
-0.01085119
-0.008930673
-0.006946591
-0.00496939
-0.00270837
-4.823653e-05
0.002733706
0.005454878
0.007985323
0.01066383
0.01322512
0.01543858
0.01774016
0.02002004
0.02233394
0.02498797
0.02831109
0.03199588
0.03554639
0.03877803
0.04169966
0.0445555
0.0473596
0.04996259
0.05216629
0.05423171
0.05589657
0.05709275
0.05808368
0.05844483
0.05844087
0.05807641
0.05718752
0.0557865
0.05414139
0.05231343
0.05040503
0.04858784
0.0467865
0.04503655
0.04316482
0.04122926
0.03940836
0.03768751
0.03614286
0.03458036
0.03295478
0.03136232
0.02985054
0.02813225
0.02607441
0.02377341
0.02146261
0.01931622
0.01766518
0.01630889
0.01526461
0.01471394
0.01473578
0.01511408
0.01542092
0.01565915
0.0156726
0.0153345
0.01484755
0.01398142
0.0126811
0.01110099
0.009235186
0.007130285
0.004832452
0.002227516
-0.0005220148
-0.003328028
-0.00627826
-0.009668581
-0.01333809
-0.01725493
-0.02113925
-0.0246973
-0.02772237
-0.03011597
-0.03208943
-0.03396702
-0.03599593
-0.03807627
-0.04006033
-0.04206181
-0.04422485
-0.04659396
-0.04920743
-0.05187751
-0.05448553
-0.05692446
-0.05907465
-0.06088226
-0.06246607
-0.0639589
-0.06529257
-0.06650956
-0.06768909
-0.0687577
-0.06975327
-0.07041363
-0.07058002
-0.07011445
-0.06895773
-0.0672921
-0.06534267
-0.06347563
-0.06187826
-0.06066432
-0.05974781
-0.05902616
-0.05832964
-0.05754626
-0.05672099
-0.05592014
-0.05533581
-0.05490172
-0.05449629
-0.05422669
-0.05416778
-0.05402088
-0.05355159
-0.0525987
-0.05113719
-0.04917195
-0.04632502
-0.04276157
-0.03857174
-0.03387209
-0.02879317
-0.02349572
-0.0179424
-0.01205244
-0.005903951
0.000357842
0.006624015
0.01264244
0.0185432
0.02400563
0.02861956
0.03263412
0.03586101
0.03827113
0.03974763
0.04086201
0.04185992
0.04270273
0.04318024
0.04356732
0.04386694
0.04396269
0.04395564
0.04351115
0.04278863
0.04194898
0.04091424
0.03989392
0.03901015
0.0382386
0.03743836
0.03684876
0.03645407
0.03595998
0.03546277
0.03526119
0.03528189
0.03561807
0.03642543
0.03767949
0.03909139
0.04052878
0.04186871
0.04294545
0.04358128
0.04366882
0.04335749
0.04260755
0.04148535
0.04029015
0.03910025
0.03789159
0.03658577
0.03512773
0.03401555
0.03319581
0.03249283
0.03164282
0.03021515
0.02869962
0.02725559
0.02594343
0.02491394
0.02378571
0.02246323
0.02094177
0.01916661
0.01719596
0.01523252
0.0131684
0.01065858
0.00807783
0.005466794
0.003176992
0.001623111
0.0005367162
-0.0003051608
-0.001109334
-0.002151486
-0.003366435
-0.00470032
-0.006167397
-0.007333917
-0.008150773
-0.008795927
-0.009555589
-0.01050642
-0.01169765
-0.01299496
-0.01415532
-0.01537354
-0.01672451
-0.01805505
-0.01922406
-0.02007028
-0.02046879
-0.02044081
-0.0199904
-0.01939883
-0.0189054
-0.01832282
-0.01748142
-0.01648396
-0.01537208
-0.0140182
-0.01257442
-0.01109502
-0.009759102
-0.008677925
-0.007685898
-0.006573615
-0.005350545
-0.003936286
-0.002218305
-0.0002883066
0.001693374
0.003230454
0.004178981
0.004572852
0.004466899
0.003961396
0.003071994
0.001926899
0.0006943927
-0.0006428552
-0.002151194
-0.00384922
-0.005612014
-0.007165358
-0.008314025
-0.009082655
-0.009467765
-0.009381668
-0.008772169
-0.008147729
-0.007930212
-0.007751127
-0.007323076
-0.006602103
-0.005556131
-0.004579157
-0.003563066
-0.002715015
-0.002107135
-0.001654858
-0.001478894
-0.001430965
-0.001331686
-0.0007664984
0.0001646719
0.00128834
0.002598173
0.003878971
0.005315762
0.006798816
0.008499032
0.01018506
0.01171497
0.01250679
0.01253247
0.01233091
0.01216358
0.0121605
0.01205243
0.01176597
0.01160319
0.01146807
0.01138568
0.01156051
0.01212308
0.01261407
0.0129807
0.01306147
0.01306637
0.01322816
0.01365776
0.01442416
0.01536512
0.01600358
0.01613926
0.01588235
0.01515249
0.01402332
0.01279989
0.01168606
0.01074287
0.009979026
0.009289195
0.00887199
0.008739806
0.008613529
0.008715794
0.008966332
0.009152758
0.009474675
0.009642756
0.009604242
0.009348084
0.008798699
0.00797325
0.007052035
0.006110344
0.004953512
0.00323621
0.0009419132
-0.001604073
-0.004087695
-0.006284424
-0.007986666
-0.008999523
-0.009362303
-0.009203524
-0.008300975
-0.006660579
-0.004672154
-0.002664203
-0.0008812415
0.0007532296
0.002399548
0.004000417
0.005571671
0.007010908
0.007932557
0.008244447
0.007935822
0.007085519
0.005863682
0.004546732
0.003247192
0.00196972
0.0007401449
-0.0004819873
-0.001710583
-0.00298743
-0.004368034
-0.005938843
-0.007681011
-0.00930934
-0.01042039
-0.01109772
-0.0114913
-0.01189431
-0.01226246
-0.01236098
-0.01238972
-0.01241948
-0.01244678
-0.01248139
-0.01249899
-0.01246832
-0.01233773
-0.01208106
-0.01173982
-0.01143297
-0.01099753
-0.01076075
-0.01088025
-0.01148586
-0.01273508
-0.01449532
-0.01619911
-0.01761842
-0.01894814
-0.01987186
-0.02020475
-0.0201366
-0.01977358
-0.01914279
-0.0183284
-0.01726383
-0.01596905
-0.0145589
-0.01305859
-0.01152416
-0.01009837
-0.008998198
-0.008204655
-0.007390989
-0.006323458
-0.004975265
-0.003416966
-0.001781376
9.714053e-05
0.002255738
0.004527481
0.006706836
0.008796982
0.01098165
0.01339112
0.01587301
0.01822813
0.02034046
0.02205818
0.023129
0.02385666
0.02422629
0.02468747
0.02543129
0.02628167
0.02695262
0.02737864
0.02763988
0.02758516
0.02745941
0.02690186
0.02609923
0.0248616
0.02320974
0.02112394
0.01862243
0.01604908
0.01354627
0.01116718
0.008929091
0.006973781
0.005299001
0.003678991
0.002055624
0.0004970662
-0.001231731
-0.002870891
-0.004352688
-0.005669539
-0.007181657
-0.009284958
-0.01172143
-0.01411115
-0.01627732
-0.01813401
-0.019725
-0.02100995
-0.02176816
-0.02207546
-0.02196382
-0.02119877
-0.01990161
-0.01829407
-0.01652052
-0.0148599
-0.01348657
-0.01234997
-0.01146437
-0.0108142
-0.01024824
-0.009657738
-0.009008296
-0.008209902
-0.007490065
-0.007151207
-0.007123857
-0.007189518
-0.007211821
-0.00705131
-0.006579748
-0.005771124
-0.004812075
-0.004056414
-0.003603239
-0.003430169
-0.003617896
-0.003881338
-0.00393596
-0.003629657
-0.003308498
-0.003367106
-0.003684358
-0.004170365
-0.004685306
-0.005457866
-0.006444959
-0.007268815
-0.007838057
-0.008228325
-0.008233774
-0.008000642
-0.007682524
-0.007451852
-0.007565839
-0.00786479
-0.008534194
-0.009318342
-0.01003604
-0.01038291
-0.01023109
-0.009912058
-0.009754538
-0.009656065
-0.009450465
-0.009038219
-0.008377015
-0.00756208
-0.006473549
-0.005224193
-0.003889391
-0.002440903
-0.000851606
0.0008530776
0.002553624
0.004290826
0.006048322
0.007600178
0.00890351
0.01000665
0.01088882
0.01159559
0.01229552
0.01299847
0.01369898
0.01430026
0.01471193
0.01481225
0.01463989
0.01435404
0.01376887
0.01299293
0.01256011
0.01246393
0.01243135
0.01235818
0.0121809
0.01188837
0.01156469
0.01139347
0.01136252
0.01125211
0.01088036
0.01012312
0.008990244
0.007554775
0.00599578
0.004581067
0.003277922
0.002138075
0.001250573
0.0005996865
6.93137e-05
-0.000402481
-0.0008287036
-0.001318549
-0.001738208
-0.001972524
-0.002122853
-0.002386486
-0.002945989
-0.003746359
-0.004911622
-0.006355473
-0.008115103
-0.01024866
-0.01261489
-0.01492279
-0.01705654
-0.01904731
-0.02089975
-0.02237425
-0.02334871
-0.02349956
-0.02269435
-0.02139889
-0.01956054
-0.01713912
-0.01455572
-0.0119575
-0.009390698
-0.006921381
-0.004566215
-0.002409521
-0.0006769124
0.0005754032
0.001511963
0.00164131
0.001224333
0.0003550379
-0.0008375179
-0.001861487
-0.002467259
-0.002560833
-0.002286122
-0.001633221
-0.0006512605
0.0004164263
0.001481285
0.002097954
0.002503802
0.002604542
0.002613609
0.002637095
0.002624277
0.002557358
0.002358932
0.00202507
0.001632279
0.001323447
0.0008305913
0.0006455565
0.0008641234
0.001580112
0.002403048
0.003106264
0.003764104
0.004207706
0.004579408
0.005302167
0.00618474
0.007140913
0.008276759
0.009298476
0.009933728
0.01008803
0.009918542
0.009522638
0.009008383
0.00857057
0.008094847
0.007558999
0.007143732
0.006755861
0.006354758
0.005721779
0.005126745
0.004253338
0.002832066
0.001109088
-0.0006183179
-0.001987092
-0.002962541
-0.003530614
-0.003743358
-0.00373401
-0.003226535
-0.002019516
-0.0003068016
0.001733771
0.003867337
0.006009627
0.008341581
0.01087813
0.0135138
0.01587402
0.01772797
0.01918494
0.020227
0.02100139
0.02151729
0.02163565
0.02115218
0.02005173
0.01830703
0.01600979
0.01322931
0.01015509
0.007192844
0.00446833
0.002035295
8.031909e-05
-0.001248558
-0.002010848
-0.002346464
-0.00247714
-0.002562238
-0.002618864
-0.002609283
-0.002461544
-0.002121433
-0.001635151
-0.001230802
-0.001116558
-0.001340696
-0.002057799
-0.003351726
-0.005014676
-0.006633538
-0.00805155
-0.009399311
-0.01071662
-0.01201151
-0.01328711
-0.0145363
-0.0157889
-0.0173007
-0.01912511
-0.02074728
-0.02186828
-0.02235274
-0.02243468
-0.02233017
-0.02204274
-0.02160425
-0.02112763
-0.02061175
-0.01991722
-0.01916409
-0.01852348
-0.01816075
-0.01824532
-0.01847912
-0.01847618
-0.01822268
-0.01766934
-0.0168454
-0.01584268
-0.01456598
-0.01321015
-0.01187354
-0.01057417
-0.009352337
-0.008205675
-0.007120624
-0.006035891
-0.004982408
-0.004192254
-0.003403039
-0.002613857
-0.00176499
-0.0009207433
5.623692e-05
0.001395855
0.00295036
0.004660037
0.006441018
0.008025534
0.009102718
0.009733813
0.01003331
0.01017685
0.01013463
0.009898783
0.009745855
0.009508341
0.009123983
0.008689723
0.008269227
0.007682914
0.006986834
0.006403121
0.00599799
0.006017069
0.006415696
0.007202039
0.00827317
0.009302851
0.01020019
0.0110683
0.01212188
0.01316714
0.01414105
0.01514044
0.01627765
0.01721224
0.01774655
0.01788026
0.0178853
0.01789339
0.01788986
0.01791019
0.01787506
0.01769765
0.01727296
0.01659324
0.01573472
0.01447372
0.01291095
0.01108032
0.009018807
0.006949161
0.004717397
0.002529921
0.0003600095
-0.001963979
-0.004160066
-0.006107837
-0.007889823
-0.00921598
-0.01016787
-0.01074978
-0.01110604
-0.01162055
-0.01237365
-0.01320954
-0.01423544
-0.01519233
-0.01596768
-0.01609801
-0.01593889
-0.01570732
-0.01553345
-0.0155916
-0.01551561
-0.01550375
-0.01515955
-0.01413194
-0.01296531
-0.01233793
-0.01158777
-0.01048089
-0.00922568
-0.007868332
-0.007006144
-0.006506795
-0.006135807
-0.005911501
-0.005494794
-0.004689712
-0.00358333
-0.002522317
-0.001611336
-0.0002891071
0.0009695454
0.002357201
0.003616266
0.004913673
0.005962062
0.006936637
0.007650395
0.008518732
0.009611276
0.01052756
0.01115417
0.0116256
0.01221212
0.01285381
0.01340008
0.0138656
0.01414292
0.01432497
0.01435497
0.01418308
0.01406478
0.01376146
0.01311164
0.01213354
0.01111589
0.01046061
0.01001958
0.009868992
0.009898683
0.01009507
0.01053112
0.01119423
0.01194331
0.01253466
0.01308654
0.01391177
0.01499812
0.01610782
0.01715751
0.01817006
0.01927
0.02054831
0.02173628
0.02261355
0.02319247
0.02376124
0.02391869
0.0236211
0.02322538
0.02287639
0.02240044
0.02179583
0.02129254
0.02099611
0.02047696
0.01982279
0.01891533
0.01785605
0.01687526
0.01562283
0.01411574
0.01228113
0.01007026
0.007599614
0.004956618
0.002065764
-0.001052317
-0.004138769
-0.006947602
-0.009579656
-0.01218763
-0.01484146
-0.01758175
-0.02038655
-0.02310713
-0.02550303
-0.02725444
-0.02812103
-0.02819828
-0.02796981
-0.0277422
-0.02742962
-0.02703552
-0.02669834
-0.02645574
-0.02617881
-0.02592378
-0.02590443
-0.02616258
-0.02643024
-0.02664023
-0.02701075
-0.02762842
-0.02839621
-0.02898202
-0.02924906
-0.02944314
-0.02957312
-0.02949959
-0.02902796
-0.02798646
-0.02666122
-0.0255449
-0.02464039
-0.02384229
-0.02290972
-0.02161054
-0.02013341
-0.01868807
-0.01717041
-0.01557331
-0.01401844
-0.01270207
-0.01168519
-0.01094396
-0.01046029
-0.009883644
-0.009202719
-0.008459866
-0.007595604
-0.006667917
-0.005759475
-0.004989758
-0.004211324
-0.003403738
-0.00257804
-0.00181816
-0.001192031
-0.0005108005
0.0003158839
0.001393068
0.002687118
0.004045589
0.005039082
0.005418082
0.005361224
0.005370019
0.005715977
0.006346722
0.00710084
0.007906228
0.008612678
0.009082342
0.00917032
0.008945994
0.008955859
0.009234427
0.009694225
0.01041396
0.01125764
0.01216104
0.01296193
0.01349678
0.01385514
0.01411902
0.01450283
0.01493995
0.01530328
0.01556906
0.01590041
0.01655511
0.01756713
0.01873009
0.01981746
0.0207503
0.02158517
0.0225075
0.02347457
0.02436926
0.02522123
0.02586804
0.0261425
0.02618445
0.02615932
0.02613464
0.02613256
0.02615064
0.02617597
0.02618788
0.02616293
0.0260857
0.02596111
0.02582739
0.02573712
0.02577951
0.02603025
0.02616247
0.02592314
0.02533582
0.0247816
0.0243006
0.02366299
0.02284763
0.02167798
0.0200656
0.01805086
0.01569685
0.01291929
0.009810036
0.006661798
0.003494045
0.0003068099
-0.00298701
-0.00642266
-0.00967228
-0.01243136
-0.01468094
-0.01649341
-0.01797188
-0.01911376
-0.01996521
-0.02054148
-0.02064265
-0.02037049
-0.02001825
-0.01959775
-0.01888975
-0.01786911
-0.01654172
-0.01493469
-0.01312314
-0.01118233
-0.009468448
-0.007963646
-0.006484534
-0.005047197
-0.003802196
-0.002951048
-0.002408295
-0.00191624
-0.001607557
-0.001590254
-0.001737051
-0.002044894
-0.002496791
-0.002946082
-0.003319805
-0.003718583
-0.004080789
-0.004468791
-0.00512585
-0.006073608
-0.007286821
-0.008689547
-0.009910601
-0.01062435
-0.01085941
-0.01095651
-0.01100038
-0.01093864
-0.01068555
-0.01033749
-0.009843013
-0.008837273
-0.007573984
-0.0061854
-0.004541215
-0.00268956
-0.000706397
0.001009125
0.002391098
0.003533148
0.004365845
0.00480456
0.004848868
0.004667268
0.004276228
0.003667953
0.002996299
0.002501629
0.002027294
0.001249876
0.0001542754
-0.001173239
-0.00250689
-0.003298595
-0.003354061
-0.003076307
-0.002759515
-0.00236731
-0.002007934
-0.001924007
-0.002191935
-0.002591291
-0.00286078
-0.002907442
-0.002909247
-0.002992071
-0.003239784
-0.003696141
-0.004257514
-0.004637135
-0.004606559
-0.004399676
-0.004276471
-0.004177989
-0.00412687
-0.004207098
-0.004490862
-0.005026331
-0.005705945
-0.006225718
-0.006531331
-0.006778549
-0.006805803
-0.006684562
-0.006427092
-0.006027567
-0.005563544
-0.004982904
-0.00409942
-0.003024361
-0.001984202
-0.001067665
-0.0005114707
-0.0004257469
-0.0004582064
-0.0004159985
-0.0001728177
0.0003646112
0.001137105
0.001863025
0.002231535
0.002263005
0.002118855
0.001877705
0.00163559
0.001314833
0.000866073
0.0007218544
0.0009334772
0.001183024
0.001542077
0.001964738
0.002247751
0.002319255
0.002324377
0.00231956
0.002318494
0.002331163
0.002346146
0.002345829
0.002311837
0.002244524
0.002177177
0.002188325
0.002392551
0.00290122
0.00372727
0.004699622
0.005670742
0.006364186
0.006841833
0.007263709
0.00747741
0.007511539
0.007491653
0.007452568
0.007418856
0.007430801
0.007538174
0.007784804
0.008167825
0.008572933
0.008754123
0.008675849
0.008421049
0.008033916
0.007598622
0.006945781
0.005861324
0.004423608
0.0027599
0.0009921602
-0.0006476857
-0.002123867
-0.003471308
-0.004626012
-0.00558541
-0.006409364
-0.007213318
-0.007800994
-0.008105337
-0.00837903
-0.008756605
-0.009205743
-0.009587592
-0.01010892
-0.01089042
-0.01182842
-0.01298952
-0.01417007
-0.01527286
-0.01630039
-0.01731612
-0.01843302
-0.01925667
-0.0195531
-0.01928553
-0.01876731
-0.01826737
-0.01759281
-0.01681679
-0.01625964
-0.01586907
-0.01529099
-0.01446816
-0.01357353
-0.0125211
-0.01149831
-0.01054487
-0.009510491
-0.00828021
-0.007049643
-0.005891923
-0.004783705
-0.003655764
-0.002320098
-0.0005319762
0.00177392
0.004140361
0.006445632
0.008635027
0.01043117
0.01178063
0.01270734
0.0133842
0.0141292
0.01478612
0.01509944
0.01517657
0.01526016
0.01547829
0.01590883
0.01650415
0.01703848
0.01742425
0.01761066
0.01772301
0.01801255
0.01857701
0.01934361
0.02000359
0.02033714
0.02042902
0.0203788
0.02016224
0.0197426
0.01910255
0.01830015
0.01714472
0.01565678
0.01382266
0.01163047
0.009277529
0.007213517
0.005337829
0.003614134
0.001860452
-6.646826e-06
-0.001865641
-0.003829749
-0.005841733
-0.007979781
-0.01006484
-0.01160206
-0.0124834
-0.01253044
-0.01219998
-0.01181876
-0.01159791
-0.01125763
-0.01062286
-0.009742913
-0.008852851
-0.007795481
-0.006352622
-0.004736019
-0.003105024
-0.001570133
-5.722185e-05
0.001115913
0.002102674
0.003065008
0.00396142
0.004827695
0.005930534
0.007081793
0.008103928
0.009049115
0.009819345
0.01045113
0.01084186
0.01090088
0.0105938
0.01014084
0.009668447
0.009135033
0.008346063
0.007116517
0.005613413
0.004005715
0.002437031
0.0007008623
-0.0009124011
-0.002316399
-0.003504024
-0.004772928
-0.00607356
-0.007319121
-0.008485304
-0.009522147
-0.01046865
-0.01146641
-0.0127639
-0.01410909
-0.01533299
-0.01645722
-0.01749453
-0.01848549
-0.01942236
-0.02011828
-0.02090551
-0.02168301
-0.0220967
-0.02216517
-0.02197868
-0.0215074
-0.02077066
-0.01995761
-0.01924031
-0.01849216
-0.01760139
-0.01678147
-0.01586669
-0.01464274
-0.01334684
-0.01199551
-0.01067508
-0.009402799
-0.008285982
-0.007291476
-0.006417065
-0.005670298
-0.00490591
-0.00428982
-0.003811901
-0.003198165
-0.002383183
-0.001633506
-0.001434292
-0.001385513
-0.001279375
-0.0010564
-0.0006611919
-0.0002541249
-8.927758e-05
-1.351853e-05
2.168019e-05
-3.681864e-05
-0.0002138905
-0.0005470439
-0.0009825219
-0.001366433
-0.001550608
-0.001706565
-0.001854131
-0.001913533
-0.001764461
-0.001533139
-0.001475497
-0.001515946
-0.001585396
-0.001633705
-0.001555353
-0.001252316
-0.0006604848
0.0001246073
0.0007940296
0.001120176
0.001211215
0.001184619
0.001071497
0.0009125395
0.0007688323
0.0007444315
0.0009990489
0.001265329
0.00164701
0.002288534
0.003117641
0.003866353
0.004583083
0.005594644
0.006773891
0.007651956
0.008465036
0.009010236
0.009298036
0.009751276
0.01047356
0.01138698
0.01226585
0.01314327
0.01413428
0.01506749
0.01596839
0.01689566
0.01763054
0.01825202
0.0188331
0.019381
0.02002396
0.02086301
0.022005
0.02316351
0.02415367
0.02490428
0.02519751
0.02505999
0.02454484
0.02366358
0.02257152
0.02131505
0.01976854
0.01814621
0.01678882
0.01562311
0.0144947
0.0132472
0.01173137
0.01024655
0.00884731
0.007958906
0.007449879
0.007054389
0.006861662
0.006544446
0.005967256
0.005156812
0.00440992
0.004235253
0.004228619
0.004140757
0.003844497
0.003199817
0.002250805
0.001270816
0.0006402384
0.0001240479
-0.0003387433
-0.0009616961
-0.001740772
-0.002607818
-0.003512002
-0.004253092
-0.00486102
-0.00538884
-0.005817228
-0.006214839
-0.006429254
-0.006484334
-0.006511293
-0.006543341
-0.006581377
-0.00660295
-0.006556984
-0.006384243
-0.006046159
-0.005597607
-0.00520917
-0.004873279
-0.004566441
-0.004451169
-0.004796709
-0.005432203
-0.006005335
-0.006458099
-0.006610252
-0.006558044
-0.006415467
-0.00625203
-0.006194818
-0.006360983
-0.006439222
-0.006470621
-0.006612584
-0.006953138
-0.007549948
-0.008297725
-0.00888553
-0.009220202
-0.009537953
-0.009946686
-0.01035786
-0.01054307
-0.01060978
-0.01065103
-0.01066095
-0.01061805
-0.01045273
-0.01015455
-0.009738259
-0.009350856
-0.009252287
-0.00925802
-0.009272584
-0.009261516
-0.009164167
-0.008965709
-0.008693221
-0.008497513
-0.008558086
-0.008626797
-0.008996502
-0.009413601
-0.01002348
-0.01085658
-0.01161656
-0.01233558
-0.01265968
-0.01258184
-0.01249246
-0.01262375
-0.01263441
-0.01271734
-0.01247246
-0.01207362
-0.01181452
-0.01142407
-0.01084559
-0.0102794
-0.01003447
-0.01000262
-0.009785699
-0.009555368
-0.009110118
-0.00866327
-0.008168293
-0.00757457
-0.006805276
-0.006171273
-0.005382881
-0.004457842
-0.003715446
-0.003169089
-0.0027866
-0.002674546
-0.002691277
-0.0027858
-0.002983236
-0.003246131
-0.003490464
-0.003667494
-0.003932669
-0.003984916
-0.003887891
-0.003666475
-0.003314144
-0.002810398
-0.001946736
-0.0010805
-0.0002482287
0.0006644344
0.001477122
0.002259901
0.003160412
0.00406303
0.005078595
0.006349169
0.007665059
0.008937683
0.01014454
0.01127381
0.01231113
0.01334514
0.01457042
0.01607732
0.01750708
0.01860165
0.01939427
0.01961195
0.01952486
0.01920109
0.01864226
0.01793527
0.01717612
0.01628702
0.01540142
0.01441055
0.01317845
0.01189775
0.01067285
0.009580217
0.008625135
0.007703855
0.006598273
0.00513883
0.003569763
0.002139785
0.0009989663
6.7217e-06
-0.0006988217
-0.001425293
-0.002247654
-0.003258894
-0.004210703
-0.005006048
-0.00576988
-0.006283353
-0.006508616
-0.006780991
-0.007176162
-0.007582061
-0.007787013
-0.00798567
-0.008240197
-0.008458784
-0.008556991
-0.008866015
-0.009090727
-0.00938561
-0.009848199
-0.01031649
-0.0105594
-0.01074464
-0.01090753
-0.01089149
-0.01058762
-0.01033195
-0.009960327
-0.009377345
-0.00876049
-0.008410131
-0.008259592
-0.007886707
-0.0076324
-0.007359805
-0.007063329
-0.006948229
-0.007250488
-0.00764607
-0.007786151
-0.007816159
-0.007739566
-0.007507511
-0.007078141
-0.006493868
-0.005923571
-0.005255002
-0.004579549
-0.004221651
-0.00385134
-0.003594959
-0.003403117
-0.003177293
-0.002970682
-0.002842405
-0.002532168
-0.002187402
-0.001746457
-0.001095171
-0.000399722
-1.606925e-05
-3.471162e-05
-8.925821e-05
0.0001251725
0.0004976676
0.001152052
0.001728166
0.001967635
0.002086686
0.002196402
0.002347358
0.002542428
0.002710697
0.002695727
0.002722238
0.002601885
0.002059689
0.001268534
0.0003658111
-0.0007570145
-0.001966222
-0.003026935
-0.003801303
-0.00427651
-0.004613696
-0.004896456
-0.004984058
-0.004946989
-0.00493031
-0.004681428
-0.004114635
-0.0034668
-0.002782993
-0.002130117
-0.001505579
-0.0009501583
-0.0004305463
7.064991e-05
0.0006784188
0.001478396
0.002264597
0.002888926
0.003463313
0.003991015
0.004445247
0.004887462
0.005139872
0.005091578
0.004893933
0.004639516
0.004450331
0.004266878
0.004008929
0.003786775
0.003422204
0.002858625
0.002228226
0.001598892
0.0009596137
0.000325285
-0.0003458879
-0.001065147
-0.001865221
-0.002702668
-0.00349238
-0.004052706
-0.004457007
-0.004852666
-0.005114746
-0.005217054
-0.005377004
-0.005702993
-0.006176593
-0.006656867
-0.006943648
-0.007116138
-0.007062121
-0.006728919
-0.006372209
-0.005836668
-0.005089365
-0.004197382
-0.003011988
-0.001667858
-0.0001789749
0.001453602
0.003146759
0.004680416
0.005849441
0.006819064
0.007785969
0.008835584
0.009730043
0.01034536
0.01077903
0.01120206
0.0115644
0.01177788
0.01209387
0.01257101
0.01310637
0.01345595
0.01375707
0.01401176
0.01457967
0.01513198
0.01571035
0.01619078
0.01668652
0.01708875
0.01705129
0.01670925
0.01612496
0.01546276
0.01509361
0.01511998
0.01523308
0.01514812
0.01503714
0.01477475
0.01462827
0.01463992
0.01475763
0.01499504
0.01526968
0.01550268
0.01588711
0.01617082
0.01621225
0.01597747
0.01534445
0.0143163
0.0130662
0.01176692
0.0104635
0.009181629
0.007920086
0.006678748
0.00541928
0.004134103
0.002903386
0.001882197
0.001164795
0.0007324546
0.0005979108
0.0007786769
0.001040967
0.001174916
0.00118547
0.001340916
0.001584799
0.001691908
0.001711772
0.001588479
0.001208883
0.0005221566
-0.0003832215
-0.001303845
-0.002311167
-0.003508056
-0.004661302
-0.005661037
-0.00652727
-0.007346903
-0.008261541
-0.009104602
-0.009876648
-0.01067797
-0.01118501
-0.01138123
-0.01165295
-0.01216849
-0.01293115
-0.01377996
-0.0148111
-0.01575359
-0.01646268
-0.01704708
-0.0177941
-0.01859516
-0.01909049
-0.01954192
-0.02009192
-0.02063791
-0.02127685
-0.02154213
-0.02155197
-0.02153862
-0.02159009
-0.02179146
-0.02215882
-0.02262349
-0.02298425
-0.02335541
-0.02373244
-0.02393229
-0.02397211
-0.02396552
-0.02393001
-0.02385734
-0.02371574
-0.02345863
-0.02301729
-0.02208375
-0.02067159
-0.01904391
-0.01738861
-0.01575427
-0.01396188
-0.01201885
-0.01012041
-0.008416206
-0.006711879
-0.004954513
-0.003390603
-0.002068893
-0.0009278303
0.0003222489
0.001772346
0.003225728
0.004810877
0.006274353
0.007702075
0.00916323
0.01061179
0.01196512
0.01321991
0.01464524
0.01599673
0.01718944
0.01842932
0.01935459
0.02020397
0.02077609
0.02102947
0.02132007
0.02171566
0.02212071
0.02231062
0.02249409
0.02273443
0.022927
0.02300187
0.02324462
0.02350308
0.02390352
0.0246106
0.02551201
0.02625704
0.02663689
0.02671154
0.02644279
0.02617487
0.0259859
0.02578312
0.02557347
0.02539065
0.02501012
0.02443693
0.0237372
0.02293501
0.02204849
0.02118279
0.02043112
0.01971039
0.01902326
0.01844515
0.01776018
0.01673103
0.01550834
0.01440476
0.01362127
0.01321208
0.01299482
0.01268815
0.012204
0.01161715
0.01106548
0.01047365
0.009891427
0.009176868
0.008464116
0.008057693
0.007899043
0.007700537
0.007336455
0.006819096
0.006241768
0.00541789
0.004885639
0.004332189
0.003688538
0.003214276
0.002755212
0.002412507
0.001902534
0.001165522
0.0003480427
-0.0006968406
-0.001756555
-0.002660316
-0.003495912
-0.004461924
-0.005483865
-0.006540268
-0.007735195
-0.008802546
-0.009909886
-0.01095238
-0.01181604
-0.01256995
-0.01336225
-0.01406358
-0.01459733
-0.01513392
-0.01574794
-0.01624901
-0.01660194
-0.01713515
-0.01780571
-0.01845854
-0.01895903
-0.01926463
-0.01967092
-0.02014451
-0.02059065
-0.02099637
-0.0214671
-0.02211154
-0.02283271
-0.02363888
-0.02448016
-0.02534561
-0.02638937
-0.02759674
-0.0287391
-0.02968444
-0.03039929
-0.03096825
-0.03145476
-0.03187425
-0.03235067
-0.03274525
-0.03291602
-0.0328704
-0.03249703
-0.03164304
-0.03030697
-0.02879098
-0.02733512
-0.02581576
-0.02418366
-0.02230275
-0.0200382
-0.0178593
-0.01598197
-0.01435002
-0.01278994
-0.01127821
-0.009796191
-0.008105738
-0.00643359
-0.004653681
-0.002830702
-0.001164418
0.0004256877
0.001813745
0.002909981
0.003892296
0.00463736
0.00545744
0.006248204
0.006783846
0.007482739
0.008386074
0.009224742
0.01004738
0.01107237
0.01211591
0.01319365
0.01441182
0.01541577
0.01653476
0.01760254
0.01850799
0.01926498
0.01947315
0.01959829
0.01988902
0.02040761
0.02109869
0.02165809
0.02213185
0.02232688
0.02239324
0.02236559
0.02215637
0.02170611
0.0210094
0.0202132
0.01926232
0.01832455
0.01753908
0.01725608
0.01722294
0.01714064
0.01686445
0.016273
0.01538375
0.01445735
0.01360834
0.01274295
0.01206074
0.01160651
0.01111407
0.0105088
0.009958698
0.009418297
0.008980628
0.00853788
0.008098409
0.007886356
0.007881872
0.00800274
0.008226432
0.008520759
0.0087711
0.008771837
0.008580648
0.008406074
0.008133385
0.007851463
0.007637055
0.007416382
0.007265204
0.007321107
0.007448176
0.007631587
0.007732946
0.007669554
0.007586863
0.007613864
0.00789929
0.008233936
0.008459928
0.008580571
0.008789243
0.009064178
0.009426323
0.01002354
0.01078502
0.01139769
0.01165543
0.01169507
0.01170252
0.01177622
0.01198583
0.01234122
0.01273795
0.01293341
0.01282328
0.01259689
0.01240624
0.01217993
0.01182857
0.01144555
0.01086146
0.01006104
0.009051316
0.007800978
0.006488424
0.005198359
0.003989794
0.002908972
0.0019526
0.001043442
0.0002309027
-0.0005127458
-0.00149505
-0.002597084
-0.003504148
-0.004113674
-0.004500704
-0.004770442
-0.00504191
-0.005396802
-0.005523061
-0.005634331
-0.006061364
-0.006600111
-0.007078368
-0.007574953
-0.008075671
-0.008799889
-0.009716561
-0.01060554
-0.01135415
-0.01175739
-0.01223231
-0.0129184
-0.01364343
-0.01414634
-0.01444907
-0.01478782
-0.01515707
-0.01541168
-0.01541942
-0.01541988
-0.015582
-0.01603621
-0.01684313
-0.0178604
-0.01874638
-0.01928681
-0.01951246
-0.01973308
-0.02005309
-0.02045794
-0.02075617
-0.02060707
-0.02013441
-0.01948216
-0.01886441
-0.01820004
-0.01756735
-0.01680625
-0.01597268
-0.01501038
-0.01417008
-0.01351869
-0.01289495
-0.0125297
-0.01232582
-0.01236177
-0.01232615
-0.01248751
-0.01261151
-0.01290851
-0.01303549
-0.01307006
-0.01308502
-0.01300747
-0.01281365
-0.01245412
-0.01198463
-0.01152849
-0.01091764
-0.0100809
-0.009225775
-0.008340878
-0.007223774
-0.005972548
-0.004677561
-0.003338567
-0.001968438
-0.0005848699
0.0007884047
0.002093961
0.003223844
0.004064455
0.004560219
0.004861755
0.005347248
0.005827087
0.006238647
0.006494251
0.006742204
0.00712882
0.007614509
0.008054169
0.00845912
0.008870975
0.009125357
0.009302608
0.009552993
0.009858381
0.01010315
0.01037937
0.01051119
0.01033147
0.009878719
0.009234513
0.008626682
0.008168801
0.007968841
0.007979377
0.008023007
0.007974844
0.007710375
0.007178154
0.006419287
0.005322102
0.004178569
0.003182998
0.002136708
0.001103686
9.490686e-05
-0.001124568
-0.002526733
-0.004120368
-0.005917071
-0.007791551
-0.009436486
-0.0105722
-0.01114958
-0.01139079
-0.011813
-0.0124001
-0.0128228
-0.01315238
-0.01355742
-0.0139773
-0.01420096
-0.01413282
-0.01392368
-0.01370118
-0.01362913
-0.01371024
-0.01387773
-0.01416554
-0.01444251
-0.01480897
-0.01523127
-0.01552959
-0.01563779
-0.01567574
-0.01565469
-0.01552037
-0.01522317
-0.01474364
-0.01416296
-0.01347014
-0.01256486
-0.01165068
-0.01077999
-0.00970676
-0.008639675
-0.007712743
-0.00678242
-0.005934888
-0.005087933
-0.004206024
-0.003412645
-0.002600876
-0.001705661
-0.0007938404
0.0002784656
0.00155896
0.002835698
0.003965158
0.004835659
0.005406537
0.005812713
0.006197605
0.006482331
0.00668849
0.007042239
0.007601585
0.008250378
0.008895799
0.0095379
0.01013654
0.01071702
0.01124888
0.0118084
0.01238786
0.01312578
0.0138713
0.01432952
0.01462208
0.01497465
0.01539084
0.01569078
0.0156769
0.01546538
0.01511099
0.01469438
0.01428611
0.01363843
0.0127389
0.01172167
0.0106279
0.009809295
0.009435471
0.009408366
0.009425774
0.009283597
0.008870621
0.008133751
0.007209397
0.006321905
0.005443915
0.004479032
0.003620556
0.002844641
0.002087257
0.00155475
0.00118287
0.0007249362
0.0002194265
-7.757146e-05
-2.272361e-05
-0.0001057375
-0.0002505214
-0.0003178871
-0.0001915375
0.0001471178
0.000335889
0.0004128807
0.0003211569
-5.994998e-05
-0.0006063385
-0.0007529027
-0.0004092325
9.274461e-05
0.000553177
0.001032579
0.00135542
0.001271068
0.0009499587
0.0005218503
0.0002008658
0.0001958623
0.000357314
0.0005823538
0.0007629575
0.000856452
0.001075578
0.001279982
0.001700414
0.002470044
0.003470253
0.00444983
0.005351335
0.006148345
0.006650114
0.006955513
0.007213415
0.007357076
0.007425852
0.007454891
0.007312974
0.007193207
0.007060042
0.006802349
0.006500197
0.005959366
0.005150235
0.004294572
0.003622114
0.00308789
0.002645459
0.002301844
0.001927162
0.001586257
0.001271899
0.0007892352
0.0001547712
-0.0003996194
-0.0006842983
-0.0008732784
-0.001051201
-0.001083474
-0.001135007
-0.001311734
-0.001641766
-0.002077858
-0.002412174
-0.002531287
-0.002545662
-0.002461428
-0.00222193
-0.00178578
-0.00119344
-0.0006532219
-0.0003085626
5.669385e-05
0.0005351053
0.0008989998
0.001110319
0.00120335
0.001181141
0.0008976218
0.0005531108
0.0001924387
-0.0001388725
-0.0003659257
-0.0007123829
-0.0008970811
-0.0007621464
-0.0004555912
-9.150712e-05
0.0001269962
0.0001402808
0.0001307192
0.0002257857
0.0005287107
0.001062906
0.001722453
0.002423757
0.00279056
0.002810399
0.002760827
0.002773971
0.002974507
0.003461943
0.004213573
0.0049928
0.005434849
0.005545157
0.005554927
0.005535511
0.005545874
0.005602727
0.005682297
0.005757272
0.005834139
0.005919668
0.005965081
0.005887898
0.005559675
0.004867293
0.003864075
0.002854354
0.002077459
0.001238526
0.0004657263
-2.924789e-06
-0.0005846565
-0.001329809
-0.001978553
-0.002301519
-0.002727383
-0.003421335
-0.004289149
-0.00512935
-0.00582472
-0.006180622
-0.006442479
-0.006474502
-0.006583246
-0.006415475
-0.006292531
-0.006161574
-0.005891555
-0.005541681
-0.005189801
-0.004938961
-0.004486225
-0.003750491
-0.002884113
-0.00218026
-0.001621956
-0.001052175
-0.0004610009
0.0003385197
0.001243454
0.001904374
0.002269577
0.002573362
0.003032164
0.003438392
0.003879597
0.004220432
0.004251654
0.004107648
0.003850668
0.003560904
0.003422437
0.003427708
0.003312613
0.003114804
0.003027019
0.002922858
0.002776788
0.00263027
0.002564994
0.002692003
0.002925703
0.003057682
0.003170102
0.003231684
0.00317327
0.003189267
0.00355047
0.004073141
0.004470378
0.004563005
0.004366063
0.004045197
0.003913136
0.004023053
0.004204388
0.004197047
0.004076903
0.003895834
0.003735455
0.0037934
0.004033771
0.004329534
0.004840185
0.005310497
0.005450851
0.005546176
0.005690885
0.005877556
0.006034694
0.005994369
0.005787469
0.005515044
0.004964463
0.004099982
0.0031373
0.002309826
0.001632589
0.001143446
0.0007254506
8.990641e-05
-0.0004207986
-0.0004959885
-0.0002671603
-0.0001034799
-0.0003774451
-0.001216439
-0.002291609
-0.003230248
-0.003852924
-0.004181436
-0.004327857
-0.004500324
-0.004769581
-0.005056858
-0.005535519
-0.006188781
-0.006798541
-0.007289629
-0.00756406
-0.007652425
-0.007637528
-0.007493314
-0.007214288
-0.00686119
-0.006594778
-0.006650542
-0.006995986
-0.007379813
-0.00750321
-0.007318211
-0.006954928
-0.006580377
-0.006466919
-0.006630043
-0.006899642
-0.007073334
-0.00688522
-0.00640795
-0.005987707
-0.005712168
-0.005596192
-0.005481791
-0.005358461
-0.005165318
-0.00500737
-0.004958376
-0.004911002
-0.004833289
-0.004718143
-0.004565606
-0.004430074
-0.004430543
-0.004655099
-0.004743782
-0.004649113
-0.004405137
-0.00401001
-0.003605096
-0.003417729
-0.003313387
-0.003122764
-0.002792088
-0.002369431
-0.001993799
-0.001474399
-0.0007238777
6.395376e-05
0.0004744864
0.0007448178
0.001082376
0.001489437
0.001792569
0.001698509
0.001324959
0.0009073495
0.0007260109
0.0007030858
0.0007298003
0.0007593847
0.000714066
0.0005268236
0.0001521831
-0.000348282
-0.000805691
-0.001326042
-0.00189537
-0.002259041
-0.002433425
-0.002323232
-0.001782664
-0.001242489
-0.0007521978
-0.0004865409
-0.0002930236
-0.0001302308
-5.98759e-05
0.0003556519
0.0008566327
0.001568783
0.002395556
0.002913737
0.003061445
0.003094115
0.003058907
0.002995302
0.002948583
0.002939851
0.002960876
0.003003581
0.003053732
0.003082139
0.003039492
0.002869723
0.002532656
0.002050985
0.00154316
0.001160825
0.0007877886
0.0005084972
0.0003980983
0.0002006371
-0.0002153992
-0.0008387086
-0.001516558
-0.002085178
-0.00244478
-0.002499547
-0.002326344
-0.001919136
-0.001315914
-0.0006970957
-0.0002061987
0.0001199728
0.0002526635
0.0003308888
0.0003650302
0.0002867385
3.495281e-05
-0.0004151713
-0.0009820979
-0.00142802
-0.001661453
-0.001641708
-0.001561843
-0.001770368
-0.002176535
-0.002387954
-0.00227635
-0.00184103
-0.001090347
-0.0002353543
0.0002608328
0.0003985102
0.0004153123
0.0003831238
0.0003390812
0.0003148406
0.0003254119
0.000379176
0.0004678963
0.00056355
0.0006023796
0.0005258239
0.0002624839
-0.0002282552
-0.0008748508
-0.001454734
-0.001972994
-0.002339021
-0.002801639
-0.003395122
-0.003942804
-0.00457041
-0.005145356
-0.005813468
-0.006405263
-0.006524532
-0.006696804
-0.006648699
-0.006041313
-0.005262596
-0.004774938
-0.004652434
-0.004609688
-0.004464921
-0.004091842
-0.003440945
-0.002648922
-0.001969324
-0.001351637
-0.0006062143
0.0001125356
0.0004974614
0.0005846167
0.0006658536
0.000915889
0.001429751
0.002172863
0.002890728
0.003306888
0.00347386
0.003580562
0.003695965
0.00381128
0.003846103
0.003683296
0.003537402
0.003507205
0.003496369
0.00347322
0.003430679
0.003375306
0.003349901
0.003424302
0.003683345
0.004169901
0.00480532
0.005340133
0.00571296
0.005787824
0.005681561
0.005555287
0.005486087
0.005147082
0.004643319
0.004288091
0.003917357
0.003552568
0.003349071
0.002994242
0.00231905
0.001374298
0.000414334
-0.0006068544
-0.00187925
-0.003115862
-0.004266858
-0.005392459
-0.00658542
-0.007886045
-0.009049695
-0.01017303
-0.01107873
-0.01195093
-0.01256793
-0.01275275
-0.01281563
-0.01283926
-0.01286016
-0.01288225
-0.01288744
-0.01285198
-0.01278137
-0.01268229
-0.01260198
-0.01256061
-0.01227691
-0.01169084
-0.01110452
-0.01063263
-0.01039436
-0.01036425
-0.01041353
-0.01049582
-0.01055434
-0.01051517
-0.01027746
-0.009754826
-0.008972416
-0.008181496
-0.007858179
-0.007800936
-0.007781784
-0.00770833
-0.007491083
-0.007104565
-0.00663741
-0.006286689
-0.005829919
-0.005250046
-0.00471459
-0.004008202
-0.003230787
-0.002780529
-0.002695946
-0.002665316
-0.002526588
-0.002178953
-0.001594128
-0.0009205595
-0.0003904307
-3.897079e-05
1.35127e-05
-5.390391e-05
-0.0001109214
-6.453451e-05
0.0002072543
0.0007627483
0.001540199
0.002249306
0.002611094
0.002699906
0.002727473
0.002745019
0.002769771
0.002769076
0.002683221
0.002455802
0.00208027
0.001612362
0.0009482038
0.0004011748
0.0001920006
0.0001395692
0.0001415403
0.0001600622
0.0001768696
0.0001790649
0.0001698414
0.0001504395
0.0001318635
0.0001223968
0.000142756
0.0002104074
0.0003505763
0.0006085658
0.0009876518
0.001391959
0.001765558
0.002357482
0.003235513
0.004369817
0.005847661
0.007360441
0.008616931
0.00954051
0.01031526
0.01088248
0.01138891
0.01200908
0.0126121
0.01307334
0.01335967
0.01346454
0.0135834
0.01381849
0.01418881
0.01463696
0.01498454
0.01525146
0.01551809
0.01574715
0.01611832
0.016499
0.01692471
0.01742307
0.01783207
0.0182883
0.01881799
0.019287
0.01984093
0.02047931
0.02097836
0.02144876
0.02180247
0.02230555
0.02303664
0.02384531
0.02493261
0.02611584
0.02729911
0.02818136
0.02882998
0.02902958
0.02882567
0.02849561
0.02793366
0.02749218
0.02721792
0.02704218
0.0267311
0.02615111
0.02535801
0.02457845
0.02382524
0.0227686
0.02144984
0.02000245
0.01846347
0.01685549
0.01522455
0.01337205
0.01138873
0.009450663
0.007386953
0.005149236
0.003021402
0.00125624
-0.0001841775
-0.001664809
-0.00330206
-0.005218208
-0.007285593
-0.009253345
-0.01121619
-0.0131769
-0.01491682
-0.01636533
-0.01791623
-0.01953645
-0.02134813
-0.02300688
-0.02437278
-0.02575197
-0.02697498
-0.02817318
-0.02918943
-0.03024017
-0.03129777
-0.03228151
-0.03322704
-0.03383779
-0.0343972
-0.03502507
-0.03552311
-0.03592184
-0.03614153
-0.03636379
-0.03675116
-0.03730034
-0.03777514
-0.03782879
-0.03805862
-0.03830173
-0.0383005
-0.03828428
-0.03785573
-0.03721536
-0.03667243
-0.03608461
-0.03555934
-0.03488348
-0.03409288
-0.03348099
-0.03297395
-0.0321934
-0.03108961
-0.02993392
-0.02867082
-0.02732364
-0.02615144
-0.02502302
-0.02405491
-0.02300457
-0.02191689
-0.02073426
-0.0193638
-0.01806515
-0.01667729
-0.01537343
-0.01399371
-0.01269081
-0.01134963
-0.01013833
-0.008921739
-0.007805476
-0.006548428
-0.005206535
-0.003922811
-0.002690294
-0.001520062
-0.0003629783
0.0008466925
0.001999511
0.002954967
0.004029578
0.005363942
0.006834163
0.008380922
0.009920692
0.01148124
0.01308132
0.01451269
0.01583263
0.01703807
0.01806712
0.01890575
0.01963245
0.02047515
0.02157221
0.02265866
0.0235166
0.02419583
0.02454547
0.02469892
0.02496432
0.02546719
0.02617423
0.02683336
0.02717758
0.02728243
0.0273447
0.02740827
0.02746104
0.02744294
0.02724145
0.02676259
0.02601893
0.02520501
0.02449783
0.02378991
0.02297997
0.02204391
0.02094639
0.01983308
0.01870025
0.01746702
0.01621189
0.01505869
0.01397452
0.01297741
0.01192007
0.01090804
0.009967035
0.009193114
0.008637392
0.008025451
0.007425181
0.006950803
0.006604941
0.006390059
0.006133405
0.005802322
0.005491249
0.005256212
0.004823841
0.004082771
0.003149289
0.00226517
0.001596988
0.00138101
0.001233147
0.0009491502
0.0005084304
-1.126602e-05
-0.0004512186
-0.000908364
-0.001225126
-0.001206584
-0.001010812
-0.0007475379
-0.0005505324
-0.0005032742
-0.0004376598
-0.0005618106
-0.0006286771
-0.000521197
-0.0004826613
-0.0004204903
-0.0005926521
-0.0008050899
-0.000940118
-0.001161387
-0.001180074
-0.001119709
-0.001080798
-0.001113615
-0.001138456
-0.0007432334
-4.466614e-05
0.0006906567
0.001129047
0.001243671
0.001263053
0.00126184
0.001278439
0.001323322
0.001368932
0.001345462
0.001163133
0.0007448795
9.973515e-05
-0.0005938201
-0.001066011
-0.001411914
-0.001947529
-0.002754617
-0.003630096
-0.004153019
-0.004715579
-0.005370587
-0.005870507
-0.006338142
-0.006633095
-0.006965182
-0.007358101
-0.007614086
-0.007453971
-0.007075505
-0.006708392
-0.006609453
-0.006610172
-0.00660432
-0.006592965
-0.006530993
-0.006402795
-0.006220252
-0.005991884
-0.005246293
-0.004298083
-0.003645206
-0.002898772
-0.002095277
-0.00162574
-0.001499527
-0.001370147
-0.001066841
-0.0005460863
9.778854e-05
0.0005823469
0.0009628966
0.00109123
0.001120012
0.001251027
0.001591687
0.002191125
0.002920503
0.003442908
0.003662303
0.003853432
0.004220745
0.004838559
0.005601724
0.006168871
0.006450619
0.006699923
0.007073272
0.007558431
0.007980531
0.008423191
0.008850494
0.009024571
0.009041472
0.00899729
0.00893273
0.008909673
0.00900541
0.009295527
0.009807571
0.01043772
0.01089799
0.01109933
0.01126874
0.01135121
0.01132221
0.0110287
0.01044754
0.00988988
0.009473094
0.009288985
0.009265713
0.009204383
0.008980947
0.008527412
0.007897975
0.00731711
0.006888633
0.006700028
0.006670321
0.006585769
0.006310129
0.00576724
0.005022562
0.004352723
0.003925322
0.003553099
0.003054066
0.002472139
0.002051087
0.001861568
0.001603828
0.001264902
0.0008790075
0.0003029451
-0.0003998097
-0.001172103
-0.002016141
-0.002826901
-0.003477051
-0.003759216
-0.003782026
-0.00383077
-0.004070955
-0.004613178
-0.005428951
-0.006258352
-0.00678804
-0.006993673
-0.006928871
-0.006663449
-0.006565004
-0.006574347
-0.00665046
-0.006804597
-0.006977243
-0.007090999
-0.007171678
-0.007558449
-0.008009725
-0.008305852
-0.008544679
-0.008613972
-0.008428355
-0.0083229
-0.008021012
-0.007369529
-0.006947978
-0.006842978
-0.006720763
-0.006430223
-0.005895094
-0.005123268
-0.004387675
-0.004168909
-0.004037059
-0.003759751
-0.003277327
-0.002623535
-0.002045522
-0.001582826
-0.001403936
-0.001413556
-0.001492758
-0.001577113
-0.001563073
-0.001343213
-0.000828104
-3.878549e-05
0.0007764032
0.001136024
0.001224429
0.001233643
0.001205957
0.0011807
0.001169524
0.001175157
0.001188885
0.001203918
0.00121472
0.001219087
0.001216731
0.001207427
0.001193566
0.001178478
0.00117135
0.001181196
0.001216845
0.001271225
0.001317012
0.00129303
0.001120959
0.0007297495
0.000134768
-0.000502968
-0.001040037
-0.001430906
-0.00162635
-0.0017408
-0.001751304
-0.001577626
-0.001412539
-0.001602577
-0.002067933
-0.002682381
-0.003184665
-0.003193139
-0.002815639
-0.002414374
-0.001939295
-0.001527573
-0.00135327
-0.001218883
-0.001067498
-0.0009550432
-0.001003772
-0.001254767
-0.001304852
-0.001315241
-0.001406378
-0.001613389
-0.001961073
-0.002365063
-0.002600755
-0.002324981
-0.001794677
-0.001822801
-0.002295914
-0.002906363
-0.003256587
-0.003230355
-0.003142193
-0.002837772
-0.002158281
-0.001566895
-0.001311376
-0.001194261
-0.001094198
-0.000986727
-0.0008685962
-0.0004565165
0.000269726
0.0009061049
0.00121351
0.001297041
0.001291937
0.001235194
0.001146977
0.001039644
0.0009401252
0.000882275
0.0006861297
0.0001482437
-0.0004577547
-0.0009344773
-0.001219218
-0.001268444
-0.001251318
-0.001272385
-0.00140073
-0.001692149
-0.002117311
-0.002526152
-0.002752676
-0.002941937
-0.00308459
-0.003057076
-0.002846347
-0.002731991
-0.002551113
-0.002205961
-0.001741927
-0.001341496
-0.00134306
-0.001643704
-0.002199374
-0.002882029
-0.00338493
-0.003783225
-0.003911219
-0.003995482
-0.004182007
-0.004526207
-0.005010787
-0.005434199
-0.005885286
-0.006334348
-0.006561306
-0.006653911
-0.006669051
-0.006554234
-0.006247562
-0.005713079
-0.005037757
-0.004488345
-0.004185319
-0.003876219
-0.003288055
-0.002388426
-0.001402928
-0.0004981583
0.0003463298
0.000960823
0.001327495
0.001839401
0.00260791
0.003461694
0.004202264
0.004846252
0.005404288
0.005795522
0.006049224
0.006192698
0.006332856
0.006153348
0.005774717
0.005382967
0.005250211
0.005653995
0.006263928
0.006504196
0.006583365
0.006541651
0.006319453
0.005929388
0.005444328
0.005088304
0.005097207
0.005368723
0.005751735
0.005583678
0.005218135
0.004546971
0.004063624
0.003963928
0.003918614
0.003822389
0.003544774
0.003051328
0.002419955
0.001925156
0.001482019
0.001229379
0.0009156611
0.0004502106
-5.10428e-05
-0.0003293222
-0.0003836543
-0.0002252963
-0.0002325904
-0.0004335907
-0.0006516261
-0.0007354827
-0.0008551997
-0.0007896569
-0.000631998
-0.0006000666
-0.0004501212
-0.0003500026
-0.0001402383
0.0003609927
0.0007152793
0.0007344603
0.0005835042
0.0001677758
-0.0004419609
-0.001131679
-0.001828857
-0.002514807
-0.003110637
-0.003570326
-0.003818242
-0.003899184
-0.003936882
-0.00394973
-0.003949621
-0.003948207
-0.003948451
-0.003951824
-0.003964116
-0.003989664
-0.004027566
-0.004062099
-0.004060071
-0.003973864
-0.003761299
-0.003420225
-0.003042551
-0.002841889
-0.002904266
-0.003056878
-0.003153762
-0.003044841
-0.002827776
-0.0027579
-0.002783149
-0.002909515
-0.003152226
-0.003451906
-0.003658029
-0.003669617
-0.003771829
-0.004021994
-0.004086782
-0.004065203
-0.003994581
-0.003865348
-0.003724552
-0.003670918
-0.003723705
-0.003594868
-0.003536863
-0.003678272
-0.003804257
-0.004036251
-0.004108821
-0.004127039
-0.004138128
-0.004127874
-0.004148197
-0.004173413
-0.00418448
-0.004189429
-0.004194254
-0.004195123
-0.004195606
-0.004194504
-0.004194469
-0.004194703
-0.004196481
-0.004198624
-0.004200701
-0.004200694
-0.004196819
-0.004187981
-0.004175036
-0.00416348
-0.004164043
-0.004187629
-0.004200743
-0.004212001
-0.004221508
-0.004220501
-0.004195787
-0.004134547
-0.004028878
-0.003893157
-0.003788582
-0.003777708
-0.003513798
-0.003085249
-0.002775246
-0.002485093
-0.002194415
-0.001985103
-0.001581011
-0.001193008
-0.0008307065
-0.000454508
0.0001760061
0.00079781
0.001273329
0.001867882
0.002626987
0.003365564
0.004095304
0.005093819
0.00630844
0.007297379
0.007971742
0.008541547
0.009039603
0.009582635
0.01023219
0.01076793
0.01107279
0.01135387
0.01146939
0.01128147
0.01084957
0.0102657
0.009737265
0.009330187
0.009069717
0.008826566
0.008384219
0.007710208
0.006993758
0.006660577
0.00666406
0.006675865
0.006511937
0.006362351
0.006319162
0.006296043
0.006279992
0.006274057
0.006276577
0.006287004
0.006301179
0.006310995
0.006300464
0.006249583
0.006140242
0.005973202
0.005794171
0.005693881
0.005577915
0.005311274
0.004942217
0.004523713
0.004317732
0.004147909
0.003851133
0.003507742
0.002938154
0.00217006
0.001495081
0.001219949
0.001304462
0.001526558
0.001697312
0.001576197
0.00110977
0.0005416648
-0.000205721
-0.0009541344
-0.00135751
-0.001447469
-0.001500773
-0.00166132
-0.002000442
-0.002516
-0.003067723
-0.003459834
-0.00373597
-0.003906235
-0.004129211
-0.004165464
-0.00413803
-0.004165342
-0.00427856
-0.004543923
-0.004940871
-0.005357662
-0.005557493
-0.005760496
-0.00603273
-0.006297035
-0.006439003
-0.006745411
-0.006838693
-0.006815027
-0.006767616
-0.006705617
-0.006713645
-0.006866663
-0.007246682
-0.007850015
-0.008515464
-0.008875539
-0.008984153
-0.00922513
-0.009297688
-0.009413265
-0.009756455
-0.01034422
-0.01108876
-0.0116618
-0.01200008
-0.01235959
-0.01289507
-0.01352991
-0.01399234
-0.01425283
-0.01459115
-0.01473047
-0.01462626
-0.01430383
-0.01375725
-0.01313027
-0.01273652
-0.01259137
-0.01234272
-0.01212625
-0.0118169
-0.01125868
-0.01052116
-0.009855216
-0.009303128
-0.008672122
-0.007905563
-0.007223857
-0.006771629
-0.006383676
-0.005954727
-0.005571949
-0.005136957
-0.004521356
-0.00382851
-0.003045149
-0.002259372
-0.001866539
-0.001792997
-0.001714355
-0.001479945
-0.0009887399
-0.0002625501
0.0004855532
0.001150932
0.00192663
0.002876944
0.003738994
0.004506056
0.005370464
0.006130045
0.006736016
0.007489797
0.008319993
0.009064709
0.009834551
0.01067023
0.01124269
0.0114005
0.01143334
0.01143245
0.01141826
0.01140885
0.01140292
0.01139845
0.0114001
0.01142811
0.01151588
0.01169646
0.01196612
0.01226614
0.01269374
0.0132947
0.01379651
0.01408296
0.01407793
0.01387284
0.01352705
0.01311365
0.01259669
0.01200359
0.01167295
0.01150835
0.01122445
0.01071449
0.01002221
0.009398067
0.009093678
0.008995457
0.00882898
0.008442627
0.007787845
0.007003402
0.006490512
0.006421912
0.00650439
0.006574115
0.006513947
0.006434491
0.006573954
0.006806663
0.007007199
0.007223053
0.007473191
0.007566813
0.00757713
0.007513782
0.00733687
0.007043033
0.006682397
0.006402144
0.006205407
0.005869404
0.005311402
0.004624938
0.003884993
0.003104656
0.002355558
0.001674638
0.001157818
0.0006420774
-0.0001530932
-0.001182693
-0.002211735
-0.003197523
-0.004081596
-0.004643941
-0.0052467
-0.005893669
-0.006392128
-0.006763373
-0.006888277
-0.006918455
-0.006904402
-0.006832208
-0.00671313
-0.006567335
-0.006471055
-0.006546739
-0.006796688
-0.006887095
-0.006914991
-0.006927727
-0.006911514
-0.006879306
-0.006833624
-0.006792554
-0.006779566
-0.006818742
-0.00689243
-0.006964908
-0.006979742
-0.006872161
-0.006537978
-0.005924663
-0.005128903
-0.004486496
-0.004312484
-0.004231086
-0.00404166
-0.003651222
-0.002991276
-0.002205658
-0.001545535
-0.0009568618
-0.0002287482
0.000526887
0.001086162
0.001536819
0.002122556
0.00278526
0.003353673
0.003844317
0.004151292
0.004423174
0.004643451
0.00478631
0.005056838
0.005215334
0.005405195
0.005726746
0.006118845
0.006411982
0.006416373
0.006298349
0.006151266
0.005915171
0.00529881
0.004613696
0.004231294
0.004095943
0.003925911
0.003575276
0.003016847
0.002368388
0.001826782
0.00134501
0.0009862992
0.0005741435
0.0001118515
-0.0003317131
-0.0009718776
-0.001748467
-0.00246331
-0.003072509
-0.003367573
-0.003518075
-0.003822143
-0.00406013
-0.004415959
-0.004925017
-0.00539279
-0.005601497
-0.005612303
-0.005396602
-0.004883552
-0.004274735
-0.004089377
-0.004081583
-0.004106868
-0.004166836
-0.004203278
-0.004182751
-0.004057576
-0.003817696
-0.00349461
-0.003223215
-0.003072508
-0.00289596
-0.002971327
-0.003134819
-0.00318105
-0.002943643
-0.002371056
-0.001857225
-0.001481903
-0.001388148
-0.001415318
-0.001427146
-0.001329057
-0.001017344
-0.0004722676
0.0001593109
0.0006884415
0.001187658
0.001636795
0.002269696
0.003082978
0.003742221
0.003933638
0.00399618
0.004128916
0.004398331
0.004847551
0.005352362
0.005777418
0.006220156
0.006572754
0.006660833
0.006669957
0.006658944
0.00664916
0.006651387
0.006671374
0.00669494
0.006707979
0.006678334
0.006583454
0.00640338
0.006167958
0.005963019
0.005811133
0.00550385
0.005261307
0.00494544
0.004530468
0.004194161
0.004089946
0.00406331
0.004050195
0.004052498
0.004058071
0.004078174
0.00411248
0.0041562
0.004174548
0.004114532
0.003908065
0.003517983
0.002988902
0.002525129
0.002365095
0.002297675
0.001927017
0.00145756
0.001043374
0.0004981707
-9.334112e-05
-0.0005282924
-0.000864658
-0.001101081
-0.001528107
-0.002292722
-0.00329723
-0.004308766
-0.005288252
-0.006207285
-0.006869156
-0.007619671
-0.008414944
-0.008968698
-0.009307251
-0.009722229
-0.01055701
-0.01141259
-0.01189378
-0.01223427
-0.01234387
-0.0121056
-0.01186463
-0.01196182
-0.01257785
-0.01338184
-0.01400481
-0.01444437
-0.01487614
-0.01534776
-0.01599572
-0.01640458
-0.01649801
-0.01648943
-0.01639977
-0.01624792
-0.01606757
-0.01579319
-0.0151244
-0.01439852
-0.01400162
-0.01392673
-0.01393644
-0.01389928
-0.01370518
-0.01323522
-0.01249746
-0.01171238
-0.01124022
-0.01111288
-0.01112779
-0.01121479
-0.01131894
-0.01134873
-0.01119149
-0.0107273
-0.009906224
-0.008858355
-0.007876245
-0.007032263
-0.00620734
-0.005223583
-0.0043364
-0.003918902
-0.003616046
-0.003081692
-0.002549821
-0.001972965
-0.001393667
-0.0006999118
-4.509037e-05
0.00025041
0.0002669294
0.0003509766
0.00073853
0.001405964
0.00186323
0.002009983
0.002036392
0.001998973
0.001949402
0.001935796
0.00200246
0.002224075
0.002639751
0.00315746
0.003702857
0.004458629
0.005336063
0.006058553
0.006640189
0.007198972
0.007761302
0.00831091
0.008625869
0.008953746
0.009376823
0.009761195
0.01011358
0.01057387
0.01111478
0.01170007
0.01218556
0.01234658
0.01247587
0.01269073
0.01299263
0.01329028
0.01336802
0.0131396
0.01283467
0.01273322
0.01294112
0.01325385
0.01344357
0.01344307
0.01344732
0.01358286
0.01369756
0.01352926
0.01315965
0.01271411
0.01242473
0.01244096
0.01267163
0.01305986
0.01346334
0.01358916
0.01327647
0.01268208
0.01201763
0.01134945
0.01071767
0.01014302
0.009618822
0.009042938
0.008368653
0.007821915
0.007540922
0.007274814
0.006727004
0.005815098
0.004684736
0.003474767
0.002511145
0.001581215
0.0006128663
-0.0001134758
-0.0005856658
-0.0009988917
-0.001437462
-0.001766589
-0.002056863
-0.002446067
-0.002868872
-0.003117131
-0.003191514
-0.003198383
-0.003158445
-0.003088945
-0.003023028
-0.003021069
-0.003163127
-0.003528105
-0.004130317
-0.004827367
-0.005265942
-0.005350395
-0.005385735
-0.005603502
-0.005713753
-0.005735891
-0.005754237
-0.005765146
-0.00577819
-0.005790793
-0.005809046
-0.005826123
-0.005838638
-0.005863327
-0.005916961
-0.005985747
-0.006031173
-0.005974181
-0.005721668
-0.005201657
-0.00444647
-0.003717185
-0.00345515
-0.003187795
-0.002658579
-0.001842148
-0.0009237601
-0.0003585898
0.0002616847
0.0009277074
0.001380872
0.001729946
0.001858852
0.002052939
0.002485655
0.003161309
0.003919381
0.004428017
0.004605499
0.004700905
0.004802705
0.004909919
0.004987802
0.004930123
0.004783254
0.004932332
0.005272131
0.005644241
0.005991977
0.006523015
0.007124742
0.007308082
0.00735966
0.007391601
0.007422049
0.007427513
0.007337798
0.007089715
0.006680401
0.006182868
0.005584968
0.00497733
0.004513013
0.003854673
0.002953437
0.002074099
0.001287213
0.0003922603
-0.000380874
-0.0008998972
-0.001425019
-0.001886474
-0.002186851
-0.002404151
-0.002691696
-0.003160874
-0.003676547
-0.004286811
-0.004836416
-0.005251362
-0.005500211
-0.005691991
-0.006033516
-0.006546922
-0.007093117
-0.007363659
-0.007532681
-0.007728439
-0.008036098
-0.008345542
-0.00853875
-0.008603754
-0.008435782
-0.008251933
-0.00819018
-0.008174588
-0.00818438
-0.008211122
-0.008239555
-0.008255032
-0.008273605
-0.008279424
-0.008277044
-0.008274155
-0.008269257
-0.008259277
-0.008238167
-0.008160596
-0.008000501
-0.007771202
-0.007545664
-0.007492567
-0.007799572
-0.008050171
-0.007814551
-0.007221753
-0.006439835
-0.005799138
-0.005312672
-0.004687557
-0.003940646
-0.003361854
-0.003213716
-0.003079655
-0.002737292
-0.002123887
-0.00130475
-0.0006349981
-0.0004589794
-0.0004587559
-0.0004777618
-0.0004523387
-0.0002867697
3.752538e-05
0.0004637231
0.0007678594
0.0006122113
8.062428e-05
-0.0002699125
-0.0003964934
-0.0004416512
-0.0004166359
-0.000313522
-0.0001293695
0.000110065
0.0003526865
0.0008103625
0.001402843
0.001659512
0.00169198
0.001890948
0.002162443
0.002488895
0.002997274
0.003608707
0.00405621
0.004349591
0.00486015
0.005408516
0.005947482
0.00637472
0.006770034
0.007122964
0.007233947
0.007274802
0.007423172
0.007782779
0.008380354
0.009071615
0.009498662
0.009699007
0.01001117
0.01009448
0.01008578
0.01009011
0.01009357
0.01012201
0.01015065
0.01016937
0.01013221
0.01001624
0.009798768
0.009530194
0.009325963
0.009256755
0.009148006
0.009218893
0.009236455
0.008961173
0.008388059
0.007913049
0.007640616
0.007590861
0.007606388
0.007561363
0.007371946
0.006965643
0.006386602
0.005817225
0.005356451
0.005012842
0.004650816
0.004076992
0.003316018
0.002625038
0.002131276
0.001564845
0.0008266123
7.052684e-05
-0.0007268636
-0.001374556
-0.001825056
-0.002339487
-0.002982771
-0.003613516
-0.004412113
-0.005205457
-0.00554746
-0.005933158
-0.006572208
-0.007383409
-0.008057935
-0.008242841
-0.008255486
-0.008218907
-0.008180655
-0.008227973
-0.008425478
-0.008810061
-0.009318162
-0.009755466
-0.009995744
-0.01010471
-0.01025254
-0.01058795
-0.01080551
-0.01086475
-0.01088715
-0.01088854
-0.0108813
-0.01087287
-0.01087334
-0.01088584
-0.01091163
-0.0109391
-0.01094509
-0.01088918
-0.01073038
-0.01044497
-0.01009475
-0.009781276
-0.00922632
-0.008881807
-0.00875905
-0.008441954
-0.008266155
-0.008038437
-0.007646606
-0.007151023
-0.006573979
-0.005696488
-0.004586371
-0.003555812
-0.002708106
-0.001985222
-0.001314225
-0.0007178243
-0.0001527659
0.0003779628
0.0009409448
0.001601109
0.002474725
0.00337844
0.004140845
0.004817263
0.005304366
0.005587784
0.005963513
0.006331295
0.006724098
0.007135824
0.007362301
0.007547434
0.007802739
0.008104665
0.00838728
0.008975752
0.009472946
0.009825255
0.009876638
0.009830718
0.009876643
0.0101111
0.01064005
0.01139662
0.0121076
0.01233098
0.01202396
0.01149656
0.01094595
0.01042509
0.01039276
0.01051556
0.01052229
0.01036196
0.01022807
0.009946427
0.009417812
0.008739314
0.008168798
0.007971496
0.008008467
0.007985832
0.007922005
0.007937235
0.008208068
0.008774724
0.009345411
0.009808668
0.01005656
0.01011873
0.01012095
0.01010593
0.01008887
0.01007848
0.0100718
0.01006987
0.01007214
0.01005688
0.01003302
0.01000093
0.009989721
0.0100146
0.01006887
0.0101345
0.01015309
0.01003839
0.009688452
0.009053423
0.008233215
0.007545441
0.006977167
0.006254055
0.005458527
0.004950542
0.004648602
0.004299154
0.003897126
0.003449703
0.002834992
0.002480189
0.002409942
0.002315455
0.002046749
0.001508916
0.0007485685
3.730203e-05
-0.0003212689
-0.0003646827
-0.0002986678
-0.0002503618
-0.0003190477
-0.0006274462
-0.00124025
-0.002042782
-0.002692627
-0.002958526
-0.002981387
-0.002979284
-0.003088028
-0.003418422
-0.004002776
-0.00469362
-0.005162771
-0.005518094
-0.005682137
-0.00570663
-0.005696053
-0.005665461
-0.005636143
-0.005613273
-0.005624058
-0.005696019
-0.005868863
-0.00614948
-0.006467171
-0.006702284
-0.007132987
-0.00734704
-0.007336676
-0.007112872
-0.007113799
-0.007268452
-0.007449242
-0.00756165
-0.007434432
-0.007428539
-0.007337191
-0.007515778
-0.007754522
-0.007723656
-0.007155407
-0.006369278
-0.005855478
-0.005692579
-0.005657382
-0.005666415
-0.005697494
-0.005715165
-0.005715586
-0.005695834
-0.005670241
-0.005650347
-0.005656779
-0.005703827
-0.005802261
-0.005936323
-0.006059155
-0.006053304
-0.005832092
-0.005843662
-0.005973647
-0.006088509
-0.00607573
-0.005795971
-0.005692937
-0.005653953
-0.005625814
-0.005633305
-0.005634421
-0.005645776
-0.005638942
-0.005635525
-0.005658445
-0.005678421
-0.005669823
-0.005646806
-0.005624518
-0.005621715
-0.005670286
-0.005790781
-0.005941301
-0.006078605
-0.006084388
-0.005847594
-0.005792852
-0.005778177
-0.005669569
-0.005421706
-0.004981582
-0.004450672
-0.004038991
-0.00360106
-0.003209676
-0.00313015
-0.003143484
-0.003157869
-0.003123098
-0.002995195
-0.00276174
-0.002481961
-0.002320246
-0.002473713
-0.002618731
-0.002986865
-0.003161625
-0.003190106
-0.003106261
-0.002816298
-0.00232978
-0.001741917
-0.001310138
-0.0008561768
-0.0004684432
-0.0004044485
-0.0004651067
-0.0005405762
-0.0005627608
-0.0004123364
1.421382e-06
0.0007077097
0.001533798
0.002075567
0.002245649
0.002293576
0.002278797
0.002203658
0.002022498
0.001752809
0.001470136
0.001368381
0.001693103
0.002082318
0.002207507
0.002250724
0.002260911
0.00224471
0.002219115
0.002193092
0.002174702
0.002175782
0.002213008
0.002304632
0.002453239
0.002628423
0.002726975
0.002631996
0.002631903
0.002626265
0.002427115
0.002353361
0.002358477
0.002300177
0.002096609
0.001686896
0.001106109
0.0005823099
0.0004791119
0.0004430766
0.0004424204
0.0002142901
-0.0001464325
-0.0003090032
-0.0003657847
-0.0003788391
-0.0003682534
-0.000342195
-0.0003266024
-0.0003342271
-0.0003887596
-0.0004897821
-0.0006247813
-0.0007309595
-0.0007014515
-0.0004203035
-0.0001491758
-8.439236e-05
-0.0002596701
-0.0004250855
-0.0004363452
-0.0003329374
-0.0001138209
0.0001778978
0.0004644104
0.0009162918
0.001435158
0.001854211
0.002074591
0.002128501
0.002130991
0.002118511
0.002106138
0.002103401
0.002112725
0.002135298
0.002169254
0.002208794
0.002237632
0.002248369
0.002246977
0.002233683
0.002207366
0.002178381
0.002168984
0.002219684
0.002375462
0.002666141
0.003053158
0.00339833
0.003676081
0.004053204
0.004508678
0.00484626
0.004952931
0.004900711
0.004664314
0.004222079
0.003669468
0.003263341
0.003242461
0.00361467
0.004279389
0.004718969
0.004839492
0.004855148
0.004826963
0.004806051
0.004833306
0.004935211
0.005098996
0.005267743
0.005316548
0.005231062
0.005273922
0.00522549
0.005013085
0.004938772
0.004807634
0.004470459
0.003921876
0.003293916
0.00284687
0.002565209
0.002563053
0.002521784
0.002234704
0.002147174
0.002140891
0.002166136
0.002235094
0.002307561
0.002315105
0.002159966
0.001789185
0.001169023
0.0004249938
-9.498405e-05
-0.0002939751
-0.0004318024
-0.0007089778
-0.0012004
-0.001839894
-0.00237293
-0.002763533
-0.002882293
-0.002895904
-0.003010175
-0.003351308
-0.003981322
-0.004774122
-0.005363977
-0.005580761
-0.005515032
-0.005256789
-0.004899235
-0.004576765
-0.004190015
-0.003901506
-0.003912085
-0.004243309
-0.004619149
-0.004817281
-0.00478208
-0.004683797
-0.004544797
-0.004497501
-0.00459483
-0.004650941
-0.004717072
-0.004879315
-0.005071316
-0.005273671
-0.005315453
-0.005289242
-0.005262628
-0.005234252
-0.00521287
-0.005190765
-0.005181151
-0.005165081
-0.005121217
-0.005029763
-0.00489478
-0.004719594
-0.004584233
-0.0046227
-0.004862127
-0.004978537
-0.005042132
-0.005050237
-0.00493092
-0.00463418
-0.00414846
-0.003553144
-0.002974454
-0.002481738
-0.002567347
-0.002970338
-0.003433269
-0.003714524
-0.003938673
-0.004050785
-0.003911497
-0.003922021
-0.003827398
-0.003443337
-0.003223785
-0.003085705
-0.003033608
-0.003169704
-0.003500771
-0.003478235
-0.00305353
-0.002298798
-0.001767336
-0.001442118
-0.001262191
-0.001388988
-0.001549271
-0.001830704
-0.001925591
-0.001811822
-0.001566549
-0.00126999
-0.001059192
-0.0008080851
-0.0006152892
-0.0005540246
-0.0004935906
-0.0004003949
-0.0002739679
-0.0001729039
-0.000181761
-0.000181233
4.54537e-05
0.0003283305
0.0004578295
0.000407282
0.0004117133
0.0004116686
0.0002730713
0.0002355461
0.0002951133
0.0003200169
0.000447126
0.000456087
0.0005695294
0.0008377658
0.0009067097
0.0008816627
0.0008515989
0.0008447763
0.0009003772
0.001073308
0.001391797
0.001786615
0.002057045
0.001896619
0.001506495
0.001109099
0.0009730883
0.0009393073
0.0009322787
0.0009455481
0.0009508287
0.0009503502
0.0009501768
0.0009724814
0.001033308
0.001138411
0.001262839
0.00133078
0.001254199
0.001271698
0.001481241
0.001703472
0.001757458
0.001769427
0.002015325
0.00235444
0.002716006
0.003138106
0.003469272
0.003643301
0.003797995
0.003936355
0.003970542
0.003783733
0.003503134
0.003396236
0.003450335
0.003716233
0.004242525
0.004934876
0.005496165
0.005518051
0.005023883
0.004442228
0.004138445
0.004031067
0.003904118
0.003970593
0.003968142
0.003700375
0.003614827
0.003590022
0.003567597
0.003562706
0.003561641
0.00356344
0.003563702
0.003564253
0.003566986
0.003573464
0.003583203
0.003590322
0.003587375
0.00356495
0.003523629
0.003477507
0.003466884
0.003550032
0.003790574
0.004210653
0.004724971
0.005102886
0.00528126
0.005283592
0.005351951
0.005490448
0.005425318
0.005233041
0.004871214
0.004465578
0.004172545
0.003997124
0.003774011
0.003565883
0.003471169
0.003351564
0.003173743
0.002970091
0.002828472
0.00265843
0.002381447
0.002126585
0.001779591
0.001351471
0.001044575
0.0009648468
0.0009852126
0.001040412
0.00110386
0.001095139
0.0009450244
0.0005739891
-4.096898e-06
-0.0006467655
-0.001124841
-0.001447237
-0.001524899
-0.00158425
-0.001746682
-0.002051704
-0.002453153
-0.00275709
-0.002662761
-0.002414928
-0.002256072
-0.00240272
-0.002580436
-0.003054799
-0.003432651
-0.003724477
-0.003906709
-0.004156974
-0.004281457
-0.004287447
-0.004296196
-0.004305767
-0.004343788
-0.004385338
-0.004410408
-0.004352419
-0.004158306
-0.003783059
-0.003288835
-0.002845501
-0.002448708
-0.002055512
-0.001813363
-0.001615386
-0.001251421
-0.000664058
3.700656e-06
0.0004314439
0.0007383348
0.0009364405
0.0009704683
0.000959535
0.0009412001
0.0009373807
0.0009560919
0.001001585
0.001056909
0.001094311
0.001063437
0.0009163409
0.0006244212
0.0002326717
-9.835392e-05
-6.683945e-05
0.0004420505
0.0009415071
0.001005975
0.0007856926
0.0003330742
-0.0002360272
-0.0006040107
-0.0004340485
9.346492e-05
0.0004567126
0.0004912969
4.612891e-05
-0.0005897301
-0.001120465
-0.001517893
-0.001644702
-0.001668994
-0.001669358
-0.001657058
-0.001653855
-0.001673237
-0.001698229
-0.001731169
-0.001776171
-0.001816864
-0.001844286
-0.001859867
-0.001857098
-0.001811302
-0.001711721
-0.001562041
-0.001417563
-0.001410862
-0.001711403
-0.001899317
-0.002135214
-0.002501732
-0.002876993
-0.003152947
-0.003554006
-0.003618056
-0.00329112
-0.002623443
-0.002237042
-0.00242352
-0.002955885
-0.003674207
-0.004239612
-0.004691867
-0.004838016
-0.004880094
-0.004909105
-0.004921082
-0.004895488
-0.00482289
-0.004689647
-0.00450978
-0.004368203
-0.004377432
-0.004310074
-0.004300237
-0.004200396
-0.004172511
-0.004078053
-0.003726194
-0.003463963
-0.00333373
-0.003324289
-0.003115014
-0.002810271
-0.002683835
-0.002577871
-0.002334268
-0.001884695
-0.001274726
-0.0007284887
-0.0002478949
7.229677e-05
0.0002505396
0.0006236991
0.0009957051
0.001588355
0.002127066
0.002369777
0.002411612
0.002375417
0.002336872
0.002340204
0.002416289
0.002580753
0.002814695
0.003027701
0.003088318
0.003137976
0.003158727
0.003236449
0.003655295
0.004239619
0.004756871
0.00503087
0.005026075
0.004793552
0.004336393
0.00374689
0.003257613
0.002921767
0.002722632
0.002500531
0.002339138
0.002310983
0.002314297
0.002321609
0.00231334
0.00226706
0.002160667
0.001994206
0.001812448
0.001712025
0.001601399
0.001372401
0.001327244
0.001552071
0.00177208
0.001714505
0.001312527
0.00084966
0.0004497259
6.932211e-05
-0.0001431683
-0.0001567611
-0.0002070272
-0.0004491018
-0.0009567542
-0.001676543
-0.002351404
-0.002708923
-0.002826033
-0.002915536
-0.003074043
-0.003302076
-0.003536776
-0.003861369
-0.004321996
-0.004694092
-0.004949197
-0.004898481
-0.004482558
-0.003997459
-0.00356117
-0.003131722
-0.002868467
-0.002823827
-0.00279026
-0.002661991
-0.002411171
-0.002102294
-0.001912817
-0.001974899
-0.002042054
-0.002113077
-0.002398082
-0.002553567
-0.002332693
-0.001949388
-0.00166429
-0.001674378
-0.001797053
-0.00187937
-0.001760877
-0.001405128
-0.001178357
-0.001067689
-0.0009850223
-0.0006844509
-0.0004141875
-0.0003738039
-0.0003501088
-0.0002285291
9.999092e-05
0.0006452617
0.00127519
0.00178157
0.002149027
0.002259775
0.002259503
0.002205078
0.002094451
0.001943544
0.001765877
0.001661355
0.001753597
0.002045933
0.002218113
0.002320611
0.002326901
0.002127083
0.001694982
0.001066109
0.0004777979
0.0003578623
0.0007348029
0.00122256
0.001879793
0.002099549
0.002142927
0.002144493
0.002111518
0.002076652
0.00204873
0.002057692
0.002057452
0.002066715
0.002048113
0.002027798
0.002025094
0.002032666
0.002035313
0.002029619
0.002036443
0.002080826
0.002164854
0.002279168
0.002369654
0.002332145
0.002080954
0.002006647
0.002034609
0.002112012
0.002234389
0.002328408
0.002282233
0.002010529
0.001949054
0.002038559
0.002230853
0.002507837
0.002707925
0.002634805
0.002548922
0.002636775
0.002574942
0.00255421
0.002269312
0.001948397
0.001903468
0.001930635
0.001897321
0.00172132
0.001333743
0.0007335837
5.946533e-05
-0.0003560534
-0.0004939561
-0.000664289
-0.001010376
-0.001572025
-0.002221491
-0.002626373
-0.002761013
-0.002916835
-0.003222539
-0.003709364
-0.004257901
-0.0045646
-0.004674662
-0.004913055
-0.004986178
-0.005036604
-0.005167976
-0.005359931
-0.005546435
-0.005609407
-0.005812414
-0.005852513
-0.005775318
-0.005708323
-0.005716716
-0.005833687
-0.005640284
-0.005498984
-0.005188546
-0.004814605
-0.004647975
-0.004589623
-0.004580837
-0.004584292
-0.004572928
-0.004496935
-0.00432372
-0.004031718
-0.003682139
-0.003397613
-0.003023748
-0.00249471
-0.002272899
-0.002253145
-0.00225215
-0.002185598
-0.00195534
-0.001509455
-0.0009088688
-0.0003653146
9.356087e-05
0.0003312584
0.0003858044
0.0002677915
-5.170226e-05
-0.0001824462
-1.897066e-05
0.0001244299
0.0002431417
0.0003772208
0.0004791742
0.0004711367
0.0002747003
0.0001522072
0.0001224553
0.0001250032
0.00014645
0.0001648481
0.0001613292
0.0001474292
0.0001471395
0.0001604737
0.0001842088
0.000211421
0.0002264592
0.0002340218
0.0002380278
0.0002395288
0.0002393158
0.0002397726
0.0002428809
0.0002517766
0.0002667895
0.0002853427
0.0002968327
0.0002843721
0.000225253
0.0001038458
-7.422566e-05
-0.0002467812
-0.0003118198
-0.0004421914
-0.0007908754
-0.001064467
-0.001182604
-0.001358552
-0.001427524
-0.001418211
-0.001397458
-0.001361583
-0.001324114
-0.001287156
-0.001267914
-0.001252166
-0.001234278
-0.001203448
-0.001160557
-0.001102062
-0.00101668
-0.0008972558
-0.0007707615
-0.0006766183
-0.0006646806
-0.0004975199
-0.0002563163
-0.0001464219
-4.692518e-05
0.0001308497
9.592904e-05
-0.0001805469
-0.000565174
-0.0005831028
-0.0002349414
0.0003263596
0.0008856714
0.001076695
0.001052346
0.0009927776
0.001020867
0.001230534
0.001367358
0.001378154
0.001242515
0.0008981734
0.0003707702
-0.0001548296
-0.0003311634
-0.0002619948
-8.707765e-05
0.0001425685
0.000617881
0.001153442
0.001372818
0.001403679
0.001363079
0.001291921
0.001241001
0.001272891
0.001446726
0.001795632
0.002273714
0.002687793
0.002717272
0.002515261
0.002320361
0.002337698
0.002528283
0.002757615
0.002865639
0.002891759
0.002890509
0.002867548
0.002837514
0.002802741
0.00276803
0.002732579
0.002704537
0.002693226
0.002693763
0.00269358
0.002681183
0.002658882
0.002632317
0.002603714
0.002579891
0.002566081
0.002548955
0.002531469
0.002520435
0.002499601
0.002470967
0.002443783
0.002427705
0.002434827
0.002472099
0.002533679
0.002589815
0.002573428
0.002420642
0.002322059
0.002281979
0.00225816
0.002252041
0.00225277
0.002251728
0.002233329
0.002204364
0.002173436
0.002152618
0.002154009
0.002187229
0.002247989
0.002310642
0.002310421
0.00218212
0.002094282
0.002054179
0.002023743
0.002005151
0.001990077
0.0019775
0.001961959
0.001943884
0.001922358
0.001920226
0.001959902
0.002055132
0.002165087
0.002232957
0.002386631
0.002513798
0.002622308
0.002729823
0.002776209
0.002875355
0.002906101
0.002878433
0.002835944
0.002783478
0.002732656
0.002692143
0.002657724
0.002634593
0.002611533
0.002563812
0.002464861
0.002293347
0.002054343
0.001796366
0.001626002
0.001495407
0.001377131
0.001323491
0.001395049
0.00146747
0.001552157
0.001684972
0.001817773
0.001867901
0.001877705
0.001889465
0.001890491
0.001835752
0.001675887
0.00156906
0.001513096
0.0014775
0.001460497
0.001437024
0.001372606
0.001219295
0.0009438188
0.0005670651
0.0002150642
8.198714e-05
-2.72495e-05
-0.0002085654
-0.0004686747
-0.0007764524
-0.0009939676
-0.001126764
-0.00129853
-0.001536867
-0.001792632
-0.00193698
-0.00198543
-0.002086375
-0.002090371
-0.002060278
-0.002050983
-0.002080898
-0.002193037
-0.002377439
-0.002587126
-0.002711006
-0.002761603
-0.002691663
-0.002621517
-0.002641458
-0.002638634
-0.00268888
-0.002658791
-0.00258341
-0.002513566
-0.00248476
-0.002543601
-0.002538335
-0.002509122
-0.002476279
-0.002437393
-0.002400535
-0.002370918
-0.002353871
-0.002350099
-0.002352825
-0.002346044
-0.002296471
-0.002186575
-0.002167113
-0.002218388
-0.002309814
-0.00239961
-0.002378671
-0.002317499
-0.002388291
-0.00241003
-0.002354623
-0.002341633
-0.002289124
-0.002285228
-0.002266758
-0.002295601
-0.002281612
-0.002245224
-0.002208365
-0.002162163
-0.00212033
-0.002074272
-0.002030987
-0.00199166
-0.001947845
-0.001901053
-0.001854098
-0.001808294
-0.001766788
-0.001730636
-0.001688401
-0.001627455
-0.001537567
-0.001418282
-0.001294319
-0.001206896
-0.001109985
-0.00108828
-0.001138889
-0.001209664
-0.001176825
-0.001024719
-0.0008388367
-0.0006813739
-0.0005548385
-0.0004235462
-0.0003112549
-0.0002511507
-0.0002232878
-0.0002059886
-0.0001395485
-6.196435e-05
-2.605618e-06
8.47071e-05
0.0002052336
0.0003325342
0.0004269842
0.0004921978
0.0005103592
0.0005123761
0.0005106857
0.0005062077
0.0005005986
0.0004942734
0.0004901712
0.0004947228
0.0005168004
0.0005640214
0.00063349
0.000704193
0.0007616142
0.0008170329
0.0008486194
0.0008455928
0.0008299957
0.0008102338
0.0007920861
0.0007850458
0.0007988614
0.0008409376
0.0009065255
0.0009719316
0.001017318
0.001036911
0.001026961
0.001006753
0.0009832032
0.0009577911
0.0009327542
0.0009086352
0.0008881059
0.000879592
0.0008898387
0.0009185455
0.0009563576
0.000979323
0.000971751
0.0009621477
0.0009707616
0.0009700015
0.0009504985
0.000927706
0.0009057808
0.0008854635
0.0008659056
0.0008433828
0.0008116866
0.0007643777
0.0006988452
0.0006234546
0.0005618323
0.0005231912
0.0004861735
0.0004567146
0.0004398045
0.0004255948
0.0004115531
0.0003972616
0.0003829005
0.0003690523
0.0003564827
0.0003454548
0.0003354021
0.0003242769
0.0003086695
0.0002844261
0.0002487821
0.0002042921
0.0001610274
0.0001193095
7.935826e-05
3.660618e-05
-9.793243e-06
-4.313188e-05
-5.656309e-05
-5.862664e-05
-5.696256e-05
-5.452901e-05
-5.346511e-05
-5.562131e-05
-6.207923e-05
-7.256313e-05
-8.438641e-05
-9.083182e-05
-8.332898e-05
-7.244268e-05
-7.199735e-05
-9.287182e-05
-0.0001237462
-0.0001420731
-0.0001382877
-0.0001226095
-0.0001012237
-8.272288e-05
-8.026566e-05
-8.703777e-05
-9.838623e-05
-0.0001072977
-0.0001038032
-9.577062e-05
-8.765222e-05
-8.390849e-05
-8.883283e-05
-8.799858e-05
-8.514482e-05
-8.234141e-05
-7.906771e-05
-7.595838e-05
-7.29255e-05
-6.996577e-05
-6.651324e-05
-6.205004e-05
-5.579718e-05
-4.727699e-05
-3.825378e-05
-3.2636e-05
-3.248481e-05
-3.075884e-05
-2.517224e-05
-2.140137e-05
-1.549984e-05
-5.463387e-06
2.714646e-06
4.15874e-06
3.962263e-06
4.419426e-06
6.491804e-06
1.117734e-05
1.762829e-05
2.326058e-05
2.641926e-05
2.780325e-05
2.834075e-05
2.845592e-05
2.586051e-05
2.199213e-05
1.736048e-05
1.248018e-05
8.521621e-06
3.629374e-06
-1.501274e-06
-5.896236e-06
-9.57806e-06
-1.123189e-05
-1.212752e-05
-1.167283e-05
-1.0202e-05
-1.074535e-05
-1.556457e-05
-1.975312e-05
-2.305789e-05
-2.575148e-05
-2.626119e-05
-2.593053e-05
-2.553432e-05
-2.291388e-05
-2.114704e-05
-1.952808e-05
-1.880595e-05
-1.880655e-05
-1.887577e-05
-1.908065e-05
-1.92644e-05
-1.949296e-05
-1.965719e-05
-1.976338e-05
-1.984471e-05
-1.998369e-05
-2.013609e-05
-2.033047e-05
-2.050783e-05
-2.067388e-05
-2.078509e-05
-2.088312e-05
-2.100216e-05
-2.126681e-05
-2.177248e-05
-2.260826e-05
-2.368713e-05
-2.472128e-05
-2.510578e-05
-2.439203e-05
-2.330974e-05
-2.295732e-05
-2.291006e-05
-2.319476e-05
-2.382966e-05
-2.455595e-05
-2.529849e-05
-2.580281e-05
-2.622386e-05
-2.662213e-05
-2.698573e-05
-2.733498e-05
-2.767078e-05
-2.802987e-05
-2.847131e-05
-2.906389e-05
-2.960208e-05
-3.002498e-05
-3.043661e-05
-3.092474e-05
-3.154418e-05
-3.210519e-05
-3.261417e-05
-3.311633e-05
-3.360124e-05
-3.408433e-05
-3.45675e-05
-3.505724e-05
-3.554965e-05
-3.604649e-05
-3.654244e-05
-3.703849e-05
-3.75314e-05
-3.802551e-05
-3.853064e-05
-3.905748e-05
-3.960524e-05
-4.016367e-05
-4.070135e-05
-4.119288e-05
-4.16486e-05
-4.207948e-05
-4.251521e-05
-4.297464e-05
-4.346784e-05
-4.39735e-05
-4.447887e-05
-4.49809e-05
-4.547382e-05
-4.596443e-05
-4.645654e-05
-4.694733e-05
-4.743478e-05
-4.792013e-05
-4.840427e-05
-4.88905e-05
-4.937745e-05
-4.986195e-05
-5.034412e-05
-5.082337e-05
-5.12985e-05
-5.176977e-05
-5.223692e-05
-5.270023e-05
-5.315956e-05
-5.361509e-05
-5.40667e-05
-5.451451e-05
-5.495845e-05
-5.539859e-05
-5.583489e-05
-5.62674e-05
-5.66961e-05
-5.712099e-05
-5.754207e-05
-5.795934e-05
-5.837278e-05
