-0.0003183294
-0.0003177208
-0.0003170958
-0.0003164422
-0.0003157657
-0.0003150458
-0.0003142478
-0.0003133745
-0.0003124625
-0.0003113607
-0.0003103367
-0.0003094525
-0.0003085061
-0.0003082237
-0.0003095241
-0.0003122916
-0.0003145622
-0.0003154315
-0.0003156685
-0.000313109
-0.0003062543
-0.0003009807
-0.000300924
-0.0003041882
-0.000314293
-0.0003244772
-0.0003259173
-0.0003116412
-0.0002947867
-0.0002734951
-0.0002358809
-0.0001826172
-0.0001231268
-8.73065e-05
-0.0001060627
-0.0001606573
-0.0001901358
-0.00020794
-0.0002185548
-0.0002141289
-0.0002048675
-0.0002079151
-0.0002672434
-0.0003243692
-0.000286738
-0.0003403524
-0.0004690609
-0.0005442387
-0.0006209976
-0.0007063396
-0.0008216911
-0.0008176154
-0.0006445281
-0.0004998653
-0.000386107
-0.0001813413
0.0002101787
0.0006196963
0.0008064189
0.0008476311
0.00052286
0.0002526799
6.411061e-05
-4.629984e-06
0.0003113185
0.0005441764
0.0005659044
0.0002353363
-0.0001134258
-0.0001528779
-8.044257e-06
8.953494e-05
7.202577e-05
1.262094e-05
-1.223005e-05
-5.615631e-05
-0.0004877254
-0.001001231
-0.001549878
-0.001887862
-0.001825924
-0.001242807
-0.0007217139
-0.0004285956
-0.0001671122
-0.0002084319
-0.0002239372
-0.0002654454
-0.0001171736
9.55332e-05
-6.83146e-05
-0.0002029647
-0.00054289
-0.0003881124
0.0002335855
0.001193232
0.002141905
0.002768414
0.002936541
0.002761371
0.002046984
0.001426338
0.001159953
0.001474804
0.001933108
0.002038296
0.001883157
0.001764888
0.001686937
0.0009620095
0.000151087
-0.0003745947
-0.0005860142
-0.0009797286
-0.001799059
-0.002444589
-0.002863965
-0.002617125
-0.001707185
-0.001061022
-0.0006456122
-4.745926e-05
0.0005104741
0.001540521
0.002426434
0.002565788
0.002471648
0.003448515
0.005115367
0.005765142
0.003872668
0.0007795363
-0.001141459
-0.00165744
-0.001877512
-0.001755955
-0.001952646
-0.001993649
-0.001748753
-0.001703406
-0.002435267
-0.003766758
-0.005127423
-0.006170792
-0.006347718
-0.004984804
-0.003599868
-0.00288119
-0.002104582
-0.0002776044
0.002790539
0.004819805
0.005166581
0.003707524
0.001684462
0.000427536
0.0003824256
0.0009851083
0.001971841
0.003071374
0.003506296
0.003273903
0.002922444
0.002406761
0.002452079
0.001611221
-0.0007462435
-0.002578116
-0.003906147
-0.004599201
-0.004368047
-0.002604484
0.0001654294
0.002293021
0.003257449
0.003293839
0.002975428
0.002333718
0.00193599
0.001967529
0.001492209
0.0008226222
0.0004094316
-0.0009610673
-0.003152317
-0.005600265
-0.007405656
-0.007708295
-0.006395582
-0.003759645
-1.965255e-05
0.004212463
0.008267369
0.01127875
0.01219753
0.01175402
0.01155772
0.01260309
0.01370839
0.01309526
0.01057818
0.00852939
0.007117285
0.006488298
0.006637447
0.006970075
0.007652114
0.008047141
0.007032276
0.004308433
0.0003454718
-0.003186676
-0.004963105
-0.005670766
-0.006744508
-0.009027483
-0.01099529
-0.01265133
-0.01355679
-0.01328749
-0.01120466
-0.007256293
-0.00256265
0.002238644
0.005937822
0.008210691
0.008811935
0.007809474
0.006142251
0.004010167
0.001448924
-0.001312674
-0.003883816
-0.005101951
-0.005496196
-0.005079813
-0.00453535
-0.004361577
-0.00327587
-0.001818869
0.000193834
0.002442911
0.004503626
0.005297836
0.004996652
0.004650866
0.004754094
0.00485014
0.003792752
0.0009514046
-0.003974614
-0.01112132
-0.01850968
-0.02555527
-0.03096862
-0.03351163
-0.03474332
-0.03500384
-0.03336568
-0.0297659
-0.02184785
-0.005101354
0.0184684
0.04295785
0.06201732
0.06436691
0.04974761
0.03308348
0.02537253
0.02590996
0.02717711
0.02455459
0.01867072
0.0111587
0.004623854
0.000841748
0.0001244127
0.000289909
-0.004540986
-0.01620895
-0.03105422
-0.04487132
-0.05490954
-0.06173917
-0.06604319
-0.06516316
-0.05571867
-0.03827052
-0.01650865
0.003224595
0.0162585
0.02359888
0.02714447
0.0270688
0.02494131
0.02471479
0.02766904
0.03570478
0.04799935
0.05600487
0.04996244
0.02977817
0.008356414
-0.002561418
-0.0004920054
0.00703499
0.008106198
-0.002166392
-0.01868806
-0.03135955
-0.03453335
-0.03003348
-0.02412574
-0.01987169
-0.01711419
-0.014069
-0.00910237
-0.002516162
0.00502944
0.0126661
0.01778124
0.01812097
0.01165608
-0.0002483344
-0.01267642
-0.02347521
-0.02904337
-0.02628513
-0.01660342
-0.005039432
0.004636465
0.008644106
0.008428223
0.008445325
0.01121869
0.01653917
0.01988595
0.01700679
0.007651029
-0.002913484
-0.009637242
-0.009940395
-0.004531223
0.001827744
0.005816255
0.005076307
-0.0007387706
-0.008504804
-0.01386646
-0.01432088
-0.01238253
-0.01150383
-0.01211964
-0.01274103
-0.01399073
-0.01728395
-0.0219253
-0.0260263
-0.02775455
-0.02503614
-0.01518679
0.00103038
0.02081784
0.03972231
0.05473607
0.06604166
0.07428212
0.07897979
0.07761351
0.07050965
0.0599816
0.04865757
0.03715252
0.02758315
0.02058089
0.01426151
0.007099358
-0.00171686
-0.01290656
-0.02603966
-0.03940474
-0.04833231
-0.05112766
-0.04855774
-0.04138871
-0.03240591
-0.0244093
-0.01768951
-0.01277455
-0.009263575
-0.00775129
-0.006780834
-0.00521649
-0.003242472
-0.002115696
-0.003401369
-0.007946074
-0.01534063
-0.02160167
-0.02414957
-0.02333341
-0.02000936
-0.01473041
-0.006292968
0.005371256
0.01750898
0.02794169
0.03553687
0.04023916
0.0421033
0.04070015
0.03547305
0.02640329
0.01430986
-0.0006859793
-0.01740917
-0.03700496
-0.05654944
-0.07084053
-0.07819762
-0.07850981
-0.0747242
-0.06878446
-0.06240969
-0.05620688
-0.05015468
-0.04340895
-0.03389912
-0.02034128
-0.003008392
0.01449734
0.03052676
0.04313671
0.05022783
0.05313437
0.05351116
0.05131525
0.04789325
0.04420791
0.04039217
0.03690954
0.03349326
0.02989749
0.02531178
0.0209473
0.01885429
0.01863587
0.01891403
0.01693114
0.01027002
-0.0002873998
-0.01177627
-0.02167644
-0.02909454
-0.03440104
-0.04036558
-0.04844027
-0.05739112
-0.06617339
-0.07348657
-0.07702206
-0.07432846
-0.06435345
-0.04905206
-0.0302148
-0.0103962
0.006743084
0.0207868
0.03060256
0.03693835
0.04099936
0.04274292
0.04169134
0.03788697
0.03231329
0.02515464
0.01779911
0.01242716
0.01016081
0.01052262
0.01254415
0.01610326
0.01928182
0.01970045
0.01712483
0.01261444
0.007552612
0.002916534
-0.001514551
-0.006562169
-0.01236183
-0.01736197
-0.02044787
-0.02024718
-0.01530777
-0.005592428
0.0070953
0.01867061
0.02524364
0.02480284
0.01753154
0.007110438
-0.003246357
-0.01158617
-0.0182932
-0.02238413
-0.02293448
-0.01939918
-0.01116673
0.0002031593
0.01177168
0.02096854
0.02509333
0.02408881
0.021168
0.01951024
0.01888303
0.01643215
0.01283753
0.0104383
0.009851552
0.01117886
0.01348923
0.01321977
0.006556757
-0.005321238
-0.01879674
-0.03186291
-0.0423477
-0.04883118
-0.05141751
-0.05142657
-0.04790288
-0.03938794
-0.02624212
-0.01010487
0.007338582
0.02334595
0.03697196
0.04781574
0.05575263
0.06116301
0.06214396
0.05847824
0.05243197
0.04570797
0.03775477
0.02916211
0.02079691
0.01346246
0.009093229
0.007793197
0.009036726
0.01180887
0.0150635
0.01859695
0.02065175
0.01960101
0.01676652
0.01381232
0.01235916
0.01371138
0.01797989
0.02293025
0.02418688
0.01976419
0.01159051
0.002557841
-0.006442898
-0.01607729
-0.02636054
-0.03650973
-0.04406617
-0.04830702
-0.05023313
-0.05007443
-0.0482609
-0.04427091
-0.03815068
-0.03149417
-0.02568851
-0.02103176
-0.01610144
-0.01028644
-0.00326022
0.003816724
0.0078186
0.007253839
0.002740201
-0.00335654
-0.008478082
-0.0124179
-0.01602852
-0.0190963
-0.02147763
-0.02357939
-0.02574278
-0.02709941
-0.02725762
-0.02593604
-0.02200345
-0.01511771
-0.005239866
0.00625632
0.01768594
0.02790156
0.03574294
0.04035078
0.04102703
0.03849251
0.03397937
0.02692342
0.01904889
0.01253953
0.007540205
0.00400844
0.001350761
0.0003285863
0.0003770581
-0.000896516
-0.006467468
-0.01564989
-0.02622503
-0.03731265
-0.0460933
-0.05002426
-0.04922653
-0.04448862
-0.0373143
-0.0289591
-0.02049852
-0.01258552
-0.00376248
0.005663042
0.01347458
0.01748812
0.01668885
0.01311881
0.008737688
0.005738528
0.004584849
0.005184503
0.007379679
0.01080631
0.01462472
0.01838656
0.01981607
0.01702196
0.00940068
-0.001286132
-0.01262691
-0.02305861
-0.03107498
-0.03570923
-0.03841017
-0.03959923
-0.0390892
-0.03774609
-0.03578202
-0.03202978
-0.02674225
-0.02181143
-0.01878409
-0.01815452
-0.01808682
-0.01776248
-0.0163031
-0.01216692
-0.005658562
0.001707931
0.00872321
0.01531993
0.0213239
0.02571181
0.02790973
0.02714457
0.02368984
0.02010063
0.01729963
0.01412284
0.01070468
0.008839601
0.009500277
0.01297224
0.01890132
0.02570547
0.03122765
0.03438485
0.03551174
0.03538373
0.03353812
0.03102569
0.02939777
0.02787092
0.02422649
0.01863651
0.01268371
0.006901658
0.002973635
0.001494509
0.001144945
0.0003163723
-0.003015
-0.009375391
-0.01777881
-0.02607298
-0.03187172
-0.03622277
-0.0390822
-0.04067985
-0.04170438
-0.04122342
-0.03754695
-0.03048983
-0.02076135
-0.009773216
0.002883828
0.01711044
0.03002269
0.03914167
0.04430681
0.04721629
0.04914547
0.0506994
0.05125352
0.05063612
0.04978333
0.04805262
0.04440849
0.03939002
0.03405523
0.02960585
0.02649415
0.02525993
0.02503428
0.02471688
0.02514404
0.02613117
0.02690558
0.02718059
0.02685657
0.02747066
0.02981006
0.03429567
0.03956997
0.04386831
0.04731508
0.04920045
0.05022965
0.05116591
0.05069016
0.04597997
0.0360491
0.02139989
0.0008982818
-0.02607922
-0.05992784
-0.09645186
-0.1312393
-0.161145
-0.1840409
-0.1999889
-0.2094299
-0.2128617
-0.2107745
-0.2029583
-0.1875961
-0.1660628
-0.1402996
-0.1130836
-0.08670245
-0.06027375
-0.03402763
-0.007775173
0.01964456
0.04837753
0.07950073
0.1077305
0.130578
0.1477516
0.1591491
0.1661569
0.1677585
0.1620524
0.1508224
0.1363295
0.1201222
0.1025892
0.08459932
0.06934728
0.05623395
0.0448543
0.03396912
0.02220683
0.009872308
-0.002811078
-0.01354661
-0.02091191
-0.02417459
-0.02323006
-0.01892849
-0.01298895
-0.006168532
0.001590933
0.009559585
0.0161694
0.02033888
0.02221219
0.02174441
0.01862375
0.01265116
0.004114405
-0.006416827
-0.0186145
-0.03177212
-0.0449211
-0.0557153
-0.06343213
-0.06973838
-0.0758541
-0.08316356
-0.08922718
-0.09200945
-0.09225247
-0.09005893
-0.08656735
-0.08265959
-0.07942068
-0.07752268
-0.07559396
-0.07246325
-0.0679627
-0.06242999
-0.05505334
-0.04515649
-0.0336381
-0.02106939
-0.006854316
0.00782124
0.02135761
0.03192086
0.03919524
0.04484213
0.04970373
0.05402323
0.0562026
0.05449319
0.04976852
0.04301112
0.03548499
0.02760882
0.02045463
0.01593327
0.01421423
0.01458612
0.01587425
0.01740276
0.02051258
0.0270061
0.03564151
0.0439013
0.05097275
0.05560763
0.05594217
0.05164713
0.04570101
0.04119782
0.03876822
0.03785577
0.03694557
0.03558603
0.03437086
0.03273323
0.02975999
0.02515102
0.01838707
0.009026009
-0.001036256
-0.009808662
-0.01660873
-0.02109601
-0.02314959
-0.02130861
-0.01647728
-0.00971896
-0.0005073465
0.01127558
0.02476534
0.03802662
0.0501384
0.06057022
0.06826037
0.07261054
0.07420476
0.07317034
0.07020169
0.06594153
0.0610848
0.05670002
0.05313884
0.05034671
0.04833891
0.0480703
0.04944628
0.05149615
0.05460741
0.05927755
0.06444267
0.06982762
0.07503536
0.07982111
0.08499222
0.0900914
0.09401696
0.09701799
0.0982278
0.09620482
0.0908478
0.08382847
0.07587589
0.06596637
0.05192784
0.03478258
0.01558677
-0.004844354
-0.02561563
-0.0457682
-0.06302671
-0.07828834
-0.091673
-0.1019319
-0.1090283
-0.1136162
-0.1162191
-0.1181025
-0.1183985
-0.1169268
-0.1156455
-0.1147892
-0.1141174
-0.1129155
-0.1101665
-0.1072664
-0.1042808
-0.100168
-0.09430578
-0.08644102
-0.07471118
-0.05676593
-0.03405561
-0.008975401
0.01524377
0.03502602
0.05018858
0.05999985
0.06502221
0.06371723
0.05713209
0.04800319
0.03879493
0.02936218
0.02004973
0.01236524
0.007490534
0.004895813
0.004285519
0.004355448
0.003435853
0.0002248648
-0.005252384
-0.01296858
-0.02255464
-0.03229699
-0.04049172
-0.0461529
-0.04883643
-0.04926434
-0.0479266
-0.04516117
-0.04138348
-0.03726137
-0.03418069
-0.03461222
-0.03885907
-0.04445046
-0.05013084
-0.05558785
-0.05967671
-0.06233412
-0.06407418
-0.06435045
-0.06253345
-0.05796884
-0.05072104
-0.04074535
-0.02818291
-0.01520304
-0.002583343
0.008909457
0.01915815
0.02735265
0.03242054
0.03463542
0.03638123
0.03948185
0.04508479
0.05206999
0.05957478
0.06692488
0.07325049
0.07855632
0.08237376
0.08537764
0.08708089
0.08673537
0.08426068
0.08038148
0.07491077
0.06872182
0.0628679
0.05703897
0.05239406
0.04796661
0.0437968
0.04045539
0.03801198
0.03543821
0.03060813
0.02352894
0.01396922
0.002370089
-0.009518847
-0.02178318
-0.03383247
-0.04610176
-0.0578373
-0.06697709
-0.07284008
-0.07557082
-0.07682966
-0.07798206
-0.07819505
-0.07622747
-0.07262349
-0.06831917
-0.06376478
-0.05922956
-0.0558749
-0.05409068
-0.05387811
-0.0538129
-0.0532045
-0.05317822
-0.05379991
-0.05506827
-0.05660772
-0.05805963
-0.0590617
-0.05855423
-0.05661544
-0.05455179
-0.05138538
-0.04646081
-0.03934418
-0.0310468
-0.02313113
-0.01630359
-0.01124578
-0.007418475
-0.004908214
-0.003437133
-0.003869036
-0.0058016
-0.009181564
-0.01433036
-0.02058943
-0.027134
-0.03230499
-0.0355721
-0.03752799
-0.03722457
-0.03586525
-0.03445432
-0.03192059
-0.02877597
-0.02518337
-0.02085479
-0.01654609
-0.01188706
-0.007306071
-0.003384389
-0.0004255509
0.001866136
0.003881198
0.006130054
0.007448451
0.007577676
0.008720744
0.0104611
0.01188652
0.01363952
0.01503297
0.01561076
0.01574153
0.01456056
0.01189788
0.009439786
0.008284461
0.006670069
0.00352528
-0.000913971
-0.0052722
-0.00869687
-0.01116561
-0.011814
-0.01139926
-0.0102099
-0.006675798
-0.0009779905
0.005815879
0.01303301
0.01847726
0.01995745
0.01595963
0.007164243
-0.003270878
-0.01225574
-0.01844445
-0.02211007
-0.02409713
-0.02618691
-0.02746933
-0.02596036
-0.02127922
-0.01233482
-4.844958e-05
0.01190921
0.02192723
0.03111415
0.0401448
0.04924117
0.05731656
0.0640825
0.06915318
0.0723794
0.0742605
0.07480351
0.07478918
0.07486867
0.07477881
0.07313895
0.06888173
0.06117116
0.04988243
0.03723735
0.0230014
0.008588656
-0.00319741
-0.01152651
-0.01651439
-0.01841473
-0.01706395
-0.01328418
-0.008005643
-0.000694838
0.007837267
0.01575608
0.02101652
0.02296394
0.02243941
0.02099013
0.01978152
0.01892424
0.0183025
0.01781245
0.01672683
0.01473567
0.01154623
0.006985753
0.001010168
-0.006306315
-0.01432801
-0.02144918
-0.02704241
-0.03145579
-0.03433856
-0.03592389
-0.0365579
-0.03586663
-0.03337828
-0.02874004
-0.02310472
-0.01695819
-0.01179398
-0.007723708
-0.003090075
0.001282684
0.004762182
0.006988019
0.008882968
0.01063896
0.01191847
0.01231308
0.01250603
0.01355242
0.01527685
0.01730672
0.0195208
0.02090301
0.02097721
0.02054597
0.02078968
0.02154923
0.02144727
0.02128767
0.02155678
0.02160794
0.0223604
0.02388877
0.02555425
0.02698818
0.02824342
0.02855615
0.02647823
0.02139083
0.01238044
0.0006503815
-0.01255135
-0.02476955
-0.0346482
-0.04196727
-0.04610747
-0.04819096
-0.04734716
-0.0435273
-0.03777147
-0.02929319
-0.01871173
-0.008686484
-0.0006617974
0.003847116
0.0060619
0.00741888
0.007306811
0.005437577
0.002033428
-0.001653636
-0.005300033
-0.008651644
-0.01195715
-0.01621326
-0.02068629
-0.02501871
-0.02769003
-0.02834894
-0.02661021
-0.02194961
-0.01546064
-0.007920397
-0.001032179
0.003648671
0.00667449
0.008362574
0.008857432
0.008478156
0.006866076
0.004731492
0.002331616
-0.0005796352
-0.004415961
-0.008403022
-0.01097367
-0.01251399
-0.01331528
-0.01385231
-0.01344459
-0.01247274
-0.01242552
-0.01202797
-0.0100508
-0.007275161
-0.003435172
0.00204145
0.0091475
0.01766773
0.02685703
0.03465378
0.03988522
0.04237454
0.04227373
0.0398367
0.03550817
0.02937413
0.02164605
0.01183698
0.001476163
-0.007345753
-0.01384403
-0.01742958
-0.0171222
-0.01332941
-0.00620373
0.002664344
0.01179965
0.0196019
0.02460433
0.02740493
0.02807127
0.02646308
0.02207986
0.01576591
0.008067956
0.0005371387
-0.004101592
-0.006543774
-0.007652796
-0.006993436
-0.004210687
0.001125716
0.008950068
0.01819978
0.02802715
0.03653087
0.04394517
0.05078543
0.0571486
0.06324688
0.06786067
0.07093773
0.07198004
0.07131427
0.06917767
0.06653866
0.06413933
0.06043897
0.0554521
0.05002588
0.0450721
0.04035207
0.0360808
0.0328004
0.03057698
0.02918368
0.02634491
0.02166137
0.0164621
0.01114568
0.005670763
0.0005473136
-0.003047784
-0.005103276
-0.005650787
-0.005047515
-0.003752452
-0.003094863
-0.001255079
0.002010218
0.005613721
0.009019957
0.01071321
0.009788816
0.007461261
0.004377539
-0.0001624335
-0.005836356
-0.01118188
-0.01491519
-0.01817927
-0.02198317
-0.02584815
-0.0296849
-0.03325756
-0.03706521
-0.04134789
-0.04579837
-0.05013694
-0.05434029
-0.05872924
-0.06379221
-0.06874833
-0.0728665
-0.07588961
-0.07823846
-0.07980111
-0.08050696
-0.08165199
-0.08380621
-0.08587564
-0.08842437
-0.09087483
-0.09303269
-0.09472079
-0.09561659
-0.09453987
-0.09116456
-0.08758007
-0.08402525
-0.07882925
-0.07293426
-0.06608725
-0.05919858
-0.0526038
-0.04591127
-0.03953151
-0.03288753
-0.02506779
-0.01675569
-0.008350523
-0.002395557
0.0002356245
0.0007888911
0.0002092405
-0.0001961192
-0.0004435621
-0.0004509485
0.0004447755
0.002061154
0.00378767
0.006007242
0.009435325
0.01326921
0.0177923
0.02265444
0.02790668
0.03423379
0.04062565
0.04530672
0.04636831
0.04322079
0.03861673
0.0334329
0.02856556
0.02409306
0.0205209
0.01767774
0.01454556
0.01312666
0.01310695
0.0139426
0.01606355
0.01886821
0.02090517
0.0220723
0.02388141
0.02675538
0.02926251
0.03084908
0.03260724
0.03463812
0.036872
0.03830852
0.0394847
0.03902543
0.03772762
0.03712226
0.0360437
0.03408043
0.0308272
0.02716932
0.02416978
0.02176772
0.01982453
0.01694317
0.013227
0.009213296
0.005735974
0.002942606
-0.0002371769
-0.003046071
-0.00541697
-0.00781539
-0.009308554
-0.01052101
-0.009920292
-0.007042674
-0.003573305
-0.0006009391
0.002497953
0.005555774
0.007450084
0.007027265
0.004940542
0.001787621
-0.0008173928
-0.002549957
-0.003249918
-0.003654159
-0.003381202
-0.002123721
-0.0004400075
0.001792611
0.004444601
0.006600113
0.008292923
0.007248269
0.00295842
-0.002904668
-0.00982422
-0.01777055
-0.02552238
-0.03184076
-0.03709095
-0.04230204
-0.04691392
-0.0507332
-0.0539187
-0.05507337
-0.05490861
-0.05493761
-0.05403275
-0.05080706
-0.04537505
-0.03802167
-0.02938364
-0.01957305
-0.009011178
0.002208783
0.01325673
0.02200967
0.02736647
0.02959227
0.02940413
0.02811145
0.02686961
0.02547605
0.02440312
0.02427634
0.02454986
0.02448049
0.02304222
0.02061674
0.01808904
0.0154695
0.01263199
0.008576785
0.002934086
-0.003234998
-0.008872254
-0.01292536
-0.0153555
-0.01635664
-0.01591425
-0.01521569
-0.01515042
-0.01442353
-0.01296333
-0.01062655
-0.00783512
-0.005350093
-0.002771523
0.0006771173
0.005646543
0.01160704
0.01747489
0.02233793
0.02621786
0.02948638
0.03239562
0.03524708
0.0377409
0.04057782
0.04411464
0.04798327
0.05140766
0.0529203
0.05243357
0.04985879
0.04502635
0.03912231
0.03343974
0.02814225
0.02223425
0.01518787
0.007631181
0.0003017749
-0.006698392
-0.01357558
-0.01986369
-0.02427154
-0.02618757
-0.02581321
-0.02366876
-0.02088062
-0.01894357
-0.01861739
-0.0193449
-0.02151775
-0.02494191
-0.02873412
-0.03259869
-0.03604765
-0.0393973
-0.042655
-0.04453092
-0.04570898
-0.04680382
-0.04728001
-0.0473068
-0.04720161
-0.04653084
-0.04472345
-0.04345834
-0.04267697
-0.04059621
-0.03664452
-0.03072959
-0.02396663
-0.01697053
-0.0109199
-0.00661722
-0.003079742
-0.0003138771
0.0007952556
9.752878e-06
-0.002220106
-0.004490529
-0.00636054
-0.007939649
-0.008733246
-0.009289129
-0.009934146
-0.01008671
-0.008141068
-0.003797746
0.001275874
0.006760124
0.01219621
0.01768297
0.02298539
0.02679451
0.02878137
0.02996715
0.03185294
0.03394989
0.03618068
0.03894067
0.04215053
0.04649221
0.0506618
0.05367416
0.0567246
0.06006455
0.06298755
0.06418181
0.06369099
0.06154744
0.05788337
0.05398157
0.04905508
0.04351576
0.03689576
0.03047642
0.02297447
0.01379399
0.003166173
-0.00729151
-0.01488907
-0.02042061
-0.02490811
-0.02780457
-0.03005028
-0.03214048
-0.03392416
-0.03548477
-0.03714207
-0.04003694
-0.04293386
-0.04463565
-0.04626656
-0.0481514
-0.04974546
-0.05035888
-0.05009533
-0.04897545
-0.04648628
-0.04186119
-0.03607846
-0.0316009
-0.02782666
-0.02454011
-0.02236709
-0.02045137
-0.01932306
-0.01998768
-0.02163652
-0.0224426
-0.02218135
-0.02223697
-0.02192824
-0.01981022
-0.01567183
-0.01005412
-0.003413281
0.003405302
0.00960281
0.01566702
0.0216181
0.02695869
0.03092892
0.03430637
0.03725261
0.03926842
0.0402345
0.03940744
0.03699036
0.03458988
0.03260315
0.03095073
0.02923393
0.02832272
0.02879459
0.03082344
0.03338957
0.03648965
0.0396448
0.04219366
0.04400343
0.0459487
0.04789872
0.04933448
0.04977783
0.04939789
0.04760939
0.04357688
0.03944272
0.0366475
0.03451607
0.03205923
0.02861385
0.02322147
0.01603299
0.008916695
0.003495443
-0.00174972
-0.007581669
-0.01362136
-0.01908967
-0.02302749
-0.02582525
-0.02716341
-0.02760831
-0.02703278
-0.02522798
-0.02174879
-0.01685013
-0.01080487
-0.004785517
3.716712e-05
0.00270973
0.004158557
0.005754182
0.007123254
0.008190838
0.008888062
0.009628419
0.009979313
0.00990428
0.009810494
0.01018336
0.01142495
0.01275666
0.01313816
0.01283508
0.01256572
0.01263074
0.01382154
0.01706239
0.02079957
0.02375594
0.0264009
0.02995624
0.03442896
0.03905413
0.04305157
0.04599279
0.04814682
0.04937767
0.04958576
0.04944711
0.04886102
0.04714594
0.04489376
0.04192616
0.03793309
0.03315317
0.02835831
0.02430584
0.0202519
0.01617475
0.01173188
0.00871164
0.007958214
0.007859627
0.007232697
0.005558374
0.003957685
0.002689565
0.0009863559
-0.0007131173
-0.002583847
-0.004727067
-0.006449149
-0.007783108
-0.009526299
-0.01179992
-0.01367217
-0.01495097
-0.01568533
-0.01578456
-0.01566949
-0.01569598
-0.01580867
-0.01508203
-0.01437152
-0.01530438
-0.01719583
-0.01945295
-0.0215662
-0.02393515
-0.02621073
-0.02733653
-0.02723766
-0.02687171
-0.02644281
-0.02539441
-0.02301038
-0.01934389
-0.01546892
-0.01201268
-0.009270752
-0.006718474
-0.003923226
-0.001392181
0.0002501161
0.001000409
0.001001185
0.0004138398
-0.0008353897
-0.002811059
-0.005941013
-0.009688288
-0.01284436
-0.01538193
-0.01788035
-0.02024406
-0.02193718
-0.02236304
-0.02202122
-0.02189809
-0.02157388
-0.02053485
-0.01839705
-0.01630341
-0.01490324
-0.0138993
-0.01328525
-0.01312661
-0.0127929
-0.01393664
-0.01792254
-0.02351583
-0.02827477
-0.03212555
-0.03623644
-0.0405915
-0.04438919
-0.04726564
-0.04918927
-0.04992713
-0.04987118
-0.04979225
-0.04997783
-0.05017492
-0.04963904
-0.04828099
-0.04773191
-0.04792537
-0.04832806
-0.04829488
-0.0476106
-0.04706999
-0.04645705
-0.04528504
-0.04370533
-0.04154272
-0.03872274
-0.03574443
-0.03293225
-0.03030302
-0.0282623
-0.02739428
-0.02696141
-0.02634891
-0.02540756
-0.02450366
-0.0236078
-0.0217354
-0.01877979
-0.01556415
-0.01205454
-0.007514238
-0.002010296
0.003089403
0.007352285
0.01182997
0.01583283
0.01873664
0.02055858
0.0218488
0.02313337
0.02392546
0.02402723
0.0237876
0.02305596
0.02247237
0.02248377
0.02274002
0.02293849
0.02355177
0.02412215
0.02417487
0.02396754
0.02376714
0.02302783
0.02162719
0.01995705
0.01769773
0.01482977
0.01186975
0.008867209
0.004697644
0.0006201166
-0.001613994
-0.002496968
-0.003339921
-0.004088197
-0.004400503
-0.004423216
-0.004515142
-0.005412712
-0.00698659
-0.008618946
-0.01009053
-0.0121223
-0.01486225
-0.01711509
-0.01834161
-0.01856725
-0.01826379
-0.01731897
-0.01516587
-0.01200996
-0.00726432
-0.0008492899
0.005576789
0.0109135
0.01509732
0.01876256
0.02225298
0.02582503
0.02859128
0.03075799
0.0322441
0.03308794
0.03423909
0.03479424
0.03519372
0.0355155
0.03563949
0.03564338
0.03606993
0.03767022
0.03890637
0.03891867
0.03841807
0.03820451
0.03837867
0.0384058
0.03727433
0.03459752
0.03130162
0.02834877
0.02578232
0.02320402
0.02041399
0.0174616
0.01431165
0.01087492
0.007992448
0.005193868
0.002767091
0.0003546589
-0.002459383
-0.005693112
-0.009203505
-0.01204014
-0.01500305
-0.01799958
-0.02007693
-0.02111399
-0.02130236
-0.02099408
-0.02029356
-0.01971287
-0.01867258
-0.01655132
-0.01440487
-0.01316493
-0.01305962
-0.01319072
-0.01230027
-0.01017863
-0.007341879
-0.004619203
-0.001181516
0.003391675
0.008309463
0.01184082
0.01388637
0.01477847
0.01489975
0.0145602
0.01324358
0.010706
0.007659128
0.005117369
0.003627348
0.002941333
0.002838874
0.00285959
0.002735555
0.002865231
0.003916396
0.005241213
0.005658192
0.004352938
0.00119498
-0.001365736
-0.002500641
-0.002887794
-0.00290395
-0.002252672
-0.0004055064
0.002181365
0.005874272
0.01025423
0.01426668
0.01751363
0.02044047
0.02245194
0.02343156
0.02357817
0.02383301
0.02475637
0.02577046
0.02695844
0.02867129
0.0309341
0.03278341
0.03437219
0.03636517
0.03788856
0.03818193
0.03783708
0.03700155
0.03517111
0.03296266
0.03043648
0.02834805
0.02686857
0.02449201
0.02181181
0.01905486
0.01588406
0.01186685
0.007390275
0.002684717
-0.00229065
-0.006539759
-0.009820926
-0.01310565
-0.01601589
-0.01788341
-0.01915252
-0.02048864
-0.02175964
-0.02221905
-0.02204139
-0.02154384
-0.02044392
-0.0193071
-0.0190203
-0.01933019
-0.01923625
-0.01798803
-0.01611425
-0.01413549
-0.01172307
-0.00824474
-0.003687325
6.727271e-05
0.002297701
0.003153613
0.003436663
0.004146018
0.004860616
0.004803117
0.003911984
0.002984748
0.001879517
0.0008603983
-5.604051e-05
-0.001130459
-0.001418707
-0.002350567
-0.004310079
-0.006043254
-0.007817879
-0.01009573
-0.0134976
-0.01727917
-0.02096182
-0.02396983
-0.02654721
-0.02886077
-0.03028805
-0.03055835
-0.03033086
-0.03025322
-0.03044657
-0.03066611
-0.03072628
-0.03061212
-0.02964146
-0.02798229
-0.02681925
-0.02576879
-0.02404268
-0.02176452
-0.01993908
-0.01910885
-0.01921531
-0.01951066
-0.01999334
-0.02153005
-0.02381657
-0.02562334
-0.02639338
-0.0266637
-0.02714308
-0.02662714
-0.02501831
-0.02332894
-0.02109007
-0.01915302
-0.01790248
-0.01629703
-0.0145604
-0.01344753
-0.01291212
-0.01236476
-0.01161643
-0.01025407
-0.008102481
-0.004799444
-0.0004826214
0.004427242
0.009412801
0.01375308
0.01722848
0.01999657
0.022703
0.0251908
0.02648745
0.02644678
0.02517441
0.02297003
0.01985917
0.01578867
0.01236983
0.009638965
0.00686381
0.003984475
0.001627722
8.982332e-05
-0.001056594
-0.001768163
-0.00198093
-0.002537003
-0.003428165
-0.004299064
-0.004410564
-0.004272346
-0.00460049
-0.004946734
-0.005093522
-0.005695302
-0.007023003
-0.007961539
-0.00738634
-0.00614701
-0.005116652
-0.004016446
-0.002166516
8.796698e-05
0.002304342
0.003783312
0.005015719
0.006166792
0.006546984
0.006468183
0.006940962
0.007796861
0.008179002
0.008019367
0.007177281
0.005714869
0.00423766
0.003494502
0.003033864
0.002016752
0.001039158
0.0007955339
0.001070124
0.001898812
0.003275472
0.00476405
0.006139119
0.007463698
0.008772307
0.008692953
0.007188873
0.006051727
0.00540846
0.004578897
0.003807758
0.002435834
0.001780404
0.001442035
0.0004412901
-0.0003088963
0.000338407
0.001335261
0.001557196
0.001300385
0.001621345
0.001628845
0.001193699
0.0009620086
0.001044491
0.001190627
0.001221331
0.001354353
0.002721188
0.004309609
0.005943633
0.00687453
0.006567998
0.004625779
0.002320158
0.0007078386
-0.0009511065
-0.002805167
-0.005186529
-0.008057681
-0.01038657
-0.0123945
-0.01419662
-0.01562654
-0.01641633
-0.01775418
-0.01901355
-0.01929095
-0.0189995
-0.01881642
-0.01892356
-0.01911281
-0.01897758
-0.01795881
-0.0163204
-0.01468751
-0.01334545
-0.01214404
-0.01063123
-0.008599111
-0.0072671
-0.006628944
-0.006474552
-0.006526187
-0.006714394
-0.007353591
-0.007826767
-0.007590958
-0.006397062
-0.004930492
-0.004185195
-0.003549563
-0.002143922
3.831515e-05
0.001688502
0.003309392
0.004993275
0.006732601
0.008885797
0.01106616
0.01352578
0.01616996
0.01833095
0.02033809
0.02216718
0.02345814
0.02376761
0.02356245
0.02346887
0.02295472
0.02113899
0.01909668
0.01762827
0.01651449
0.01559587
0.01492477
0.01415578
0.01377335
0.0137843
0.01383896
0.01414543
0.01526107
0.01685246
0.01803082
0.01752098
0.01516639
0.01251039
0.01001649
0.007542055
0.004878643
0.002353604
0.0006153016
-0.0006197717
-0.001617278
-0.002013768
-0.001974118
-0.001597793
-0.001192456
-0.00166436
-0.002274075
-0.002388019
-0.001844584
-0.001178515
-0.001213198
-0.0007115776
0.0004261602
0.001348838
0.002029734
0.002533511
0.003562129
0.00514513
0.006793547
0.008248842
0.009890025
0.01205805
0.01360299
0.0144223
0.01533445
0.01599509
0.01725957
0.0181052
0.01776037
0.01627121
0.01486273
0.01398108
0.01249717
0.01069115
0.009116988
0.007457405
0.005299377
0.003407753
0.002021548
0.0007672586
-0.0006068005
-0.001770034
-0.002459836
-0.003144651
-0.003824025
-0.004308951
-0.003881647
-0.003340301
-0.002957865
-0.002378257
-0.001743547
-0.0006392461
0.0009005843
0.002796777
0.00503252
0.006808459
0.008042268
0.009235155
0.01100326
0.0130609
0.01420949
0.01503808
0.01626488
0.0175515
0.0180154
0.01781737
0.0175813
0.01757804
0.01774946
0.01789331
0.01786729
0.01809696
0.01921437
0.02089924
0.02280377
0.02492059
0.02631483
0.02643359
0.02603299
0.02591218
0.02548144
0.02373053
0.02134239
0.01897148
0.01735555
0.0159227
0.01388193
0.01191217
0.01034416
0.008903478
0.007000284
0.004226194
0.001575014
0.0004564215
0.0007686233
0.0007629296
-0.0006134742
-0.002206417
-0.003110638
-0.003966093
-0.004736282
-0.004534914
-0.004034209
-0.004416336
-0.005004845
-0.005210207
-0.005529368
-0.006652538
-0.008275069
-0.009427161
-0.009948943
-0.01083329
-0.0123114
-0.01393669
-0.01496483
-0.01546716
-0.01602892
-0.01675964
-0.01760957
-0.0183669
-0.01904811
-0.01924289
-0.01916212
-0.01956789
-0.02045425
-0.02129681
-0.02156777
-0.02087832
-0.01986686
-0.018576
-0.01671358
-0.01410189
-0.01206326
-0.01132579
-0.01019008
-0.008416396
-0.006681415
-0.005150589
-0.00429156
-0.003362961
-0.002461795
-0.00265691
-0.004165389
-0.005552762
-0.006671308
-0.007770863
-0.008996681
-0.01099014
-0.01296655
-0.01385802
-0.0136633
-0.01330103
-0.01326154
-0.01295505
-0.01233097
-0.01149493
-0.0108349
-0.01077564
-0.01092397
-0.01038785
-0.009546988
-0.00981366
-0.01080299
-0.01132387
-0.01176077
-0.01278119
-0.01369174
-0.01384243
-0.01358522
-0.01350843
-0.0142554
-0.01572614
-0.01618914
-0.01531205
-0.01405106
-0.01326932
-0.01273071
-0.0116754
-0.01015703
-0.008585492
-0.007079605
-0.00520285
-0.003616301
-0.002137713
-0.0002827148
0.001389998
0.00221868
0.002751858
0.003933663
0.00557824
0.006589921
0.006566675
0.006196526
0.006095115
0.006281252
0.00647643
0.006615364
0.007161993
0.007085213
0.006470465
0.005964385
0.004657533
0.003465491
0.003333606
0.0038392
0.004758351
0.005412631
0.005993483
0.006368065
0.006372711
0.006276365
0.006324627
0.006418784
0.006352155
0.005522435
0.003880297
0.001503744
-0.0006008177
-0.002015049
-0.003799917
-0.005809405
-0.007451001
-0.00881371
-0.01015935
-0.01159166
-0.01310641
-0.01459445
-0.01599814
-0.0173692
-0.01880086
-0.02016115
-0.02087104
-0.02146282
-0.02195349
-0.02212649
-0.02185745
-0.02082189
-0.01950981
-0.01878439
-0.0180625
-0.01677198
-0.01536917
-0.01460207
-0.01404864
-0.01373257
-0.01390981
-0.01493595
-0.01630558
-0.0168554
-0.01656889
-0.01599179
-0.01518064
-0.01477764
-0.01450991
-0.01302012
-0.01088954
-0.009134973
-0.007668015
-0.005505361
-0.002787517
-0.0004801917
0.001584218
0.003283344
0.004655875
0.006033961
0.007521075
0.008815706
0.009495
0.01029422
0.01145306
0.01210872
0.01234104
0.01329847
0.01463948
0.01550879
0.0164439
0.01781041
0.01938319
0.02057549
0.02080791
0.02052009
0.02036397
0.01983125
0.01834954
0.01713435
0.0161384
0.01527315
0.01463918
0.01356416
0.01234361
0.01189243
0.01209401
0.01199565
0.01079973
0.009636372
0.009996141
0.01084586
0.01145925
0.01205851
0.01226748
0.01213035
0.01165528
0.01050146
0.009304717
0.00867546
0.007836583
0.006093085
0.003301218
0.0004776482
-0.001246662
-0.002217011
-0.003639097
-0.005994873
-0.007826938
-0.008767348
-0.009575104
-0.00943704
-0.009309776
-0.009751738
-0.009678492
-0.009288429
-0.00877914
-0.007711171
-0.006538885
-0.005833764
-0.005236543
-0.005004974
-0.005110868
-0.005851626
-0.007424089
-0.008592188
-0.009231718
-0.009609013
-0.01025615
-0.01070578
-0.0111032
-0.01155173
-0.01121141
-0.01068783
-0.0105554
-0.01041775
-0.009406941
-0.008086466
-0.007293914
-0.006758434
-0.006247035
-0.005442917
-0.004973292
-0.004697247
-0.004400525
-0.004751026
-0.005523201
-0.00644631
-0.00709266
-0.007714348
-0.008016024
-0.007959645
-0.007818216
-0.007810954
-0.007586127
-0.00684828
-0.006379118
-0.006084562
-0.005419222
-0.004648857
-0.00351169
-0.002054108
-0.0002262636
0.002350713
0.004705601
0.005992974
0.007783282
0.0099894
0.01159844
0.01334194
0.01540198
0.01771352
0.01950741
0.02082047
0.02209842
0.02320452
0.02357958
0.02377094
0.0244687
0.02501996
0.02507739
0.02458986
0.02402743
0.02510769
0.02743933
0.02889676
0.02931244
0.02910494
0.02922867
0.0304811
0.03202539
0.03250793
0.03212575
0.03175245
0.03145408
0.03052552
0.02900379
0.02708741
0.02485799
0.02307986
0.02147353
0.01910899
0.016379
0.01410009
0.01206227
0.01045987
0.009128827
0.008050421
0.007006462
0.005096239
0.003077073
0.001567631
0.0003688725
-0.0009207756
-0.002380667
-0.004229093
-0.006546485
-0.00877903
-0.01124771
-0.01372649
-0.01582549
-0.01753072
-0.01840389
-0.01963053
-0.02154976
-0.02290055
-0.02394013
-0.02484604
-0.02548903
-0.02619941
-0.0269195
-0.02775372
-0.0280952
-0.02797441
-0.02814413
-0.02930403
-0.03070217
-0.03114949
-0.03081431
-0.03048612
-0.03052061
-0.030738
-0.0305225
-0.02930753
-0.0279125
-0.02685667
-0.02558288
-0.02461991
-0.02355599
-0.02245823
-0.02167997
-0.02065891
-0.0195441
-0.01879886
-0.01748724
-0.0155272
-0.01393381
-0.01186229
-0.009709296
-0.008308644
-0.006338949
-0.003407731
-0.0005564048
0.001523375
0.003398917
0.004689391
0.00529912
0.005958272
0.006411645
0.007159176
0.008740847
0.009987535
0.01067015
0.01104395
0.01199573
0.01359073
0.01530102
0.01642835
0.01686291
0.01734266
0.01768374
0.01744527
0.01660949
0.01582504
0.01479866
0.01340667
0.01224367
0.01198452
0.01194145
0.01161877
0.01184771
0.01252615
0.01307667
0.01291216
0.01274753
0.01228223
0.01197256
0.01170213
0.01105106
0.01030546
0.009185578
0.007716728
0.006533112
0.006337502
0.006675603
0.00684922
0.006704835
0.006491945
0.006735016
0.007282385
0.007679467
0.008826051
0.009624107
0.0095658
0.009204081
0.009125442
0.009309077
0.009480276
0.009497217
0.008756472
0.007015959
0.005724653
0.004800345
0.00369034
0.001937441
-0.0001267963
-0.001583473
-0.002878848
-0.004075453
-0.005950802
-0.007566294
-0.008251682
-0.008688817
-0.009263782
-0.01019058
-0.01071574
-0.01067301
-0.01047669
-0.01043462
-0.0101903
-0.009412404
-0.008602556
-0.007846374
-0.007219619
-0.006507284
-0.005783465
-0.005006396
-0.004286089
-0.004030412
-0.00419809
-0.003826606
-0.003416363
-0.003756364
-0.004703641
-0.005160889
-0.004953354
-0.004644756
-0.00459819
-0.004719738
-0.004367747
-0.003083706
-0.001817836
-0.001549836
-0.001489446
-0.0009620648
-0.0009697097
-0.001717417
-0.002170016
-0.002060232
-0.001771487
-0.001672983
-0.001807216
-0.001898547
-0.001447345
-0.0005613628
0.0003208204
0.00149587
0.002946077
0.004404453
0.005742579
0.006651513
0.007266966
0.00836694
0.009974521
0.01164023
0.01306965
0.01434614
0.01523151
0.01537652
0.015216
0.0156175
0.01657169
0.01704123
0.01646822
0.01537091
0.0144657
0.01340014
0.01205043
0.01014918
0.007456759
0.004880595
0.003277701
0.001783924
-0.0002588279
-0.002123296
-0.003125883
-0.003609632
-0.004636742
-0.006229019
-0.007489714
-0.008132194
-0.009026605
-0.01001834
-0.01081483
-0.01191583
-0.01294744
-0.01366616
-0.0142691
-0.01444837
-0.01481338
-0.01604205
-0.01769344
-0.01830364
-0.01746216
-0.01714143
-0.01758887
-0.01795825
-0.01846396
-0.01867479
-0.01851
-0.01783526
-0.01653489
-0.01588893
-0.01699545
-0.01811022
-0.01813098
-0.01805799
-0.01806069
-0.01811764
-0.01816513
-0.01773096
-0.01684808
-0.01602049
-0.01534665
-0.01475172
-0.01405959
-0.01377761
-0.01383255
-0.01391129
-0.01388014
-0.01375844
-0.01368156
-0.0136651
-0.0132019
-0.01188155
-0.0102223
-0.008721775
-0.007445474
-0.006611091
-0.005617941
-0.003699276
-0.002128553
-0.001343232
-0.000350763
0.00101865
0.001351656
0.0001170723
-0.0005821846
6.6263e-05
0.0008896228
0.001569016
0.001463335
0.000597582
-0.0004181741
-0.0009880903
-0.0008987693
-0.0006448284
-0.0005972987
-0.0007366362
-0.0008096385
-0.0002536173
0.0005483863
0.0008717954
0.001230268
0.001220387
0.000658482
0.0003347017
0.0003172213
-0.0006345956
-0.002085857
-0.002664983
-0.003029312
-0.004079342
-0.005091542
-0.005314013
-0.005123614
-0.00547943
-0.00573576
-0.00529664
-0.004365568
-0.003536299
-0.002787317
-0.001677765
-0.0007699335
-2.820814e-05
0.001167251
0.002741693
0.004293103
0.005728978
0.00758276
0.009218861
0.01067546
0.01184891
0.01211282
0.01187763
0.01173016
0.01185783
0.01198361
0.01144174
0.01061942
0.01033969
0.01053226
0.01073275
0.01078766
0.01128522
0.01207429
0.01289659
0.01354062
0.01429781
0.01607748
0.01785897
0.01878569
0.01911789
0.01960476
0.0203049
0.02063709
0.02053068
0.01983689
0.01908131
0.01887963
0.01855564
0.01791239
0.01701746
0.01620811
0.01544276
0.01425851
0.01275515
0.01127977
0.01050252
0.01047421
0.0100345
0.009247061
0.008340777
0.008437039
0.009175141
0.009513863
0.009236604
0.008357337
0.008213029
0.008210734
0.007838895
0.006999648
0.007009439
0.007711241
0.0079738
0.006971345
0.005256064
0.004388322
0.004649062
0.00514198
0.005231656
0.004894992
0.003867198
0.002427908
0.001724518
0.001839556
0.00136354
-5.573096e-05
-0.00116627
-0.001993421
-0.003172808
-0.004676501
-0.006189927
-0.007478411
-0.007990925
-0.007941374
-0.008611302
-0.01014359
-0.01123712
-0.01189391
-0.0121778
-0.01203206
-0.01134292
-0.01141
-0.01213249
-0.01275725
-0.01346514
-0.01405576
-0.01473883
-0.01514726
-0.01534751
-0.01598619
-0.01656421
-0.01686788
-0.01725858
-0.01719612
-0.01721928
-0.01689406
-0.0166999
-0.01738797
-0.01810722
-0.01798891
-0.01695468
-0.01598718
-0.01527542
-0.01506015
-0.01500562
-0.01414055
-0.01246316
-0.01072602
-0.009547001
-0.009053131
-0.00815881
-0.006604262
-0.004902756
-0.003399606
-0.00173598
6.940572e-05
0.00111799
0.001723774
0.002230665
0.002695873
0.002372061
0.002243373
0.003009723
0.004000173
0.004852871
0.005055706
0.005146933
0.006138565
0.007546404
0.008437291
0.009319776
0.01027286
0.01099714
0.01212521
0.01331619
0.01365003
0.01295408
0.01191007
0.01115707
0.01065761
0.01105446
0.01159708
0.01114024
0.01049623
0.01032333
0.01050968
0.01068594
0.01068983
0.01059943
0.0105389
0.01054485
0.01057842
0.01055073
0.009672098
0.008464958
0.00811193
0.007486563
0.006517848
0.005606367
0.004936719
0.00477011
0.004356452
0.003670694
0.00330009
0.002804344
0.002191492
0.001914556
0.001407905
0.000713496
0.0005191089
0.001265312
0.002213407
0.002427817
0.002110643
0.001857939
0.00189636
0.002065549
0.002221718
0.002843083
0.004120368
0.005126477
0.005734603
0.006130391
0.006204312
0.006148987
0.006241748
0.007053718
0.00790671
0.008152284
0.008485318
0.008282323
0.007733598
0.007546805
0.007718553
0.007795283
0.007041824
0.006100452
0.005122385
0.003873809
0.002451049
0.0009911963
-0.000415556
-0.001675308
-0.002435726
-0.003904425
-0.005885279
-0.006828252
-0.006695163
-0.006979593
-0.00765952
-0.007920949
-0.007168843
-0.006330973
-0.006208573
-0.006516362
-0.00671765
-0.006446992
-0.005529077
-0.004660049
-0.003697622
-0.002600661
-0.001710291
-0.0003058214
0.001106868
0.002902287
0.004991405
0.007050632
0.008343149
0.009653511
0.01070402
0.01153614
0.01193475
0.01192518
0.01163381
0.01069551
0.009450569
0.008716795
0.007957115
0.006645992
0.004989551
0.003638161
0.003309135
0.003591817
0.00347189
0.002830721
0.002627998
0.002629966
0.003147742
0.003568695
0.0039111
0.004593632
0.005000147
0.004607466
0.003568473
0.002715397
0.00177034
0.0008276926
0.0005198256
0.0003475124
-0.0003798626
-0.00127646
-0.002147423
-0.002438156
-0.002263449
-0.002096109
-0.002459965
-0.003412626
-0.00398404
-0.003954182
-0.004096122
-0.004347795
-0.004013318
-0.003610452
-0.003084035
-0.00242171
-0.002599534
-0.003126654
-0.003284433
-0.003623138
-0.003823868
-0.003809239
-0.004140697
-0.004944644
-0.005852669
-0.007065551
-0.00806885
-0.008252403
-0.008412844
-0.009077054
-0.009520048
-0.009094665
-0.008112185
-0.007209342
-0.006112324
-0.005198592
-0.004585065
-0.003569178
-0.002477877
-0.001242472
0.0002511009
0.00126358
0.002258551
0.003150632
0.003837462
0.00450018
0.004806602
0.005263607
0.005529422
0.00499852
0.004532871
0.004484402
0.004067929
0.002782264
0.001046388
-0.001024598
-0.002521712
-0.003239678
-0.004139118
-0.005071459
-0.005932687
-0.00663646
-0.007342899
-0.007960098
-0.008112193
-0.007985984
-0.007908352
-0.007968488
-0.008125946
-0.008744957
-0.009542875
-0.01034943
-0.01100674
-0.01165115
-0.01222762
-0.0124405
-0.01291644
-0.01360889
-0.01388611
-0.01377378
-0.01362916
-0.01363492
-0.01372876
-0.01379128
-0.01379012
-0.01379283
-0.0137856
-0.01375097
-0.01373254
-0.0136782
-0.01310881
-0.01227378
-0.01142477
-0.01089603
-0.01090081
-0.01108676
-0.01112622
-0.01101341
-0.01080366
-0.01006094
-0.009355664
-0.00929944
-0.009582101
-0.009689534
-0.009500614
-0.00864382
-0.007915838
-0.007896082
-0.008091548
-0.007470799
-0.006629427
-0.006289908
-0.005787496
-0.005277682
-0.005064217
-0.004468815
-0.003838275
-0.003595965
-0.002937135
-0.001484566
0.0002160515
0.001584271
0.002115876
0.002676694
0.003918953
0.00485485
0.005021766
0.005667143
0.006990204
0.007931791
0.008634882
0.009012102
0.009179467
0.01003682
0.01145529
0.01240761
0.01301423
0.01345422
0.01438793
0.0159471
0.01738712
0.01800841
0.01847966
0.01883264
0.01913872
0.01967575
0.01951182
0.01898582
0.01877558
0.01886469
0.018779
0.01803071
0.01715634
0.01607244
0.0149165
0.01422673
0.01338199
0.01200896
0.01039718
0.008857724
0.007489355
0.006399209
0.005809376
0.004956583
0.0036764
0.00295817
0.003027341
0.003091523
0.002375149
0.001636326
0.001170386
0.0002312425
-0.0009495234
-0.001396787
-0.001178856
-0.0009342728
-0.0012907
-0.002288011
-0.00319076
-0.003896756
-0.00406623
-0.004211781
-0.004912508
-0.00578013
-0.006959508
-0.008061903
-0.00835484
-0.008091825
-0.007894196
-0.007974238
-0.007832683
-0.006757663
-0.005041392
-0.003700726
-0.003510413
-0.003924197
-0.003840336
-0.002904903
-0.002484788
-0.00292855
-0.002857769
-0.002099928
-0.001010377
-0.0002367043
0.0003733548
0.001234413
0.002815359
0.003724652
0.003986664
0.00408044
0.003562327
0.002735796
0.001970111
0.001775761
0.001519955
0.000803151
0.0003418359
-0.0001073589
-0.001236409
-0.002354047
-0.002133855
-0.0009908507
-0.0004329842
-0.0007174563
-0.001153774
-0.001226174
-0.0006613699
-0.0001387346
-0.0001369757
0.0001156519
0.0003586072
0.0003755869
-0.0001335116
-0.0009705746
-0.001307175
-0.001586036
-0.002197728
-0.002537213
-0.002500543
-0.002343578
-0.002336137
-0.002439848
-0.002480163
-0.002451965
-0.002415193
-0.002403781
-0.002411999
-0.002420833
-0.002421119
-0.002416114
-0.00238738
-0.001905965
-0.001015129
-0.0002223981
-3.075008e-05
-0.0007259789
-0.001239289
-0.00116208
-0.000861646
-0.0007288616
-0.0007828886
-0.0004765559
-0.0001301967
-0.0001153509
0.0002334685
0.0005326634
0.0006231578
0.001114854
0.001865
0.002192586
0.002584974
0.003148951
0.003381694
0.003367869
0.003888107
0.004770309
0.005623701
0.006163501
0.006205853
0.006032827
0.006013445
0.006709626
0.007590537
0.007809
0.007547565
0.007272172
0.006719667
0.006007068
0.005176121
0.004009191
0.003114503
0.002378882
0.001253553
0.0002891946
-0.0005310901
-0.001684026
-0.002566612
-0.002714923
-0.002484187
-0.002349515
-0.00241492
-0.001998738
-0.001264297
-0.0009794093
-0.00106792
-0.0006626189
9.84327e-05
0.0004878523
0.0009424114
0.001514842
0.001785919
0.002309501
0.003094313
0.004035
0.004638123
0.004548353
0.003643918
0.00281909
0.002795356
0.003148839
0.003315696
0.003249776
0.002984912
0.002170044
0.001488307
0.001458468
0.001724587
0.001804255
0.001666391
0.001623289
0.002307727
0.003054096
0.003285839
0.003765896
0.004349002
0.004493457
0.004335811
0.004223004
0.004320579
0.004984797
0.004999952
0.004337465
0.003928898
0.004008124
0.004334141
0.005030069
0.004942913
0.004342757
0.00469927
0.005524237
0.005804644
0.005570754
0.005284975
0.005228403
0.005344683
0.005445879
0.005449494
0.005393311
0.005210684
0.004450779
0.003665077
0.002881277
0.002382962
0.002268574
0.00167173
0.0009056416
3.305655e-05
-0.0006481891
-0.001490804
-0.002761371
-0.003662691
-0.004365062
-0.004741154
-0.004736081
-0.004650118
-0.004899629
-0.005589304
-0.005459621
-0.004620478
-0.003567759
-0.003114096
-0.003102086
-0.002407692
-0.001075355
-0.0001006916
0.0008156915
0.001856936
0.002543079
0.003230919
0.003879522
0.004679504
0.005377982
0.006361905
0.007606122
0.008187309
0.007989822
0.007698542
0.007734309
0.007915027
0.008014454
0.008206183
0.008909916
0.009463333
0.009472939
0.009254581
0.009165173
0.00924848
0.009357431
0.009164263
0.00831351
0.007442372
0.00667153
0.006132143
0.00543218
0.004952191
0.004482662
0.003029764
0.001849854
0.001766927
0.002181262
0.002370776
0.002221039
0.002004947
0.001708449
0.0009507833
0.0003997116
0.0004141108
0.0002976142
-0.0004682492
-0.001006578
-0.001333483
-0.001667878
-0.001600682
-0.001931877
-0.002336916
-0.00244818
-0.002675783
-0.003430174
-0.003968089
-0.003965795
-0.003755787
-0.003677323
-0.003761085
-0.003864387
-0.003888016
-0.00350573
-0.00259621
-0.001789691
-0.001123347
-0.0009142587
-0.0007293029
0.0003331607
0.001702234
0.002198984
0.001920069
0.001608477
0.001631428
0.002164919
0.003437733
0.004704008
0.005003902
0.004638277
0.004366298
0.004774739
0.005814222
0.006395292
0.006269538
0.005959298
0.005875267
0.006002243
0.006131475
0.005830776
0.004946504
0.004382435
0.004436696
0.004371134
0.003641184
0.003071241
0.002994593
0.002694897
0.001979695
0.001603541
0.001647093
0.001771042
0.00131807
0.0003700562
-7.048429e-05
6.813367e-05
-9.886331e-05
-0.000425218
-8.606962e-05
0.0003327499
0.0008055869
0.00101346
0.0004479733
-2.690223e-05
-3.877074e-05
0.0001407555
0.0002352046
0.0001682267
-0.0003887174
-0.001690914
-0.002429145
-0.002243298
-0.002797998
-0.003916234
-0.004466637
-0.004415001
-0.005074384
-0.006658468
-0.007471144
-0.007262356
-0.006871273
-0.007283214
-0.008383278
-0.009410199
-0.01009302
-0.01012743
-0.009919906
-0.009857896
-0.009975179
-0.01008243
-0.009639933
-0.008763134
-0.008381212
-0.00854321
-0.008808823
-0.008876501
-0.00919812
-0.009899269
-0.01023439
-0.01012485
-0.01000087
-0.01049244
-0.01142243
-0.01225557
-0.01292571
-0.01305198
-0.01286829
-0.01276993
-0.0128531
-0.01297999
-0.01305291
-0.01347905
-0.01382421
-0.01330987
-0.012783
-0.01273889
-0.01295818
-0.01309396
-0.01305572
-0.01295777
-0.01291215
-0.01293036
-0.01296354
-0.012975
-0.01296553
-0.01295353
-0.01295006
-0.01295322
-0.01295638
-0.01295791
-0.01296311
-0.0125617
-0.01216573
-0.01259758
-0.01309627
-0.01316359
-0.01299407
-0.01333969
-0.01423208
-0.01468628
-0.01455921
-0.01433886
-0.01474456
-0.01567204
-0.01609523
-0.01547172
-0.01392244
-0.01266718
-0.01253542
-0.0121296
-0.01075754
-0.009870099
-0.009038598
-0.007700791
-0.006168285
-0.004593635
-0.003126322
-0.001851895
-0.001415255
-0.0004159856
0.001640729
0.003607517
0.004487725
0.004807572
0.005200653
0.006011053
0.007006908
0.008435692
0.009826878
0.01067692
0.011127
0.01173499
0.012467
0.01275543
0.01266311
0.01244716
0.01177453
0.0105161
0.009613375
0.009601989
0.009943856
0.009968067
0.009121498
0.007521177
0.005829796
0.004493683
0.003944439
0.0040965
0.004310508
0.004119443
0.002699485
0.001001709
0.0005649487
0.001055485
0.001464109
0.001523172
0.0023833
0.003268049
0.003578589
0.003797961
0.003889718
0.003866778
0.003872434
0.003890451
0.003372489
0.002679328
0.002916261
0.003221901
0.002914463
0.00311523
0.003837626
0.004159596
0.003927325
0.00312889
0.002391774
0.002364982
0.003175394
0.003550899
0.003021104
0.003032758
0.003738394
0.004189268
0.004138712
0.003989875
0.004560552
0.005973444
0.007035959
0.007072243
0.006726726
0.007169336
0.008187841
0.009210267
0.009816626
0.009846178
0.01018596
0.01088102
0.01129199
0.0117799
0.01181606
0.01116108
0.01021368
0.00955173
0.009498362
0.009127831
0.007851031
0.006706887
0.006531117
0.006885121
0.006993965
0.006174061
0.005179341
0.004293774
0.003783086
0.003188006
0.002581869
0.001721939
0.001074577
0.001014952
0.001208702
0.001283313
0.001191397
0.001078786
0.001047457
0.001081952
0.001119187
0.001126079
0.001112464
0.001100749
0.001100178
0.001105655
0.001109465
0.001109321
0.001107498
0.001106678
0.001008739
0.0002960238
-0.0004035109
-0.000495286
-0.0002514552
-0.000206732
-0.0009857556
-0.001813254
-0.001958382
-0.001686843
-0.001500264
-0.001551953
-0.001691905
-0.001759799
-0.001735129
-0.001686422
-0.001667515
-0.001784755
-0.002565799
-0.003320218
-0.003413169
-0.00314652
-0.002886977
-0.002194908
-0.001583464
-0.001542542
-0.001773313
-0.001879342
-0.001793971
-0.001669139
-0.001415575
-0.0006850795
-0.0001438817
-0.0001543503
-0.0003794285
-0.0004622348
-0.0001628867
0.0004979663
0.0001353819
-0.00124511
-0.002101973
-0.001966641
-0.001529012
-0.001390493
-0.001558945
-0.001749738
-0.001794173
-0.001955825
-0.002711793
-0.00332841
-0.003353414
-0.003117168
-0.003012272
-0.003096246
-0.003215144
-0.003253481
-0.00322042
-0.003182533
-0.003384158
-0.003949499
-0.003781239
-0.003201939
-0.00322131
-0.004168492
-0.004875064
-0.004846382
-0.004527101
-0.004708001
-0.005293427
-0.005087089
-0.00457528
-0.004394279
-0.004524805
-0.004350653
-0.003550509
-0.003009015
-0.002698013
-0.002061206
-0.001643793
-0.001648277
-0.001461982
-0.0003534722
0.001004761
0.001453271
0.001145617
0.001503921
0.003219868
0.004394636
0.004337837
0.004165297
0.005120063
0.006584071
0.007185133
0.006921459
0.006909961
0.007761733
0.00846152
0.008512491
0.008261222
0.008127561
0.007849101
0.007093645
0.006310876
0.005241097
0.004173098
0.003846837
0.004069534
0.004256164
0.004177355
0.003327128
0.001552546
0.0006128683
0.000539423
0.0002320354
-0.000462724
-0.001429531
-0.001888412
-0.002122714
-0.003103693
-0.004396616
-0.004905702
-0.005054972
-0.005889366
-0.007124188
-0.007661861
-0.007475771
-0.007198503
-0.007190692
-0.007359232
-0.007483041
-0.00748229
-0.007422045
-0.007384676
-0.007390763
-0.007413072
-0.007424431
-0.00742102
-0.007413725
-0.0074112
-0.007390557
-0.006945086
-0.006135629
-0.005792441
-0.005952092
-0.006142989
-0.005705983
-0.004774789
-0.004342041
-0.004502576
-0.004760561
-0.004799578
-0.004626987
-0.003591749
-0.001905387
-0.001242712
-0.001608144
-0.002049302
-0.002054742
-0.001793927
-0.001610938
-0.001649977
-0.001802277
-0.001883311
-0.001884995
-0.00230817
-0.003550958
-0.004719797
-0.004921243
-0.004552319
-0.004345262
-0.004898873
-0.005944057
-0.006828706
-0.007437552
-0.007495579
-0.007300571
-0.007228119
-0.007332393
-0.007459833
-0.007498649
-0.007488144
-0.007951358
-0.009260451
-0.01045348
-0.01059088
-0.009274377
-0.00736508
-0.006770901
-0.007321582
-0.007857121
-0.007834051
-0.007509426
-0.007298586
-0.007274117
-0.006493289
-0.004935552
-0.00423396
-0.004490845
-0.004428101
-0.003168017
-0.001728914
-0.001299926
-0.0007846649
0.0005128265
0.001253021
0.001158707
0.0008825007
0.001335717
0.002815276
0.004136848
0.004322833
0.003872773
0.003601168
0.003720202
0.003960248
0.004063707
0.004013482
0.003930945
0.003902749
0.003924558
0.003951304
0.003956797
0.003946568
0.00393687
0.003935145
0.003938163
0.003940245
0.003939452
0.003937304
0.00393569
0.003935069
0.003934825
0.003934317
0.003933467
0.003932509
0.003931691
0.003930987
0.003930264
0.003929476
0.00392866
0.003927851
0.00392707
0.003926274
0.003925494
0.003924698
0.003923886
0.003923065
0.003922252
0.003921435
0.003920628
0.0039198
0.003918986
0.003918169
0.003917342
0.003916524
0.003892667
0.003443273
0.002631837
0.002288199
0.002447478
0.002635593
0.002164913
0.001174206
0.0007156188
0.0008863918
0.001158379
0.001196723
0.001061865
0.0009481115
0.0009869484
0.001964996
0.003678473
0.0043856
0.00403463
0.003580584
0.003582714
0.004311511
0.005760137
0.006910773
0.006998983
0.006566143
0.006374334
0.007021316
0.008566162
0.009827498
0.009964752
0.009947054
0.01051075
0.01097278
0.01060644
0.009675594
0.009264189
0.009486046
0.01023868
0.01156432
0.0126116
0.01222377
0.01096316
0.01040663
0.01069923
0.01069612
0.009974047
0.009445826
0.009412813
0.009181032
0.008899073
0.009297883
0.009708611
0.009734868
0.009558874
0.009408484
0.008539492
0.00744237
0.008082359
0.009573806
0.01015927
0.009782663
0.009312805
0.009252838
0.009472249
0.009649366
0.009655482
0.009572366
0.009493133
0.009048739
0.008242614
0.007434503
0.006720617
0.006555216
0.006731926
0.006840809
0.00676461
0.006634727
0.006579674
0.00660525
0.006647045
0.00666009
0.006647082
0.006631673
0.006627516
0.006530204
0.005502574
0.003959852
0.003352935
0.003164544
0.002296554
0.001134177
0.0006434474
-0.0001811254
-0.001549408
-0.002269625
-0.003263214
-0.004527989
-0.00504329
-0.005400271
-0.005983544
-0.00683453
-0.007577529
-0.007725362
-0.007530965
-0.007412586
-0.007481834
-0.007605749
-0.007657898
-0.007697728
-0.008340684
-0.009718685
-0.01071953
-0.0107354
-0.01034645
-0.01025447
-0.01105821
-0.01263836
-0.0137248
-0.01375807
-0.01387951
-0.0144595
-0.01492097
-0.01556504
-0.01622051
-0.01636006
-0.01617948
-0.01606222
-0.01611916
-0.01623192
-0.01628208
-0.01626077
-0.01622395
-0.01621201
-0.01628423
-0.0168186
-0.01699711
-0.01645599
-0.01603383
-0.01605818
-0.01626704
-0.01636665
-0.01631539
-0.01616523
-0.01544853
-0.01404093
-0.01302946
-0.01302163
-0.01336437
-0.01291298
-0.01142609
-0.0102099
-0.010107
-0.01049141
-0.01007984
-0.008570863
-0.007320524
-0.007205128
-0.007590196
-0.007147596
-0.005626179
-0.004410796
-0.004322984
-0.00477157
-0.004998887
-0.004861494
-0.00463766
-0.004556368
-0.004613858
-0.004690775
-0.004712464
-0.004624804
-0.003922343
-0.002570931
-0.001647779
-0.001671721
-0.002051871
-0.002185583
-0.00202551
-0.001834406
-0.001785148
-0.001846916
-0.00191092
-0.001922353
-0.001899479
-0.00194141
-0.002583609
-0.003930499
-0.004910559
-0.004926515
-0.004544138
-0.004392795
-0.004546596
-0.00474547
-0.004865961
-0.005451086
-0.006723763
-0.007684853
-0.00772499
-0.00736699
-0.007219128
-0.00736325
-0.007554495
-0.007614291
-0.007557145
-0.007449984
-0.007342775
-0.007296868
-0.00731742
-0.007282859
-0.0066029
-0.005257557
-0.004773179
-0.004905527
-0.004709612
-0.00438783
-0.004207806
-0.004167048
-0.004039974
-0.00283455
-0.001255353
-0.0007525612
-0.001112769
-0.001404256
-0.000678534
0.0009959263
0.002192306
0.002355437
0.003119036
0.004496107
0.005148094
0.005014209
0.004837524
0.005458206
0.006444317
0.006874542
0.006737444
0.006541103
0.006622365
0.007344537
0.008229514
0.00862142
0.009594847
0.01094179
0.01141588
0.01117957
0.01095466
0.01092932
0.009971506
0.008536203
0.007953421
0.007891088
0.008425486
0.009167522
0.00995476
0.01019196
0.009981924
0.009801481
0.009852601
0.01035062
0.01130392
0.01178256
0.01165314
0.01141256
0.01136654
0.01184676
0.01312315
0.01409603
0.01392693
0.01425487
0.01537813
0.01635795
0.01678063
0.01620492
0.01591324
0.01667418
0.01742875
0.01716804
0.0160732
0.0154604
0.01558386
0.01590583
0.01567847
0.01471271
0.01374612
0.01299428
0.01276858
0.01289636
0.01269154
0.01147008
0.01035817
0.01072332
0.01121378
0.01064117
0.009901788
0.009716215
0.0102416
0.01090664
0.0105437
0.00987926
0.009670562
0.009532638
0.008568777
0.007243364
0.00643543
0.005593162
0.004594446
0.004164796
0.004279434
0.004441081
0.00408347
0.003470715
0.003439531
0.003165096
0.00252777
0.001963076
0.0020625
0.001855399
0.00149971
0.001010543
0.0001886952
-0.0002432328
-0.0001474615
5.562594e-05
-0.000243153
-0.001168552
-0.00140937
-0.0008356077
-0.0006080544
-0.0003090159
-0.000413735
-0.0006047123
0.0004899128
0.001171391
7.825639e-05
-0.001609649
-0.002211349
-0.001831136
-0.001395116
-0.001705103
-0.002766677
-0.003417428
-0.00365102
-0.00416735
-0.004587187
-0.004971462
-0.005686357
-0.006460344
-0.006976793
-0.006822543
-0.007038587
-0.007437644
-0.007932201
-0.008721312
-0.009489738
-0.01023904
-0.01051222
-0.01070701
-0.01109026
-0.01084483
-0.01044437
-0.01036553
-0.01051704
-0.01063457
-0.01062107
-0.01057212
-0.01059348
-0.01095965
-0.01147156
-0.01144471
-0.01169293
-0.01201682
-0.01213412
-0.01212489
-0.01210338
-0.01211954
-0.01247369
-0.01298587
-0.01296043
-0.01287989
-0.01206059
-0.01087353
-0.01043432
-0.01070445
-0.01068895
-0.01019008
-0.01002363
-0.009636187
-0.008996668
-0.008164397
-0.007812528
-0.007951174
-0.007820905
-0.007365201
-0.007219562
-0.00651131
-0.005395342
-0.004916576
-0.005071339
-0.004451698
-0.002816721
-0.00154134
-0.001356271
-0.001780293
-0.001074333
0.0002858132
0.0008503662
0.0006127033
0.000738268
0.001966372
0.003357213
0.004180794
0.004618953
0.004199172
0.003680464
0.003725357
0.003965239
0.004160231
0.004107776
0.004431961
0.004305106
0.003954162
0.004284596
0.004334943
0.004493874
0.005206796
0.005151836
0.004683933
0.004469252
0.004175036
0.003946366
0.004443624
0.005329641
0.006145574
0.006260868
0.005563443
0.005030613
0.005574576
0.00623343
0.006380718
0.006602217
0.006803469
0.006314769
0.005911387
0.005972472
0.006199492
0.006258642
0.006133231
0.00601682
0.006003488
0.006078231
0.006166119
0.006185921
0.006153578
0.006096899
0.006070024
0.006086909
0.006104945
0.006139536
0.006154351
0.006144864
0.006132276
0.006129914
0.006134652
0.006167033
0.006679768
0.007476853
0.007819749
0.008208599
0.00872496
0.008937134
0.008897745
0.008830659
0.008908652
0.009488505
0.009664498
0.009169803
0.009286509
0.009562127
0.009746106
0.009548225
0.008987553
0.009292071
0.01017175
0.01051598
0.009751519
0.008694621
0.008406096
0.008693867
0.008973701
0.008990858
0.008743226
0.00799603
0.00722388
0.007014578
0.006683076
0.006094805
0.005717989
0.005143749
0.00441712
0.00365216
0.003537705
0.003613587
0.003279121
0.003433578
0.003506144
0.003079249
0.003263441
0.003461208
0.003049456
0.002672312
0.002646919
0.002793492
0.00287335
0.002711036
0.001438689
-0.0001538706
-0.0005129823
0.0005084672
0.0009015265
0.0001661535
-0.001151769
-0.002065871
-0.002691618
-0.002991642
-0.00290477
-0.002814372
-0.002890333
-0.002983717
-0.003146879
-0.003786104
-0.003756461
-0.003126866
-0.002788066
-0.002906631
-0.003169089
-0.003337808
-0.003876848
-0.003755444
-0.003096174
-0.002783516
-0.002931268
-0.003203478
-0.003401426
-0.004033464
-0.004632781
-0.004704855
-0.004402566
-0.003681255
-0.003765647
-0.004389388
-0.004054522
-0.003325712
-0.00360353
-0.003762141
-0.003489087
-0.004045292
-0.005501026
-0.006421248
-0.0063119
-0.005882747
-0.005757285
-0.005942054
-0.006144119
-0.006415951
-0.007375399
-0.008487018
-0.0082994
-0.00748885
-0.007165447
-0.007173507
-0.00665633
-0.006108843
-0.006047738
-0.006239551
-0.006334501
-0.006271671
-0.006401431
-0.007188363
-0.007841231
-0.007875201
-0.007627886
-0.007512479
-0.007592688
-0.007394838
-0.006946543
-0.006937752
-0.006641387
-0.006308736
-0.006235217
-0.006321933
-0.006384065
-0.006681886
-0.007118153
-0.006770031
-0.00628193
-0.006170029
-0.006293762
-0.006401641
-0.006415309
-0.006059218
-0.005181848
-0.005026353
-0.005658439
-0.005893206
-0.006206354
-0.006402011
-0.006407024
-0.006328667
-0.006288569
-0.006359388
-0.006442063
-0.006461409
-0.006435161
-0.00641159
-0.006411437
-0.00642409
-0.006408254
-0.00595252
-0.00556119
-0.006060769
-0.006600847
-0.006660509
-0.006444662
-0.006303555
-0.00635992
-0.00690608
-0.007764565
-0.008115667
-0.008378539
-0.00854052
-0.008016197
-0.007215881
-0.006941525
-0.008040127
-0.008973851
-0.009024712
-0.009094827
-0.009210755
-0.009280156
-0.009250039
-0.008688798
-0.007888805
-0.007098428
-0.006544714
-0.006502419
-0.006675594
-0.006665644
-0.006010705
-0.005714775
-0.006202806
-0.006105972
-0.00530081
-0.004288353
-0.003618132
-0.003690001
-0.00457937
-0.005415265
-0.004905691
-0.003678144
-0.00257552
-0.001529717
-0.0009283732
-0.0009691732
-0.001078903
-0.0003344512
0.0006293257
0.001568496
0.002020868
0.002027914
0.002463683
0.002550745
0.00278684
0.003349846
0.004261514
0.004882261
0.004862182
0.004611492
0.004530372
0.004642013
0.004768743
0.004798751
0.004756072
0.004819648
0.005472481
0.005572388
0.00564675
0.005986751
0.006192172
0.00633185
0.006994156
0.007620761
0.007736256
0.007534981
0.00743634
0.007523391
0.007641261
0.007665418
0.007805154
0.008319262
0.008344479
0.008567866
0.008956528
0.009328145
0.01005952
0.0105635
0.01056883
0.01035521
0.01027478
0.01039256
0.01050301
0.01053386
0.0106799
0.01116324
0.01118059
0.01117443
0.01077747
0.01065576
0.01107863
0.01089286
0.01043972
0.01026237
0.0103359
0.01039664
0.01004614
0.008833435
0.007812764
0.007934027
0.007911526
0.007968812
0.00828791
0.008226008
0.008193402
0.007682794
0.006611623
0.004983226
0.004210912
0.004097454
0.003661165
0.003221806
0.00308397
0.003133771
0.003174796
0.003146488
0.003097212
0.00307686
0.003087511
0.003127058
0.003582375
0.004418186
0.004780798
0.004585777
0.004337937
0.004301762
0.004013456
0.003780805
0.004248332
0.004218307
0.003417417
0.003344714
0.004641235
0.005608523
0.005076085
0.00426893
0.004092135
0.004387333
0.004646042
0.004651745
0.004522482
0.004436152
0.004444342
0.004491355
0.004516691
0.004509453
0.004494018
0.004518696
0.004578434
0.004578096
0.004542439
0.004533984
0.004110946
0.003734883
0.00422866
0.004758515
0.004814773
0.004601391
0.004462847
0.004495777
0.004591056
0.004636854
0.004619373
0.004585876
0.004573162
0.004581337
0.004590875
0.00456338
0.004533782
0.004561636
0.004564784
0.004512048
0.004475778
0.004509723
0.004584405
0.004614041
0.004541934
0.00401258
0.003174531
0.002831056
0.002589743
0.002442541
0.002885219
0.002831942
0.002410184
0.002231106
0.001813366
0.001101709
0.0002753695
-6.39963e-06
-0.0002658113
-0.0009066545
-0.001290657
-0.001289941
-0.001625034
-0.002863939
-0.003699621
-0.003657535
-0.003771925
-0.00410284
-0.005320841
-0.006327127
-0.006512696
-0.006065745
-0.005451174
-0.005958306
-0.007654459
-0.009443696
-0.01019388
-0.009892426
-0.009459669
-0.009450447
-0.009724319
-0.009995178
-0.01055721
-0.01071315
-0.01063181
-0.0103766
-0.009860249
-0.009649757
-0.009773282
-0.009985843
-0.01051325
-0.01060205
-0.00993568
-0.008894151
-0.00813937
-0.008131653
-0.008442038
-0.008634385
-0.009070869
-0.009161136
-0.009091956
-0.008874849
-0.008441797
-0.008781707
-0.0091438
-0.009336855
-0.009707227
-0.009884293
-0.009826233
-0.009737963
-0.009679681
-0.009158986
-0.008446397
-0.008223746
-0.008302097
-0.007771386
-0.00645494
-0.005900323
-0.006003657
-0.005856287
-0.005619879
-0.005506077
-0.005508885
-0.005475794
-0.004895692
-0.004122055
-0.003891358
-0.004093596
-0.004278589
-0.004255179
-0.00406484
-0.003306812
-0.00198967
-0.001687387
-0.003044391
-0.00440192
-0.004550398
-0.004003158
-0.003654388
-0.003754371
-0.004012777
-0.004134858
-0.004169267
-0.004705757
-0.005402802
-0.005645723
-0.005515868
-0.005369759
-0.005383075
-0.005485418
-0.005552298
-0.005546871
-0.005511047
-0.005490897
-0.00549538
-0.005507717
-0.005513161
-0.00541182
-0.004693534
-0.003991869
-0.003901293
-0.004040903
-0.003419333
-0.002602862
-0.002376226
-0.002583647
-0.002764391
-0.00273729
-0.002614143
-0.002544241
-0.002460666
-0.001790367
-0.001110145
-0.001009494
-0.001237862
-0.001375214
-0.001313162
-0.001190243
-0.00113778
-0.00106521
-0.0002877792
0.001156403
0.001959209
0.001785011
0.001421568
0.001345836
0.001612043
0.002439746
0.002506303
0.001738991
0.0005676937
-9.675595e-05
4.14985e-05
0.0002925234
-0.0003380312
-0.001403281
-0.003027851
-0.003496854
-0.002733676
-0.002144396
-0.002233611
-0.002500518
-0.001968717
-0.00119759
-0.0009683064
-0.00114385
-0.001280289
-0.00125873
-0.001145769
-0.001092096
-0.001079265
-0.0008715776
-0.0003257569
-0.0002983402
-0.0003232439
-0.0005248346
-0.0002008501
0.0003141805
0.0006551499
0.001296171
0.001783324
0.001803682
0.001845736
0.002550457
0.003213389
0.003308745
0.003306547
0.003942853
0.004582351
0.004693954
0.004502248
0.004380486
0.004430137
0.004534979
0.004581236
0.004560299
0.004526568
0.004725296
0.005287065
0.005118451
0.004538983
0.00429999
0.004708718
0.005457811
0.005513249
0.005623503
0.00584467
0.005941995
0.005927049
0.006225471
0.007050714
0.007544981
0.007468184
0.007230762
0.007145655
0.007215605
0.007328546
0.007652748
0.008081769
0.008014843
0.007948511
0.007478391
0.007089161
0.007074797
0.007592547
0.008167078
0.007715748
0.007378706
0.007732253
0.007580523
0.00718545
0.007381906
0.008341524
0.008940352
0.008500345
0.007671198
0.007945428
0.00831643
0.008078664
0.008261092
0.008220093
0.007875259
0.00788013
0.007911769
0.00843141
0.008814904
0.008813855
0.009084564
0.00980197
0.009757683
0.008866479
0.008324871
0.008864231
0.01038492
0.01122282
0.0109554
0.01050248
0.009901906
0.009725579
0.009957173
0.01060764
0.01098812
0.01036986
0.009731173
0.009232411
0.008658485
0.008032499
0.007319319
0.006600345
0.005882096
0.005661667
0.005337157
0.004557208
0.003659043
0.002477454
0.001897374
0.002085811
0.001933629
0.0015785
0.001381366
0.001370994
0.0009600127
0.0001451098
-0.0002250449
-0.0001064256
-0.0003182071
-0.0006625258
-0.0003424664
1.202699e-05
1.607467e-05
-0.0005805096
-0.001478891
-0.00179213
-0.00156493
-0.001321403
-0.001323694
-0.001467178
-0.001566138
-0.001589253
-0.00156259
-0.001498954
-0.00144587
-0.00101118
-0.0001978048
0.0006192745
0.001306655
0.001443797
0.001295432
0.001212382
0.001662617
0.002123666
0.00129016
-6.543237e-05
-0.0005328749
-0.0001925939
0.0001482742
-0.0003300744
-0.001406366
-0.001915926
-0.001732736
-0.001397158
-0.001338899
-0.001959664
-0.002928964
-0.003311331
-0.003448398
-0.004066738
-0.004437937
-0.004424989
-0.004312305
-0.004303467
-0.004348707
-0.004373697
-0.004475453
-0.005105417
-0.005936629
-0.006664959
-0.006632435
-0.005930474
-0.005651767
-0.006402125
-0.007402179
-0.007713633
-0.007472876
-0.007221599
-0.007222597
-0.007369596
-0.007471532
-0.007466845
-0.007414333
-0.007322129
-0.006748192
-0.006018073
-0.005850394
-0.006099105
-0.006282376
-0.006235024
-0.006096664
-0.006025202
-0.006047968
-0.006131577
-0.006198094
-0.006195778
-0.006158232
-0.006197928
-0.006751951
-0.006977557
-0.006416737
-0.005863157
-0.005275956
-0.004781332
-0.00473041
-0.004888774
-0.004946796
-0.004859523
-0.00469109
-0.004081182
-0.003360135
-0.003112395
-0.002740538
-0.002157915
-0.001902484
-0.001971823
-0.002014992
-0.001491661
-0.001238396
-0.001706238
-0.002112668
-0.002114804
-0.00195941
-0.001870934
-0.001903958
-0.001962893
-0.001986795
-0.001961885
-0.001938532
-0.001960756
-0.002013899
-0.002020879
-0.00197124
-0.001906051
-0.001418103
-0.001202742
-0.001150633
-0.0008229909
-0.0006171724
-0.0006290805
-0.0007001464
-0.0006477875
-1.105747e-05
0.0007922521
0.0009780269
0.0007065115
0.0005040157
0.000581465
0.0007372359
0.0007753461
0.0007241442
0.0006748303
0.0006677131
0.0006816892
0.0006567045
0.0006059032
0.0005844998
0.0005939196
0.0006067155
0.0006074239
0.0006567325
0.001133046
0.001347984
0.00132666
0.001120519
0.001159635
0.00155682
0.001312293
0.001018593
0.0008926159
0.001081239
0.001602948
0.001841278
0.001753108
0.002042384
0.002216477
0.002298183
0.002640717
0.002846526
0.002770352
0.002618229
0.002572854
0.002543942
0.002075232
0.001903252
0.002427584
0.003398208
0.003978709
0.003864055
0.003538746
0.003390793
0.00354878
0.004329806
0.004997472
0.00496856
0.004617576
0.00443636
0.004584371
0.005230366
0.005231268
0.004630504
0.004260351
0.004299078
0.00441334
0.004368865
0.00426946
0.004296772
0.004881282
0.005452944
0.005492794
0.005239717
0.00507306
0.005086326
0.005152771
0.005155348
0.005005611
0.004411895
0.004288909
0.004253538
0.004433105
0.004223127
0.003705073
0.003453708
0.003506113
0.003602733
0.003584803
0.003483493
0.003311861
0.002691935
0.002035934
0.001373841
0.000902398
0.0003415365
-9.785145e-05
-0.0002502184
-0.0007341702
-0.001297896
-0.00144282
-0.001486146
-0.001983058
-0.00248904
-0.002757022
-0.003206364
-0.003552062
-0.003734365
-0.004203297
-0.004593696
-0.004621247
-0.004475876
-0.004565222
-0.005038515
-0.005099942
-0.005065789
-0.004677206
-0.004438778
-0.004819868
-0.004986846
-0.005178388
-0.005355284
-0.005345075
-0.005238958
-0.005169975
-0.005162243
-0.00517636
-0.005190757
-0.005169952
-0.005116931
-0.005224961
-0.005772079
-0.00618218
-0.006285729
-0.006441859
-0.006177585
-0.005772687
-0.005640317
-0.005724706
-0.005665456
-0.005108172
-0.004627942
-0.004562973
-0.004685246
-0.004719814
-0.004479132
-0.003976451
-0.003897199
-0.003790658
-0.00357014
-0.003299969
-0.002755872
-0.002341084
-0.002322759
-0.00246003
-0.002490259
-0.002221548
-0.001404436
-0.0005175816
-0.0002311382
-0.0004341398
-0.0006281651
-0.0005922208
-0.0004395017
-0.0001372879
0.0003595348
0.0005675834
0.000458726
0.0003348164
0.0003495529
0.0004116794
0.0006585404
0.001187135
0.001462804
0.00137535
0.001194869
0.001120038
0.001356852
0.001709572
0.001693864
0.001816475
0.001996788
0.002039502
0.001976126
0.0019157
0.001900602
0.001904664
0.001894486
0.001864456
0.00182846
0.001798258
0.00177455
0.001752085
0.001727228
0.001700252
0.001673075
0.001644906
0.001439969
0.001144838
0.001137983
0.0009775591
0.0007828696
0.0007194804
0.0007438768
0.0007570126
0.00055632
8.244573e-05
-0.0003530979
-0.0005584216
-0.0004133215
-0.000697302
-0.001371626
-0.001716248
-0.001617567
-0.001598994
-0.002151774
-0.002869743
-0.003089799
-0.002882844
-0.002665428
-0.002633889
-0.002703411
-0.002733429
-0.002685967
-0.002762686
-0.003087171
-0.003107373
-0.002634138
-0.002108882
-0.001704451
-0.001611452
-0.001695906
-0.001730958
-0.00180286
-0.001916518
-0.001689556
-0.001406032
-0.001307524
-0.001211285
-0.001065857
-0.001044376
-0.0008412184
-0.0007999791
-0.0009421825
-0.0009409811
-0.0009081592
-0.0008278074
-0.0009722454
-0.0009873355
-0.0006564593
-0.0003885178
-0.000244076
-0.0001431305
-0.0003142669
-0.000479408
-0.0002109331
0.0005203297
0.0009248358
0.0008262332
0.0006037826
0.0005446525
0.0006304888
0.0007154756
0.0007242789
0.0006840511
0.0006494061
0.0006431109
0.0007761976
0.001050119
0.001164417
0.00109513
0.00100033
0.000974902
0.0009975208
0.001012697
0.001092795
0.001203808
0.001163402
0.001213633
0.001284864
0.001284398
0.001235007
0.001189877
0.001166272
0.001067324
0.0009207208
0.000888902
0.0007923465
0.0006197762
0.0003831972
0.0002747154
0.0003030737
0.0002658914
0.0001614295
0.0001466869
0.0001495893
0.0002566132
0.0003311618
0.0003200968
0.0002791937
0.0002616242
0.0002703736
0.000282226
0.0002824388
0.0002736329
0.0002647357
0.0002601033
0.0002582087
0.000256031
0.0002524256
0.0002481696
0.0002486971
0.0002548856
0.0002558253
0.0002502714
0.0002441795
0.0002890065
0.0004052318
0.0004638308
0.0004377685
0.0003921962
0.0003745261
0.0004222933
0.0004887974
0.0004730049
0.0004842855
0.0005037026
0.0004974215
0.0004739855
0.0004520144
0.0004017391
0.0002659913
0.0001173213
7.448327e-05
0.0001124719
0.0001115963
2.53138e-05
-3.980727e-05
-3.937925e-05
-4.684649e-05
-0.0001076113
-0.0001427146
-0.0001305398
-0.0001040372
-8.996898e-05
-8.825866e-05
-8.699021e-05
-7.789405e-05
-3.287679e-05
3.426313e-05
3.091849e-05
-3.391656e-05
-6.544364e-05
-4.622709e-05
-1.532564e-05
-1.411884e-06
-1.178517e-06
2.158036e-05
6.868762e-05
9.283291e-05
8.959941e-05
8.184483e-05
8.34197e-05
9.16009e-05
9.864946e-05
0.0001015333
0.0001022469
0.0001035119
0.000106088
0.0001091701
0.0001119103
0.0001141655
0.0001162395
0.0001183882
0.0001206255
0.0001235344
0.0001387064
0.0001622403
0.0001592747
0.0001335258
0.0001213821
0.0001392686
0.0001686814
0.0001777878
0.000169538
0.0001612403
0.0001612457
0.0001743078
0.0001924195
0.000196959
0.0001906013
0.000190835
0.0001948025
0.0001941979
0.0001916244
0.0001880715
0.0001918736
0.0001943642
0.0001918156
0.0001872721
0.0001839238
0.000182151
0.0001807541
0.0001788964
0.0001766584
0.0001744863
0.0001726157
0.0001709842
0.000169265
0.0001645027
0.0001576613
0.0001547444
0.000155448
0.0001564046
0.000156002
0.0001547287
0.0001514724
0.0001472536
0.0001461813
0.0001476456
0.0001490769
0.0001494182
0.000149239
0.0001493308
0.0001499625
0.0001505797
0.0001496647
0.000149681
0.0001516008
0.0001531094
0.0001533192
0.0001520865
0.0001518481
0.0001525989
0.0001537364
0.0001543598
0.0001547953
0.0001550158
0.0001549694
0.0001559107
0.0001568513
0.0001574762
0.0001576978
0.0001576103
0.0001578398
0.0001580276
0.0001581835
0.0001586561
0.0001593606
0.0001603266
0.0001612058
0.0001616606
0.0001618679
0.0001619076
0.0001620314
0.000162434
0.0001629393
0.0001633589
0.0001636735
0.0001639556
0.0001642513
0.0001645547
0.0001648409
0.0001650982
0.0001653389
0.000165631
0.0001659096
0.0001660902
0.000166251
0.0001664065
0.0001664849
0.0001665575
0.0001666618
0.0001667439
0.0001667703
0.0001667956
0.0001668385
0.000166853
0.0001668548
0.0001668473
0.0001668326
0.0001668042
0.0001667686
0.0001667231
0.0001666606
0.0001665837
0.0001664963
0.0001664
0.0001662964
0.0001661798
0.0001660482
0.0001659032
0.0001657498
0.000165589
0.0001654184
0.0001652367
0.0001650441
0.0001648411
0.0001646283
0.0001644054
0.0001641726
0.0001639298
0.0001636771
0.0001634146
0.0001631425
0.0001628608
0.0001625697
0.0001622691
0.0001619592
0.0001616401
0.0001613119
0.0001609746
0.0001606284
0.0001602733
0.0001599095
0.0001595371
0.0001591561
0.0001587666
0.0001583687
0.0001579626
