-0.0003793169
-0.0003792206
-0.0003791232
-0.0003789996
-0.0003788674
-0.0003786956
-0.0003785128
-0.0003783042
-0.0003781443
-0.0003779903
-0.0003777765
-0.0003774932
-0.0003772205
-0.0003769842
-0.0003767698
-0.000376507
-0.0003762016
-0.0003758258
-0.0003753643
-0.0003749135
-0.0003745507
-0.0003741958
-0.0003737943
-0.0003733295
-0.0003728556
-0.0003723752
-0.0003719072
-0.0003714358
-0.0003713472
-0.0003716488
-0.000379785
-0.0004061425
-0.0004260253
-0.0004157093
-0.0004005678
-0.0003990589
-0.0003898926
-0.0003703866
-0.0003626702
-0.0003675248
-0.0003731285
-0.0003727675
-0.0003687394
-0.0003658645
-0.0003658816
-0.0003597138
-0.0003017682
-0.0002434948
-0.0002909293
-0.0003732117
-0.0003960767
-0.0003667226
-0.0003376916
-0.000335619
-0.0003496582
-0.0003584908
-0.0002556233
2.068698e-05
0.0002049744
0.0002112336
0.0002335361
0.0003803045
0.0004116321
0.0002732316
4.879341e-05
-0.0003707096
-0.0008963191
-0.001140711
-0.001063753
-0.00093126
-0.0008957237
-0.0007231293
-0.0003779342
-0.0001850242
-9.518536e-05
0.0003033169
0.0006926489
0.0007833736
0.0007024646
0.0006619865
0.0007035273
0.0006145077
0.0001849603
-0.0002563075
-0.0003377846
-0.0001837921
-2.025503e-05
0.0004521994
0.001038564
0.001209608
0.001059923
0.0009366539
0.0009820111
0.001149298
0.001603801
0.002314469
0.002708086
0.002754305
0.002978366
0.003283337
0.003432237
0.003447564
0.003283805
0.002712509
0.001602497
-5.620933e-05
-0.001785796
-0.003324739
-0.004304757
-0.004716643
-0.004858446
-0.004250772
-0.003296675
-0.002281482
-0.001651628
-0.001307147
-0.00116709
-0.001262121
-0.00194131
-0.003052935
-0.004011264
-0.004408948
-0.004732779
-0.005006892
-0.005342116
-0.00597052
-0.00639016
-0.006375882
-0.005920837
-0.005315911
-0.005200616
-0.005777614
-0.005808466
-0.004336731
-0.002553902
-0.001309881
-0.0004339462
0.001151818
0.003511437
0.004921151
0.005270994
0.004610619
0.003141496
0.001686461
0.0004736043
-0.001059481
-0.002415523
-0.002784745
-0.002095798
0.0001017703
0.003886644
0.008143235
0.01145154
0.01385243
0.0152558
0.01627735
0.01696605
0.01578438
0.01214827
0.007916818
0.00530774
0.004480218
0.003922146
0.003167629
0.002740052
0.002266412
0.001062564
-0.0005754484
-0.002546832
-0.005120715
-0.007508963
-0.008416375
-0.006993613
-0.004201389
-0.001618183
0.0001511715
0.001767547
0.004074746
0.005864409
0.006701421
0.00760378
0.008573569
0.01004913
0.01152857
0.01178703
0.01040607
0.007613757
0.004434036
0.001615416
-0.000909153
-0.003414778
-0.005417075
-0.006737235
-0.007966287
-0.009798126
-0.01237143
-0.01433478
-0.01419329
-0.01147796
-0.007733845
-0.004352562
-0.001142355
0.00160079
0.003087972
0.003152348
0.002394478
0.0007880518
-0.001483579
-0.003278452
-0.004752697
-0.006684081
-0.00819979
-0.008446326
-0.007318482
-0.004620156
-0.001121129
0.002715769
0.006374411
0.009271481
0.01126928
0.01203768
0.01141295
0.009355328
0.006374716
0.003876464
0.00308948
0.00382017
0.005752208
0.008060644
0.01041581
0.01415008
0.01871104
0.02342456
0.0280853
0.03089268
0.02933205
0.02229542
0.01095464
-0.001656435
-0.01381275
-0.02462683
-0.03133516
-0.03053253
-0.02382577
-0.01661214
-0.01314206
-0.01348023
-0.0165664
-0.02074715
-0.0221056
-0.0169296
-0.003541626
0.0148917
0.03199501
0.04690708
0.06244811
0.08054742
0.09550933
0.09736577
0.08265345
0.05771368
0.02830751
-0.001881436
-0.02796418
-0.04757884
-0.0631203
-0.07777635
-0.09185514
-0.1012357
-0.1005201
-0.08917937
-0.07282952
-0.05766678
-0.04605498
-0.03448271
-0.01769213
0.003688887
0.02277942
0.03262544
0.03182405
0.0280504
0.0312463
0.04368392
0.06117814
0.07843764
0.09103814
0.09486273
0.08717382
0.06601671
0.02736776
-0.03232894
-0.08847662
-0.1053858
-0.08733685
-0.06315958
-0.05328545
-0.05847167
-0.06776106
-0.07020263
-0.06198215
-0.04607703
-0.02741662
-0.009786041
0.00552605
0.02021874
0.03452114
0.04682285
0.05585792
0.06144578
0.06173277
0.05393436
0.03792839
0.01667322
-0.004646858
-0.0210582
-0.02685213
-0.02107307
-0.009447117
0.0004173628
0.003330456
-0.000210589
-0.004213729
-0.002456002
0.008439822
0.0278311
0.05201257
0.0730176
0.08562024
0.08900693
0.08566959
0.07867618
0.0694893
0.05803371
0.04530531
0.0321654
0.01972786
0.01127113
0.008042269
0.008053206
0.008943336
0.009940609
0.00810326
0.0005737266
-0.01075299
-0.02362655
-0.03603239
-0.04582875
-0.05222672
-0.05679904
-0.0633667
-0.07148678
-0.07649504
-0.07328773
-0.06101297
-0.04182023
-0.01954234
0.005102639
0.03136253
0.05357474
0.06494147
0.06077281
0.04484443
0.02670135
0.0112291
8.741001e-05
-0.009057934
-0.01931416
-0.03110516
-0.04573051
-0.06261918
-0.07899556
-0.09063535
-0.09424546
-0.08911267
-0.07826159
-0.06632951
-0.05694478
-0.05316433
-0.05435612
-0.05676739
-0.05613768
-0.04956482
-0.03345907
-0.00900681
0.01964434
0.04657799
0.06617922
0.07707685
0.08168238
0.0825317
0.08281636
0.08634436
0.09348347
0.1018048
0.108506
0.1113046
0.1091021
0.1009551
0.0849192
0.06186688
0.03420714
0.006210835
-0.01707317
-0.03359355
-0.04285065
-0.04501705
-0.04203184
-0.03806866
-0.03678367
-0.04058849
-0.0493939
-0.05996025
-0.06655863
-0.06481448
-0.05214977
-0.03071197
-0.004909682
0.02196625
0.04690003
0.06877503
0.08570516
0.09703072
0.1038618
0.1060679
0.103239
0.09663682
0.0880405
0.07780418
0.06448904
0.0463175
0.02262471
-0.006370484
-0.03865522
-0.07279757
-0.105814
-0.1331554
-0.1518448
-0.1603398
-0.1600883
-0.1537996
-0.144097
-0.1347564
-0.1259316
-0.1139214
-0.09776343
-0.07780089
-0.05422406
-0.02719819
0.001302655
0.03171839
0.06079749
0.08084716
0.09250225
0.09543949
0.08820954
0.07497392
0.06006961
0.04524144
0.03339345
0.02455821
0.01700803
0.007434635
-0.004544413
-0.01733412
-0.030537
-0.04301595
-0.05530283
-0.06837942
-0.08238743
-0.09466852
-0.1019422
-0.104111
-0.1019356
-0.09498879
-0.08312627
-0.0673577
-0.0479137
-0.02598002
-0.00383347
0.01924133
0.04282825
0.06514101
0.08524622
0.1016544
0.1130764
0.1190737
0.1201015
0.1156502
0.1046602
0.08899522
0.07200018
0.05344128
0.03323967
0.01180216
-0.01033682
-0.03279312
-0.05263037
-0.06498773
-0.06936475
-0.06851525
-0.06374611
-0.05710459
-0.05073647
-0.04410686
-0.03654098
-0.02721487
-0.01684089
-0.00756441
-0.001004211
0.001993089
0.00251101
0.002293078
0.002700124
0.005034446
0.01100263
0.02160475
0.03625561
0.05213348
0.06544406
0.07414321
0.07809089
0.07919323
0.07852906
0.07794364
0.0793759
0.08013455
0.07721715
0.06893049
0.05427908
0.03412101
0.010068
-0.01517061
-0.04004428
-0.06271733
-0.07999999
-0.09204307
-0.09946085
-0.1038836
-0.1068379
-0.1063798
-0.1016014
-0.09166978
-0.07488538
-0.05313372
-0.02754326
-0.0008589686
0.02411373
0.04497662
0.06077915
0.07331024
0.08376122
0.09246034
0.09858831
0.1009751
0.09974822
0.09467923
0.08667299
0.07670657
0.06577734
0.05542513
0.04560766
0.03472127
0.0212544
0.003978061
-0.01693825
-0.04014608
-0.06228086
-0.07802514
-0.08620965
-0.08825854
-0.08467415
-0.07665423
-0.06436837
-0.04788883
-0.02818303
-0.005327702
0.01878678
0.04290798
0.06559924
0.08301744
0.09412724
0.09901742
0.0977449
0.09150515
0.08184513
0.07017743
0.05642509
0.03962216
0.01913322
-0.004927994
-0.03054389
-0.05536454
-0.07600101
-0.09090608
-0.1008789
-0.1065037
-0.1077563
-0.1042154
-0.09742347
-0.09102193
-0.0869831
-0.08453272
-0.08303683
-0.0812806
-0.07710145
-0.0693261
-0.05810985
-0.04289751
-0.02338116
-0.003128077
0.01510461
0.03138112
0.04616116
0.05775382
0.06456199
0.06488289
0.05831599
0.04557253
0.02866708
0.01074834
-0.003788691
-0.01256896
-0.01692281
-0.01855044
-0.01878958
-0.01834744
-0.01654883
-0.01437491
-0.01307936
-0.01129735
-0.008412138
-0.005047212
-0.002986989
-0.003948378
-0.006815088
-0.009366405
-0.01037822
-0.01108484
-0.01135467
-0.01019821
-0.006451041
-0.000325116
0.007396791
0.01477521
0.02202484
0.02810963
0.03221913
0.03669511
0.04225558
0.04719395
0.04930621
0.04737876
0.04265554
0.03660598
0.02925917
0.02086921
0.01179753
0.003397003
-0.003168554
-0.009954407
-0.0193539
-0.03050706
-0.0393884
-0.0437387
-0.04461647
-0.04348259
-0.04090183
-0.03805717
-0.03558421
-0.03417781
-0.03428203
-0.03484355
-0.03483843
-0.03264926
-0.02775161
-0.02296882
-0.02017955
-0.01963939
-0.02016834
-0.01837092
-0.01136792
0.000324073
0.01393103
0.02693211
0.03750011
0.04372939
0.04530622
0.04267656
0.03660386
0.02982169
0.02487079
0.02115927
0.018331
0.01624184
0.0146188
0.01183119
0.007640315
0.001503726
-0.006281928
-0.01465023
-0.02146832
-0.02545053
-0.02613016
-0.02501834
-0.02289133
-0.02018262
-0.01747072
-0.01481364
-0.0114376
-0.007794775
-0.004661121
-0.001757398
0.002640486
0.008998678
0.0173618
0.02668179
0.03583502
0.04520637
0.05510812
0.06506158
0.07306994
0.07626638
0.07583157
0.07386964
0.07099003
0.06645381
0.06045975
0.05326307
0.04424928
0.03253316
0.01966182
0.006866392
-0.005307779
-0.01594192
-0.02501336
-0.03172596
-0.03538658
-0.03632289
-0.03597983
-0.03589789
-0.03640579
-0.03728832
-0.03797054
-0.03709304
-0.03397649
-0.02789186
-0.0193264
-0.0092118
0.0007120471
0.00926171
0.01675549
0.0234377
0.02935954
0.03469208
0.03826501
0.03885975
0.03766981
0.03507104
0.03021695
0.02316635
0.01405524
0.003643129
-0.006167722
-0.01357451
-0.0181956
-0.02120013
-0.02392944
-0.02707534
-0.03044167
-0.03360777
-0.03650242
-0.03877094
-0.0391437
-0.03599455
-0.02919285
-0.02053394
-0.01125498
-0.001694524
0.007047133
0.01364996
0.01823454
0.02110327
0.02254934
0.02322888
0.02343532
0.02300852
0.02121369
0.01767339
0.01249368
0.005523114
-0.002212029
-0.009463111
-0.01678029
-0.02386717
-0.0289159
-0.03072252
-0.02916172
-0.02498022
-0.01957217
-0.01398297
-0.008692441
-0.004228549
-0.002117977
-0.001985136
-0.002835172
-0.005272802
-0.008249848
-0.01051591
-0.01151678
-0.01193261
-0.01311725
-0.01624465
-0.02113678
-0.02611737
-0.02981285
-0.03276498
-0.0355688
-0.03592789
-0.03285509
-0.02816192
-0.02364078
-0.02054297
-0.01972202
-0.02034299
-0.02002429
-0.01798089
-0.01467854
-0.01057515
-0.006640126
-0.001302014
0.006790513
0.01614475
0.02431167
0.03108372
0.03815318
0.04518858
0.05201257
0.05825016
0.06312548
0.06717161
0.07196602
0.07698849
0.07968686
0.07792316
0.0724813
0.0642867
0.05348451
0.04071952
0.02683801
0.01324225
8.446577e-06
-0.01208339
-0.02132857
-0.02647362
-0.02797338
-0.02771935
-0.02772393
-0.02921278
-0.03156233
-0.03378242
-0.03696498
-0.04212863
-0.04852112
-0.05551194
-0.0624851
-0.06796522
-0.07260129
-0.07766565
-0.08201341
-0.08488718
-0.08640535
-0.08649325
-0.08473424
-0.08298332
-0.08157543
-0.08073102
-0.07924312
-0.07628347
-0.07187578
-0.06616304
-0.05902915
-0.04966277
-0.0373994
-0.02280526
-0.00669
0.01170944
0.03124777
0.05001783
0.06656507
0.0814944
0.09616578
0.1129415
0.1320347
0.1510877
0.1687416
0.1831124
0.1923205
0.194783
0.1893612
0.1759534
0.1581563
0.1395054
0.1234319
0.1106674
0.1003451
0.09108848
0.0806132
0.06833797
0.05280894
0.0336255
0.01250963
-0.008862002
-0.02918908
-0.04671027
-0.05713738
-0.06008003
-0.05890444
-0.05721393
-0.05727598
-0.05984439
-0.06208952
-0.06222964
-0.0612203
-0.06010941
-0.05833636
-0.05573032
-0.0509144
-0.04296454
-0.03159384
-0.0179598
-0.003102507
0.01278688
0.02755833
0.03902779
0.04687449
0.05236216
0.05696526
0.0599464
0.06079428
0.05843258
0.0524071
0.04346807
0.03275916
0.02078033
0.008619653
-0.003900846
-0.01722008
-0.02959689
-0.03971794
-0.04781325
-0.0546375
-0.06018754
-0.06298012
-0.06137955
-0.05736641
-0.05366323
-0.05012809
-0.04539108
-0.03946775
-0.03375635
-0.0302633
-0.02893072
-0.02782461
-0.02693622
-0.02618383
-0.02455159
-0.02328419
-0.02322089
-0.02347686
-0.02264899
-0.02081505
-0.01866894
-0.015915
-0.01246789
-0.009941293
-0.008974096
-0.009233151
-0.01001097
-0.01154268
-0.01414053
-0.01760848
-0.02144239
-0.02394646
-0.02405853
-0.02314239
-0.02209079
-0.0207358
-0.02024636
-0.02098639
-0.02333075
-0.02786389
-0.03355282
-0.03844036
-0.04188242
-0.04291527
-0.03940947
-0.03178733
-0.02373813
-0.01753957
-0.01223634
-0.007958173
-0.005529763
-0.003428679
-0.0005013218
0.003635623
0.009333218
0.01599096
0.02277917
0.02803838
0.03123067
0.03333296
0.03394627
0.03368495
0.03305468
0.03089167
0.02515303
0.01503799
0.001974021
-0.01242743
-0.02579468
-0.03490116
-0.03913712
-0.03880525
-0.03447054
-0.02777481
-0.01969431
-0.01078861
-0.00215221
0.0061146
0.01444047
0.0230766
0.03139989
0.03828827
0.04332401
0.04674158
0.04838667
0.04786704
0.04458495
0.03776065
0.028585
0.01891477
0.009289462
-0.0002775408
-0.009006151
-0.0148078
-0.01689706
-0.01778695
-0.01975816
-0.02274817
-0.02668041
-0.03172901
-0.03759801
-0.04346856
-0.0485354
-0.05211087
-0.05407663
-0.05460104
-0.05344078
-0.05071037
-0.04847255
-0.04833825
-0.0488053
-0.04739693
-0.04241829
-0.03339901
-0.02175346
-0.00865776
0.006896013
0.02294907
0.03507146
0.04235208
0.04637433
0.04812936
0.04947745
0.05033077
0.0477042
0.04144106
0.03374755
0.02585796
0.01908174
0.01441034
0.01103102
0.008512412
0.007061639
0.007624828
0.00921876
0.009731908
0.009202134
0.009255406
0.01070445
0.0127761
0.01454516
0.01624282
0.0167835
0.01464127
0.01022517
0.00456532
-0.001994182
-0.009785913
-0.01911105
-0.02926316
-0.03803417
-0.04346964
-0.04532044
-0.04423673
-0.04031743
-0.03446411
-0.02847127
-0.02321924
-0.01948081
-0.0177221
-0.01735523
-0.01635309
-0.01450365
-0.01220501
-0.008619472
-0.003363154
0.002792269
0.008771888
0.01423951
0.01894565
0.02230643
0.02365177
0.02449505
0.025861
0.02797916
0.03111275
0.03512184
0.03952668
0.04308908
0.04440693
0.04365394
0.04098229
0.03704172
0.03185558
0.02553806
0.01816477
0.009764521
0.002257259
-0.003359994
-0.008215004
-0.01297177
-0.01751129
-0.02114603
-0.02263629
-0.02206221
-0.01941599
-0.01501909
-0.01037216
-0.006931447
-0.005182067
-0.003851972
-0.002516883
-0.0007085145
0.002085735
0.004041187
0.003318924
-0.0003423208
-0.005526946
-0.01079196
-0.01473443
-0.01636509
-0.01561328
-0.01362212
-0.01192383
-0.01084734
-0.009391725
-0.007248366
-0.004074025
0.0003755477
0.005866303
0.01254682
0.02036807
0.02719595
0.03207729
0.03592163
0.03783911
0.03650784
0.03348195
0.03015672
0.02631716
0.02156764
0.01642998
0.01121545
0.005507398
-0.001563755
-0.008998587
-0.01456381
-0.01821578
-0.02106376
-0.02381509
-0.02622708
-0.02790731
-0.03010251
-0.0341598
-0.03919135
-0.04346437
-0.04666496
-0.04964938
-0.05154408
-0.05017785
-0.04443112
-0.03514023
-0.02341104
-0.009463435
0.00667543
0.0240638
0.04143912
0.05791219
0.07291074
0.08549679
0.09544316
0.103265
0.1081373
0.1088448
0.1056928
0.1003547
0.0929997
0.08294687
0.07007301
0.0549012
0.03632438
0.0149786
-0.007026135
-0.02788855
-0.0439654
-0.05366608
-0.05846588
-0.06025635
-0.06008632
-0.05750649
-0.05327878
-0.04927835
-0.04603119
-0.04243683
-0.03815012
-0.03398844
-0.02986334
-0.02457892
-0.01890773
-0.01469024
-0.01312329
-0.01369126
-0.01441967
-0.01427529
-0.01366568
-0.01369989
-0.01411407
-0.01383563
-0.01340941
-0.01327511
-0.01258368
-0.01064434
-0.00855258
-0.007371995
-0.00711898
-0.006789605
-0.006822169
-0.007584907
-0.008052812
-0.007930541
-0.007670581
-0.006537936
-0.002200143
0.005417323
0.01455841
0.02456812
0.03408961
0.04300969
0.05263843
0.06242623
0.07202272
0.07990534
0.08465668
0.08723012
0.08761884
0.08494369
0.07954272
0.07168145
0.0614661
0.04985173
0.0382026
0.02696002
0.01512644
0.001656594
-0.01255918
-0.02699576
-0.04103577
-0.0544612
-0.0675896
-0.07928475
-0.08863394
-0.09510408
-0.09889129
-0.101043
-0.1015619
-0.09953322
-0.095809
-0.09112745
-0.08566704
-0.07992383
-0.07461943
-0.07024381
-0.06631957
-0.06252859
-0.05926674
-0.05678559
-0.05521728
-0.05363439
-0.05099331
-0.04832066
-0.04650135
-0.04350029
-0.03891136
-0.03358964
-0.02825661
-0.0237648
-0.01952367
-0.01427475
-0.008134658
-0.002309374
0.001887182
0.004812586
0.007948217
0.0109601
0.01328783
0.01573633
0.01800235
0.01939406
0.02171607
0.02562513
0.03015655
0.03583737
0.04260092
0.04929329
0.05604697
0.06274108
0.06840327
0.07270217
0.07621653
0.07849896
0.07890007
0.07808949
0.07637412
0.07374184
0.07004443
0.06403925
0.0554489
0.04568134
0.03568397
0.02548618
0.0155126
0.008225889
0.004115223
0.001579769
-9.586838e-05
-0.001309854
-0.002186888
-0.003794501
-0.006722467
-0.01015205
-0.01321868
-0.01585856
-0.01846333
-0.02128418
-0.02391734
-0.02599859
-0.02803149
-0.03011313
-0.0334519
-0.03832474
-0.04312406
-0.04751956
-0.05071683
-0.05277089
-0.05372901
-0.05376626
-0.05291527
-0.05125387
-0.05052286
-0.05028106
-0.04805529
-0.04375515
-0.03905174
-0.03383073
-0.02812083
-0.02265531
-0.01850557
-0.01579637
-0.0137812
-0.01183828
-0.009109771
-0.005452587
-0.001009756
0.003590408
0.007545844
0.01075297
0.01437858
0.0188098
0.02388947
0.02927169
0.03397777
0.03835106
0.04322016
0.04766824
0.05013237
0.05049445
0.05092206
0.05211456
0.05261625
0.05145259
0.04945326
0.04733963
0.04485416
0.0413471
0.03666939
0.03211839
0.02781718
0.02455341
0.02238044
0.02133487
0.02128772
0.02148524
0.02141224
0.02114238
0.02095002
0.02060307
0.01924599
0.01600671
0.009745436
0.001943985
-0.004508798
-0.008396872
-0.0101325
-0.01025212
-0.009938736
-0.0100756
-0.01079618
-0.0117739
-0.01160442
-0.01056521
-0.008686095
-0.005047012
-0.0004525783
0.003621792
0.007863064
0.01215801
0.01556267
0.01770119
0.01840292
0.01904783
0.02008056
0.020381
0.02062592
0.02096647
0.02088373
0.01958028
0.01679196
0.01342678
0.009946524
0.005695941
0.001653006
-0.002410519
-0.007428564
-0.01275638
-0.01746568
-0.02145358
-0.02462535
-0.02710671
-0.02814119
-0.02791149
-0.02750012
-0.02676752
-0.0253911
-0.02300795
-0.01990956
-0.01681005
-0.01400203
-0.01141846
-0.009481389
-0.008293412
-0.008046
-0.009049015
-0.01077204
-0.01256517
-0.01552162
-0.01985951
-0.02402109
-0.02827276
-0.03205723
-0.03476736
-0.03635753
-0.03794772
-0.03941704
-0.03991243
-0.0403198
-0.04150819
-0.04275173
-0.04419885
-0.04548965
-0.0455854
-0.04386183
-0.04129479
-0.03942395
-0.03788363
-0.03680624
-0.03665282
-0.03627957
-0.03473321
-0.03135243
-0.02595365
-0.019674
-0.01366646
-0.007577643
-0.0007735478
0.005993524
0.01256693
0.01947226
0.02612986
0.0319322
0.03694755
0.0419004
0.04701908
0.05075733
0.05225451
0.05241988
0.05221293
0.0517383
0.04924636
0.0445453
0.03901681
0.03230863
0.02440883
0.01475481
0.003710273
-0.006902275
-0.01567961
-0.02245789
-0.02783684
-0.03064517
-0.02963891
-0.02605989
-0.02156601
-0.01590963
-0.009010208
-0.001663207
0.005532821
0.0137645
0.0240015
0.03337292
0.03970058
0.04352589
0.04699206
0.05067824
0.05285175
0.05262857
0.05079717
0.0482031
0.04483353
0.04128903
0.03705663
0.03190956
0.02667341
0.02155898
0.01702019
0.01257268
0.007548356
0.002678109
-0.002010048
-0.006676716
-0.01020991
-0.01241085
-0.01334214
-0.01367245
-0.01404707
-0.01377473
-0.01274625
-0.01104011
-0.009557878
-0.007429287
-0.004460084
-0.001284691
0.001645444
0.00437636
0.007467967
0.01120622
0.01465342
0.01712598
0.01883575
0.02077299
0.02267312
0.02388134
0.02367788
0.02178821
0.01869703
0.01516386
0.0111925
0.006564413
0.001543057
-0.002706671
-0.006284504
-0.009726837
-0.01411875
-0.0184824
-0.02230021
-0.02537754
-0.02757981
-0.0282245
-0.02783936
-0.02710361
-0.02543518
-0.02327461
-0.02051081
-0.01658706
-0.01175358
-0.006185374
-7.26039e-05
0.007191762
0.01657073
0.02766738
0.03977193
0.05088562
0.06032678
0.06817227
0.0740808
0.07773057
0.07860152
0.07782702
0.07634294
0.07430722
0.07284215
0.07230812
0.07101662
0.06830645
0.06373304
0.05934718
0.05644822
0.05428936
0.05180677
0.04876589
0.04578401
0.04360118
0.04164276
0.0398704
0.03862842
0.03831024
0.03854535
0.03869613
0.03857318
0.03837227
0.03828591
0.03808825
0.03684631
0.0343407
0.03181606
0.02963328
0.02783403
0.02582219
0.02389422
0.02237882
0.02082102
0.01882585
0.01733088
0.01566381
0.01381458
0.01245761
0.01216803
0.01273086
0.01398219
0.01555552
0.01703443
0.0180906
0.0183088
0.01802371
0.0178497
0.01753113
0.0159062
0.01345663
0.01024134
0.005757612
0.001214208
-0.003872656
-0.01032928
-0.01716415
-0.02400669
-0.03082855
-0.03698694
-0.04205256
-0.04545892
-0.04746203
-0.04800601
-0.04732994
-0.04515252
-0.04203802
-0.03872336
-0.03499003
-0.03099126
-0.02739627
-0.02365727
-0.01960734
-0.0165638
-0.01544287
-0.01478478
-0.01530103
-0.01820341
-0.02346082
-0.02932677
-0.03561974
-0.04233264
-0.04894475
-0.0560945
-0.06283264
-0.06860116
-0.07378363
-0.07836977
-0.08237336
-0.08516524
-0.08584283
-0.08483634
-0.08239335
-0.07908537
-0.07517476
-0.07094273
-0.06643055
-0.06113081
-0.05541866
-0.05049312
-0.04642316
-0.04270109
-0.03968861
-0.03767519
-0.03570326
-0.03351407
-0.03126346
-0.03026341
-0.03056701
-0.03106328
-0.0310807
-0.03077019
-0.03053524
-0.03053048
-0.03063786
-0.0302729
-0.02865686
-0.02733535
-0.02731055
-0.02793173
-0.02826503
-0.02821335
-0.02878018
-0.03019527
-0.03109047
-0.03094939
-0.03049131
-0.03034844
-0.03052788
-0.03072937
-0.03077407
-0.03070523
-0.03043129
-0.0286781
-0.02533267
-0.02115551
-0.01743861
-0.01393977
-0.01006279
-0.00629382
-0.0018783
0.002497317
0.006999447
0.01102693
0.01477498
0.01894251
0.02335166
0.02698458
0.02969827
0.03223524
0.03488322
0.03634865
0.03705009
0.03829421
0.04072633
0.04330611
0.04547591
0.04712258
0.04776764
0.04759182
0.04730328
0.04665541
0.04478975
0.04242482
0.04120372
0.0403432
0.03938666
0.03893335
0.03784719
0.03638691
0.03584822
0.03553186
0.03445058
0.03342498
0.03384456
0.0350192
0.03543027
0.03444182
0.03246024
0.03000354
0.02783776
0.026007
0.02480733
0.02408857
0.02308489
0.02280714
0.02403481
0.02533878
0.02553429
0.0250525
0.02471028
0.02477758
0.02498852
0.0245958
0.02322236
0.02194101
0.02121898
0.02019759
0.01824865
0.01573413
0.01334887
0.01026541
0.006019994
0.001815617
-0.001250213
-0.00363769
-0.006204504
-0.009148379
-0.01173001
-0.01289102
-0.01307258
-0.01296332
-0.01247117
-0.01226994
-0.0124174
-0.01172115
-0.01007957
-0.009663696
-0.0108007
-0.01137454
-0.01035855
-0.009336677
-0.009225869
-0.009299557
-0.008723809
-0.008192025
-0.008812793
-0.01177079
-0.01693437
-0.02310112
-0.0289923
-0.03404594
-0.03818325
-0.04207221
-0.04595636
-0.0492724
-0.0517187
-0.05291232
-0.05289377
-0.0518648
-0.0494064
-0.04588196
-0.04201237
-0.03814511
-0.03314824
-0.02716945
-0.0217682
-0.0181316
-0.0151931
-0.01239879
-0.009654716
-0.00720479
-0.006261615
-0.006623838
-0.007079319
-0.007235676
-0.007915127
-0.00914536
-0.01022309
-0.01171587
-0.01265557
-0.01275815
-0.01337265
-0.01470785
-0.0155188
-0.01542328
-0.01504658
-0.01492848
-0.0150792
-0.01524828
-0.0152859
-0.01522796
-0.01517325
-0.01516718
-0.01519016
-0.01520769
-0.01520771
-0.01519931
-0.01519426
-0.01519397
-0.01500069
-0.01408388
-0.01263966
-0.01186883
-0.01207435
-0.01251404
-0.01240677
-0.01067405
-0.008746717
-0.006784761
-0.004379875
-0.002890488
-0.001638372
-0.0007521144
-0.0008761789
-0.002758067
-0.005348356
-0.007913328
-0.01052922
-0.01333494
-0.01703197
-0.0216674
-0.02696422
-0.03119011
-0.03379471
-0.03598289
-0.03860806
-0.04104195
-0.04316136
-0.04338093
-0.04145079
-0.03840457
-0.0352521
-0.03200805
-0.02774577
-0.02317036
-0.01862489
-0.01398262
-0.0101718
-0.006916542
-0.004228786
-0.002092549
-0.0008021103
-0.0008263071
-0.002403492
-0.004171375
-0.005071592
-0.005865456
-0.007157076
-0.008851944
-0.01101135
-0.01271576
-0.01411891
-0.01591078
-0.01828251
-0.02119642
-0.0235782
-0.02432193
-0.02383259
-0.02323383
-0.0219615
-0.01932612
-0.01606854
-0.01303536
-0.0102907
-0.007043217
-0.003354134
0.0004892025
0.004045167
0.006928543
0.009544369
0.01220651
0.01396423
0.0151918
0.01623447
0.01654191
0.01637519
0.01625652
0.01634893
0.01643732
0.01579402
0.0143093
0.0131623
0.01250249
0.01154691
0.01070497
0.0100856
0.00897226
0.007864216
0.007652656
0.00892428
0.01096768
0.01260766
0.01384265
0.01495023
0.01677595
0.01871326
0.02075452
0.0229315
0.02464617
0.02638496
0.02808536
0.02949728
0.03084611
0.03076772
0.02911784
0.02763076
0.02759404
0.0292562
0.03190869
0.0338827
0.0353547
0.03664343
0.03741381
0.0375205
0.03681364
0.03637603
0.03654065
0.03687556
0.03699261
0.03688929
0.03673506
0.03618089
0.03482439
0.03314497
0.03167938
0.03088835
0.03051739
0.03043958
0.03098742
0.03136187
0.03218555
0.03368996
0.03432719
0.03350273
0.03170034
0.03042536
0.03049409
0.03113306
0.03142625
0.0312395
0.03094861
0.03084622
0.03092111
0.03101736
0.03104138
0.03100951
0.03097788
0.03094822
0.03043964
0.02905149
0.0273281
0.02579466
0.02446878
0.02270652
0.02009695
0.01720728
0.01437008
0.01158792
0.009116075
0.007455037
0.005946745
0.003804448
0.001756123
0.0002263411
-0.001025042
-0.002357766
-0.003492007
-0.004154596
-0.005156697
-0.006708014
-0.008413862
-0.01026258
-0.01246446
-0.01462789
-0.01682254
-0.01856072
-0.01985308
-0.02078533
-0.02033178
-0.01770834
-0.01447305
-0.01220911
-0.01024015
-0.008051499
-0.006549281
-0.006373698
-0.006799506
-0.007303608
-0.008297012
-0.00976708
-0.01164944
-0.01428498
-0.01736526
-0.02037747
-0.02318294
-0.02662191
-0.03122115
-0.03516378
-0.03752212
-0.03895237
-0.04045154
-0.04121157
-0.0404624
-0.03745022
-0.0324451
-0.02609437
-0.01896752
-0.01140446
-0.00319407
0.005131082
0.01260754
0.0187705
0.02291272
0.02477519
0.02408497
0.02127192
0.01763464
0.01368149
0.009236923
0.003871696
-0.001701705
-0.006057964
-0.008459807
-0.009135295
-0.008903553
-0.008074137
-0.005885464
-0.002439706
0.00220145
0.007895748
0.01385625
0.01884256
0.02224966
0.02529958
0.02769086
0.02864901
0.02836654
0.02647083
0.02366454
0.02012312
0.01617875
0.01141907
0.006412139
0.001593667
-0.002202826
-0.004839042
-0.006835068
-0.008845616
-0.0111549
-0.01303763
-0.01439582
-0.01520573
-0.01574496
-0.0168747
-0.01810255
-0.01845373
-0.0181789
-0.01850565
-0.02003286
-0.02149823
-0.02288037
-0.02407209
-0.02489898
-0.02596616
-0.02684045
-0.02704465
-0.02746528
-0.02873526
-0.02989074
-0.03008647
-0.0297081
-0.02945293
-0.02932315
-0.02798779
-0.02635021
-0.02438467
-0.02172874
-0.01946467
-0.01802316
-0.01613632
-0.0133103
-0.01086562
-0.009314893
-0.007503406
-0.005488045
-0.00381511
-0.00244158
-0.001166428
-0.0006002941
-0.0009795486
-0.002289974
-0.003722306
-0.00413928
-0.003715375
-0.002908466
-0.001324449
0.0001401502
0.001620901
0.00279387
0.004695429
0.007815097
0.01115814
0.01317972
0.01441521
0.01654159
0.01978166
0.02285299
0.02460954
0.02589907
0.02752858
0.02904724
0.0306793
0.03137531
0.03112768
0.03032555
0.02889846
0.02725433
0.02485167
0.02132445
0.01790655
0.01561032
0.01448297
0.01400023
0.01395518
0.01397204
0.01385746
0.0137187
0.01415537
0.01551331
0.0167963
0.01805353
0.01946755
0.02104715
0.02246961
0.02404813
0.02658404
0.02865763
0.03010744
0.03170416
0.03322278
0.03400004
0.03412555
0.03537206
0.03677149
0.03640588
0.03534666
0.03564692
0.03671741
0.03711873
0.03606203
0.0341857
0.03321621
0.03330828
0.03289934
0.03140825
0.02948602
0.02783621
0.02652574
0.02528471
0.02366215
0.0212645
0.0189492
0.01738948
0.01629435
0.01509011
0.01391449
0.01351145
0.01407756
0.01553347
0.01686159
0.01739299
0.01776322
0.01838477
0.01876006
0.01778247
0.01684216
0.01686416
0.01680329
0.01620128
0.01524472
0.01434551
0.01302867
0.01134386
0.009746047
0.008423347
0.00777422
0.007874313
0.008005899
0.006764028
0.004872909
0.003496422
0.001507646
-0.001545389
-0.004830518
-0.007867134
-0.01123608
-0.01454127
-0.01667347
-0.01780782
-0.01887833
-0.02028049
-0.02115729
-0.02070928
-0.01875878
-0.01694828
-0.01546431
-0.01447346
-0.01292676
-0.01097423
-0.009032725
-0.007283763
-0.007522951
-0.009321179
-0.01068155
-0.01190579
-0.01411864
-0.01720834
-0.02039835
-0.02327828
-0.02564331
-0.02789036
-0.03087912
-0.03336306
-0.03430085
-0.03347645
-0.0320842
-0.03125492
-0.03045892
-0.02965396
-0.02855256
-0.02705403
-0.02639154
-0.02597212
-0.02488217
-0.02384992
-0.02365607
-0.02396577
-0.02417284
-0.02409782
-0.02379545
-0.02246544
-0.02085511
-0.02032186
-0.01951381
-0.01752757
-0.01479225
-0.01171575
-0.008174454
-0.004641012
-0.002290159
-0.0005985761
0.001220035
0.003447621
0.005239058
0.006679849
0.0078048
0.008016718
0.007628502
0.006734468
0.006129306
0.006237675
0.006593592
0.00672457
0.006703224
0.007289317
0.007982398
0.008227232
0.008892373
0.0102549
0.01112502
0.01103315
0.01062327
0.01048807
0.01065068
0.01073805
0.01004162
0.009033645
0.007238372
0.00509072
0.003368609
0.001337318
-0.001490319
-0.004665284
-0.007685605
-0.01036906
-0.01221874
-0.01338118
-0.01443576
-0.01480896
-0.01328549
-0.01128185
-0.009305859
-0.007481104
-0.005429006
-0.003311425
-0.0008065639
0.001713083
0.002901109
0.003459357
0.004312591
0.004733492
0.003811781
0.002016917
4.646531e-05
-0.002348612
-0.005209837
-0.008189789
-0.01104914
-0.01379139
-0.01657981
-0.01948356
-0.0224368
-0.02514849
-0.0272244
-0.02897977
-0.02995108
-0.03033921
-0.02986176
-0.02929011
-0.02884147
-0.02726703
-0.02462272
-0.0208533
-0.01611801
-0.01202186
-0.008698421
-0.006312342
-0.004892076
-0.003357608
-0.001005534
0.0011917
0.002720257
0.003540978
0.003581094
0.003005314
0.001748061
0.0001796043
-0.001280485
-0.002951889
-0.005511143
-0.008670202
-0.01175311
-0.01418242
-0.01600665
-0.01796839
-0.01977917
-0.02129007
-0.02298489
-0.02557323
-0.02843383
-0.03001593
-0.02988221
-0.02921144
-0.02903719
-0.02937169
-0.02971367
-0.02911475
-0.02727007
-0.02614572
-0.02638196
-0.02663299
-0.02554994
-0.02396087
-0.02267527
-0.0212751
-0.02070015
-0.02096739
-0.02130968
-0.02129867
-0.02107425
-0.02125792
-0.02281327
-0.0255064
-0.02770295
-0.0288985
-0.02980446
-0.03107144
-0.0326633
-0.03428147
-0.03544019
-0.0356162
-0.03527045
-0.03505752
-0.03466765
-0.03350678
-0.03230865
-0.03111737
-0.02925661
-0.02738405
-0.02544227
-0.02289864
-0.02078709
-0.01948514
-0.01737799
-0.01428125
-0.01189376
-0.01067038
-0.008748953
-0.00617092
-0.004139248
-0.002354739
-0.0003333291
0.001390916
0.002340801
0.003216226
0.004595492
0.00529792
0.005632488
0.006223315
0.006598705
0.007049201
0.007335634
0.006785936
0.006295857
0.006786488
0.007944653
0.008470951
0.008224798
0.007848726
0.007770954
0.007927975
0.008122439
0.009101886
0.01082715
0.01204556
0.01303415
0.01379811
0.01396793
0.01379299
0.01367334
0.01327644
0.01206988
0.01088848
0.01069644
0.01061012
0.009511173
0.008156457
0.007310451
0.006794255
0.006300537
0.005611294
0.005299108
0.005364305
0.005015312
0.0041409
0.003724409
0.00382391
0.002952137
0.0006119074
-0.001550458
-0.002319152
-0.002528407
-0.003519724
-0.005222979
-0.006350225
-0.006399127
-0.006599532
-0.007818172
-0.009040273
-0.009335622
-0.009548957
-0.01006148
-0.01035319
-0.01025623
-0.009498066
-0.008499744
-0.007070824
-0.00560442
-0.003994587
-0.0014462
0.001093683
0.002728934
0.004427742
0.007057416
0.009676084
0.01140562
0.01306781
0.01443734
0.01483125
0.01573437
0.01718874
0.01780575
0.01755496
0.01719716
0.01716979
0.01736476
0.01743632
0.01673307
0.01578424
0.01492332
0.01521143
0.01612495
0.01649072
0.01623623
0.01590507
0.01583778
0.01596789
0.01608691
0.01620798
0.01695353
0.01770543
0.01801101
0.01926465
0.02061171
0.02085576
0.02041235
0.02010903
0.02020108
0.0204383
0.02045205
0.01956073
0.0178469
0.01598635
0.01391993
0.01270506
0.01204826
0.01097105
0.009488257
0.008665507
0.00877951
0.009251842
0.01022873
0.01179103
0.01419743
0.01712132
0.01930361
0.02086558
0.02261268
0.02360222
0.02402332
0.02536505
0.02660121
0.02678819
0.02639579
0.02617052
0.02632762
0.02657823
0.02666678
0.02660389
0.02652441
0.02650895
0.02677217
0.02765415
0.02854784
0.02938051
0.03018322
0.03168177
0.03252766
0.03172457
0.03071085
0.03032534
0.02993592
0.02965066
0.02988464
0.03083917
0.03169577
0.03238551
0.03282577
0.03345818
0.03414781
0.03506848
0.03570864
0.03591672
0.03720153
0.03862582
0.03886786
0.03840519
0.03807331
0.03807169
0.03755916
0.03679613
0.03585474
0.03517094
0.03438951
0.03307037
0.03142552
0.02985834
0.0284531
0.02707406
0.02566979
0.02424743
0.02278151
0.02131503
0.01995527
0.01925861
0.01844826
0.01645986
0.01477202
0.01379994
0.01278046
0.01139526
0.00978415
0.008336614
0.007689461
0.007159376
0.006579902
0.005711707
0.004952412
0.004165438
0.003653874
0.003620313
0.003768476
0.003820503
0.003743129
0.003859849
0.005369394
0.007022671
0.00797885
0.00824571
0.008643028
0.008363494
0.007034615
0.00598548
0.005199245
0.004067015
0.002485262
5.663148e-05
-0.002947936
-0.005219932
-0.006522662
-0.00823046
-0.01029481
-0.0120094
-0.01327702
-0.0137372
-0.01354648
-0.01323467
-0.01247217
-0.01128311
-0.01041806
-0.009256992
-0.007842556
-0.006237804
-0.004926535
-0.004670254
-0.004508693
-0.004536465
-0.005064216
-0.006043406
-0.008034795
-0.01041856
-0.01218372
-0.01396969
-0.01653855
-0.01901992
-0.02069016
-0.02243308
-0.02448176
-0.02624089
-0.02762338
-0.02889369
-0.03019941
-0.03099994
-0.03094576
-0.0300104
-0.02854259
-0.02761055
-0.02710471
-0.0261483
-0.02522412
-0.02502428
-0.02533794
-0.02614971
-0.02698804
-0.02767759
-0.02814955
-0.02823355
-0.02866822
-0.02940477
-0.02971674
-0.0295845
-0.02933425
-0.02871309
-0.02801848
-0.02774222
-0.0267292
-0.02513661
-0.02332353
-0.02136765
-0.01977928
-0.01851159
-0.01715684
-0.01512122
-0.01336377
-0.01242227
-0.01145411
-0.01005977
-0.008350912
-0.00623173
-0.004652083
-0.003876413
-0.002992783
-0.002075831
-0.0006337137
0.0009752485
0.002585434
0.003876155
0.004683958
0.005714066
0.006649519
0.007483869
0.008694555
0.009636912
0.009729715
0.009408001
0.009247814
0.009361157
0.009536982
0.009601134
0.00955787
0.00949987
0.009484713
0.009480194
0.009010141
0.007666678
0.006390944
0.006188294
0.006643011
0.006925029
0.006369775
0.00530738
0.005298078
0.006399254
0.007583248
0.00880543
0.009675475
0.009712558
0.0094204
0.01023775
0.01213673
0.01306949
0.01276777
0.01265645
0.01338136
0.01398661
0.01400869
0.01332161
0.01234867
0.01204245
0.01233166
0.01260095
0.01208697
0.01052897
0.00869369
0.007171178
0.005932178
0.00471697
0.003306273
0.001260965
-0.001662328
-0.004878469
-0.007853629
-0.01057552
-0.0132459
-0.01514668
-0.01635013
-0.01851614
-0.02082306
-0.02194415
-0.02275294
-0.02406892
-0.02527067
-0.02611808
-0.02670912
-0.02735855
-0.02806441
-0.02884859
-0.02956599
-0.03038244
-0.03163829
-0.03262154
-0.03330422
-0.03380389
-0.03395242
-0.03443318
-0.03517572
-0.03547226
-0.03539525
-0.03585417
-0.03669189
-0.0370333
-0.0367907
-0.03591238
-0.03503938
-0.03485448
-0.03459455
-0.0340345
-0.03375259
-0.03375058
-0.03317171
-0.03173213
-0.0306256
-0.03059346
-0.03105591
-0.0312171
-0.03037203
-0.02869683
-0.02745301
-0.0262906
-0.02516417
-0.02426943
-0.02307353
-0.02151697
-0.01990602
-0.01842377
-0.01707521
-0.01621218
-0.01502236
-0.01365682
-0.01316795
-0.01281176
-0.01170478
-0.010638
-0.010437
-0.01076472
-0.01092286
-0.01020503
-0.009113465
-0.008183978
-0.00767355
-0.007742118
-0.00791899
-0.007202685
-0.004917525
-0.002305214
-0.001206781
-0.001034908
-0.0002888728
0.0006892102
0.00101085
0.0007932935
0.0005868185
0.0006185432
0.0007619105
0.0007847248
0.0002062041
-0.000580993
-0.0008118206
-0.0005831505
-0.000364487
-0.0003078359
0.0001688216
0.0008793764
0.001112013
0.0009901042
0.001508148
0.00296837
0.004054933
0.003500656
0.002168513
0.001056154
0.0005736387
0.0007765507
0.001097009
0.001099521
0.0008700373
0.0007025798
0.0007014471
0.0008449921
0.001537849
0.002441016
0.003260364
0.003832017
0.003882918
0.003650484
0.003549537
0.003737143
0.004491752
0.005263031
0.004838202
0.003763928
0.003318422
0.00358626
0.003949523
0.004019754
0.003870811
0.003736909
0.003786514
0.004447211
0.00534983
0.006219297
0.006875747
0.007490594
0.008115221
0.008894145
0.009672806
0.0104297
0.01102449
0.01104599
0.01022068
0.009277668
0.009108663
0.009470369
0.009743489
0.009703729
0.009531248
0.009475778
0.009555472
0.009634256
0.009646256
0.009681275
0.01026431
0.0111266
0.01200916
0.01263111
0.01271633
0.01307771
0.01376998
0.01409256
0.0139905
0.01379406
0.01330748
0.01254711
0.01226227
0.0124293
0.01215327
0.01125138
0.01074343
0.01085469
0.01110524
0.01074231
0.01025046
0.01065305
0.0116992
0.01320779
0.01475163
0.01563532
0.0155645
0.01566305
0.01646022
0.01748254
0.01834075
0.01848478
0.01819991
0.01801179
0.01807886
0.01821283
0.01782372
0.0169238
0.01604798
0.01534095
0.01475226
0.01405506
0.0133398
0.01261433
0.01239148
0.01253008
0.01215744
0.01075021
0.009400671
0.009177945
0.009651362
0.009978544
0.009893604
0.009674913
0.01001843
0.01093336
0.01187416
0.01263108
0.01274255
0.01248335
0.01232959
0.01240857
0.01253343
0.01207769
0.0106488
0.008819135
0.006772433
0.005054961
0.003847104
0.001871932
-0.0002569396
-0.001636397
-0.002926843
-0.00383898
-0.004922834
-0.006422633
-0.008075102
-0.009240444
-0.009739231
-0.01060849
-0.01179134
-0.01230505
-0.01245522
-0.01303052
-0.01350203
-0.01321377
-0.01220584
-0.01130024
-0.01024995
-0.008864634
-0.007345556
-0.005867544
-0.00413435
-0.001856143
0.0004655716
0.002713957
0.004721337
0.006817502
0.008572459
0.009618656
0.01005899
0.01098621
0.01230327
0.01289246
0.01268916
0.0120049
0.01072445
0.009520095
0.008928445
0.008091804
0.00664993
0.004953177
0.003752624
0.00326517
0.002753053
0.002072235
0.001131009
0.0003600229
-0.0003110572
-0.0005320929
-0.0003891226
8.199717e-05
0.0009012321
0.00127879
0.001103766
0.001075278
0.001887893
0.002438573
0.001683327
0.0007393565
0.0005674269
0.0007027134
0.0001797777
-0.000691736
-0.001696445
-0.002386297
-0.00302201
-0.003360974
-0.003311771
-0.003176716
-0.003170909
-0.003263095
-0.003119042
-0.002325588
-0.001445516
-0.0005806037
-0.0002034579
-0.0003554226
-0.0005765179
-0.0005838353
-0.0004461874
-0.0003412908
-0.0003376905
-0.0003852885
-0.0004164651
-0.0004124228
-0.0003942213
-0.0003842564
-0.0003847114
-0.0001716245
0.0006243887
0.001474676
0.002538786
0.003934425
0.005438295
0.006897197
0.008284527
0.009466513
0.01009168
0.01090926
0.01216422
0.01308849
0.01378531
0.01431415
0.01508424
0.01583374
0.01663886
0.01706286
0.01721936
0.0178643
0.01843654
0.01848945
0.01828975
0.01841669
0.01909738
0.01923595
0.01945981
0.02002327
0.0207161
0.02045153
0.01974709
0.0192578
0.01860965
0.01797979
0.01723387
0.01659635
0.01562647
0.01412529
0.01248186
0.01120558
0.01089358
0.01100809
0.01045862
0.00974977
0.009534032
0.009698618
0.009861515
0.00985557
0.009760612
0.009699041
0.009488946
0.008726174
0.007898199
0.007050673
0.006441053
0.005560739
0.004136145
0.002693771
0.001741264
-4.656954e-05
-0.00286275
-0.005206863
-0.006519358
-0.007280056
-0.007738918
-0.00846477
-0.009283717
-0.01023747
-0.01074721
-0.01065039
-0.01016972
-0.009263504
-0.00850778
-0.007603163
-0.006233988
-0.004883449
-0.0041999
-0.003427711
-0.002276623
-0.001619559
-0.001655332
-0.002125433
-0.003034122
-0.003565574
-0.003426955
-0.00310503
-0.003247388
-0.00444729
-0.006040645
-0.006903102
-0.007398089
-0.007812024
-0.008551868
-0.00910415
-0.009142522
-0.008959333
-0.008880522
-0.008953594
-0.009283781
-0.01016576
-0.01079487
-0.01096772
-0.01145841
-0.01194326
-0.01181172
-0.01087377
-0.01017335
-0.01000971
-0.009571213
-0.008883917
-0.007705123
-0.006097939
-0.004497408
-0.00308228
-0.001999115
-0.001459258
-0.0008341973
-0.0003519532
-0.000273447
-0.0003827099
-0.0004270349
-0.0004746213
-0.001296268
-0.002805468
-0.003767083
-0.004372493
-0.004693051
-0.004662293
-0.004556136
-0.004570063
-0.004669884
-0.004634051
-0.003840792
-0.002916698
-0.001948205
-0.0007203283
5.679885e-05
0.0007754979
0.002078001
0.003637992
0.004462397
0.004980537
0.005377617
0.005478335
0.005421349
0.00530169
0.004508704
0.002939932
0.001230413
-0.0003413128
-0.002295807
-0.003714135
-0.005146087
-0.00636731
-0.00796001
-0.009265975
-0.0102386
-0.01135344
-0.01200765
-0.0120615
-0.0125541
-0.01324305
-0.01347255
-0.01322054
-0.0123199
-0.01158883
-0.01159506
-0.01183748
-0.01126579
-0.01043683
-0.01012425
-0.00970095
-0.009066919
-0.008738221
-0.008109607
-0.007435661
-0.007291899
-0.007490735
-0.007632115
-0.007653689
-0.008184971
-0.008978123
-0.009236753
-0.009024106
-0.008745188
-0.008208441
-0.008145653
-0.008799139
-0.009250004
-0.009122273
-0.008263716
-0.007358083
-0.007132037
-0.006820437
-0.00615648
-0.005204507
-0.003788213
-0.002251636
-0.001394109
-0.0008452708
0.0002856814
0.001896515
0.002993176
0.003604523
0.004029014
0.004118656
0.004042877
0.004023457
0.004094635
0.004103674
0.003478184
0.002544555
0.001611526
0.0004200355
-0.0004125078
-0.0004902248
-0.0008091511
-0.001532566
-0.001908849
-0.00183028
-0.001582448
-0.0008989524
-8.107582e-05
0.0006164851
0.001190405
0.001777046
0.002519868
0.002838817
0.003171875
0.003834572
0.003739016
0.002813296
0.002275302
0.00242769
0.002745109
0.002415373
0.001915611
0.002272537
0.002814006
0.003424688
0.004177954
0.004843179
0.005437433
0.005582593
0.005428314
0.005320362
0.005348579
0.004991925
0.004170042
0.003303989
0.002085276
0.0005927754
-0.0004624423
-0.001441378
-0.002857993
-0.004410364
-0.005970444
-0.006917536
-0.007902443
-0.00880979
-0.009047326
-0.008821179
-0.008209926
-0.007405704
-0.006695168
-0.006039416
-0.005856275
-0.0055396
-0.004756522
-0.004316165
-0.004401042
-0.004176662
-0.003344957
-0.002853327
-0.002941863
-0.003171711
-0.002783693
-0.00183624
-0.00136947
-0.001533782
-0.001824868
-0.001889453
-0.001766403
-0.001648727
-0.001631993
-0.00168134
-0.002054052
-0.002911379
-0.004077615
-0.005713915
-0.006455031
-0.006509469
-0.006967604
-0.007781502
-0.008761218
-0.009494112
-0.01055308
-0.01167141
-0.01197463
-0.01209801
-0.01279218
-0.01330615
-0.01331972
-0.01312596
-0.01268393
-0.01183804
-0.01140475
-0.0115524
-0.01181912
-0.01186782
-0.01140749
-0.01044193
-0.009934737
-0.009756806
-0.009216438
-0.008805363
-0.008790724
-0.008936589
-0.008995509
-0.009293767
-0.01013164
-0.01096931
-0.01172479
-0.01228303
-0.01330099
-0.01450908
-0.01490101
-0.01496384
-0.01558632
-0.01613997
-0.01621219
-0.01603613
-0.01593532
-0.01598359
-0.01607333
-0.01610861
-0.01608351
-0.0157158
-0.01485178
-0.01401185
-0.01321992
-0.01263641
-0.01197671
-0.01133281
-0.01055697
-0.009843533
-0.009040119
-0.008694194
-0.008822879
-0.009007501
-0.009006771
-0.008890143
-0.009163358
-0.01007481
-0.01064245
-0.01085887
-0.01134967
-0.01170414
-0.0117154
-0.01228422
-0.01399633
-0.01436575
-0.01210012
-0.009705311
-0.00896524
-0.008639069
-0.007927376
-0.007083184
-0.005804718
-0.004549692
-0.00384427
-0.003258302
-0.00301321
-0.002746305
-0.001983938
-0.001460674
-0.001475113
-0.001334859
-0.0005094641
9.56317e-05
0.0004162315
0.001361977
0.002651421
0.003485681
0.004403536
0.006104888
0.008262033
0.009481261
0.01026079
0.01141559
0.01302258
0.01502775
0.01732653
0.01900842
0.02015455
0.02132913
0.02279617
0.02440065
0.02595103
0.02714991
0.02770831
0.02829185
0.02873929
0.02881762
0.02894278
0.02970522
0.03037723
0.0304356
0.03041021
0.03111519
0.03183344
0.03194488
0.0316992
0.03153614
0.03158438
0.0317082
0.03176573
0.03152546
0.03068534
0.02982326
0.02899176
0.02839339
0.0274668
0.02622536
0.02563127
0.0258071
0.02588836
0.02507197
0.02424341
0.02411389
0.02440268
0.02460291
0.02455878
0.02441937
0.02416685
0.02342772
0.022822
0.02281096
0.02307529
0.0232059
0.02302224
0.02210346
0.02116818
0.02036261
0.01997086
0.02007717
0.02023975
0.02025739
0.02017688
0.02009985
0.02008464
0.02011311
0.02014022
0.02014489
0.02013559
0.02012816
0.02012869
0.02013327
0.02013673
0.01992782
0.01838993
0.0168644
0.01647186
0.01552065
0.01415483
0.01231585
0.01088042
0.009396386
0.008182028
0.006643089
0.005319535
0.003879908
0.002047409
0.0004096495
-0.0003860119
-0.0009365737
-0.002011777
-0.003057704
-0.003958345
-0.0051371
-0.006050519
-0.006766002
-0.007897802
-0.00884094
-0.009035655
-0.009442184
-0.01072861
-0.01198959
-0.01338024
-0.01468482
-0.01551025
-0.01598056
-0.01660655
-0.01733709
-0.01759147
-0.01745502
-0.01724278
-0.01661475
-0.01586784
-0.01562784
-0.01526604
-0.01466709
-0.014343
-0.0137959
-0.0130231
-0.01218232
-0.01149322
-0.01083562
-0.01019687
-0.009431242
-0.008732205
-0.008521711
-0.008112243
-0.007449257
-0.007168331
-0.007282335
-0.007442324
-0.007450525
-0.007358948
-0.007290276
-0.007289648
-0.007322023
-0.007342184
-0.007338505
-0.007325811
-0.007319036
-0.007320407
-0.007323956
-0.007324908
-0.00732316
-0.00732104
-0.007294635
-0.006796834
-0.005886519
-0.005501613
-0.005701428
-0.005974108
-0.006039168
-0.005964502
-0.00587836
-0.005825736
-0.005772258
-0.005313336
-0.004506481
-0.004618676
-0.005647018
-0.006248898
-0.006088258
-0.00571079
-0.00558067
-0.005701327
-0.005847977
-0.005882964
-0.005833169
-0.0057842
-0.005777067
-0.005795823
-0.005810402
-0.005835135
-0.006324757
-0.007204141
-0.007090643
-0.005981802
-0.005326418
-0.005493447
-0.005898367
-0.006039289
-0.005909486
-0.005750052
-0.005710158
-0.005761914
-0.005787998
-0.005296903
-0.004341787
-0.003450777
-0.002279869
-0.0008256998
0.0002071504
0.000737066
0.00173098
0.003334611
0.005027598
0.006508322
0.007841384
0.00916774
0.01012203
0.01021801
0.009444641
0.008415283
0.008163773
0.00854015
0.008807033
0.008134278
0.006577074
0.005240242
0.003975507
0.002766895
0.001340189
-3.23675e-05
-0.00101954
-0.002147936
-0.002954796
-0.003064206
-0.003438163
-0.00418919
-0.004555788
-0.004455617
-0.004264425
-0.004230803
-0.004254682
-0.003688129
-0.00284538
-0.002570577
-0.002733594
-0.002423947
-0.002232021
-0.002667031
-0.003034574
-0.00302155
-0.00283973
-0.002755003
-0.002849622
-0.003078627
-0.003963276
-0.00545535
-0.006294055
-0.006312751
-0.007386921
-0.008791603
-0.009382909
-0.0105392
-0.01172703
-0.01190162
-0.01158449
-0.01207763
-0.01303519
-0.0140305
-0.01383299
-0.01291156
-0.01239369
-0.01187646
-0.01147474
-0.01125011
-0.01037962
-0.008967234
-0.008026149
-0.007212027
-0.006204095
-0.005683807
-0.005784278
-0.005780782
-0.00494965
-0.004386081
-0.005136154
-0.006081532
-0.006255023
-0.005905913
-0.006083018
-0.007756187
-0.009186278
-0.009254762
-0.008638419
-0.008257753
-0.008363316
-0.008641234
-0.008769899
-0.008713307
-0.008612528
-0.008571905
-0.008260534
-0.00743954
-0.006599191
-0.005789424
-0.005525764
-0.005382231
-0.004359708
-0.002929193
-0.002378267
-0.002688549
-0.003068059
-0.002752981
-0.001688529
-0.0006830959
0.0001186623
0.0006245747
0.0008931699
0.0003539626
-0.0001853675
-0.0002158438
-3.460727e-07
0.0001297552
9.536559e-05
3.315574e-05
4.656455e-05
8.724119e-05
0.000106157
0.0001013121
0.000115906
0.000579088
0.001458642
0.00231936
0.003043039
0.003172538
0.002964467
0.003307176
0.004691745
0.006040541
0.006275481
0.005833934
0.006001003
0.006990208
0.007638866
0.00802619
0.008567076
0.008810606
0.008724472
0.008599825
0.008603998
0.008689401
0.008749875
0.008686688
0.00800231
0.006656779
0.005628027
0.005586979
0.005949093
0.00545661
0.003877066
0.002633702
0.00251569
0.002324536
0.001144321
-2.256637e-05
-0.0002364324
6.853823e-05
-0.0003188117
-0.00124037
-0.001676138
-0.001520401
-0.001254844
-0.001262679
-0.001979765
-0.002877386
-0.003112487
-0.002833372
-0.002583525
-0.002596532
-0.002743874
-0.002902991
-0.003536392
-0.004332391
-0.004622125
-0.00508417
-0.005640433
-0.005790075
-0.005649812
-0.005538116
-0.005570135
-0.005552009
-0.004701646
-0.00315581
-0.002190798
-0.001648583
-0.001282793
-0.0005255385
0.0002846774
0.001153724
0.001793495
0.002549154
0.003114636
0.003249997
0.003797833
0.004356837
0.003991843
0.004565931
0.005804578
0.006290722
0.006007158
0.005651626
0.005615812
0.005792181
0.005929939
0.005933084
0.005875786
0.005887166
0.005945602
0.005976411
0.00596932
0.005953457
0.005949872
0.005890241
0.005251196
0.004340918
0.003495999
0.002953023
0.002961056
0.003116328
0.002546009
0.001532476
0.0005694271
-4.224752e-06
4.047633e-05
0.0003004641
0.0003788122
0.0002260853
6.924369e-05
9.86037e-05
0.0006384913
0.001971224
0.003203824
0.003386891
0.002940178
0.002647872
0.002744417
0.003010711
0.003134145
0.002157529
0.0003057264
-0.0004848903
-0.0001039247
-3.930018e-05
-0.0008946421
-0.00201138
-0.002883176
-0.002983425
-0.002663123
-0.002473822
-0.002556869
-0.002724176
-0.002796724
-0.002765667
-0.003044889
-0.00389922
-0.004438824
-0.004318159
-0.004004401
-0.003908314
-0.00402181
-0.003814539
-0.002989373
-0.002429887
-0.002463177
-0.002759066
-0.002896795
-0.002791226
-0.002601312
-0.002518126
-0.002560475
-0.002843078
-0.003658131
-0.004466374
-0.005226573
-0.005555842
-0.005424235
-0.005237905
-0.005473187
-0.006667742
-0.008210321
-0.008808486
-0.008234222
-0.006760452
-0.005257918
-0.00463002
-0.004304763
-0.003938275
-0.003153539
-0.002320404
-0.001371792
-0.0001317439
0.0006756968
0.001309551
0.001862345
0.00266985
0.003296102
0.003349137
0.003139362
0.003043351
0.003123223
0.003244251
0.003328161
0.003297683
0.003214392
0.00318692
0.003260747
0.00333612
0.003095364
0.001528847
2.677702e-05
-0.0001279515
0.0004636735
0.0007458286
-5.03793e-05
-0.001688209
-0.002823033
-0.002733609
-0.002208927
-0.002595171
-0.003647613
-0.004731282
-0.005350965
-0.005239796
-0.004871461
-0.004654737
-0.004131817
-0.003382753
-0.002544003
-0.001887808
-0.00171078
-0.001170983
0.0001917671
0.001336072
0.001545398
0.001856832
0.003113098
0.004305603
0.004503564
0.004183669
0.004681025
0.00625184
0.006984412
0.006854712
0.006972528
0.007172094
0.00663692
0.00519413
0.004126701
0.00421187
0.004777096
0.00502037
0.004853533
0.004194065
0.003732315
0.00429528
0.004507327
0.004242103
0.00453381
0.004920508
0.005055865
0.005509441
0.006814795
0.008087158
0.00838585
0.008045867
0.007771976
0.007829916
0.008037698
0.008187448
0.008225986
0.008182348
0.008114907
0.007654111
0.006392135
0.005200666
0.005052749
0.005482178
0.005242919
0.003767126
0.002305266
0.002044747
0.002569701
0.002659586
0.001771407
0.001356311
0.002190967
0.003044331
0.002801142
0.001244782
-0.000362023
-0.0006629706
-7.682081e-05
0.000385431
1.809208e-05
-0.0007913455
-0.0005725409
9.12396e-05
0.0003621737
0.0002053581
-3.655274e-06
0.0003187526
0.001652422
0.003103585
0.003505711
0.003466721
0.004331098
0.005763866
0.006402079
0.006146666
0.005396388
0.004097656
0.002917632
0.002711566
0.003122646
0.002713147
0.0008621549
-0.0003871782
-0.0009639711
-0.002119072
-0.002890285
-0.002857684
-0.003221392
-0.004835839
-0.005959358
-0.005895699
-0.006098057
-0.007685953
-0.00883968
-0.008790746
-0.008277184
-0.008061795
-0.008225709
-0.008453344
-0.008521511
-0.00845356
-0.008378665
-0.008597231
-0.009477326
-0.01015744
-0.01014751
-0.01005654
-0.01070778
-0.01140942
-0.01153714
-0.01130695
-0.0111417
-0.01117748
-0.01129257
-0.01135247
-0.01155352
-0.0125428
-0.01397575
-0.0145718
-0.01425006
-0.01382852
-0.01379028
-0.01401086
-0.01418315
-0.01418751
-0.01410625
-0.01405248
-0.014056
-0.01386622
-0.01308335
-0.01223169
-0.01137957
-0.01099672
-0.01113902
-0.01135692
-0.01136695
-0.01123265
-0.01112858
-0.01112401
-0.01118444
-0.01103836
-0.01024106
-0.009621475
-0.009414067
-0.008851143
-0.008323448
-0.008248943
-0.008417876
-0.008512185
-0.008454818
-0.007908098
-0.006221241
-0.004971989
-0.004792113
-0.004305891
-0.003107894
-0.002322781
-0.002131037
-0.001387927
-4.722547e-05
0.0006842047
0.0005301602
0.0003733211
0.001315115
0.00295075
0.003762207
0.00349842
0.003009413
0.002903215
0.003218868
0.004165273
0.005032322
0.005783406
0.006173724
0.00608394
0.005890292
0.005769502
0.005146428
0.004517853
0.004492616
0.00488754
0.005776053
0.006383474
0.00628555
0.005947453
0.005824428
0.006049331
0.007092127
0.008663132
0.009449769
0.009189126
0.008709192
0.008611405
0.008932917
0.009889321
0.01059991
0.009865449
0.008735729
0.008441574
0.008819781
0.009172818
0.00905404
0.007620259
0.005811675
0.00530586
0.005756667
0.005060584
0.00337455
0.002583797
0.002904386
0.00341097
0.003540974
0.003371511
0.003191085
0.003221475
0.003958512
0.005422833
0.006489781
0.006509768
0.0061854
0.00721691
0.008999694
0.009685323
0.009284713
0.008826279
0.008837483
0.009107232
0.009286186
0.009278218
0.00922945
0.009236064
0.009266432
0.009154482
0.00790874
0.00630327
0.005894754
0.006356034
0.00592712
0.004307605
0.003369138
0.003556115
0.004088721
0.004304878
0.004178152
0.004019103
0.003983898
0.004042147
0.004100774
0.00413833
0.004642604
0.006033637
0.007327219
0.007542517
0.007542027
0.008120373
0.008639495
0.008720825
0.008569478
0.008474873
0.008179685
0.007409557
0.00695498
0.007050845
0.007298555
0.007367931
0.007266755
0.007159536
0.007138965
0.007178337
0.007213641
0.007217225
0.007202733
0.007192438
0.007193531
0.007196014
0.006839578
0.005928182
0.005403636
0.005524435
0.005822953
0.006243349
0.006977146
0.007340415
0.007202971
0.006973973
0.00693756
0.007051314
0.007151315
0.007162196
0.007124877
0.007450895
0.008003024
0.007630809
0.006996478
0.006822383
0.007028542
0.007226849
0.00723287
0.006798556
0.005875975
0.005032307
0.004270998
0.004043814
0.004238298
0.0044104
0.004371145
0.004230467
0.003819786
0.003344681
0.003811622
0.004110575
0.003344687
0.002585815
0.002172689
0.00162163
0.001325058
0.001413186
0.001590588
0.001579303
0.001476271
0.001455915
0.001496066
0.001171725
0.0002637463
-0.0002752183
-0.0004975649
-0.001051212
-0.001450543
-0.001451989
-0.001303246
-0.001251783
-0.001320076
-0.001755744
-0.002685295
-0.003186492
-0.003376357
-0.003928434
-0.004342703
-0.004354351
-0.00420474
-0.004147736
-0.004209313
-0.004285583
-0.004309589
-0.004648874
-0.005870489
-0.007239289
-0.00764262
-0.007639803
-0.008167496
-0.008686912
-0.009122597
-0.009858074
-0.01031607
-0.010277
-0.01041063
-0.01153377
-0.01298369
-0.01349302
-0.01310491
-0.01303664
-0.01393963
-0.01503502
-0.01593
-0.01611499
-0.0158319
-0.01562386
-0.01568154
-0.01584628
-0.01593197
-0.01590619
-0.01561351
-0.01451729
-0.01307652
-0.01249582
-0.01281175
-0.01322085
-0.01325207
-0.0130148
-0.01278603
-0.01273713
-0.01281576
-0.01266742
-0.01163966
-0.01013857
-0.009469517
-0.009759963
-0.009962363
-0.008950744
-0.007263809
-0.006420968
-0.006454013
-0.006153306
-0.005655985
-0.005453904
-0.005505205
-0.005323923
-0.004480368
-0.003807553
-0.003798348
-0.004088836
-0.004232146
-0.004151396
-0.004017481
-0.003968138
-0.003984096
-0.003751342
-0.002688576
-0.001224605
-0.0006420127
-0.0009817847
-0.001185825
-0.0001857599
0.001276463
0.001473911
0.001147605
0.0004551406
-2.164714e-05
5.393626e-05
0.0003364002
0.0004543374
0.000472335
0.001094952
0.001793919
0.001917049
0.001675047
0.001506231
0.001550038
0.001668126
0.001677987
0.001604939
0.001765045
0.003305592
0.004847623
0.004990153
0.004347897
0.00407262
0.005104753
0.006936885
0.007900057
0.007724931
0.007999196
0.00937286
0.01043197
0.01043388
0.009883248
0.008785505
0.007389246
0.006759508
0.007039867
0.007348928
0.006603283
0.005594423
0.005316803
0.005707021
0.006719565
0.007451957
0.007390939
0.007011762
0.006845445
0.006957646
0.007117498
0.007120283
0.007022767
0.006961472
0.006962139
0.00694123
0.006903076
0.006889477
0.006898126
0.00690728
0.007081446
0.008423882
0.009998689
0.01029558
0.009074284
0.007171671
0.006179739
0.006482536
0.007119155
0.007285149
0.006932744
0.006039201
0.005130685
0.00443109
0.004447616
0.004617062
0.004244213
0.003919911
0.0044483
0.005355903
0.005664911
0.005415136
0.005143745
0.005061829
0.004556657
0.003810201
0.003568498
0.003764588
0.003921949
0.003856838
0.003714342
0.003608696
0.0035757
0.003669598
0.004409691
0.005866192
0.006883887
0.006840353
0.006335904
0.006082721
0.006221024
0.006432948
0.006029674
0.004621839
0.003221211
0.00200907
0.0006776772
-0.0002233377
-0.001292449
-0.002303356
-0.002562376
-0.00232029
-0.002139921
-0.002211217
-0.0023754
-0.002454481
-0.002377271
-0.001358434
0.0004234251
0.001153194
0.000744725
0.0001827576
9.701191e-05
0.0003662151
0.0005339732
5.722295e-05
-0.0009176233
-0.001832207
-0.00254418
-0.002663954
-0.002906331
-0.00411358
-0.005463281
-0.005803639
-0.005408569
-0.005075612
-0.005099232
-0.004883939
-0.003784224
-0.002432821
-0.001950146
-0.001595219
-0.0002259873
0.0008098803
0.0008289838
0.0004198466
0.0002403231
0.0003797091
0.0005773804
0.0006406304
0.0005854495
0.0005165625
0.000138999
-0.001085028
-0.002436689
-0.002801042
-0.002402364
-0.002051118
-0.002090513
-0.002321595
-0.00245727
-0.002095197
-0.0008098267
-6.589491e-05
-0.00143102
-0.002866096
-0.003014098
-0.002411278
-0.002006238
-0.002081903
-0.002347767
-0.002844598
-0.004048605
-0.005329414
-0.005658967
-0.005276571
-0.005313756
-0.00661007
-0.008208467
-0.008706061
-0.008277956
-0.008201612
-0.009117903
-0.01022621
-0.01112407
-0.01130556
-0.01101945
-0.01081143
-0.01087067
-0.01103987
-0.01146534
-0.01265141
-0.01399374
-0.01437941
-0.01399573
-0.01364314
-0.01367545
-0.01390715
-0.01438468
-0.01521597
-0.01562329
-0.01546487
-0.01486662
-0.01396666
-0.0135992
-0.01382225
-0.01410392
-0.01355267
-0.0117337
-0.01047407
-0.01057436
-0.01073719
-0.009339854
-0.007873155
-0.007407055
-0.006870996
-0.005747066
-0.00479901
-0.003813659
-0.002651519
-0.002101962
-0.002258576
-0.002085193
-0.0004560354
0.0009797467
0.001087489
0.0005179691
0.0001943642
0.0003267863
0.0005940894
0.0007060181
0.0006479053
0.0005571335
0.0005302569
0.0007738244
0.001382467
0.001205454
0.0005737678
0.0007508048
0.002550289
0.004034599
0.004058743
0.003618755
0.004288931
0.005644546
0.005962299
0.005752207
0.005103918
0.004611937
0.004437036
0.00390996
0.003424259
0.003366442
0.003529972
0.003616561
0.003562892
0.003474604
0.003441658
0.003463639
0.003495553
0.003724475
0.004730403
0.006129703
0.006728875
0.006442776
0.005939332
0.005153668
0.004626492
0.004808475
0.005842399
0.006681207
0.006660965
0.00624559
0.006032491
0.006131745
0.006313333
0.006384505
0.006342137
0.00628125
0.006263944
0.006282894
0.006411632
0.007311599
0.008835738
0.009661726
0.009448481
0.008979056
0.008864837
0.009069737
0.009274878
0.009310346
0.009234024
0.009169183
0.009064725
0.00835256
0.007528319
0.006643002
0.006125433
0.006202344
0.006449482
0.006444357
0.005718446
0.004741304
0.003892512
0.003379273
0.003410482
0.003634921
0.003764558
0.004322263
0.005598481
0.006586016
0.006613964
0.00620237
0.006005932
0.006136205
0.006338953
0.00641144
0.006360214
0.006293083
0.006276054
0.006298203
0.006387567
0.006970669
0.007232472
0.00726236
0.007620878
0.007884578
0.007933057
0.008363661
0.009133578
0.009461814
0.009305222
0.009088108
0.009064463
0.009151716
0.008751003
0.00740799
0.006098932
0.005875013
0.006332459
0.006650002
0.006565355
0.006326775
0.006183796
0.005734893
0.004503869
0.003329261
0.003139063
0.003552353
0.003828692
0.003717048
0.003001463
0.001962602
0.001151909
0.0005786433
0.0005211213
0.0007213892
0.0007834595
0.0006693713
0.000920262
0.002130537
0.003544746
0.003942304
0.003570588
0.003230347
0.003263089
0.003486145
0.003625522
0.003585467
0.003447863
0.003372921
0.003393539
0.003437056
0.003090304
0.001805043
0.0003533927
-5.246177e-05
0.0003691738
0.0007489159
0.0003518716
-0.001140314
-0.002665157
-0.003011275
-0.002517251
-0.002115169
-0.002190695
-0.002734166
-0.004013661
-0.005499286
-0.005962255
-0.00554961
-0.005142164
-0.005162919
-0.005865634
-0.007679398
-0.008949045
-0.008895299
-0.008750561
-0.01008973
-0.01151575
-0.01203506
-0.01240885
-0.01294212
-0.01389819
-0.0145461
-0.01474569
-0.01527821
-0.01601165
-0.01691489
-0.01741777
-0.01731565
-0.017276
-0.01812936
-0.01970874
-0.02063313
-0.02046124
-0.01996851
-0.01981817
-0.02001083
-0.02032654
-0.02112261
-0.02183781
-0.02190951
-0.02161856
-0.02129518
-0.02056665
-0.0199646
-0.01995791
-0.0202242
-0.02034959
-0.02026584
-0.02003549
-0.01914658
-0.01770082
-0.01691786
-0.01712168
-0.01756759
-0.01746466
-0.01573065
-0.01387952
-0.01241189
-0.01142696
-0.01139409
-0.01176514
-0.01189856
-0.01165702
-0.0108364
-0.009980121
-0.009752079
-0.009476929
-0.009502723
-0.01007359
-0.0104104
-0.01030507
-0.01015084
-0.01076699
-0.01174921
-0.01209365
-0.01184551
-0.01150604
-0.01082208
-0.009529518
-0.008562319
-0.008553984
-0.00897176
-0.009200013
-0.009116285
-0.008798349
-0.007462632
-0.005858805
-0.005401454
-0.005247518
-0.004281185
-0.003151098
-0.002212718
-0.001059302
-0.000217267
-0.0001651751
-0.0004030028
0.0001248696
0.001576151
0.002774488
0.002879991
0.002436869
0.002686657
0.00417117
0.005600575
0.005796504
0.005289639
0.0054604
0.006931886
0.008424797
0.008756555
0.009213428
0.01059712
0.01141067
0.01132931
0.01190423
0.01356454
0.01447827
0.01426325
0.01376763
0.01366349
0.01435671
0.01588067
0.01715578
0.01727601
0.01673331
0.01640679
0.01652786
0.01679265
0.01690953
0.01685567
0.01676489
0.01673411
0.01675921
0.01679018
0.01679759
0.01678742
0.01677768
0.01677681
0.01678128
0.01678476
0.01678337
0.01675065
0.01672078
0.01672313
0.01670234
0.01668206
0.0166797
0.01668679
0.01669095
0.01668929
0.01668601
0.01668491
0.01668599
0.01668747
0.01668813
0.01668806
0.01668775
0.0166642
0.01662765
0.01662994
0.01661243
0.01658934
0.0165836
0.01659017
0.01659555
0.01659474
0.01659133
0.01658969
0.01659053
0.01658849
0.01622918
0.01531461
0.01445527
0.01372611
0.01353255
0.01372546
0.01351898
0.0122036
0.01099568
0.01142993
0.0120261
0.01143708
0.01030274
0.008852685
0.007656835
0.007482976
0.00795057
0.008225534
0.008053281
0.007791678
0.00774644
0.00784963
0.007906573
0.007513543
0.006588698
0.005749697
0.005036251
0.004842353
0.005032174
0.005186526
0.005140745
0.00500951
0.004938873
0.004955794
0.005000695
0.005020975
0.005012206
0.004997122
0.004992174
0.004996654
0.005002116
0.005003594
0.005002106
0.005000614
0.005000696
0.005001738
0.005002538
0.00500277
0.005002757
0.005002884
0.005003184
0.005003522
0.005003835
0.005004116
0.00500435
0.005004586
0.005003233
0.004785033
0.0039891
0.003375047
0.003152995
0.002578615
0.002050454
0.001978567
0.001931058
0.001228607
0.0005594663
0.0002436841
-0.0003670869
-0.0008746705
-0.001133565
-0.001983755
-0.003365166
-0.004074731
-0.003880627
-0.003707257
-0.004658379
-0.006308403
-0.00712429
-0.006857396
-0.006582965
-0.007505269
-0.009186349
-0.01003586
-0.009773286
-0.009265818
-0.009146931
-0.009361862
-0.009572098
-0.009604149
-0.009522376
-0.009455264
-0.009344103
-0.008688141
-0.008606
-0.008610909
-0.008894304
-0.008783484
-0.008828376
-0.00853309
-0.007970201
-0.007880093
-0.008826134
-0.009782792
-0.009887626
-0.009497739
-0.009243156
-0.009197527
-0.008480665
-0.007036528
-0.006273753
-0.007274818
-0.009147084
-0.009261133
-0.007359327
-0.005846759
-0.005883971
-0.006625565
-0.006808515
-0.005115315
-0.003280729
-0.002972171
-0.003628048
-0.003892123
-0.002368889
-0.001167137
-0.000810264
-0.0007942721
-0.0009024742
-0.0009349016
-0.0008598153
-0.0008710544
-0.001581017
-0.002336845
-0.002560797
-0.003080842
-0.003683641
-0.003827196
-0.00366095
-0.003537181
-0.003574923
-0.003674863
-0.00372432
-0.003707677
-0.003564773
-0.00265477
-0.001131328
-0.0003107976
-0.000527261
-0.0009961945
-0.001108672
-0.0009030506
-0.0006986043
-0.0005557991
0.0001624494
0.0008866801
0.001079799
0.00154924
0.002115614
0.002264344
0.002119003
0.00200356
0.002034578
0.002125538
0.002172833
0.002058246
0.00128479
0.0005353082
0.0003453733
-0.0001564429
-0.0007642999
-0.0009198881
-0.0007586414
-0.0006321459
-0.000665783
-0.0007645036
-0.0008152638
-0.0007997388
-0.0008660989
-0.001593545
-0.002337766
-0.002438266
-0.002267741
-0.002881153
-0.003723765
-0.003746718
-0.001972367
-0.0002307205
-5.992461e-05
-0.0007739005
-0.001222302
-0.001091632
-0.0008609563
-0.001346358
-0.001503449
-0.001820287
-0.003022569
-0.003975623
-0.003984994
-0.003575115
-0.003379991
-0.003602631
-0.004644434
-0.006243223
-0.007071244
-0.006819978
-0.006323464
-0.006210997
-0.006430807
-0.006644641
-0.006677964
-0.006696574
-0.007478568
-0.009007124
-0.009916566
-0.009750641
-0.009268201
-0.009123078
-0.009315698
-0.009528312
-0.009698455
-0.01040286
-0.01116175
-0.01198203
-0.01242644
-0.01233511
-0.01211692
-0.01231586
-0.0135065
-0.0150664
-0.01567998
-0.01532682
-0.01487769
-0.01483866
-0.01507442
-0.01525828
-0.0152635
-0.01517774
-0.01512102
-0.01512692
-0.01515802
-0.01517283
-0.01494925
-0.01413992
-0.01328843
-0.0124498
-0.0120757
-0.01221723
-0.01243071
-0.01243875
-0.0123057
-0.01220371
-0.01220009
-0.01224667
-0.01227759
-0.01227428
-0.01225706
-0.01224776
-0.01225021
-0.01225609
-0.01225846
-0.01225696
-0.01225469
-0.01225386
-0.01225434
-0.01225491
-0.01225497
-0.01225452
-0.01225414
-0.01225398
-0.01225047
-0.011914
-0.01106675
-0.01091469
-0.01187818
-0.01264073
-0.01260488
-0.01222051
-0.01202599
-0.01211247
-0.01227133
-0.01233191
-0.01229295
-0.01223877
-0.01222363
-0.01223699
-0.01191425
-0.01067143
-0.009298669
-0.008979984
-0.009417936
-0.009745214
-0.00916817
-0.00755364
-0.006184274
-0.006055054
-0.006598121
-0.006874257
-0.005791595
-0.003767555
-0.002906578
-0.003346959
-0.003938976
-0.003543312
-0.00191153
-0.0004008741
-0.0001862105
-0.0006995051
-0.0001481721
0.001648102
0.002641662
0.002404147
0.001850905
0.001694533
0.002037496
0.003514272
0.005199825
0.005580193
0.005020707
0.004563759
0.004647635
0.005470749
0.005996268
0.006632457
0.007654659
0.008056131
0.007827415
0.007553995
0.007551752
0.00771497
0.007830691
0.007827052
0.007768675
0.007733739
0.007740232
0.007761387
0.007771566
0.007767742
0.007760524
0.007758011
0.007760047
0.007762654
0.007763428
0.007762767
0.007762107
0.007762109
0.007762615
0.007763093
0.007763095
0.007863934
0.008707032
0.01019306
0.01107189
0.0109243
0.01042502
0.01027749
0.01045297
0.01063954
0.01072613
0.01069944
0.01082391
0.01160616
0.012276
0.01253931
0.01309731
0.01354951
0.01356591
0.01339952
0.01333364
0.01340122
0.01348746
0.01351549
0.0139423
0.01556336
0.01682679
0.01681246
0.01624514
0.01598131
0.01613458
0.0163387
0.01638498
0.01631683
0.0162495
0.01623744
0.01626067
0.01628002
0.01625703
0.01621106
0.016207
0.01618999
0.01616993
0.0161418
0.01608693
0.01605599
0.01606267
0.01607898
0.01608307
0.01607578
0.01604466
0.0159828
0.01592545
0.01543829
0.01454815
0.01414325
0.01383801
0.01319159
0.01283868
0.01293158
0.01356129
0.01443815
0.01468703
0.01395693
0.01280774
0.01239071
0.01264451
0.01241241
0.01165589
0.01114802
0.01057668
0.009935667
0.009724349
0.009870569
0.01001486
0.009986833
0.009829382
0.009713412
0.009716388
0.009664942
0.008800333
0.007259142
0.006404513
0.006600949
0.00702567
0.007097586
0.006889166
0.006701333
0.006675845
0.006748204
0.006805151
0.006805515
0.006777992
0.006745157
0.006689328
0.006437084
0.005645084
0.004816748
0.003981309
0.003596261
0.00372872
0.003941804
0.003950541
0.003456646
0.00208335
0.0006443267
0.0002884385
0.0007351623
0.0011098
0.001058596
0.0008066649
0.0006591362
0.0006857107
0.0007739517
0.000816596
0.0008005814
0.0007698888
0.0007585667
0.0007664728
0.000777001
0.0007798144
0.0007765163
0.0007731306
0.0007726756
0.0007741106
0.0007753005
0.0007754041
0.0007748393
0.0008413591
0.001487667
0.002399845
0.003243095
0.003784869
0.003676515
0.00271392
0.002003697
0.002759097
0.003898259
0.004305884
0.004825913
0.006002837
0.006821943
0.006787279
0.006429278
0.006264394
0.006410311
0.006603773
0.006610927
0.00650549
0.006437134
0.006444487
0.006480122
0.006512571
0.006539258
0.006173451
0.00529869
0.004500226
0.003752687
0.00351038
0.003689754
0.003861701
0.003807262
0.003185844
0.001760025
0.0005029252
0.0003513636
0.000828797
0.001123535
0.001014599
0.0007718191
0.0005322397
-0.0006708867
-0.002230745
-0.00266475
-0.002200118
-0.001781087
-0.001815649
-0.002079047
-0.002241455
-0.002218397
-0.002117771
-0.002017084
-0.001979891
-0.002008088
-0.002275328
-0.003134789
-0.003994257
-0.004764517
-0.005061955
-0.00486174
-0.004632991
-0.004642404
-0.004789978
-0.00488856
-0.004880511
-0.004827115
-0.00479709
-0.004804
-0.004822907
-0.004831338
-0.004827354
-0.004820698
-0.004818453
-0.004820239
-0.004822426
-0.004822856
-0.004822077
-0.004821388
-0.004821149
-0.004883632
-0.005487043
-0.006279905
-0.006611778
-0.007171858
-0.007745377
-0.007854251
-0.007683645
-0.007575834
-0.007626506
-0.007727086
-0.007770866
-0.007750323
-0.007716077
-0.007704433
-0.007713687
-0.007725079
-0.007727682
-0.007723712
-0.007723554
-0.008083243
-0.008999644
-0.009884105
-0.01067411
-0.01090236
-0.01069783
-0.01052113
-0.01058896
-0.01122885
-0.01219389
-0.01206469
-0.01090515
-0.01022606
-0.01040327
-0.01082663
-0.01097468
-0.01084092
-0.0106761
-0.01063533
-0.01068966
-0.01074368
-0.01075112
-0.01072947
-0.01071947
-0.01077223
-0.01082585
-0.01079168
-0.01077113
-0.01080161
-0.01083056
-0.01083332
-0.01082239
-0.01055812
-0.008950728
-0.007950431
-0.009499394
-0.01136356
-0.01167322
-0.01095372
-0.01040705
-0.01046258
-0.01078832
-0.01097416
-0.01093371
-0.01080221
-0.01069383
-0.01090719
-0.01180144
-0.01249367
-0.01275045
-0.0133025
-0.01373864
-0.01372694
-0.01354401
-0.01348309
-0.01358478
-0.01371034
-0.01370461
-0.01363095
-0.01359005
-0.01360051
-0.01362582
-0.01363583
-0.01365289
-0.01368046
-0.01365209
-0.01361203
-0.01360355
-0.01361818
-0.01360679
-0.01314194
-0.01228584
-0.0118976
-0.01158795
-0.0109341
-0.01058159
-0.01065618
-0.01082496
-0.01085211
-0.01076394
-0.01068652
-0.01067858
-0.01071108
-0.0107355
-0.01073509
-0.01072305
-0.01065332
-0.01005117
-0.009325024
-0.009644262
-0.01013038
-0.01031623
-0.01009585
-0.009955196
-0.009833169
-0.009411957
-0.009180691
-0.009147798
-0.008542182
-0.007836468
-0.007687549
-0.0079117
-0.008081063
-0.007938359
-0.007024263
-0.006171927
-0.00609402
-0.006337053
-0.005803455
-0.004996544
-0.004637418
-0.004051997
-0.003348671
-0.002473391
-0.0019534
-0.002015779
-0.002249903
-0.002307773
-0.002192661
-0.001843724
-0.0009693167
-0.0003548706
-0.0004043743
-0.000705467
-0.0008280184
-0.0009597334
-0.00144288
-0.00120554
-0.0005764848
-0.0003343385
-0.0002860084
0.0003002979
0.0008801952
0.0009577007
0.0005389604
-0.0001618063
7.09169e-05
0.0007987712
0.001110293
0.0009381927
0.0006915791
0.0006357187
0.0007294263
0.0008187251
0.0008298573
0.0007933673
0.0007650079
0.0007649252
0.0007786538
0.0007890121
0.001020186
0.001635735
0.00167047
0.00185707
0.002448269
0.003393716
0.00393352
0.003831065
0.003551932
0.003477905
0.003598818
0.003724275
0.003748149
0.003702628
0.003662307
0.003659067
0.003676596
0.003689126
0.0036884
0.003681846
0.003678138
0.003678933
0.003681052
0.003790281
0.004584821
0.005373279
0.005468199
0.005267077
0.00581878
0.006616736
0.006853266
0.006538033
0.005690934
0.005803552
0.007420669
0.009400402
0.01016562
0.009700699
0.009117016
0.009165202
0.01021095
0.01129454
0.01218693
0.01258405
0.01242829
0.0121906
0.01217786
0.0123243
0.01243956
0.01244599
0.01239485
0.01235975
0.01225417
0.01147796
0.01059802
0.00975786
0.009316779
0.009415423
0.009637703
0.009670381
0.009545738
0.009435356
0.009414319
0.009513809
0.01029074
0.01107383
0.01117251
0.0109806
0.01157518
0.01237618
0.01261798
0.01242365
0.01218699
0.01219076
0.01234172
0.01239763
0.01237772
0.01231443
0.01215907
0.01151491
0.01155139
0.0122668
0.01257852
0.01156701
0.009722578
0.008753763
0.009095286
0.009734373
0.009841936
0.009527016
0.009259262
0.009137662
0.008510245
0.007752678
0.006908002
0.006364332
0.006429395
0.006706563
0.006788776
0.006667275
0.006535527
0.006508093
0.006554953
0.006496975
0.005759367
0.005004642
0.00479377
0.004281133
0.003676523
0.003528044
0.003691887
0.003816289
0.003779847
0.003680161
0.003629932
0.003646032
0.003579456
0.00285137
0.002106863
0.001897787
0.001381371
0.0007733846
0.0006318482
0.0008429459
0.0009680021
0.0008924805
0.0008115164
0.0007752617
0.000814804
0.000881179
0.001004741
0.001728769
0.002553228
0.003427443
0.003890612
0.003769889
0.003571509
0.003587859
0.003729546
0.003819689
0.003766107
0.003668506
0.003642302
0.003720532
0.00380219
0.003804929
0.003718725
0.003643051
0.003640478
0.00367529
0.003695668
0.003689243
0.003681351
0.003727571
0.003776077
0.003633712
0.002712391
0.001159956
0.0004121337
0.001517098
0.003428527
0.003742012
0.003226261
0.002448316
0.001928038
0.002017044
0.002337342
0.002474988
0.002385017
0.002250304
0.00220535
0.002241829
0.002177928
0.001501426
0.001383718
0.001267972
0.0008746712
0.0006735556
0.0007285119
0.0008327141
0.000848324
0.0007955005
0.000750479
0.0006459826
-0.0001846222
-0.00170226
-0.002581334
-0.002401969
-0.001926121
-0.001791884
-0.001988253
-0.002191036
-0.002180729
-0.002053733
-0.00198
-0.001892883
-0.001192468
-0.0004731417
-0.0002653755
0.0002627846
0.0008786365
0.001026477
0.0008566338
0.0007286183
0.0007728173
0.0009202717
0.0009709562
0.000908331
0.0007454996
-3.39192e-06
-0.0007150814
-0.000887467
-0.001349202
-0.001918074
-0.002069866
-0.001924045
-0.001806312
-0.001835803
-0.002027903
-0.002817611
-0.003642152
-0.004340505
-0.004140551
-0.004064063
-0.004497654
-0.004832102
-0.004845746
-0.004617729
-0.003810817
-0.003106477
-0.002965096
-0.002472583
-0.001846844
-0.001675315
-0.00183509
-0.001968301
-0.00194673
-0.001893438
-0.001846845
-0.001867369
-0.00192828
-0.0019573
-0.002047706
-0.002770888
-0.003502626
-0.00359844
-0.003431617
-0.004049992
-0.004893848
-0.005124745
-0.004886069
-0.004670532
-0.004685211
-0.004815589
-0.00489574
-0.004890911
-0.004897348
-0.004926572
-0.004940967
-0.004937329
-0.004931117
-0.004931455
-0.004834805
-0.004095889
-0.003359149
-0.003268625
-0.003549944
-0.003728124
-0.003671594
-0.003534282
-0.003470773
-0.003395788
-0.002701186
-0.00198181
-0.001880649
-0.002146892
-0.002320808
-0.002268962
-0.002136657
-0.002073835
-0.002098225
-0.001934818
-0.0004147329
0.001014481
0.0003182571
-0.001793554
-0.002999197
-0.002672706
-0.001915691
-0.001665364
-0.001922556
-0.002226639
-0.002298695
-0.00219698
-0.002098055
-0.002085495
-0.002125811
-0.002157254
-0.002157384
-0.002142229
-0.002132766
-0.002134309
-0.002139977
-0.002142857
-0.002141994
-0.002140139
-0.002139484
-0.002140084
-0.002140895
-0.002141172
-0.002141043
-0.00214091
-0.002140983
-0.00214118
-0.002141271
-0.002203703
-0.002806975
-0.00360005
-0.003823918
-0.003656053
-0.004086686
-0.004949871
-0.005321407
-0.005215168
-0.00557679
-0.006337314
-0.00674469
-0.007252607
-0.007891871
-0.008101712
-0.007952014
-0.007806104
-0.007826068
-0.007929424
-0.007924929
-0.007269071
-0.006383355
-0.006125573
-0.006378925
-0.006584317
-0.006561493
-0.006457998
-0.006453305
-0.007035137
-0.007937003
-0.008264324
-0.00803838
-0.007779652
-0.007765914
-0.00790448
-0.00802995
-0.008492978
-0.009315743
-0.010108
-0.01077518
-0.01089844
-0.01068975
-0.01055865
-0.01062409
-0.01075261
-0.01078651
-0.01029785
-0.009405507
-0.009008063
-0.008742476
-0.008161443
-0.007836878
-0.007893754
-0.008040731
-0.008065705
-0.007964812
-0.007430105
-0.006516265
-0.005661029
-0.004995358
-0.004903819
-0.005129144
-0.005252759
-0.005173307
-0.005015662
-0.004471918
-0.003154178
-0.001930099
-0.001772539
-0.002686482
-0.003411797
-0.003262286
-0.002858392
-0.002151965
-0.001847748
-0.002023336
-0.002267128
-0.00231073
-0.002203605
-0.00210801
-0.002071882
-0.002081113
-0.00211254
-0.002089899
-0.002051019
-0.0020378
-0.002047083
-0.00205757
-0.002058522
-0.002053286
-0.00202565
-0.001964898
-0.001908022
-0.001856606
-0.001841262
-0.001854326
-0.001865905
-0.001863321
-0.001854211
-0.001848852
-0.001825947
-0.001768468
-0.00173523
-0.001742866
-0.001761516
-0.001770119
-0.002095251
-0.002581231
-0.002516741
-0.002771111
-0.003103172
-0.002868131
-0.002230184
-0.00215193
-0.00224472
-0.002473777
-0.002004379
-0.001470652
-0.001423541
-0.001624419
-0.001697775
-0.001263725
-0.0002603347
0.0005984419
0.001264714
0.001458061
0.001301379
0.001142939
0.001151726
0.001634674
0.00259868
0.003444752
0.004164313
0.004343343
0.004153649
0.003971891
0.003992055
0.004126071
0.004568262
0.005444895
0.005879759
0.0053986
0.004242973
0.003668462
0.004239818
0.005852793
0.007349649
0.007244841
0.00611475
0.006044082
0.006740467
0.007206636
0.007165726
0.006930134
0.006815573
0.00684143
0.006869962
0.006870172
0.007157958
0.008231427
0.00961638
0.010174
0.009872096
0.009481313
0.009452413
0.009666792
0.01006509
0.01092211
0.01148421
0.01114538
0.01001263
0.009292148
0.009428084
0.009847541
0.01002106
0.009929064
0.009742256
0.009664789
0.009755983
0.00986762
0.009907219
0.009925634
0.009935832
0.009934318
0.009931194
0.009933054
0.00993768
0.00994048
0.009940221
0.009954172
0.01001005
0.01005387
0.01005342
0.01003362
0.01002263
0.009809607
0.0090223
0.008411296
0.008198989
0.007244224
0.005619009
0.005972921
0.007417352
0.008031834
0.007443688
0.006348044
0.006198374
0.006221743
0.005827885
0.004858933
0.004209018
0.004303227
0.004638642
0.004599454
0.003678657
0.002788901
0.002687068
0.002931685
0.002411761
0.001613715
0.001362397
0.001567335
0.00177469
0.001773527
0.001656645
0.001578676
0.001585568
0.00162781
0.001650946
0.00164481
0.00162959
0.001622928
0.001626045
0.001631103
0.001632643
0.001631024
0.001629119
0.001628737
0.001528256
0.0007867268
4.285079e-05
-0.00020067
-0.0007135515
-0.001278731
-0.001404771
-0.001247668
-0.001137689
-0.001178805
-0.001273789
-0.001318606
-0.001301377
-0.001369878
-0.002099836
-0.00284481
-0.002945042
-0.002665978
-0.002484701
-0.002538386
-0.002675627
-0.002740823
-0.002716041
-0.002668825
-0.002651386
-0.002596728
-0.001966632
-0.00112133
-0.000876473
-0.001122829
-0.00135339
-0.001341283
-0.001202015
-0.001113405
-0.001124031
-0.00117388
-0.001200225
-0.001192666
-0.001175246
-0.001168148
-0.001172308
-0.001178495
-0.001180577
-0.0011122
-0.0004639984
0.0003859567
0.0006249142
0.0003724977
0.0002078028
0.0008685922
0.00186392
0.002231031
0.001985985
0.001706768
0.001715005
0.001844821
0.001926219
0.001955173
0.001938557
0.001912012
0.001903854
0.001912906
0.001923429
0.001902318
0.001434323
0.0005814279
0.0002222555
0.0003872108
0.0001775127
-0.0006399166
-0.001093573
-0.0009796835
-0.0007329752
-0.0006344551
-0.000707726
-0.000810143
-0.0008394066
-0.0008064489
-0.0007704324
-0.0007634792
-0.0007766186
-0.0007883392
-0.0007894112
-0.0007845057
-0.0007810334
-0.0007813694
-0.0007834067
-0.0007846407
-0.0007845435
-0.0007840041
-0.0007838488
-0.0007841373
-0.0007845223
-0.0007847426
-0.0007845789
-0.0007606095
-0.000700234
-0.0006892981
-0.0007345069
-0.0007524377
-0.000779304
-0.001131161
-0.001982801
-0.002795969
-0.003195384
-0.002559159
-0.00154805
-0.0006466661
-0.0004714931
-0.000793696
-0.001033458
-0.0009798639
-0.0008023985
-0.0007062959
-0.0007295241
-0.0007906361
-0.0008178946
-0.0008054591
-0.0007845647
-0.0007776698
-0.0007852866
-0.001011224
-0.001824887
-0.002491743
-0.002505725
-0.002185002
-0.002034514
-0.001880464
-0.001411463
-0.001639355
-0.002471757
-0.003552353
-0.004044908
-0.003831153
-0.003501606
-0.003451772
-0.003614422
-0.003755368
-0.003769148
-0.003710007
-0.00366622
-0.003665947
-0.003469274
-0.002686353
-0.002071888
-0.002076277
-0.002349221
-0.002246125
-0.001545148
-0.001383018
-0.001389043
-0.001904997
-0.002453598
-0.002290949
-0.001449528
-0.001496609
-0.002199941
-0.00259009
-0.002481432
-0.00223828
-0.002155035
-0.002230618
-0.002322274
-0.002343922
-0.002313019
-0.002283152
-0.002279582
-0.002291845
-0.002409931
-0.003097071
-0.003086854
-0.002389952
-0.00199285
-0.002005515
-0.001516549
-0.0008586528
-0.0006439186
-0.0008229665
-0.0009788704
-0.0009814125
-0.0009142892
-0.0008644396
-0.000864735
-0.0007826472
-1.29371e-05
0.0007238682
0.000782586
0.00052472
0.0003526285
0.0003769878
0.0004922811
0.0005585733
0.0005438335
0.0005008961
0.0004801692
0.0004876201
0.0005021491
0.000507465
0.0005108089
0.0005526363
0.0005617536
0.0005583618
0.0004997558
-0.0001339925
-0.000938214
-0.001178639
-0.0008855386
-2.094932e-05
0.0008195559
0.0009276955
0.0005903881
0.0003675017
0.0003661443
-1.29675e-05
-0.0001599275
0.0003678243
0.0007431914
9.2637e-05
-0.0009310443
-0.001229655
-0.0009163971
-0.0006156548
-0.0006520748
-0.0008655662
-0.0009490297
-0.0008678402
-0.0007822912
-0.0008102235
-0.0008372543
-0.0003385296
-0.0001315247
-0.0006716637
-0.001122851
-0.001114861
-0.0008967932
-0.0007803404
-0.0008250871
-0.0009151824
-0.0009279549
-0.000443024
0.000437005
0.0008048032
0.0006334454
0.0008666833
0.001744202
0.002257995
0.002162651
0.001895908
0.001815262
0.001917063
0.002052672
0.002540001
0.003349299
0.003647698
0.003016029
0.002393074
0.002864499
0.003535328
0.00369776
0.003476031
0.003274148
0.003268075
0.003368584
0.003436438
0.003430249
0.003393141
0.003372716
0.003374469
0.003054763
0.002542643
0.002565393
0.002311421
0.001983301
0.001900553
0.001989389
0.002063263
0.002407056
0.003265784
0.00376127
0.00364777
0.003371758
0.003296379
0.003409675
0.003528506
0.003551008
0.003507583
0.003469129
0.003465932
0.00348248
0.003494268
0.003493458
0.003486958
0.003467597
0.003411358
0.003369731
0.003371463
0.003390743
0.003398922
0.003392554
0.00338177
0.003144591
0.002293751
0.001640373
0.001652169
0.001732271
0.001290222
0.001384403
0.001872734
0.002092801
0.001978444
0.001812578
0.001779505
0.001715101
0.0009435885
0.0001958884
0.0001162107
0.0004048196
0.0005791964
0.0004070496
-0.000521251
-0.001326822
-0.001394203
-0.00109022
-0.0009099068
-0.0009769849
-0.001124007
-0.001190342
-0.00116247
-0.001004558
-0.0003003938
-0.0003197241
-0.001030566
-0.001432208
-0.001416014
-0.001799733
-0.001707747
-0.001134737
-0.0008158246
-0.0009361577
-0.001138577
-0.001206858
-0.001122113
-0.00104856
-0.001017697
-0.0009482078
-0.0003564526
0.0004256515
0.0006496248
0.0004259382
0.000320298
0.0009934502
0.00193171
0.002220031
0.001959384
0.001698342
0.001696994
0.001841781
0.001939981
0.001932561
0.001880011
0.001850407
0.001857241
0.001875783
0.001884021
0.001817651
0.001207768
0.0004124127
0.0001902285
0.0004270096
0.0006431428
0.000628839
0.0004962545
0.0004131383
0.0004238013
0.0004707039
0.0005202745
0.0009865508
0.00141531
0.000943296
0.0003877489
0.0003072043
0.0004730629
0.0001130614
-0.0007472091
-0.001129203
-0.0009523864
-0.0006732076
-0.0001707013
0.0005584947
0.0008159515
0.0006219526
0.0003895138
-5.040886e-05
-0.0003137582
0.0002292207
0.0007102279
0.0007067629
0.0004709527
0.0003379921
0.0003794274
0.0004747365
0.0004903054
-2.812239e-05
-0.0009966389
-0.001863811
-0.002065935
-0.001257612
-0.0006382131
-0.0007060054
-0.001058302
-0.001231425
-0.001155315
-0.001040493
-0.001049236
-0.001118848
-0.001158047
-0.001151348
-0.001131038
-0.00112347
-0.001129517
-0.001137369
-0.001139754
-0.001161161
-0.001195493
-0.001169676
-0.001151938
-0.001198509
-0.0008871729
1.900518e-05
0.0005610156
0.0004481102
-0.0002099989
-0.001212782
-0.00159496
-0.0009533629
-0.0001029057
-0.000135402
-3.899894e-05
0.0001952927
0.0002948663
0.0006195557
0.00148858
0.002020893
0.0019343
0.001659849
0.001572774
0.001677871
0.001800541
0.002160103
0.002636746
0.002595562
0.002900987
0.003278388
0.003342429
0.003174444
0.003077995
0.00280943
0.00234612
0.002366088
0.002088016
0.001745603
0.001664041
0.001735648
0.00174795
0.001671026
0.00155998
0.001183519
0.0006881198
0.0007448557
0.0004763853
7.475138e-05
-5.623846e-05
3.830697e-05
0.0001331523
0.0001262684
4.218981e-05
-5.639447e-05
-8.655495e-05
-5.720449e-05
-2.660957e-05
-2.488995e-05
-6.447112e-05
-0.0001368018
-0.0001717219
-0.0001581861
-0.0001352671
-0.0001304509
-0.0001404835
-0.0001499931
-0.0001514297
-0.0001514992
-0.0005053283
-0.001060049
-0.001057553
-0.00138658
-0.001771766
-0.001853369
-0.001739808
-0.001659294
-0.001687724
-0.002088021
-0.002969613
-0.003446797
-0.003315093
-0.003364648
-0.003783032
-0.003477464
-0.002957407
-0.002512347
-0.001870895
-0.001511499
-0.001579016
-0.001757054
-0.001793828
-0.001704163
-0.00161875
-0.001605467
-0.001638287
-0.001665562
-0.001667178
-0.00167873
-0.001707287
-0.001682138
-0.001623556
-0.001914361
-0.002804274
-0.003347074
-0.003245365
-0.002950556
-0.002855907
-0.002969362
-0.003455905
-0.004396115
-0.004876343
-0.004714235
-0.004415294
-0.00434964
-0.004504045
-0.004666374
-0.004679547
-0.004312509
-0.003445781
-0.002938568
-0.003027186
-0.003331363
-0.003091303
-0.002079091
-0.001427141
-0.001845586
-0.002700255
-0.002825761
-0.003002186
-0.003161152
-0.003163695
-0.003132928
-0.003160861
-0.003195954
-0.003224703
-0.003216862
-0.003211858
-0.003176995
-0.003148207
-0.003148447
-0.003161955
-0.003168823
-0.003165526
-0.003159714
-0.003157647
-0.003155927
-0.002821683
-0.001947935
-0.001398784
-0.001500318
-0.0018198
-0.001891436
-0.001741148
-0.0012448
-0.0003164278
0.0001526787
-9.683708e-06
-0.000279307
-0.0002776524
0.0002232601
0.001188605
0.001674422
0.001530873
0.001289053
0.001590078
0.002562239
0.003180455
0.003141153
0.002860029
0.002746032
0.003172348
0.004149945
0.004702505
0.004614638
0.004332945
0.00423818
0.004342682
0.004467705
0.004523728
0.004544806
0.004539176
0.004524777
0.004524373
0.004891957
0.005811194
0.006336174
0.006212608
0.005939515
0.005892722
0.005985348
0.006092309
0.006166008
0.006169297
0.006133528
0.006087032
0.006055301
0.006076792
0.006069883
0.006037619
0.005787644
0.004938363
0.004290039
0.004304459
0.004599052
0.004732415
0.004642474
0.004507242
0.004459943
0.004261758
0.003455111
0.003026391
0.003587664
0.003864677
0.00418446
0.004476009
0.004444807
0.004276362
0.00421245
0.004272664
0.004348646
0.004368281
0.004327899
0.004260866
0.004254106
0.00425155
0.004248667
0.004062993
0.003486914
0.003454222
0.00346936
0.003881421
0.004130352
0.003402846
0.002605688
0.002488757
0.002793838
0.003010165
0.002972538
0.002831374
0.002755293
0.002559096
0.002029138
0.002015504
0.001832812
0.001469194
0.001324734
0.001396778
0.001486338
0.001503566
0.001508298
0.001515102
0.001515601
0.001514406
0.001516284
0.001519909
0.00152203
0.001521745
0.001513202
0.001466579
0.001466898
0.001513365
0.001532676
0.001479056
0.001563382
0.002345774
0.003113984
0.003201728
0.00290413
0.002718171
0.002778357
0.002921979
0.002980561
0.002899767
0.002797598
0.002672421
0.001956197
0.001195642
0.001053912
0.001205997
0.0006061779
-0.0001809426
-0.0004131865
-0.0002280084
6.48176e-05
0.0008459117
0.001470988
0.001440529
0.001138281
0.000898742
0.0002062181
-0.0003995413
-0.0004510618
-0.0002337889
-0.0001158338
-0.0001799858
-0.0003021507
-0.0004028739
-0.0004314336
-0.000399887
-0.0003677946
-0.0003661805
-0.0003831582
-0.0003958225
-0.0003961995
-0.0002820661
0.0004082503
0.0004016495
-0.0002945056
-0.0006933725
-0.0005814636
-0.0003290621
-0.0002427637
-0.0003224544
-0.0004190293
-0.0004421009
-0.0004097993
-0.0003784051
-0.0003745697
-0.0003876316
-0.0003906177
-0.0003450516
-0.0003335592
-0.0003239609
-0.0002983478
-0.0003946585
-0.001194009
-0.001990243
-0.002079326
-0.001720578
-0.001474663
-0.001522437
-0.001638626
-0.001668028
-0.001629762
-0.001589009
-0.001578596
-0.001690957
-0.002342888
-0.002439779
-0.002529899
-0.002892154
-0.003085679
-0.003033302
-0.002884166
-0.002807515
-0.002795649
-0.002805398
-0.002816231
-0.002814748
-0.002804522
-0.002789138
-0.002735012
-0.002685455
-0.002681668
-0.002702133
-0.00271399
-0.002709414
-0.002692643
-0.002635699
-0.002585337
-0.002582478
-0.002604076
-0.002507792
-0.001707652
-0.0009158184
-0.0008623635
-0.00116672
-0.001314798
-0.001120143
-0.0001844068
0.0006572893
0.0007191324
0.0003707411
0.0001675732
0.0002432437
0.0004057024
0.0004760481
0.0004419791
0.0003861362
0.0003675581
0.0002815849
-0.0003410306
-0.0003314994
0.0003094641
0.000674239
0.0005762665
0.0003965578
0.0003704741
0.0004433996
0.0004659965
0.0004741776
0.0004941741
0.0005012577
0.0004945754
0.0004876084
0.0004946835
0.0005515071
0.0006066915
0.0006127148
0.0005909304
0.0005773653
0.0004803656
-0.0001671259
-0.0003320086
-0.0003274962
-1.988131e-06
0.0006064911
0.0007507837
-6.481715e-05
-0.0010207
-0.001213744
-0.0008702022
-0.0005960404
-0.000623238
-0.0007908828
-0.0009516991
-0.001473973
-0.001666974
-0.001673168
-0.002019133
-0.002282856
-0.002284951
-0.002182264
-0.002139984
-0.002176732
-0.002225788
-0.002240273
-0.002225791
-0.002209759
-0.002206879
-0.00221305
-0.002218499
-0.002219102
-0.002217011
-0.002215495
-0.002282632
-0.002863254
-0.003134448
-0.003170956
-0.003528855
-0.003788898
-0.003783294
-0.003679278
-0.003641595
-0.003682785
-0.003732771
-0.003745779
-0.003729939
-0.003713766
-0.003711469
-0.003718071
-0.00372353
-0.00394526
-0.003988473
-0.004045874
-0.00406421
-0.004050356
-0.004037268
-0.004039748
-0.004050315
-0.004057402
-0.004057831
-0.004055533
-0.004054581
-0.004055659
-0.004057202
-0.004057892
-0.004057682
-0.004057144
-0.004056701
-0.004056304
-0.004055745
-0.004054898
-0.004053802
-0.004052523
-0.004051111
-0.004049534
-0.004047766
-0.004045776
-0.004067152
-0.00452913
-0.005403972
-0.005761568
-0.005073448
-0.003932486
-0.003537333
-0.003861701
-0.004198006
-0.003758042
-0.003166619
-0.00352383
-0.00363045
-0.003327422
-0.003155415
-0.002657122
-0.002344246
-0.002393672
-0.002552256
-0.002598537
-0.002530982
-0.002455811
-0.002436033
-0.002456324
-0.002475045
-0.002473177
-0.002459039
-0.002447115
-0.002442464
-0.00244477
-0.002797287
-0.003689934
-0.004197294
-0.004069415
-0.003772051
-0.003683175
-0.003791238
-0.003906279
-0.003925293
-0.004202622
-0.004985344
-0.00512045
-0.004184791
-0.003766083
-0.00429489
-0.004299328
-0.003886669
-0.003634723
-0.003664471
-0.003778893
-0.003812943
-0.003762421
-0.003702494
-0.003679629
-0.003683318
-0.003460377
-0.002621947
-0.001968346
-0.001967468
-0.002248442
-0.002374438
-0.002279881
-0.002138186
-0.002083166
-0.002108815
-0.002143618
-0.002144889
-0.002120556
-0.002096369
-0.002084589
-0.00208051
-0.00207353
-0.001853043
-0.001076389
-0.0004796549
-0.0004850256
-0.0007458528
-0.0008610273
-0.0007734087
-0.0006440305
-0.0005955411
-0.000517855
0.0002061345
0.0009532564
0.001060926
0.0007896679
0.0006137764
0.0006704262
0.0008098712
0.0008778897
0.0008566879
0.0008131626
0.0007989372
0.0008139563
0.0008330457
0.0008404448
0.0008385462
0.0008364699
0.0008387875
0.000843899
0.0008486197
0.0008517397
0.0008538317
0.0009347799
0.001544566
0.002255746
0.002417381
0.002185649
0.002060883
0.002685758
0.003592425
0.003877614
0.003622791
0.003359262
0.003346261
0.003478211
0.003567728
0.003612403
0.00410872
0.004797745
0.004996629
0.00478623
0.004584256
0.004580452
0.004738591
0.00534814
0.006046022
0.006190255
0.005879358
0.005124085
0.004416165
0.004324927
0.004651229
0.005303945
0.005401099
0.00478765
0.004835132
0.005515378
0.005408105
0.004648081
0.004666151
0.004940209
0.004742704
0.004940124
0.005549645
0.005823297
0.005673455
0.005452994
0.005394097
0.005459151
0.005514176
0.005498127
0.005499819
0.005959355
0.006169539
0.00618529
0.006477039
0.006672384
0.006631291
0.006506656
0.006384946
0.005830327
0.005109312
0.004886447
0.00506353
0.005221731
0.005179599
0.005036158
0.004936944
0.004919228
0.004932333
0.004925199
0.004890214
0.00484739
0.004813126
0.004716443
0.004142433
0.003474191
0.003301821
0.00348525
0.003681412
0.004087587
0.004109345
0.00354278
0.003147827
0.00317904
0.003364196
0.003430334
0.003351307
0.003160448
0.002580337
0.00250288
0.002431029
0.002115734
0.001928279
0.001939243
0.001998873
0.001996732
0.001940934
0.001799137
0.001131173
0.0004089946
-0.000186175
5.428547e-05
0.0007141402
0.0009463066
0.0007300699
0.0005623708
0.001143452
0.001768695
0.001363498
0.00111651
0.001461271
0.00177883
0.001787726
0.001635792
0.001533568
0.001534217
0.001570139
0.001490999
0.0008405809
0.0001914434
9.832664e-05
0.0003256149
0.000465845
0.0004892432
0.0009705708
0.001421028
0.0008081804
-0.0005700944
-0.001343245
-0.001147597
-0.0006945093
-0.0006474449
-0.001427507
-0.002214132
-0.002323013
-0.002026647
-0.001821542
-0.001860778
-0.001995528
-0.002063452
-0.002039921
-0.001990649
-0.001969526
-0.001978499
-0.001992593
-0.00199526
-0.001988264
-0.001980704
-0.001977442
-0.001977073
-0.00197639
-0.001974064
-0.001970793
-0.001967571
-0.002037384
-0.002565502
-0.003084495
-0.003136709
-0.002924373
-0.002787872
-0.002818756
-0.002905932
-0.002939852
-0.002986296
-0.003497726
-0.004020783
-0.004075645
-0.003856104
-0.003707569
-0.003727784
-0.003806998
-0.003759225
-0.003177083
-0.002589022
-0.002500909
-0.002704666
-0.002833179
-0.002781557
-0.002665595
-0.00260393
-0.002610315
-0.002633679
-0.002634705
-0.002613426
-0.002590072
-0.002729149
-0.003281586
-0.003698158
-0.003667742
-0.003448652
-0.003337278
-0.003375068
-0.003443161
-0.003451791
-0.003407174
-0.003495319
-0.003836337
-0.003841737
-0.003933826
-0.004127156
-0.004180361
-0.003966232
-0.003383239
-0.002975859
-0.002994696
-0.003168656
-0.003223359
-0.003136333
-0.003027876
-0.002980056
-0.002982577
-0.002987673
-0.002969986
-0.002936718
-0.002904686
-0.002881885
-0.002994305
-0.003450713
-0.003787953
-0.003746526
-0.003547367
-0.003440631
-0.003458944
-0.003374312
-0.002901575
-0.002497768
-0.002584786
-0.003179762
-0.003586847
-0.003505374
-0.003238972
-0.003105969
-0.003139909
-0.003205267
-0.003204437
-0.00314504
-0.003080547
-0.003041141
-0.003019892
-0.002997821
-0.00296643
-0.002929596
-0.002893842
-0.002861383
-0.002830428
-0.002798805
-0.002766018
-0.002732798
-0.002699869
-0.002667308
-0.002634822
-0.002602194
-0.002569435
-0.002536646
-0.002503914
-0.002471195
-0.002438471
-0.002405729
-0.002372959
-0.002340192
-0.002307521
-0.002222762
-0.001862007
-0.001784686
-0.001708856
-0.001496436
-0.001373817
-0.001373579
-0.001398202
-0.001381878
-0.001333228
-0.001287664
-0.001261208
-0.00124557
-0.00122743
-0.001202399
-0.001174181
-0.00114714
-0.001170957
-0.001501299
-0.001774016
-0.001429959
-0.0009185055
-0.0007687496
-0.0009047554
-0.001026828
-0.001002988
-0.0009005118
-0.0008235567
-0.0008023
-0.0008039655
-0.0007931022
-0.0007633024
-0.000727705
-0.0006976334
-0.0006443847
-0.0003396741
5.000075e-05
0.0001417377
-0.0002276905
-0.0006683225
-0.0007086074
-0.0002424352
0.000269492
0.000373008
0.0002023708
7.543973e-05
0.0001070886
0.0002098654
0.000275544
0.0003064036
0.0005307767
0.0008404413
0.0009400927
0.0008640086
0.0008163342
0.001072751
0.001444655
0.001562086
0.001459521
0.001353202
0.001347438
0.001422131
0.001674565
0.001949197
0.001974192
0.001653384
0.001294255
0.001226277
0.00135542
0.001453388
0.001437811
0.001371708
0.00133254
0.001356676
0.0015501
0.001614093
0.001439264
0.001451854
0.001508932
0.001398307
0.001290646
0.00127875
0.001316015
0.001336023
0.001323667
0.001301466
0.001289734
0.001289611
0.001291745
0.001289699
0.001283941
0.001277841
0.001273291
0.001269857
0.001266345
0.001262231
0.00125776
0.001253337
0.001249098
0.001244925
0.001240685
0.001236358
0.001231967
0.001242533
0.001381922
0.001570061
0.001606951
0.001408984
0.001276287
0.001258419
0.001226034
0.001309128
0.001355688
0.001361835
0.001422392
0.001455907
0.001445225
0.001415543
0.001391644
0.00139052
0.00140379
0.001511834
0.001648934
0.001671177
0.001606015
0.001547121
0.001532536
0.001550226
0.001651048
0.001762987
0.001766508
0.001701074
0.001738494
0.001852102
0.001885826
0.001829957
0.001760885
0.001715116
0.001607827
0.00147204
0.001425324
0.001519891
0.001635241
0.001636038
0.001557426
0.001490065
0.00146744
0.001465305
0.001453239
0.001424783
0.001390907
0.00136113
0.001332467
0.001303994
0.00127899
0.001263877
0.001312464
0.001379093
0.001375562
0.001319245
0.001267142
0.001241666
0.001232092
0.001271922
0.00132246
0.001310976
0.001249374
0.001144183
0.001048652
0.001017776
0.001021946
0.001011466
0.0009718744
0.0008852745
0.0007965741
0.0007644455
0.0007694605
0.000768789
0.0007479072
0.0007191288
0.0006928043
0.0006292826
0.0005635137
0.0005371412
0.0004973435
0.0004499339
0.0004297496
0.0004294776
0.0004280354
0.0004176056
0.000403437
0.000391976
0.0003843164
0.0003778958
0.0003709235
0.0003651921
0.0003591656
0.0003512588
0.0003374403
0.0002927825
0.0002513323
0.0002431728
0.0002481526
0.000224928
0.0002145354
0.0002014686
0.0001820259
0.0001754474
0.0001773195
0.0001778963
0.0001749296
0.0001707828
0.0001677699
0.0001661224
0.0001648413
0.0001629524
0.0001562633
0.000131006
0.0001089498
0.0001074711
0.0001161605
0.0001208986
0.0001186323
0.0001133664
0.0001105116
0.0001112352
0.0001129702
0.0001135893
0.000113039
0.0001122924
0.000111813
0.0001107625
0.0001097743
0.0001095461
0.0001096816
0.0001096313
0.0001092877
0.0001087313
0.0001057864
9.254692e-05
8.329598e-05
9.47504e-05
0.0001116339
0.0001246192
0.0001273039
0.0001217385
0.0001166199
0.0001156482
0.0001166862
0.0001167572
0.0001151703
0.0001129753
0.0001111715
0.0001098208
0.0001082525
0.0001069225
0.0001055109
0.0001042372
0.0001027304
0.0001010517
9.964235e-05
9.871929e-05
9.821628e-05
0.0001025991
0.0001107395
0.0001139967
0.000109699
9.912658e-05
8.768272e-05
8.289234e-05
8.411864e-05
8.557211e-05
8.434532e-05
8.155427e-05
7.923354e-05
7.817422e-05
7.757292e-05
7.657858e-05
7.517638e-05
7.386312e-05
7.268651e-05
7.14684e-05
7.017409e-05
6.886457e-05
6.758481e-05
6.635357e-05
6.524988e-05
6.413037e-05
6.288735e-05
6.15922e-05
6.034915e-05
5.925235e-05
5.816392e-05
5.697205e-05
5.572708e-05
5.45102e-05
5.334246e-05
5.221098e-05
5.114612e-05
5.00712e-05
4.893456e-05
4.777947e-05
4.66625e-05
4.563124e-05
4.460965e-05
4.353809e-05
4.244538e-05
4.137557e-05
4.033938e-05
3.932341e-05
3.831561e-05
3.731467e-05
3.632587e-05
3.535292e-05
3.439545e-05
3.345217e-05
3.252169e-05
3.16044e-05
3.070077e-05
2.981115e-05
2.893532e-05
2.807322e-05
2.722469e-05
2.638989e-05
2.556881e-05
2.47616e-05
2.396803e-05
2.318821e-05
2.242199e-05
2.166966e-05
2.093086e-05
2.020594e-05
1.949457e-05
1.879714e-05
1.811323e-05
1.744319e-05
1.678674e-05
1.614403e-05
1.55078e-05
1.48367e-05
1.4224e-05
1.369785e-05
1.316548e-05
1.260456e-05
1.207478e-05
1.156943e-05
1.102539e-05
1.049488e-05
1.001409e-05
9.546444e-06
9.073582e-06
8.604947e-06
8.14152e-06
7.708149e-06
7.298252e-06
6.904105e-06
6.516243e-06
6.134504e-06
5.779309e-06
5.438903e-06
5.104381e-06
4.789558e-06
4.493133e-06
4.209685e-06
3.934895e-06
3.667342e-06
3.408744e-06
3.163457e-06
2.937296e-06
2.72996e-06
2.536735e-06
2.356083e-06
2.186366e-06
2.028515e-06
1.885136e-06
1.756283e-06
1.640787e-06
1.538023e-06
1.448094e-06
1.37132e-06
1.307745e-06
1.257302e-06
1.219888e-06
1.195477e-06
1.184043e-06
1.185589e-06
1.200077e-06
1.22749e-06
1.267802e-06
1.32098e-06
1.386995e-06
1.465822e-06
1.557439e-06
1.661814e-06
1.778915e-06
1.908719e-06
2.051196e-06
2.206313e-06
2.374039e-06
2.554349e-06
2.747208e-06
2.952587e-06
3.17045e-06
3.400769e-06
3.643511e-06
3.89864e-06
4.166126e-06
4.445932e-06
4.738027e-06
