-0.0003393768
-0.0003392967
-0.0003391905
-0.0003390616
-0.0003389029
-0.0003387269
-0.0003385197
-0.0003382932
-0.0003380344
-0.0003377562
-0.0003374439
-0.0003371478
-0.0003370424
-0.0003371034
-0.0003371275
-0.0003370413
-0.0003369003
-0.0003368068
-0.0003367631
-0.0003368172
-0.0003369752
-0.000337227
-0.0003375396
-0.0003379364
-0.0003384283
-0.0003390511
-0.0003398043
-0.000340713
-0.0003419971
-0.0003435783
-0.0003451398
-0.0003471212
-0.0003493616
-0.0003516386
-0.0003539371
-0.0003563222
-0.0003582278
-0.0003605462
-0.0003628813
-0.0003492062
-0.0003071389
-0.000273624
-0.0002801033
-0.0003283138
-0.0003843104
-0.0004147494
-0.0004501578
-0.0005262384
-0.000611281
-0.0006645158
-0.000672356
-0.0006123997
-0.0004862436
-0.0003160897
-0.0001355679
4.492499e-05
0.0002128127
0.0003202474
0.0003642642
0.0003439027
0.0002717502
0.0001828486
2.781817e-05
-0.0002151066
-0.0005006109
-0.0007263878
-0.0008980847
-0.001134096
-0.001374657
-0.001522386
-0.001660793
-0.001704444
-0.001590373
-0.001198077
-0.0005193561
0.0002361328
0.0007579071
0.000964835
0.0007997387
0.0003294515
-0.0004096791
-0.001248292
-0.001831116
-0.001994577
-0.001821978
-0.001430795
-0.001084344
-0.0009763923
-0.0009066212
-0.0006172758
-0.0002074423
0.0002374506
0.0007321977
0.001097364
0.001211591
0.001130497
0.0008101037
0.0002699237
-0.0003604797
-0.0009275002
-0.00123271
-0.001275763
-0.001224862
-0.001217372
-0.001285432
-0.001386679
-0.001445692
-0.001439578
-0.001412166
-0.001415239
-0.001476101
-0.001745517
-0.00233945
-0.002893205
-0.002646896
-0.001899874
-0.001403215
-0.001377768
-0.001596488
-0.001772325
-0.001792388
-0.001562543
-0.0008369182
0.0001598197
0.001239298
0.00212983
0.003251989
0.004932604
0.006704734
0.00747268
0.006734459
0.004526709
0.001442288
-0.001337407
-0.003072916
-0.003630702
-0.003039889
-0.001941926
-0.0007703036
3.216726e-07
9.244583e-05
-0.0004900409
-0.001459653
-0.002138696
-0.002222474
-0.001985102
-0.001807871
-0.001940024
-0.002631137
-0.003778237
-0.005083235
-0.006197463
-0.006393153
-0.005242733
-0.003373224
-0.00143651
0.000212472
0.001600973
0.00235172
0.002497921
0.002433043
0.002872227
0.004593301
0.006793465
0.00845858
0.009095977
0.008166103
0.005997021
0.002875557
-0.0004701985
-0.003521619
-0.005875043
-0.006571414
-0.005628053
-0.003756846
-0.001824605
-0.0004729753
8.969647e-05
-0.0002833119
-0.001683913
-0.003630977
-0.0059607
-0.008701445
-0.01147771
-0.01378573
-0.01500387
-0.0151034
-0.01405295
-0.01271573
-0.01121311
-0.008767364
-0.00527081
-0.001541354
0.00246429
0.007098308
0.01216082
0.01658098
0.01888615
0.01892257
0.01708568
0.01402969
0.01065817
0.007053128
0.003447894
-0.0004347198
-0.004310096
-0.007413796
-0.009563652
-0.01120323
-0.01214422
-0.01204822
-0.01050704
-0.007766173
-0.00436917
-0.001011179
0.001819656
0.003187438
0.002745771
0.0004676166
-0.003096542
-0.007049676
-0.01061097
-0.01338116
-0.01492359
-0.01446301
-0.01178553
-0.00728947
-0.002007085
0.003245652
0.008225204
0.0124249
0.01511404
0.01549211
0.01298182
0.00821046
0.002366909
-0.003182426
-0.006255988
-0.006279907
-0.005570101
-0.006466966
-0.008412279
-0.009681793
-0.008911571
-0.005733595
-0.0004737173
0.005132799
0.009442201
0.01094207
0.009248899
0.004784996
-0.0005057877
-0.004888422
-0.008404923
-0.01255449
-0.01727119
-0.01978759
-0.01530786
-0.002159002
0.0159358
0.03255189
0.04128016
0.03873058
0.02661236
0.008259615
-0.01176678
-0.02795371
-0.03669556
-0.03585555
-0.02664375
-0.0143238
-0.004245681
0.0004252762
-0.0002901404
-0.002979354
-0.005259301
-0.008033974
-0.0123401
-0.01532839
-0.01262028
-0.002372677
0.01194225
0.02409702
0.02922354
0.02631426
0.01922735
0.0131577
0.01199365
0.01693493
0.02524949
0.03262121
0.03553721
0.03005029
0.01302085
-0.01289116
-0.03804109
-0.04959242
-0.04231605
-0.02390499
-0.006849912
0.0010644
0.0001756533
-0.004296745
-0.007796497
-0.008587889
-0.007528655
-0.006352006
-0.005238741
-0.003172382
0.0009311596
0.006970429
0.0136562
0.01935948
0.02235583
0.02171584
0.01863872
0.01531646
0.01389343
0.01470113
0.01617482
0.01473411
0.008502737
-0.0009050932
-0.01004335
-0.01586223
-0.01680149
-0.0136709
-0.008712373
-0.003356263
0.001800905
0.007411362
0.01406265
0.02070571
0.02516286
0.02623752
0.0236596
0.01746202
0.00848496
-0.001724552
-0.01064963
-0.01634984
-0.01741358
-0.01515763
-0.01304665
-0.01462722
-0.02080835
-0.02918989
-0.03669138
-0.03968452
-0.03607298
-0.02709206
-0.01649424
-0.007257944
-0.0005822181
0.003931323
0.008211209
0.01391691
0.02116211
0.02965279
0.03954824
0.04968455
0.05834452
0.06370809
0.06398567
0.05900588
0.05090544
0.04016573
0.02550918
0.005362674
-0.02036673
-0.04899668
-0.07713647
-0.1000108
-0.1115201
-0.1075926
-0.09089162
-0.06694135
-0.04358456
-0.02561252
-0.01351282
-0.006267394
-0.003593604
-0.003890079
-0.00460733
-0.002986426
0.002643544
0.0118331
0.02213036
0.03088898
0.03518929
0.03356651
0.02812335
0.02241439
0.01837495
0.01640485
0.01704688
0.02042984
0.02540041
0.03018292
0.03287418
0.03197923
0.02636666
0.01574836
0.001537528
-0.01336481
-0.02648171
-0.03634183
-0.04218791
-0.04408829
-0.04245212
-0.03880234
-0.03602701
-0.03625392
-0.03899135
-0.04154678
-0.04082663
-0.03608573
-0.02818182
-0.01800141
-0.007758131
0.0008482398
0.007621127
0.01254286
0.01594226
0.01846672
0.01990872
0.0193482
0.01675684
0.01347486
0.01037675
0.008498924
0.009275678
0.01234459
0.01667092
0.02123801
0.02499063
0.02662797
0.02515365
0.02165027
0.01795994
0.01566629
0.01587979
0.01792048
0.02011824
0.02091383
0.01965098
0.0160222
0.01012615
0.002450438
-0.006087844
-0.01529311
-0.02431226
-0.03188233
-0.03777381
-0.04247964
-0.04595596
-0.04745057
-0.04541058
-0.03908358
-0.02890666
-0.01620202
-0.002773381
0.01116666
0.02564873
0.04106115
0.05713269
0.07174041
0.08227332
0.08634513
0.08264634
0.07188027
0.05614965
0.03883292
0.02240311
0.008079924
-0.004061556
-0.01492595
-0.02526756
-0.03445473
-0.04110222
-0.04392782
-0.04261444
-0.0378781
-0.03094568
-0.02308629
-0.01513825
-0.008120666
-0.002561795
0.001384055
0.003941502
0.006008412
0.007168054
0.005901285
0.002013081
-0.002764606
-0.004410486
-0.0005953543
0.007845285
0.01739041
0.02426901
0.02740735
0.02846798
0.02929848
0.03009816
0.02964443
0.02655273
0.01959865
0.009845261
-0.0004868054
-0.008993439
-0.01472577
-0.01812913
-0.02068178
-0.02397092
-0.02831234
-0.03300811
-0.03679041
-0.03723662
-0.03278628
-0.02371071
-0.01147678
0.001785275
0.01309257
0.02071343
0.02419818
0.02343336
0.01988258
0.01543011
0.0114069
0.008081925
0.005528766
0.004160504
0.003794256
0.003783347
0.003686336
0.003581961
0.003895314
0.004486272
0.005243607
0.006048058
0.007466178
0.009739736
0.01225953
0.01343559
0.01156332
0.006254357
-0.001819103
-0.01249491
-0.02490698
-0.0374461
-0.0489865
-0.05838101
-0.06461656
-0.06618756
-0.06166757
-0.0506606
-0.03433256
-0.01447959
0.007642999
0.03074454
0.05173876
0.06781667
0.07794007
0.08249556
0.08325713
0.08140286
0.07715766
0.070109
0.05856588
0.04169395
0.01959689
-0.005536697
-0.0298321
-0.05130115
-0.06853086
-0.0810596
-0.08917674
-0.0925565
-0.09088671
-0.08456575
-0.07382063
-0.06012916
-0.04567141
-0.03232868
-0.02159601
-0.0137897
-0.007922786
-0.002577689
0.003189964
0.009850782
0.01725167
0.02400388
0.02858448
0.02961955
0.02715175
0.02282106
0.01788749
0.01287059
0.008734014
0.005683416
0.004183153
0.004504015
0.006189644
0.007969425
0.008733749
0.008231363
0.006501159
0.004334902
0.002276561
0.0009146158
0.0005232367
0.001226183
0.003599695
0.007320377
0.01146111
0.01521685
0.01797631
0.01929476
0.01897584
0.01771613
0.01651639
0.01611425
0.01636645
0.01672479
0.01722183
0.01860108
0.02093884
0.0241111
0.0284161
0.03394803
0.04066567
0.04738892
0.05213374
0.05324392
0.0499333
0.04237478
0.03153572
0.01754038
0.0007627161
-0.01727885
-0.03427011
-0.04792238
-0.05758648
-0.06353053
-0.06616994
-0.06580417
-0.06246699
-0.05653871
-0.04836116
-0.03820031
-0.02622912
-0.01334381
-0.0009277436
0.009883185
0.01771588
0.02129661
0.02091708
0.01789119
0.01289065
0.005499184
-0.004633876
-0.0169566
-0.03004125
-0.04191428
-0.05157104
-0.05867034
-0.06329972
-0.06476279
-0.06227174
-0.05610753
-0.0467606
-0.03464604
-0.02130319
-0.008467187
0.002571496
0.0113193
0.01852877
0.02488537
0.03038061
0.03428286
0.0356955
0.03418316
0.02987697
0.02397848
0.01750405
0.01080337
0.003483066
-0.005339356
-0.01562158
-0.02614487
-0.03526496
-0.04234674
-0.04707249
-0.04977527
-0.05126655
-0.05202311
-0.05228561
-0.05092525
-0.04627276
-0.03811255
-0.02696693
-0.01394057
0.000278757
0.01496258
0.02946612
0.04354005
0.05831978
0.073809
0.08858539
0.1009294
0.1107416
0.1190949
0.1268019
0.1329179
0.1356573
0.1343315
0.1299486
0.123079
0.1144251
0.1047073
0.09461434
0.08512408
0.07715275
0.07055912
0.06468353
0.05869589
0.05236989
0.04528234
0.03706236
0.02655583
0.01244275
-0.004838546
-0.02435029
-0.04422795
-0.06186909
-0.07554946
-0.08490864
-0.09057119
-0.09335166
-0.09365906
-0.09180899
-0.08728517
-0.07915237
-0.06691457
-0.0500932
-0.0299753
-0.007959962
0.01467307
0.03622729
0.05468496
0.06774556
0.07447963
0.0750314
0.07025038
0.0607991
0.0464397
0.02775623
0.006628283
-0.01540612
-0.03775411
-0.06013128
-0.08112804
-0.09933115
-0.1140083
-0.1250338
-0.1316807
-0.1325936
-0.1269338
-0.1158828
-0.102255
-0.08901545
-0.07732778
-0.066959
-0.05795596
-0.05031403
-0.04364837
-0.03791077
-0.03287633
-0.02783704
-0.02248202
-0.01695699
-0.01122908
-0.005030663
0.001781623
0.008804728
0.0150723
0.02047909
0.02605703
0.03245959
0.03882536
0.0445615
0.04979293
0.05477146
0.05865849
0.05984183
0.05804231
0.053757
0.04710979
0.03904544
0.03121361
0.0244257
0.01861856
0.0133781
0.00840532
0.003016148
-0.003997378
-0.0131338
-0.02299527
-0.03115672
-0.03619609
-0.03836845
-0.03823676
-0.03613407
-0.03273925
-0.02826883
-0.02254932
-0.01538763
-0.00736382
0.001567187
0.01180002
0.02297233
0.03398062
0.04352478
0.05087156
0.05580459
0.05800166
0.05697958
0.0530984
0.04745986
0.04158053
0.03632114
0.03153234
0.02708389
0.02305333
0.02044471
0.01974123
0.02090536
0.02331683
0.02591684
0.02752316
0.02865814
0.03044137
0.03308158
0.03598086
0.03787168
0.03830216
0.03795845
0.03766261
0.03773044
0.03801091
0.03813303
0.03720418
0.03477834
0.0303293
0.02395441
0.0155844
0.005687603
-0.003824262
-0.01072482
-0.01490288
-0.01769996
-0.02038986
-0.02393307
-0.0287
-0.03392434
-0.03945052
-0.04545875
-0.05153358
-0.05802026
-0.0650237
-0.07243641
-0.07985568
-0.08712801
-0.0933493
-0.0979291
-0.1005987
-0.1005908
-0.09749947
-0.09203452
-0.08586826
-0.07942702
-0.07243398
-0.06534966
-0.05891306
-0.05282764
-0.04599054
-0.03758693
-0.02692206
-0.01240387
0.006955411
0.03024911
0.05480685
0.07948509
0.1013925
0.1192241
0.13485
0.1498086
0.1651088
0.1800234
0.1924691
0.1999578
0.2011767
0.1961565
0.1859598
0.1720335
0.1568533
0.1421442
0.1291491
0.1181005
0.1083288
0.09866644
0.08766612
0.07486949
0.0610974
0.04762356
0.03576107
0.02605743
0.01835105
0.01204865
0.007165279
0.003233181
-0.0001514316
-0.002956525
-0.004321528
-0.003445357
-0.0007646399
0.002978116
0.007451657
0.01240577
0.01745841
0.02194109
0.02537699
0.02778488
0.02865704
0.02709541
0.02329603
0.01792201
0.0124033
0.008447801
0.006610364
0.00631167
0.006479084
0.006391447
0.005881831
0.004867221
0.003621967
0.002848866
0.003007992
0.004515895
0.007056182
0.009768098
0.01155843
0.01142643
0.009034023
0.004269316
-0.002426351
-0.01101506
-0.02078972
-0.02997233
-0.03749917
-0.04373586
-0.0493344
-0.05470437
-0.05956126
-0.06339836
-0.06620609
-0.06825015
-0.07006363
-0.07134456
-0.07184776
-0.0718596
-0.07178328
-0.07193215
-0.07278178
-0.07456629
-0.07670622
-0.07895275
-0.08125395
-0.08325206
-0.08458672
-0.08454442
-0.08246608
-0.07915822
-0.07559958
-0.07257831
-0.07031036
-0.06873652
-0.06727498
-0.0651969
-0.06226102
-0.05834167
-0.05348424
-0.04797737
-0.04151814
-0.03371462
-0.02493954
-0.01575493
-0.007571243
-0.001083422
0.003481993
0.006207423
0.006943152
0.005698711
0.003285766
0.0006382892
-0.001636835
-0.003221863
-0.00476172
-0.007287729
-0.01103692
-0.01625678
-0.02192175
-0.0265712
-0.02966909
-0.03136799
-0.03125099
-0.02906169
-0.02475349
-0.01835013
-0.009755286
-0.0003789392
0.007937041
0.01472837
0.01918473
0.0205097
0.01877003
0.01406683
0.006854436
-0.002106642
-0.01205472
-0.02209757
-0.03107396
-0.0378933
-0.04254628
-0.04573659
-0.04734171
-0.04668868
-0.04326571
-0.03723123
-0.029297
-0.02012454
-0.01069115
-0.002618035
0.003154353
0.006900551
0.008606098
0.007835398
0.005235501
0.001967272
-0.0006696391
-0.002384044
-0.003320554
-0.003049946
-0.001634018
0.0006231616
0.003232033
0.006123411
0.009812469
0.01452335
0.01941548
0.0242747
0.02988175
0.03574734
0.04109121
0.04523609
0.04758393
0.04719582
0.04446088
0.04043926
0.0354155
0.02944191
0.02227291
0.01412638
0.006189544
-0.0004149019
-0.00494127
-0.006343761
-0.004002325
0.001654814
0.009899847
0.0197652
0.03009752
0.03969137
0.04831504
0.05614346
0.06289341
0.06828386
0.07193191
0.07395746
0.07487351
0.07485228
0.07407805
0.07318909
0.07211941
0.07036668
0.06855089
0.06693283
0.06494861
0.06243048
0.05965136
0.05686623
0.05377331
0.04939035
0.04300147
0.0347101
0.02461401
0.01235683
-0.002740474
-0.02073308
-0.04057858
-0.06161337
-0.08160506
-0.09784969
-0.1095878
-0.1176165
-0.1227523
-0.1255384
-0.1258638
-0.1234844
-0.1181439
-0.1097211
-0.09896398
-0.0867665
-0.07354524
-0.05954556
-0.04544082
-0.03185789
-0.0194721
-0.009408288
-0.001895735
0.003308896
0.005711149
0.005136969
0.00169188
-0.004372556
-0.01234872
-0.021524
-0.03042097
-0.03780821
-0.04368062
-0.04806163
-0.05045312
-0.05007265
-0.04704331
-0.04180538
-0.03479436
-0.02652033
-0.01652943
-0.004799584
0.007851755
0.0202072
0.03133203
0.04052144
0.0470896
0.05106229
0.0519246
0.04927542
0.04395984
0.03673656
0.02757488
0.01698665
0.006195982
-0.003282112
-0.01096581
-0.01668268
-0.02005898
-0.02146496
-0.02180959
-0.02196491
-0.02227092
-0.02262407
-0.02283097
-0.0228393
-0.02273956
-0.02264987
-0.02266064
-0.02309262
-0.02413819
-0.02555358
-0.02696304
-0.02789927
-0.02807718
-0.02715831
-0.02506023
-0.02236323
-0.01966355
-0.0172316
-0.01565073
-0.01573092
-0.01701124
-0.01849132
-0.01978616
-0.02056852
-0.0207595
-0.01955034
-0.01647869
-0.01157549
-0.005049873
0.002201481
0.009466409
0.01598136
0.02126597
0.02550179
0.02914011
0.03232636
0.03495441
0.03634203
0.03599668
0.03352509
0.02845826
0.02125954
0.01238014
0.002660805
-0.00662047
-0.01457532
-0.0207758
-0.02486037
-0.02729579
-0.02897711
-0.02998205
-0.03042097
-0.03056927
-0.03118203
-0.03326797
-0.03686157
-0.04136823
-0.04662577
-0.05238178
-0.05821668
-0.06376009
-0.06792538
-0.06994403
-0.07074711
-0.07167158
-0.07259943
-0.07315529
-0.0727647
-0.07066582
-0.0669647
-0.06161086
-0.05400415
-0.04471927
-0.03431245
-0.02210193
-0.008307104
0.004609677
0.01512375
0.02344342
0.0298312
0.03443859
0.03780639
0.04072276
0.04365949
0.04663976
0.0495268
0.05251393
0.05585711
0.0592614
0.06260951
0.06585543
0.06819769
0.06908886
0.06845259
0.06687148
0.06446256
0.06103179
0.05717709
0.05297805
0.0485614
0.04354951
0.03720124
0.02885369
0.01891976
0.008795817
-0.0008843475
-0.01006709
-0.01805264
-0.0247513
-0.03086234
-0.03718611
-0.04290776
-0.04737051
-0.05057283
-0.05276915
-0.05364835
-0.05314645
-0.05167188
-0.04953744
-0.0470884
-0.04455269
-0.0420081
-0.03944737
-0.03681855
-0.03411523
-0.03137879
-0.02865032
-0.02576633
-0.02252644
-0.0191521
-0.0157439
-0.0126531
-0.009926554
-0.007353905
-0.004752903
-0.0022419
-0.0002451041
0.001407939
0.003568775
0.006862829
0.0110049
0.01547716
0.02006394
0.02457141
0.02950538
0.03521682
0.04093112
0.0455883
0.0490271
0.05186386
0.05424918
0.05628901
0.05747844
0.05779502
0.05770786
0.05746291
0.05681984
0.05591513
0.05532788
0.05485624
0.05385245
0.05252916
0.05098776
0.04961939
0.04827817
0.04744026
0.04761763
0.04887751
0.05038062
0.05181867
0.0525753
0.05260503
0.05199992
0.05020849
0.04720206
0.04338852
0.03848806
0.03299477
0.02752389
0.02228167
0.01731164
0.01283593
0.009318416
0.007617491
0.007965811
0.01102677
0.01711426
0.02502042
0.03337041
0.04184733
0.05040176
0.05835178
0.06453161
0.06826049
0.06936005
0.0675557
0.06369692
0.05886125
0.05383913
0.04888082
0.04388885
0.03889002
0.03409043
0.02954951
0.02599608
0.02365308
0.02219663
0.02222461
0.02375979
0.02603771
0.02883646
0.03167948
0.03411019
0.03567299
0.03565707
0.03355
0.03041746
0.02709263
0.02332099
0.0191031
0.01432832
0.009091386
0.003682964
-0.001514479
-0.006242464
-0.0106043
-0.01403873
-0.01638002
-0.01845563
-0.02055467
-0.02228951
-0.02383126
-0.02500149
-0.0262528
-0.02751339
-0.02928277
-0.03211395
-0.0356724
-0.03987201
-0.04449223
-0.04975814
-0.0555156
-0.06165887
-0.06801516
-0.07368816
-0.07741639
-0.07920334
-0.07891436
-0.07726451
-0.07495156
-0.07201015
-0.06848778
-0.06474228
-0.06139231
-0.0586219
-0.05610928
-0.05351553
-0.05075989
-0.04796112
-0.04521473
-0.04277024
-0.04114328
-0.03988777
-0.03888072
-0.03785699
-0.03671509
-0.03555125
-0.03331037
-0.02898837
-0.02224587
-0.01348503
-0.00346274
0.007005182
0.01732352
0.02707802
0.0361209
0.04380575
0.04938844
0.05289363
0.05495141
0.05606922
0.05580748
0.05439183
0.05189527
0.04764385
0.04202489
0.03560654
0.02848299
0.0209398
0.01376901
0.007614793
0.0024219
-0.001820077
-0.004711291
-0.006206002
-0.006169041
-0.004676271
-0.001931475
0.001351996
0.005082788
0.008744272
0.01173397
0.01384176
0.01558895
0.01694426
0.01804701
0.0192031
0.02009164
0.02043917
0.02053957
0.0213434
0.02253231
0.02334637
0.0243125
0.02530973
0.0258091
0.02582878
0.02558522
0.02458389
0.02289445
0.02069882
0.0176825
0.01352813
0.008703232
0.003727976
-0.001322323
-0.006439498
-0.01132926
-0.01599264
-0.02018534
-0.02353856
-0.02659135
-0.02975804
-0.03286476
-0.03570006
-0.03764125
-0.03833366
-0.03853254
-0.03861572
-0.03885343
-0.03968713
-0.04068236
-0.04119201
-0.04116553
-0.04094225
-0.04076739
-0.04017915
-0.03857003
-0.03577701
-0.03180436
-0.02736896
-0.02323195
-0.01915733
-0.01513074
-0.01140386
-0.008514699
-0.006400956
-0.004274521
-0.002234023
-0.001106556
-0.00119036
-0.002270511
-0.003721858
-0.005333604
-0.007376077
-0.00984634
-0.01251658
-0.01521282
-0.01788802
-0.02080601
-0.02431867
-0.02853852
-0.03298117
-0.03653953
-0.03940562
-0.04251387
-0.04543307
-0.04806471
-0.05026946
-0.05142028
-0.05159515
-0.05103672
-0.04946959
-0.04709009
-0.04439842
-0.04156558
-0.03846204
-0.03541831
-0.03264703
-0.02985754
-0.02668497
-0.0238448
-0.02205428
-0.02080549
-0.02009136
-0.01984681
-0.01980185
-0.01939041
-0.01781559
-0.01501187
-0.01114054
-0.006197504
-0.0004027164
0.005576504
0.01150198
0.01690769
0.02108293
0.02318727
0.02302848
0.02145357
0.01904875
0.01593152
0.01213342
0.007912481
0.003851939
-0.0001446989
-0.00362447
-0.006671672
-0.009441661
-0.01107102
-0.01145235
-0.01089573
-0.009279641
-0.006893023
-0.004239645
-0.00162898
0.0008905739
0.003029704
0.00412227
0.004272093
0.004099168
0.003762208
0.002776527
0.00128649
-0.0003627185
-0.002224809
-0.004018304
-0.005635303
-0.007288912
-0.008456968
-0.008837202
-0.008516632
-0.007170359
-0.004975685
-0.002634065
8.039056e-06
0.002850374
0.005628687
0.008170483
0.0101595
0.01151081
0.01191794
0.01103173
0.009640512
0.008043991
0.006380093
0.004417997
0.001993445
-0.0008487873
-0.004123042
-0.007366218
-0.009971032
-0.01150432
-0.01290058
-0.01502697
-0.01784605
-0.02086354
-0.02369961
-0.02606394
-0.02732912
-0.02753
-0.02733057
-0.02738547
-0.02817048
-0.02944816
-0.03049174
-0.03132627
-0.03216466
-0.03274378
-0.03292804
-0.03300863
-0.03358633
-0.03481783
-0.03634675
-0.03770179
-0.0384945
-0.03912293
-0.03984415
-0.0399492
-0.03897476
-0.03679688
-0.03337592
-0.02880235
-0.02356805
-0.01812256
-0.01229944
-0.005848773
0.001429791
0.009223695
0.01683167
0.02405784
0.03059604
0.03656454
0.04160627
0.04534065
0.04788889
0.04907569
0.04883926
0.04757557
0.04582168
0.04465682
0.04425229
0.04370941
0.04345473
0.04405999
0.04535056
0.04693474
0.04876125
0.05064501
0.05274793
0.05533319
0.05865591
0.06245666
0.0659494
0.06868667
0.0706814
0.07239584
0.0733195
0.07251883
0.07005651
0.06663934
0.06334007
0.0606725
0.05848156
0.05682173
0.05574791
0.05455291
0.05345243
0.05289964
0.05283992
0.0528415
0.05251964
0.0524126
0.05285798
0.05407787
0.05550697
0.05724917
0.05950589
0.06188375
0.06358498
0.06512803
0.06700853
0.06869757
0.07045349
0.07249016
0.07420351
0.07565788
0.07671748
0.07740431
0.07728082
0.07603892
0.07313254
0.06810736
0.06137132
0.05304825
0.04298524
0.03201281
0.02124572
0.01150213
0.003102398
-0.003892008
-0.009099221
-0.01232741
-0.0143753
-0.01584327
-0.01741116
-0.01892768
-0.02048818
-0.02165752
-0.02215862
-0.0229412
-0.02403582
-0.02516983
-0.02642285
-0.02814977
-0.03012416
-0.03232273
-0.03524242
-0.0389125
-0.04257973
-0.04600878
-0.04909356
-0.05183116
-0.05439415
-0.05661005
-0.05869431
-0.06062919
-0.06225881
-0.06369398
-0.06538913
-0.06693793
-0.06843828
-0.06960726
-0.07008368
-0.07048385
-0.07138253
-0.07233559
-0.07279664
-0.07275646
-0.07260945
-0.07319822
-0.0744191
-0.07528975
-0.07539433
-0.07443729
-0.07255156
-0.06954406
-0.06478548
-0.05878999
-0.0518909
-0.04473651
-0.03781338
-0.03059974
-0.02283959
-0.01476945
-0.006971753
0.0004357789
0.007276886
0.01323053
0.01855573
0.02346014
0.02827821
0.03343591
0.03883273
0.04359722
0.04736612
0.0504861
0.05322417
0.05554951
0.05733593
0.05841917
0.05878436
0.0587747
0.0587153
0.05847058
0.05771557
0.05623333
0.0542449
0.0524579
0.05137461
0.05114049
0.0518228
0.05338735
0.05513971
0.05708563
0.05966267
0.062563
0.06540229
0.06829139
0.070932
0.07276736
0.07407015
0.07469765
0.07454485
0.07311122
0.06980371
0.06491375
0.05939933
0.05348533
0.04665576
0.03894592
0.03084329
0.02304134
0.01627932
0.01115941
0.007497399
0.004414533
0.001941026
0.0006662877
0.000408341
0.0005191489
0.0005400757
0.000391213
-0.0001608842
-0.00138978
-0.0027921
-0.004415676
-0.006191271
-0.008337525
-0.01088666
-0.01381292
-0.01727151
-0.02113631
-0.02533763
-0.02990744
-0.03437337
-0.03847981
-0.04198754
-0.04454823
-0.04638836
-0.04734497
-0.04759337
-0.04721584
-0.04611854
-0.04465278
-0.04256755
-0.04043947
-0.03832849
-0.03610236
-0.03410551
-0.03242547
-0.0307192
-0.02960072
-0.02980598
-0.03107573
-0.03264628
-0.03387234
-0.03461204
-0.03555837
-0.03659606
-0.037692
-0.03905829
-0.0409221
-0.04284349
-0.04428103
-0.04489297
-0.04488761
-0.04475805
-0.0447558
-0.04464689
-0.04379702
-0.04276297
-0.04237058
-0.04302095
-0.04454001
-0.04657078
-0.04851522
-0.05028479
-0.0518234
-0.0527817
-0.05338707
-0.0534066
-0.05258028
-0.05113538
-0.04873638
-0.04526091
-0.04116677
-0.03668845
-0.03259694
-0.02908721
-0.02596567
-0.02280032
-0.01995602
-0.01760843
-0.01615363
-0.01572715
-0.01582568
-0.01591823
-0.01581856
-0.0155184
-0.01448511
-0.01314605
-0.01157568
-0.009564975
-0.007941957
-0.006937874
-0.005959242
-0.004386553
-0.00276107
-0.001161744
0.0001677155
0.001495178
0.002601237
0.003131993
0.003484133
0.003633857
0.003406095
0.003118891
0.002666675
0.001751617
0.0004434093
-0.0009862209
-0.002334252
-0.003633014
-0.00524296
-0.007179099
-0.009296041
-0.01136685
-0.01332539
-0.01477459
-0.01468061
-0.01344644
-0.01244088
-0.01165348
-0.01081001
-0.009596503
-0.007552259
-0.004860713
-0.001994088
0.0007181867
0.003278174
0.005754947
0.007582406
0.008285808
0.008241419
0.008145087
0.008904597
0.01031764
0.01135094
0.01220344
0.01312262
0.0140412
0.01510904
0.01602341
0.01642612
0.01641703
0.01630224
0.01621313
0.01553766
0.01397929
0.01184223
0.009413125
0.007186427
0.005249812
0.003764884
0.002569353
0.001407455
0.0007060426
0.001014589
0.002253488
0.003761456
0.005705399
0.008117495
0.01077896
0.01347499
0.01608368
0.01811361
0.01898622
0.019244
0.01939573
0.01925142
0.01881866
0.01792027
0.0161441
0.01328424
0.009853522
0.006138719
0.002550897
-0.0007056523
-0.003350004
-0.005091817
-0.006124297
-0.005987628
-0.005119477
-0.004015444
-0.002313772
4.801188e-05
0.002986284
0.006045606
0.008546347
0.01075922
0.01285971
0.01462846
0.01531201
0.01430571
0.01223956
0.009723807
0.007176716
0.004961401
0.003351831
0.002403827
0.002340019
0.003428159
0.005354724
0.007477622
0.01021683
0.01381881
0.01758875
0.02135158
0.02464402
0.02708381
0.02928037
0.03172086
0.03392999
0.0350385
0.03512637
0.03460059
0.03345702
0.03161314
0.02940104
0.0273395
0.02541471
0.02377857
0.02241864
0.02114272
0.01998026
0.01950557
0.0197596
0.01998762
0.02007956
0.01970357
0.01902611
0.01805873
0.01704572
0.01613119
0.01496463
0.01390376
0.01287324
0.0114884
0.009575513
0.00750083
0.005212473
0.002700678
5.639169e-05
-0.002625102
-0.00528545
-0.007912626
-0.01055515
-0.01324114
-0.01594356
-0.01862031
-0.02128617
-0.02377269
-0.02586357
-0.02780377
-0.02971744
-0.03175793
-0.0336268
-0.03515
-0.03664737
-0.03830735
-0.03977223
-0.04121838
-0.04214732
-0.04238563
-0.04189455
-0.04046891
-0.03834691
-0.03513301
-0.0306212
-0.02531664
-0.0198859
-0.01445062
-0.008965108
-0.004232238
-0.0007659936
0.001863923
0.003998302
0.005232951
0.005960956
0.007038791
0.008040265
0.00887446
0.01000929
0.0109046
0.01120414
0.01147831
0.01247957
0.01389714
0.01550366
0.01649423
0.01665068
0.01640586
0.01586037
0.01477183
0.01352211
0.01214447
0.01089731
0.009396869
0.007777664
0.006276337
0.004915621
0.00343937
0.001747725
0.0002547784
-0.001163805
-0.002040397
-0.002249972
-0.002136977
-0.00205638
-0.002121841
-0.002254464
-0.002344038
-0.002375881
-0.002850385
-0.003998156
-0.005420383
-0.006882342
-0.008177086
-0.009694727
-0.01154192
-0.01387466
-0.01629871
-0.01843886
-0.02035994
-0.02193131
-0.02301932
-0.02398463
-0.02451276
-0.02406994
-0.02280885
-0.02135452
-0.01996359
-0.01846371
-0.01695481
-0.01523716
-0.01368372
-0.01290367
-0.01220574
-0.01127851
-0.01126312
-0.01224062
-0.01315587
-0.01385213
-0.01464055
-0.01528898
-0.01554772
-0.01553054
-0.01552281
-0.01594681
-0.01618542
-0.01601241
-0.01610098
-0.01611909
-0.01585903
-0.01547532
-0.01443424
-0.01304017
-0.01151492
-0.01048021
-0.009987952
-0.009143694
-0.008173891
-0.007661473
-0.007627986
-0.00776909
-0.007840044
-0.007790265
-0.007456055
-0.006221526
-0.004330768
-0.002357676
-0.0002371211
0.002138799
0.00473208
0.007247656
0.009209888
0.0107987
0.01275792
0.0153156
0.01779483
0.01947097
0.02072042
0.02180106
0.02315391
0.02446021
0.02569754
0.02670993
0.02717004
0.02717954
0.02704128
0.02648619
0.02534164
0.02397619
0.0225882
0.02183753
0.02151655
0.02085914
0.01987129
0.01921304
0.0193846
0.02008979
0.02062971
0.02105491
0.02148722
0.02176625
0.0221567
0.02270809
0.02308227
0.02317111
0.0230525
0.02255547
0.02202501
0.02214273
0.02234433
0.02220613
0.02194144
0.02177438
0.02175394
0.02180801
0.02198547
0.02294777
0.02437307
0.02597944
0.02730027
0.02877749
0.03080374
0.03286915
0.03465631
0.03636007
0.03779752
0.03921327
0.03981348
0.03881924
0.03696222
0.03487369
0.03230329
0.02948558
0.0267291
0.02410615
0.02167423
0.01967511
0.01817132
0.01716947
0.01674682
0.01671284
0.01724384
0.01837933
0.0197142
0.02109636
0.02242994
0.02370455
0.02438591
0.02444034
0.02387546
0.02244133
0.02013387
0.01702966
0.01302269
0.008807722
0.004775648
0.0005101258
-0.003097501
-0.005608006
-0.006982102
-0.008144664
-0.009293966
-0.009917297
-0.009263652
-0.007913358
-0.006302791
-0.004872936
-0.003559583
-0.00267361
-0.002400312
-0.002462383
-0.002524647
-0.002461576
-0.002334718
-0.002245731
-0.002234226
-0.002271826
-0.002310204
-0.00232286
-0.002313189
-0.002294947
-0.001910999
-0.0007664961
0.0006544724
0.002534184
0.00501716
0.007906366
0.01075879
0.01288064
0.01393787
0.01471311
0.01557993
0.0162205
0.0164832
0.01646268
0.01579522
0.01449575
0.01294163
0.01153507
0.01023509
0.008691611
0.006779986
0.00469956
0.002645415
0.001038483
4.309997e-05
-0.0008503027
-0.001678764
-0.00221338
-0.002955266
-0.003392046
-0.002962164
-0.002372852
-0.002480034
-0.003468362
-0.004248271
-0.003841111
-0.002804918
-0.002461419
-0.003323038
-0.004565657
-0.005280335
-0.0057528
-0.006499103
-0.007341844
-0.008646363
-0.01042225
-0.01258423
-0.01509048
-0.01778162
-0.0207945
-0.02356101
-0.02586485
-0.0277
-0.02913873
-0.03050719
-0.03225541
-0.03376915
-0.03439997
-0.034338
-0.03411275
-0.03405803
-0.03418407
-0.03434079
-0.03430836
-0.03336094
-0.03155483
-0.02927955
-0.02676499
-0.02423408
-0.02208565
-0.02007769
-0.01788274
-0.01609866
-0.0145453
-0.01343153
-0.01301325
-0.0130377
-0.01325072
-0.01386553
-0.01495279
-0.01630869
-0.01780526
-0.01961464
-0.0214272
-0.02294174
-0.02422855
-0.02535082
-0.02603569
-0.02623052
-0.02618712
-0.02591373
-0.02494562
-0.02366965
-0.02223436
-0.02098659
-0.01969579
-0.01847567
-0.01709494
-0.01576792
-0.01433968
-0.01326629
-0.01266421
-0.01176243
-0.0104275
-0.008405824
-0.00580699
-0.002851667
0.0003969554
0.003466687
0.006185565
0.008737078
0.01132455
0.01382551
0.01601009
0.01821448
0.02034079
0.02156532
0.02179199
0.0215867
0.0214652
0.02119677
0.02024945
0.01896421
0.01730998
0.01561875
0.01398203
0.01216174
0.010417
0.009099799
0.008168368
0.007051322
0.005975831
0.00487611
0.003801524
0.002809237
0.00156066
0.0004483873
-0.0005882775
-0.001565579
-0.002118835
-0.002228623
-0.002143012
-0.002300166
-0.003112955
-0.004272385
-0.005004271
-0.005094614
-0.004870104
-0.004703656
-0.004728341
-0.005054668
-0.00593355
-0.007047778
-0.007700084
-0.007748766
-0.007715264
-0.00832264
-0.009088873
-0.008792745
-0.007768398
-0.006477468
-0.005322573
-0.00429112
-0.003115731
-0.001845215
-0.0004631139
0.0003834963
0.0008101469
0.00149406
0.002420863
0.003037652
0.003204471
0.003627347
0.004731116
0.005674689
0.005995223
0.006125048
0.006765444
0.00776828
0.008714511
0.00972134
0.01065384
0.01162323
0.01285259
0.01394061
0.01499717
0.01593947
0.01639773
0.01642039
0.01631584
0.01628894
0.016385
0.01650374
0.01655944
0.01652081
0.01594531
0.01468897
0.01324125
0.01184135
0.01061652
0.009124798
0.007276793
0.005185523
0.003123637
0.001393096
0.0005929385
0.0005492527
0.0002311583
-0.000895973
-0.001946753
-0.002346497
-0.002252533
-0.002555496
-0.003661933
-0.004648522
-0.00499944
-0.005123413
-0.005761159
-0.006713525
-0.006816578
-0.005746129
-0.004664336
-0.004276312
-0.004435668
-0.004195371
-0.003090023
-0.002032967
-0.001119928
-4.422097e-05
0.0006277965
0.0004038446
-0.0006714015
-0.001747772
-0.002123437
-0.001925715
-0.001632714
-0.00154778
-0.001633069
-0.001411117
-0.0005292691
0.0005024376
0.000991462
0.0006581859
0.0002127046
0.0002503856
-5.494341e-05
-0.000997347
-0.002135858
-0.003328694
-0.004548524
-0.005813086
-0.007117768
-0.008409121
-0.009697268
-0.01098002
-0.01199214
-0.01305989
-0.01427346
-0.01566333
-0.0170208
-0.01804289
-0.01900871
-0.01983001
-0.02028979
-0.02102243
-0.02212491
-0.02288019
-0.02304942
-0.02292914
-0.02313582
-0.02369815
-0.02383753
-0.02331216
-0.02199268
-0.02048001
-0.01891196
-0.0173199
-0.0158478
-0.01406349
-0.01167459
-0.008970898
-0.006667349
-0.005010467
-0.003423356
-0.002158804
-0.00149356
-0.0005649267
0.0005721313
0.001262819
0.00138472
0.00112545
0.0001911053
-0.0001118988
0.0005770097
0.001313155
0.001572981
0.001543028
0.002192128
0.003278055
0.003960669
0.004158284
0.004866554
0.006053905
0.007631333
0.008955242
0.009542641
0.01030614
0.01129164
0.01191242
0.01194084
0.01090011
0.009629625
0.008840178
0.007993093
0.007225718
0.006641033
0.005640507
0.004616954
0.004127723
0.004136047
0.004310096
0.004415642
0.004391492
0.004303576
0.004241275
0.004238532
0.004272402
0.004313787
0.004478364
0.005129335
0.006212057
0.007035135
0.007249283
0.007085772
0.00691388
0.006907839
0.007020879
0.007129999
0.007164601
0.007139581
0.00717739
0.007658058
0.008702414
0.009675054
0.01005472
0.009951899
0.009748801
0.009743573
0.01032643
0.01150135
0.01247829
0.01277988
0.01259496
0.01236916
0.01231933
0.01241021
0.01252329
0.01257231
0.0125517
0.01245439
0.01193576
0.01082757
0.009408536
0.008009617
0.006722003
0.005489782
0.004215242
0.002930812
0.002064306
0.001806673
0.001890565
0.001983094
0.002052072
0.002813766
0.003936645
0.00459277
0.004638026
0.004422078
0.004288373
0.004332992
0.004405737
0.003977584
0.002863566
0.001320588
-0.0006154523
-0.002588676
-0.004566027
-0.006387454
-0.007925483
-0.009603119
-0.01110132
-0.01258737
-0.01378739
-0.01428172
-0.01425523
-0.01411811
-0.0141096
-0.01411519
-0.01333213
-0.0121556
-0.01147847
-0.01144408
-0.01162864
-0.01128466
-0.01018459
-0.009103028
-0.00867444
-0.00868844
-0.007982177
-0.006361617
-0.004490501
-0.002455388
-0.0001109555
0.00239163
0.00449797
0.006276103
0.008043654
0.009992294
0.01174437
0.01321396
0.01439818
0.01495805
0.01504449
0.01528746
0.01553871
0.01541984
0.01517533
0.01501262
0.01464603
0.01377849
0.01284642
0.01240049
0.01242982
0.01260791
0.01268258
0.01264917
0.01285375
0.01306192
0.01317807
0.01318885
0.01354218
0.01441418
0.01509693
0.015337
0.01590963
0.01696774
0.01780998
0.01872478
0.01979424
0.02043894
0.0205465
0.02037752
0.01988992
0.01895492
0.01767416
0.01592493
0.01362864
0.01134794
0.009583877
0.007976642
0.006202117
0.004178168
0.002097972
0.0003258566
-0.001395644
-0.003241945
-0.005263877
-0.007613328
-0.009908736
-0.01167831
-0.01296895
-0.01413996
-0.01542339
-0.01649595
-0.01697878
-0.01698998
-0.01687062
-0.0168433
-0.01695597
-0.01743301
-0.01840919
-0.01939572
-0.02019734
-0.02112006
-0.02229616
-0.02365421
-0.02500003
-0.02624568
-0.02749445
-0.02905912
-0.03124104
-0.03338111
-0.0349568
-0.03645381
-0.03795479
-0.03937958
-0.04048306
-0.04120852
-0.04179711
-0.0421456
-0.04224278
-0.0419833
-0.04140129
-0.04095858
-0.04035497
-0.03926543
-0.03794319
-0.03652505
-0.03544817
-0.03448146
-0.03361855
-0.03314677
-0.03279561
-0.03199587
-0.03093619
-0.03028319
-0.03018945
-0.03036267
-0.03048923
-0.03046364
-0.03035614
-0.03026066
-0.02997655
-0.02917005
-0.0281754
-0.02760396
-0.02703138
-0.02594559
-0.02456664
-0.0230922
-0.02175835
-0.0204538
-0.01919494
-0.01737003
-0.01510375
-0.01310205
-0.01139374
-0.00989458
-0.008846568
-0.007889946
-0.006943994
-0.005793246
-0.004443128
-0.003563668
-0.002717722
-0.001660314
-0.0006164134
0.0005287591
0.001817464
0.003195796
0.004857284
0.00645765
0.007960972
0.009921442
0.01212304
0.01430345
0.01663574
0.01920133
0.02190901
0.02463432
0.02729946
0.0299208
0.03252966
0.03484784
0.03690383
0.03880847
0.04048014
0.04220817
0.04372635
0.04452059
0.04528229
0.04632755
0.04713858
0.04807745
0.04923486
0.05030103
0.05137203
0.05229556
0.05334768
0.05450239
0.05520497
0.05571195
0.05654741
0.05746001
0.05795249
0.0579955
0.05786355
0.05779217
0.05783641
0.05792684
0.05798422
0.05798518
0.05795514
0.05792911
0.05792329
0.05793227
0.05794313
0.05794769
0.05794584
0.05787572
0.05712297
0.05549663
0.05337027
0.05128666
0.04965641
0.04807083
0.04595313
0.04324819
0.04001558
0.03659496
0.03321799
0.030017
0.02714267
0.02449007
0.0218742
0.01917649
0.01641096
0.01366889
0.01099184
0.008362924
0.005772063
0.003510527
0.001780166
5.94873e-05
-0.002186186
-0.00490834
-0.007809367
-0.01095429
-0.01451448
-0.01810039
-0.02151749
-0.02477928
-0.02804495
-0.0312788
-0.03393844
-0.03606495
-0.03792559
-0.03950864
-0.04060649
-0.04138699
-0.04230696
-0.04285292
-0.04238074
-0.04143761
-0.04087697
-0.04085786
-0.04106849
-0.04122889
-0.04124054
-0.04112771
-0.04103211
-0.04135052
-0.04200268
-0.04249175
-0.04288686
-0.04296387
-0.04227666
-0.04125144
-0.04005233
-0.03885153
-0.03760578
-0.03634969
-0.03501584
-0.03367433
-0.03229303
-0.03094887
-0.02961096
-0.0283911
-0.02771244
-0.02694243
-0.02586371
-0.02505077
-0.02416177
-0.0230401
-0.02167445
-0.02027871
-0.01883419
-0.01685225
-0.01465903
-0.01280875
-0.01107825
-0.009292691
-0.007638925
-0.005873222
-0.003964587
-0.002214504
-0.0004516512
0.00104907
0.001800844
0.002510402
0.003513656
0.004248502
0.004481232
0.00440558
0.004300724
0.004287246
0.004093381
0.003326896
0.002319064
0.001727822
0.001400272
0.0007064061
-0.0002432456
-0.0008522763
-0.0009679016
-0.0008364192
-0.0007322464
-0.0007533012
-0.0008452226
-0.0009486305
-0.001276152
-0.002122082
-0.003129997
-0.003669201
-0.003701546
-0.004044246
-0.005174866
-0.006692931
-0.008491057
-0.01015207
-0.01149364
-0.01267396
-0.01389343
-0.01497052
-0.01577754
-0.01646202
-0.01684789
-0.01693786
-0.01690305
-0.01687466
-0.01663579
-0.01605344
-0.01534307
-0.0146168
-0.01372148
-0.01250136
-0.01166333
-0.01120862
-0.01050739
-0.00956635
-0.008919555
-0.008243385
-0.007137069
-0.006033705
-0.004951151
-0.004032827
-0.003348628
-0.002470951
-0.001227133
0.0002105016
0.001409784
0.002402426
0.003517567
0.004531759
0.005606796
0.006586471
0.00707931
0.007120537
0.007010402
0.00715419
0.007967677
0.009160494
0.00992745
0.0100304
0.009799867
0.009625806
0.00982922
0.01070807
0.01191467
0.01265419
0.01271504
0.0128069
0.01374229
0.01480804
0.01531366
0.01527281
0.01505968
0.01533312
0.01653487
0.01769875
0.01812988
0.01797243
0.01807082
0.01912362
0.02027358
0.0207817
0.02069666
0.0204419
0.02033084
0.02040717
0.02090368
0.02208204
0.02308433
0.02338428
0.02319494
0.0229598
0.02291941
0.02304086
0.02317723
0.02323102
0.02320391
0.02315199
0.02312259
0.02312557
0.02314398
0.0231581
0.02316028
0.02315463
0.02314888
0.02314716
0.02314829
0.02303343
0.02242581
0.02138641
0.02046951
0.01961949
0.01870032
0.01805915
0.01762534
0.01666496
0.01559757
0.01506133
0.01494312
0.01451785
0.01356712
0.01271734
0.01240109
0.01236831
0.0118928
0.01085872
0.009972503
0.009547397
0.009034828
0.008178501
0.007326953
0.006399426
0.005223046
0.003879366
0.002399301
0.0005646842
-0.001316803
-0.002883722
-0.004275505
-0.005987534
-0.007840703
-0.009488674
-0.01086025
-0.0120984
-0.01337656
-0.01473629
-0.01602718
-0.0169158
-0.01768794
-0.01860683
-0.01944158
-0.0203497
-0.02163101
-0.02337634
-0.02495269
-0.02649845
-0.02793888
-0.0290029
-0.03029739
-0.03191607
-0.03352626
-0.03496659
-0.03626525
-0.0374253
-0.03812861
-0.03854055
-0.03945731
-0.04050477
-0.0410521
-0.04107397
-0.04102492
-0.04157744
-0.04270662
-0.04362136
-0.04388886
-0.04371937
-0.04351106
-0.04347541
-0.04358105
-0.04358243
-0.04300976
-0.04179154
-0.04030407
-0.03889176
-0.03762035
-0.03628793
-0.03452316
-0.0325122
-0.03038107
-0.02836507
-0.02623368
-0.02378817
-0.02110228
-0.01834599
-0.01563957
-0.01289043
-0.009759521
-0.006550349
-0.003628071
-0.0009998896
0.001549157
0.004178027
0.006881596
0.009611646
0.01220711
0.01437321
0.01622692
0.01762614
0.01899015
0.02028562
0.02171499
0.02293755
0.02397842
0.02498029
0.02576686
0.02660916
0.02763483
0.02850312
0.02935622
0.03034878
0.03107216
0.03129953
0.03122439
0.03125319
0.03178727
0.03242564
0.032608
0.03207444
0.03137831
0.03106031
0.03113317
0.03108637
0.03015881
0.02886658
0.02764975
0.02659832
0.02589838
0.02519086
0.02422136
0.02343212
0.02301683
0.02245811
0.02153203
0.02075576
0.02035269
0.01977748
0.01867973
0.01724372
0.01578231
0.01431419
0.01256739
0.01077939
0.009110436
0.00717606
0.00486887
0.002757523
0.001040414
-0.000605323
-0.001874356
-0.002856336
-0.00386455
-0.005102953
-0.006572589
-0.007948614
-0.00883849
-0.009862699
-0.01092346
-0.01148408
-0.01159667
-0.01196458
-0.01296768
-0.01397962
-0.01441339
-0.01433798
-0.01417942
-0.01458861
-0.0157185
-0.01678426
-0.01718104
-0.01704023
-0.01679331
-0.01666084
-0.01623446
-0.01526843
-0.01436239
-0.01396173
-0.01356763
-0.01272145
-0.01186016
-0.01146112
-0.01137387
-0.01061742
-0.009349136
-0.007770203
-0.006405875
-0.005035927
-0.003484228
-0.001892379
-6.972331e-05
0.001427288
0.002446516
0.00342481
0.004649819
0.006021548
0.006972218
0.007292922
0.007656355
0.008574787
0.009541212
0.009995995
0.009969521
0.009791875
0.009713187
0.009731622
0.009384422
0.008470299
0.007548448
0.007148108
0.007212924
0.00736555
0.007027563
0.005974715
0.004840609
0.004299433
0.004349886
0.004626281
0.005143489
0.006048264
0.006907138
0.007327807
0.007978671
0.009099928
0.01057486
0.01205006
0.01340905
0.0146239
0.01587679
0.01711283
0.01778652
0.01791334
0.01816423
0.01902804
0.01971089
0.01934238
0.01840238
0.01774774
0.01732689
0.01690762
0.01630349
0.01525958
0.01388021
0.01244461
0.01112608
0.01020076
0.009539034
0.008678137
0.007740576
0.006838292
0.005789887
0.004877308
0.004478279
0.004500197
0.004628364
0.004656785
0.004576406
0.004466161
0.004163533
0.003584526
0.002913856
0.002246929
0.001899192
0.001881226
0.001979616
0.001994755
0.001398099
-0.0001313906
-0.001442386
-0.001791489
-0.001809582
-0.002071564
-0.002752188
-0.003621272
-0.004734623
-0.005779212
-0.006274646
-0.006505513
-0.006924842
-0.007574967
-0.008352418
-0.008823359
-0.00889264
-0.008772973
-0.008700305
-0.009011608
-0.009973073
-0.01109668
-0.01167248
-0.01164937
-0.01141209
-0.01126641
-0.01079457
-0.009723928
-0.00885449
-0.00811252
-0.007093864
-0.006325764
-0.006067709
-0.005875996
-0.005121125
-0.00403599
-0.003370475
-0.003327428
-0.003821189
-0.00483196
-0.005891763
-0.006635113
-0.007400234
-0.008205232
-0.008694989
-0.009073328
-0.009635076
-0.01006976
-0.009952941
-0.009291619
-0.008741059
-0.008614172
-0.008752004
-0.00863808
-0.007824314
-0.006697589
-0.005591763
-0.004395529
-0.003636386
-0.003481601
-0.003621701
-0.003705609
-0.003608705
-0.003441434
-0.003337305
-0.003332206
-0.003378469
-0.00323634
-0.002480335
-0.001381287
-0.0007073878
-0.0006390718
-0.0008516668
-0.0009976435
-0.0009654288
-0.0008403436
-0.0007446576
-0.000729021
-0.0007670027
-0.0008093841
-0.001018643
-0.001601234
-0.002129414
-0.002487333
-0.002775413
-0.002609338
-0.002057573
-0.001272353
-0.0007565309
-0.0003092969
0.0006864753
0.001999686
0.003526913
0.004693564
0.005636552
0.006531689
0.007091362
0.007248694
0.007209555
0.007179505
0.007209985
0.007243373
0.007252734
0.007241504
0.007223486
0.007210823
0.007207567
0.007210563
0.007214525
0.007216267
0.007215733
0.007216144
0.007396885
0.007947523
0.008450541
0.008443074
0.007816589
0.007198092
0.006997306
0.007126775
0.007307081
0.00736375
0.007314488
0.007267083
0.007262145
0.007286514
0.007313696
0.007328811
0.00750919
0.00803729
0.008312992
0.007897183
0.007304512
0.006841735
0.006154518
0.005225426
0.004414804
0.003543816
0.002608726
0.002030664
0.001906605
0.001804481
0.001097031
-3.54774e-05
-0.0008156607
-0.0009685473
-0.0007763408
-0.0008006892
-0.001576599
-0.002784579
-0.003578844
-0.003697558
-0.003451583
-0.003222538
-0.003208063
-0.003366928
-0.003523586
-0.00357103
-0.003347088
-0.002573882
-0.001490465
-0.0007625428
-0.0003916921
0.0004431616
0.001425522
0.001951077
0.001987417
0.001837957
0.001634584
0.001038229
5.593046e-05
-0.0008173904
-0.001664807
-0.002725492
-0.004008536
-0.005403446
-0.006777397
-0.007962542
-0.008738704
-0.009496781
-0.01047442
-0.01124108
-0.01151932
-0.01146478
-0.01135792
-0.01134905
-0.01142299
-0.01138382
-0.01092007
-0.0104717
-0.0105733
-0.0106524
-0.01058901
-0.01085547
-0.011289
-0.01153772
-0.01154522
-0.01155012
-0.01195932
-0.01253526
-0.01291369
-0.01333704
-0.01344115
-0.01354052
-0.01384925
-0.01412076
-0.01422193
-0.01419651
-0.01414617
-0.0141318
-0.0141533
-0.0141815
-0.01419437
-0.01413428
-0.01360393
-0.01252881
-0.01160157
-0.01129649
-0.01138883
-0.01109981
-0.01008053
-0.009026851
-0.00857256
-0.008654941
-0.008882349
-0.009029483
-0.009422836
-0.009983992
-0.01068767
-0.01127797
-0.01155172
-0.01199489
-0.01296022
-0.01395223
-0.01483091
-0.01576324
-0.01655517
-0.01721797
-0.01781826
-0.01845965
-0.01909456
-0.01943973
-0.01948484
-0.01944608
-0.01981355
-0.02082309
-0.02187861
-0.02235241
-0.02228139
-0.02205485
-0.0219628
-0.02204021
-0.02213786
-0.02183009
-0.02086532
-0.01977676
-0.01890096
-0.01802212
-0.0172118
-0.01615646
-0.01489687
-0.01377064
-0.01265553
-0.01144302
-0.01011951
-0.008748629
-0.007438873
-0.006455077
-0.005422862
-0.004201136
-0.002783441
-0.001366036
2.272871e-05
0.001293418
0.002274854
0.003241482
0.004133723
0.005250269
0.006534838
0.007635542
0.008719295
0.00993783
0.01125355
0.01229499
0.01305384
0.01392984
0.01477072
0.01520586
0.01525284
0.01516035
0.01512202
0.01517312
0.01525133
0.01530772
0.01556821
0.0159022
0.01600406
0.01598337
0.01562374
0.01526413
0.01514385
0.01521338
0.01531228
0.0153411
0.01530302
0.01525145
0.01521523
0.01495249
0.01413285
0.01311541
0.01255745
0.01254244
0.01274082
0.01285088
0.01279981
0.01268036
0.0126008
0.01259634
0.01263537
0.0126831
0.01296255
0.0137906
0.01480649
0.01537166
0.0156727
0.01635827
0.01732722
0.01821793
0.01920985
0.02042212
0.02174634
0.02281245
0.02326344
0.02351592
0.0242628
0.02531594
0.02601536
0.02666796
0.02770972
0.02850889
0.02875058
0.02864303
0.02852465
0.02879716
0.02975332
0.03091938
0.03153982
0.03153159
0.03128367
0.03114727
0.03120477
0.03134497
0.03143927
0.03144538
0.03140005
0.03135834
0.03134749
0.03136069
0.03136493
0.03109484
0.03043442
0.0295985
0.02889226
0.02861939
0.02864678
0.02836613
0.02741108
0.02633897
0.02578189
0.02543462
0.02469842
0.02376297
0.02286098
0.02186322
0.02102817
0.02064357
0.02026577
0.01940057
0.01838717
0.01748794
0.01647815
0.0152574
0.01391179
0.01246494
0.01100479
0.00961072
0.008283408
0.006963523
0.005624089
0.004309374
0.003380405
0.002692524
0.002195622
0.00197652
0.001943848
0.001953792
0.001932483
0.001890279
0.001831526
0.001348748
0.0003169033
-0.0005952736
-0.000962581
-0.001348434
-0.002270818
-0.003661227
-0.005272266
-0.006798092
-0.007994699
-0.008703818
-0.009407301
-0.01038225
-0.01130555
-0.01226007
-0.01329603
-0.01411616
-0.01494216
-0.01592146
-0.01663761
-0.01699128
-0.01756627
-0.01855254
-0.01937235
-0.01965794
-0.01968026
-0.0201463
-0.02119546
-0.02211112
-0.02253583
-0.02301967
-0.02390279
-0.02479554
-0.02579585
-0.0268482
-0.02746964
-0.02757123
-0.02744238
-0.02736373
-0.02741475
-0.02752259
-0.02759427
-0.02759894
-0.02756431
-0.02753215
-0.0275233
-0.02753288
-0.02754557
-0.02755112
-0.02754889
-0.02754216
-0.02734212
-0.02656808
-0.02547674
-0.02478754
-0.02469511
-0.02471144
-0.02412328
-0.02303752
-0.02203957
-0.0210237
-0.02000695
-0.01896371
-0.01773751
-0.01667107
-0.01561517
-0.01467914
-0.01419861
-0.01387659
-0.01333405
-0.01261935
-0.01185088
-0.01141927
-0.01137556
-0.01149376
-0.01155127
-0.01124545
-0.01030582
-0.00917647
-0.008579677
-0.008576467
-0.008542238
-0.007828746
-0.006738433
-0.006043561
-0.00594513
-0.006116122
-0.005943386
-0.005308459
-0.004753765
-0.004573522
-0.004666096
-0.004833558
-0.005243663
-0.005821245
-0.006163297
-0.006219561
-0.006453659
-0.007003087
-0.007758237
-0.008465596
-0.008817299
-0.009192137
-0.01004247
-0.01099605
-0.01149139
-0.0115361
-0.01168715
-0.01184345
-0.01165994
-0.01105209
-0.009992784
-0.008976478
-0.008197491
-0.007315338
-0.00613413
-0.004774727
-0.003678744
-0.00259875
-0.001472097
-0.0007593558
6.72516e-05
0.001163184
0.001891418
0.002059977
0.001933095
0.001873048
0.002381117
0.003452753
0.003950522
0.003253128
0.002189386
0.001651224
0.001673546
0.001507161
0.001043976
0.0006117282
4.502765e-05
-0.0005055219
-0.0007546528
-0.0007353815
-0.000641509
-0.0006101041
-0.0006539887
-0.0007204458
-0.0007858234
-0.0008210328
-0.0007893714
-0.0006760741
-0.0001545449
0.0008701609
0.001787695
0.002129359
0.00202287
0.001835322
0.001791989
0.001886982
0.002003834
0.002055986
0.002038171
0.002026925
0.002345963
0.002962873
0.003705462
0.004354745
0.004625784
0.004587377
0.004479382
0.004425087
0.004144368
0.003636029
0.003265419
0.00316858
0.003009469
0.002504018
0.002014725
0.001813581
0.00186439
0.00223192
0.003123927
0.004160992
0.004711542
0.004990425
0.005668417
0.006646168
0.007537502
0.008260394
0.008854297
0.009477349
0.009875633
0.009992714
0.01019878
0.01052387
0.01062159
0.01068218
0.01042929
0.010084
0.009916595
0.009941334
0.01002859
0.01007129
0.01005048
0.01000555
0.009977286
0.00997731
0.009992657
0.0100059
0.01002271
0.01004671
0.01003791
0.01001063
0.01000527
0.009895054
0.009428549
0.008924324
0.008590091
0.008140384
0.007705252
0.007503643
0.007505122
0.007562198
0.007451323
0.0068851
0.006251464
0.005966926
0.005901388
0.005672051
0.005681348
0.005939577
0.006029331
0.005570979
0.004955991
0.004650437
0.004678483
0.004749036
0.004383015
0.003703825
0.002859582
0.002210206
0.002014672
0.002116263
0.002238974
0.002243972
0.002159564
0.002024341
0.00156192
0.0009383789
0.0001892085
-0.0004223283
-0.0006339053
-0.0005372538
-0.0004486231
-0.0009400556
-0.002078311
-0.003055879
-0.003350779
-0.003166046
-0.002931615
-0.002884084
-0.002995695
-0.003123397
-0.003149826
-0.003080095
-0.003000954
-0.002967914
-0.002944323
-0.002561131
-0.001571203
-0.0005273098
-4.810318e-05
-8.084988e-05
-0.0002502204
-0.0003055426
-0.0002519325
-0.0004522154
-0.0009276133
-0.001315988
-0.001722906
-0.002187769
-0.002461966
-0.002480256
-0.002378343
-0.002314963
-0.0023318
-0.002361542
-0.002354413
-0.002291494
-0.001891743
-0.001225691
-0.0007716262
-0.0006912342
-0.0008235818
-0.001180972
-0.001735488
-0.002066059
-0.002057955
-0.001888618
-0.001791045
-0.002066279
-0.002726807
-0.003228204
-0.003575592
-0.004018667
-0.004318577
-0.004392133
-0.004331967
-0.004267908
-0.004522829
-0.005397924
-0.006465963
-0.007028623
-0.007256955
-0.007624909
-0.007971963
-0.008365852
-0.008952446
-0.009649287
-0.01085431
-0.01240412
-0.01359251
-0.01429165
-0.01450247
-0.01473568
-0.01555862
-0.01664407
-0.01728975
-0.0173597
-0.01734491
-0.01775655
-0.01809118
-0.01778527
-0.01743374
-0.01769876
-0.0184166
-0.01912475
-0.01888499
-0.01780202
-0.01688225
-0.01661702
-0.01681633
-0.01725678
-0.01771197
-0.01735907
-0.01609701
-0.01467695
-0.01396619
-0.01401794
-0.0143329
-0.01429313
-0.01343338
-0.0121608
-0.01135449
-0.01106458
-0.01054983
-0.009652725
-0.008944751
-0.008709522
-0.008414977
-0.007390128
-0.006355371
-0.005921323
-0.006003183
-0.006212424
-0.006104685
-0.00527941
-0.004062799
-0.003284458
-0.003182124
-0.003045686
-0.002082756
-0.0008327059
0.0004092064
0.001459576
0.001964928
0.002340941
0.003307598
0.00428288
0.004878851
0.005570526
0.006481856
0.007156195
0.007364543
0.007525321
0.008447462
0.009588696
0.01029415
0.01090168
0.01174971
0.01245973
0.0127377
0.01293326
0.01382271
0.0149066
0.01546522
0.01569877
0.01650828
0.01753934
0.01813685
0.01821383
0.01806079
0.01807653
0.01872081
0.01986128
0.02072461
0.02093625
0.02074315
0.02054258
0.0205251
0.02064241
0.02076069
0.02080058
0.02077043
0.02060666
0.01997426
0.01894065
0.01816673
0.01784934
0.01736475
0.01643847
0.01560249
0.01516252
0.01460583
0.01368806
0.01291859
0.01264114
0.01271627
0.01284782
0.01286898
0.01279178
0.01270556
0.01267138
0.0126885
0.01272163
0.01274069
0.01273914
0.01272769
0.0127189
0.01271769
0.01272138
0.01272438
0.01259945
0.01195181
0.01086986
0.01006044
0.009860944
0.01003215
0.01014936
0.009634433
0.008452495
0.007417032
0.007023273
0.006759842
0.006359668
0.00558517
0.004360983
0.00298961
0.00204609
0.001402472
0.0009331926
0.0003214348
-0.0004279905
-0.001676628
-0.002993101
-0.004002312
-0.00459235
-0.005140937
-0.005682492
-0.006041861
-0.006550913
-0.007195454
-0.007973848
-0.0086073
-0.008835053
-0.008769651
-0.008635739
-0.008561364
-0.008218036
-0.00767272
-0.006928176
-0.006279729
-0.006031315
-0.006089512
-0.006226749
-0.006286977
-0.006255663
-0.00651013
-0.00710196
-0.007862452
-0.008541769
-0.008862011
-0.009169559
-0.009669723
-0.01040017
-0.01144744
-0.01238215
-0.01276797
-0.01270644
-0.01251092
-0.012155
-0.01197083
-0.01193534
-0.01170481
-0.01142869
-0.0112799
-0.01126637
-0.01130524
-0.01132667
-0.01131212
-0.01122806
-0.01081832
-0.01017737
-0.009755326
-0.009677218
-0.00951719
-0.008970842
-0.00820726
-0.007533086
-0.00775755
-0.008724824
-0.009507785
-0.009676431
-0.009450388
-0.009209015
-0.009133152
-0.009444149
-0.01057197
-0.01198857
-0.01346059
-0.01418241
-0.01336858
-0.01206821
-0.01148665
-0.01168328
-0.01212092
-0.01232348
-0.01222104
-0.01200363
-0.0118481
-0.0118374
-0.01188259
-0.01188078
-0.01183475
-0.01154991
-0.01050903
-0.00937621
-0.008761859
-0.008358569
-0.008059782
-0.007786932
-0.007210529
-0.006601966
-0.006310669
-0.006323376
-0.006434819
-0.006495034
-0.006488913
-0.00643705
-0.006412314
-0.006318498
-0.005976846
-0.005826017
-0.005512359
-0.00483678
-0.004482213
-0.00424578
-0.003998479
-0.003845928
-0.003801694
-0.003692008
-0.003202651
-0.002525939
-0.001770143
-0.001244952
-0.001093427
-0.001176199
-0.001255312
-0.001245616
-0.001156509
-0.001063281
-0.000795891
0.0001706845
0.001231203
0.001703826
0.001752845
0.002171498
0.003164601
0.0041727
0.005121684
0.006100944
0.006993616
0.008179584
0.009198479
0.00972091
0.01021748
0.01111473
0.01199901
0.01240347
0.0123815
0.01229043
0.01275399
0.01388242
0.01490212
0.01526024
0.01516354
0.0153642
0.01594606
0.0168295
0.017589
0.01791308
0.01830932
0.01920987
0.02017425
0.02101919
0.02157038
0.02177304
0.02208927
0.0222388
0.0224597
0.02282257
0.02305682
0.02309489
0.02303387
0.02298456
0.02298805
0.02302296
0.02305242
0.0230589
0.02310436
0.02350406
0.02371709
0.02380688
0.02362154
0.02321998
0.02290575
0.02242087
0.0218874
0.02162171
0.0215701
0.02122135
0.02066543
0.02031119
0.0202559
0.02034909
0.02042244
0.02036332
0.01981921
0.01871831
0.01770936
0.01690649
0.0160344
0.01534394
0.01496928
0.0140904
0.01288556
0.01173479
0.0106471
0.009937094
0.009750608
0.00984124
0.009922453
0.009908567
0.009761308
0.009175053
0.008111284
0.007201446
0.006866911
0.006552561
0.005740727
0.004843531
0.004353813
0.003861765
0.002965855
0.002115407
0.001752275
0.001796007
0.001940888
0.001984244
0.001914679
0.001820974
0.001711879
0.001031016
-0.0001043965
-0.0008445929
-0.0009472885
-0.0007318077
-0.0005696729
-0.000593047
-0.0007208542
-0.0008903716
-0.001630027
-0.00280673
-0.003553338
-0.003652274
-0.003788083
-0.004599043
-0.005666628
-0.006277329
-0.006357887
-0.006563304
-0.007387646
-0.008397867
-0.008962612
-0.008967783
-0.008472878
-0.008148389
-0.008434507
-0.008901577
-0.009081114
-0.008334134
-0.006981851
-0.00610124
-0.006000089
-0.006294172
-0.006544616
-0.006575907
-0.006483421
-0.006702666
-0.007282969
-0.008075462
-0.008812301
-0.009137055
-0.009103063
-0.008998216
-0.009002653
-0.009096283
-0.009188776
-0.009224574
-0.009208941
-0.009178159
-0.009162343
-0.009132454
-0.00855577
-0.007397053
-0.006550991
-0.006415875
-0.007183993
-0.008573553
-0.009483051
-0.009557494
-0.008962615
-0.007907905
-0.007435701
-0.008258053
-0.009326777
-0.009789576
-0.009641258
-0.009313536
-0.009151134
-0.009209368
-0.009354351
-0.009461371
-0.009728349
-0.01002854
-0.009863483
-0.009557342
-0.009915971
-0.0111462
-0.0121679
-0.01216828
-0.01106784
-0.009758423
-0.009431514
-0.01043702
-0.01187318
-0.01265211
-0.01257711
-0.01165806
-0.01021866
-0.009335648
-0.009294938
-0.009645642
-0.01025358
-0.01113037
-0.01116892
-0.01013517
-0.008977385
-0.008820414
-0.009373569
-0.01007701
-0.01077965
-0.01096325
-0.01039738
-0.009744217
-0.009683427
-0.01036695
-0.0112805
-0.01213519
-0.01254878
-0.01253668
-0.01241273
-0.0123854
-0.0124687
-0.01257512
-0.01262877
-0.01243936
-0.01167389
-0.01059487
-0.009914908
-0.009830755
-0.01022618
-0.01076902
-0.01068742
-0.009845926
-0.008366363
-0.007273163
-0.007243919
-0.008295048
-0.009666788
-0.01019544
-0.009390635
-0.007977376
-0.007078727
-0.007047331
-0.007425725
-0.007713921
-0.007485127
-0.006298587
-0.004885655
-0.003576272
-0.002253255
-0.001704535
-0.001936189
-0.00229592
-0.002266057
-0.00148755
-0.0002169122
0.0006929731
0.0008738221
0.0006321585
0.0005339149
0.000931025
0.00112876
0.001060361
0.00132385
0.001789744
0.002077189
0.002104874
0.002129506
0.002798902
0.004379142
0.005809176
0.006313134
0.005872446
0.004536289
0.003442396
0.003700411
0.00504277
0.005963856
0.005234626
0.003782166
0.002798153
0.002302307
0.002264998
0.002676769
0.002764904
0.002413111
0.002147571
0.002486854
0.003087822
0.003550995
0.004467344
0.005550944
0.006108462
0.00610718
0.005807133
0.005216494
0.004684852
0.004466252
0.004133208
0.003672011
0.003375644
0.003308034
0.003354212
0.003392014
0.00337912
0.003339329
0.003309697
0.003357165
0.003859592
0.004928654
0.00588098
0.006210868
0.006073942
0.005866429
0.005821239
0.005924083
0.006047579
0.006100568
0.006079661
0.006033363
0.005949396
0.005482485
0.004864654
0.00448742
0.004061213
0.003603597
0.003358278
0.003330743
0.003330854
0.002969129
0.002784596
0.003013255
0.003307793
0.003431301
0.003390135
0.003304316
0.003264696
0.003282979
0.003322035
0.003345904
0.003345143
0.003331659
0.003268903
0.002776711
0.001724689
0.0006736884
-0.0005043166
-0.001076319
-0.0004577064
0.0004733997
0.0004529005
-0.0007225957
-0.00198339
-0.002479987
-0.002295662
-0.00189205
-0.001282055
-0.0007436547
-0.0005228297
-0.0001902996
0.0002713625
0.0005705483
0.0006416885
0.0005978181
0.0005085416
0.0001379873
-2.893052e-05
-0.0002155584
-0.0009478415
-0.001787263
-0.002190191
-0.002160604
-0.00199388
-0.001951815
-0.002320256
-0.002719998
-0.003234098
-0.003724561
-0.003704123
-0.003426909
-0.003240142
-0.00321492
-0.002975295
-0.002472789
-0.002099801
-0.002040788
-0.00242998
-0.002743028
-0.002540152
-0.00216033
-0.001948568
-0.001962476
-0.002104569
-0.002556655
-0.003484586
-0.004405791
-0.004868056
-0.005517893
-0.006546824
-0.007279541
-0.007501386
-0.007728028
-0.008205729
-0.008875334
-0.009648097
-0.01010095
-0.01015334
-0.01002869
-0.009949078
-0.009979693
-0.01006266
-0.01012165
-0.01012827
-0.01010228
-0.01007664
-0.0100688
-0.01007595
-0.01008623
-0.01009114
-0.01008984
-0.01008612
-0.01008375
-0.01008385
-0.01006033
-0.009525852
-0.008319114
-0.007386221
-0.007146921
-0.007084927
-0.006440637
-0.005382595
-0.004650873
-0.004249643
-0.003837137
-0.003360226
-0.002877893
-0.002743643
-0.002717707
-0.002998058
-0.003334464
-0.003473617
-0.003429483
-0.003519138
-0.003856215
-0.004021544
-0.004287933
-0.004386956
-0.003968175
-0.003457898
-0.003236263
-0.00311502
-0.002701039
-0.002256253
-0.002044951
-0.001856387
-0.001157125
-9.42602e-05
0.0006253297
0.0007661796
0.0009683299
0.001962183
0.002841801
0.00294351
0.002925807
0.003040826
0.003202891
0.00346339
0.004010037
0.00464495
0.005368277
0.006013423
0.006775742
0.007741511
0.008577549
0.009439362
0.01043256
0.01113748
0.01146392
0.01199998
0.01298342
0.01383392
0.01426296
0.01479255
0.01570888
0.01638007
0.01627729
0.01615214
0.01634264
0.01672911
0.01734422
0.01785908
0.01802552
0.01794406
0.01795716
0.01846003
0.01907207
0.01935941
0.01932186
0.01918118
0.01911264
0.01914587
0.01921713
0.01926142
0.01926084
0.01923635
0.01921176
0.01922972
0.0196596
0.02027759
0.02067129
0.02110766
0.02155827
0.0217606
0.02173572
0.0216584
0.02164072
0.0216837
0.02173543
0.02175739
0.02174468
0.02169547
0.02163861
0.02161166
0.02161604
0.02163044
0.02163743
0.02163397
0.02162641
0.02161909
0.02159472
0.02157633
0.02156745
0.02154822
0.02153076
0.02152372
0.02152458
0.02152703
0.0215274
0.02152576
0.02152404
0.02145697
0.02077019
0.01993665
0.02010181
0.0210052
0.0216482
0.02113618
0.0196821
0.01807369
0.01666496
0.01606505
0.01640582
0.01699944
0.01689196
0.0158665
0.01429654
0.01330886
0.01321458
0.01355425
0.0137849
0.01370913
0.0130007
0.01165004
0.01065713
0.01044916
0.01070492
0.01093415
0.0106758
0.009689508
0.008504796
0.007612041
0.006738407
0.005889046
0.005425977
0.005356183
0.005431309
0.005261422
0.004596904
0.003746115
0.002957941
0.002560111
0.00252703
0.00262276
0.002479298
0.001691786
0.0005363163
-0.000234989
-0.0003701885
-0.0001650327
6.137464e-06
-5.475468e-06
-0.0001317189
-0.0004366907
-0.00125152
-0.002351965
-0.003037172
-0.00312608
-0.003290902
-0.004255245
-0.005315788
-0.006014555
-0.006741737
-0.007637341
-0.00825553
-0.008604927
-0.009252906
-0.01006185
-0.01043539
-0.01070118
-0.01092225
-0.01121859
-0.0118011
-0.01250165
-0.01327479
-0.01375747
-0.01384562
-0.01392367
-0.01459526
-0.015722
-0.01652076
-0.01667779
-0.01646253
-0.01647313
-0.01724144
-0.01847088
-0.01928179
-0.01938748
-0.01915884
-0.01917119
-0.0197471
-0.02038629
-0.0207855
-0.02122511
-0.02163038
-0.02183258
-0.02183855
-0.02179628
-0.02178405
-0.02183348
-0.02201857
-0.02254819
-0.02321527
-0.02384374
-0.0239723
-0.02405666
-0.02429814
-0.02452288
-0.0246259
-0.02462774
-0.02459799
-0.02458407
-0.0244774
-0.02387851
-0.02293687
-0.02251744
-0.02238525
-0.0222612
-0.02215005
-0.02195736
-0.02129854
-0.02021336
-0.01940541
-0.0191972
-0.01937667
-0.01945
-0.018943
-0.01812876
-0.01726074
-0.0167204
-0.01663547
-0.0167833
-0.01692118
-0.01693404
-0.01685496
-0.01677621
-0.01662782
-0.01600711
-0.01507795
-0.01477753
-0.01500408
-0.01503965
-0.01524483
-0.01593822
-0.01664226
-0.01692568
-0.01685456
-0.01670703
-0.01666486
-0.0167321
-0.01682177
-0.01675705
-0.01595118
-0.01554267
-0.01567868
-0.01612013
-0.01615784
-0.01532529
-0.01432759
-0.01386876
-0.0139491
-0.01419548
-0.01431276
-0.01425371
-0.0140738
-0.01358508
-0.01336457
-0.01318282
-0.01249441
-0.01170498
-0.01132244
-0.01134366
-0.01149425
-0.01156079
-0.01151005
-0.01142037
-0.01136858
-0.0112128
-0.01006672
-0.009617038
-0.01051691
-0.01187348
-0.01238906
-0.01193609
-0.0113181
-0.01107425
-0.01120507
-0.01143877
-0.01155752
-0.01152721
-0.01132784
-0.01036358
-0.009138161
-0.008516187
-0.00855518
-0.008824402
-0.008916122
-0.008434887
-0.007357998
-0.006323143
-0.005908097
-0.006022527
-0.006224158
-0.005965236
-0.00558215
-0.005293942
-0.004950233
-0.004764632
-0.005066034
-0.005343334
-0.00481501
-0.003861327
-0.003262067
-0.003210327
-0.003423582
-0.00358144
-0.003539186
-0.003051629
-0.002004345
-0.0009735272
-0.0005424054
-0.0006374358
-0.0008606561
-0.0009356751
-0.0008447187
-0.0006804806
-0.0002319515
0.000713034
0.001677126
0.002106492
0.002045821
0.001884543
0.002162623
0.002860097
0.003707786
0.004407664
0.004665924
0.004589151
0.00445517
0.0044653
0.004915648
0.005667443
0.006462797
0.007088281
0.007314216
0.007252886
0.007151208
0.007146948
0.007224384
0.007335563
0.007710882
0.008278529
0.008629844
0.0086651
0.00855367
0.008477938
0.008496056
0.008562456
0.008646959
0.009027336
0.009602207
0.009653077
0.009444487
0.009546323
0.009816842
0.01001025
0.01005054
0.01000122
0.009951584
0.009943167
0.009965606
0.009989867
0.009998456
0.009992568
0.009982651
0.01000915
0.01039031
0.0113168
0.01199213
0.01219809
0.01235822
0.01250379
0.01259895
0.01264657
0.01266729
0.01267699
0.01268221
0.01268431
0.01268401
0.01268254
0.0126812
0.01268071
0.01268083
0.01268108
0.0126811
0.01268085
0.01268056
0.01268032
0.01268014
0.01268002
0.01267988
0.01267974
0.01267956
0.01267938
0.01267927
0.01267914
0.01267894
0.01267876
0.01267854
0.01267836
0.01267816
0.01267798
0.01267784
0.01267765
0.01267744
0.01268923
0.01294688
0.01351581
0.01371875
0.01351668
0.01380599
0.01461151
0.01500447
0.01459618
0.0140118
0.01374982
0.01382693
0.01401987
0.01436995
0.01492082
0.01528985
0.01535906
0.01553385
0.016095
0.01684023
0.01736002
0.01743033
0.01757051
0.01778104
0.01793112
0.01798266
0.01797457
0.01795773
0.01792462
0.01758994
0.01698193
0.01623076
0.01554561
0.01524318
0.01527095
0.01538306
0.01541178
0.01534781
0.0152658
0.01519458
0.01485819
0.01430266
0.01394064
0.01385758
0.01364685
0.01345355
0.01329783
0.01297975
0.01271308
0.01262395
0.01265926
0.01271123
0.01272052
0.01264989
0.01217915
0.01152473
0.01113559
0.01079104
0.01034807
0.010047
0.009965017
0.009999789
0.009976241
0.009493862
0.008768078
0.007965181
0.00737759
0.007211068
0.00730363
0.007351388
0.006907328
0.006234556
0.005789009
0.005304936
0.004818909
0.004579483
0.004570218
0.004631434
0.004647732
0.004607023
0.004502605
0.004094195
0.003894004
0.003700827
0.003010375
0.002280821
0.002342697
0.002958877
0.003425419
0.003484602
0.003189429
0.002537446
0.001968008
0.001798179
0.001917017
0.002064318
0.00209348
0.002021731
0.00193789
0.001902972
0.001918682
0.002066473
0.002576358
0.003004769
0.002745171
0.002148424
0.001656301
0.001006101
0.0002076438
0.0001339022
0.001004774
0.001691828
0.001000877
-0.0003085
-0.001210505
-0.001749777
-0.001999592
-0.002027547
-0.002115098
-0.002631543
-0.003254433
-0.003751411
-0.004483021
-0.005446708
-0.006089764
-0.006228462
-0.006297529
-0.006967036
-0.00808597
-0.008876223
-0.009049159
-0.009241098
-0.01021055
-0.01125369
-0.01172479
-0.01166984
-0.01146201
-0.01137495
-0.01144322
-0.01157392
-0.01168203
-0.01170075
-0.01164742
-0.01161613
-0.01162664
-0.01165415
-0.01168542
-0.01194748
-0.01254114
-0.01300971
-0.01312631
-0.0130387
-0.01317004
-0.01371919
-0.01424006
-0.01445911
-0.01441887
-0.01429189
-0.01422509
-0.01427309
-0.01436054
-0.01441061
-0.01440721
-0.01439074
-0.01462738
-0.01520667
-0.01566594
-0.01578511
-0.0156876
-0.01554994
-0.01522407
-0.01504488
-0.01530958
-0.01566091
-0.01577993
-0.01538277
-0.01468662
-0.01422563
-0.0141518
-0.01430888
-0.01444322
-0.01445322
-0.01439522
-0.01431914
-0.01428767
-0.01432239
-0.01437312
-0.01439851
-0.01439432
-0.01437873
-0.01436894
-0.01437368
-0.01441341
-0.01446382
-0.01448915
-0.0144871
-0.01447559
-0.01446983
-0.01447271
-0.01453083
-0.01496947
-0.0155066
-0.01538875
-0.01482679
-0.01443148
-0.01439273
-0.01454813
-0.0146782
-0.01469109
-0.01462577
-0.01456541
-0.01457914
-0.01464176
-0.01457561
-0.01409548
-0.01353556
-0.01315184
-0.01266768
-0.01224317
-0.01207727
-0.01198601
-0.01155154
-0.01100807
-0.01072746
-0.01063494
-0.0102509
-0.009740701
-0.009466386
-0.009485648
-0.009611431
-0.009677816
-0.009652616
-0.00959163
-0.00955345
-0.009553137
-0.009394309
-0.008879098
-0.0084238
-0.008281255
-0.008348928
-0.008195795
-0.00763549
-0.007135492
-0.006967157
-0.007044037
-0.007158955
-0.007190681
-0.007162847
-0.007111786
-0.00674596
-0.006168718
-0.006114291
-0.00631705
-0.005918837
-0.005098239
-0.00452963
-0.004428004
-0.004582265
-0.004717852
-0.004681172
-0.004190184
-0.00351784
-0.003055973
-0.00220129
-0.001233259
-0.001077271
-0.001213729
-0.001110454
-0.0008726625
-0.000638021
-0.0001471073
0.0004117719
0.0006824011
0.0006614642
0.0005482212
0.0006145788
0.001144991
0.001759562
0.00215942
0.002608286
0.003010432
0.003188537
0.00336629
0.00388649
0.004611097
0.00541277
0.005895392
0.00596443
0.005846459
0.006142806
0.007304435
0.008409715
0.008835419
0.008709533
0.008463449
0.008393746
0.00875874
0.009753393
0.01087857
0.01140747
0.0108496
0.009447378
0.008943413
0.009997006
0.01176366
0.01342963
0.01378424
0.01270247
0.01135395
0.01078336
0.01099268
0.01142888
0.01195541
0.01246332
0.01263643
0.01220393
0.01141925
0.01062554
0.01052635
0.01144561
0.01245767
0.01242704
0.01164193
0.01102653
0.01091346
0.01111024
0.01131137
0.01135868
0.0112811
0.01119521
0.01130855
0.01185895
0.01246086
0.01290403
0.01340294
0.01377008
0.01388791
0.01385545
0.01381505
0.01382892
0.01387716
0.01390427
0.01365503
0.0130601
0.01259447
0.01247814
0.01258149
0.01269301
0.01273088
0.0127142
0.01268037
0.01262823
0.01226195
0.01164997
0.01125226
0.01114681
0.0108295
0.01032821
0.01000055
0.009884386
0.009519994
0.008989346
0.008666723
0.00862521
0.008713152
0.008773579
0.008641974
0.008095295
0.007508178
0.007258183
0.007315648
0.0074517
0.007324308
0.00672855
0.00614966
0.005934842
0.006015785
0.006156399
0.006203415
0.006152942
0.006078878
0.006041369
0.006048953
0.006072975
0.006064583
0.00602064
0.005982169
0.005969711
0.005975972
0.005984867
0.005987068
0.00598316
0.005978169
0.005975766
0.005976216
0.005977629
0.006042133
0.006511648
0.007121478
0.007532541
0.007981013
0.008378483
0.008553385
0.008551523
0.008507962
0.008507132
0.008726678
0.009317499
0.009835588
0.009819157
0.009176525
0.008548733
0.008348379
0.008482796
0.008666723
0.008711347
0.008388095
0.007714936
0.007208118
0.006832032
0.006340091
0.005982
0.005806719
0.005155535
0.004295339
0.003727334
0.00333713
0.002859243
0.002245772
0.001510139
0.0008039646
0.0004237875
6.933098e-05
-0.0004467055
-0.001161337
-0.001893072
-0.002266721
-0.002278306
-0.002214042
-0.002595134
-0.003224971
-0.003585238
-0.00358176
-0.003485565
-0.003858071
-0.004508719
-0.004918729
-0.004966048
-0.004836845
-0.004739444
-0.00474744
-0.004815996
-0.004873831
-0.005002736
-0.005475094
-0.005997775
-0.006232521
-0.006196842
-0.006086757
-0.006168503
-0.006614553
-0.006853224
-0.006939
-0.006683027
-0.006389066
-0.006657658
-0.007218437
-0.007570834
-0.007594373
-0.007458641
-0.007357448
-0.007359979
-0.007425306
-0.007673811
-0.008085953
-0.008212995
-0.008427253
-0.008693739
-0.009025181
-0.009594245
-0.009886861
-0.009674919
-0.00965953
-0.009901669
-0.0101398
-0.01023088
-0.01020082
-0.01014219
-0.01010588
-0.009850232
-0.009043715
-0.008519972
-0.009132787
-0.01003909
-0.01045878
-0.01011033
-0.009277572
-0.008946755
-0.009461584
-0.01013127
-0.01042526
-0.01030597
-0.009721904
-0.008659698
-0.007680384
-0.007305561
-0.007456256
-0.008040267
-0.008689244
-0.008592954
-0.007510535
-0.005986272
-0.004889346
-0.004637104
-0.004925213
-0.005486915
-0.005684328
-0.004830452
-0.003321876
-0.002164218
-0.001912764
-0.002588006
-0.003824327
-0.004843166
-0.005063421
-0.004119545
-0.002644196
-0.001845027
-0.002259449
-0.003608481
-0.004892004
-0.005617088
-0.005569208
-0.004608263
-0.003200383
-0.002243332
-0.002738964
-0.004273929
-0.005933342
-0.006514245
-0.005704057
-0.004710159
-0.004354887
-0.00465311
-0.005712351
-0.007045365
-0.007673147
-0.006930663
-0.005440562
-0.004508296
-0.004478557
-0.00491207
-0.005578619
-0.006431549
-0.006518
-0.005623046
-0.004762897
-0.004514821
-0.004764008
-0.005417117
-0.006434055
-0.007245748
-0.006857577
-0.005564007
-0.004649608
-0.004895895
-0.006161667
-0.007357803
-0.007127918
-0.005743711
-0.004628301
-0.004365485
-0.004370591
-0.004466367
-0.004759662
-0.004902193
-0.004190177
-0.00287809
-0.00201574
-0.001914395
-0.002200427
-0.002453938
-0.002788643
-0.003223349
-0.00347628
-0.003532538
-0.003801412
-0.00402607
-0.003840039
-0.003540939
-0.003396697
-0.003425819
-0.00348523
-0.003224651
-0.002631575
-0.002180402
-0.002073905
-0.002178587
-0.002273634
-0.002026649
-0.001373135
-0.0005862141
0.0001688461
0.0005361653
0.0005383389
0.0006673941
0.001188741
0.001452489
0.001316962
0.001133444
0.0010158
0.001328022
0.001733381
0.001921304
0.001884577
0.001764505
0.00145195
0.0008907239
0.0004734609
0.0003719854
0.0004822174
0.0005751308
0.0005581073
0.0004836608
0.0004017129
0.0003639319
0.0003745068
0.0004204364
0.0004798436
0.0005103488
0.0004874872
0.0004274336
0.0004033824
0.000441285
0.0004716084
0.0004486896
0.0004072295
0.0003841437
0.0004035663
0.0004582952
0.0004987745
0.0004876039
0.0004501445
0.0004482644
0.0004726563
0.0004945236
0.0005006355
0.0004950809
0.0004878536
0.000485064
0.0004736709
0.0002115608
-0.000135372
6.205159e-06
0.0003705744
0.0005955092
0.0005979165
0.0004953462
0.0004209206
0.0004210358
0.0004645951
0.0005024418
0.0005110787
0.0004977753
0.0004815727
0.0004747407
0.0004773619
0.0005148712
0.000866527
0.001474883
0.001872455
0.001909292
0.001794122
0.001716342
0.001740146
0.001832677
0.001906805
0.001922585
0.001898175
0.001868122
0.001832116
0.001796783
0.001805131
0.001851488
0.001853551
0.00148693
0.0008444024
0.0004530162
0.0007431982
0.001513721
0.002353157
0.00262959
0.001871952
0.0007569375
0.0001705244
0.0002606851
0.0008771529
0.001288966
0.001007161
0.0001523093
-0.001051263
-0.001996464
-0.001951466
-0.0008612822
0.0003128298
0.0003998183
-0.0007520982
-0.002122742
-0.003067163
-0.003467749
-0.003108061
-0.002377123
-0.001959872
-0.002040015
-0.002598069
-0.003022292
-0.003145506
-0.003259892
-0.003012937
-0.002112345
-0.0007899554
0.0002335967
0.0001987682
-0.0005894722
-0.00120792
-0.001247518
-0.0006182696
0.0002436471
0.0006941089
0.0006481907
0.0004141025
0.0002796912
0.0003472871
0.0008070117
0.0015046
0.002240537
0.002840581
0.003075498
0.003057022
0.003008742
0.00303132
0.003105667
0.003203267
0.003539621
0.003795918
0.003949765
0.004565323
0.005413303
0.005911412
0.005956039
0.005805535
0.005732304
0.005816275
0.006266155
0.006936993
0.00734252
0.007370704
0.007260855
0.007501484
0.0077765
0.007636217
0.007376144
0.007580654
0.008215288
0.008703947
0.008809938
0.008680962
0.008552073
0.008535177
0.008601038
0.00866978
0.008693411
0.008676298
0.008648769
0.008634319
0.008636632
0.008614232
0.008274628
0.007689953
0.007304726
0.007215046
0.006954454
0.0064114
0.005990902
0.005869527
0.005937268
0.006018012
0.006025541
0.005977079
0.005927753
0.005910773
0.005922611
0.005941669
0.005948779
0.005919783
0.005867398
0.005832805
0.005828089
0.005838746
0.005847138
0.005846543
0.005840467
0.005835077
0.005833466
0.005834743
0.005836458
0.005836955
0.005836209
0.00583507
0.005831784
0.005804814
0.005759729
0.005730224
0.005725906
0.005734164
0.005740334
0.005739144
0.00573376
0.005729288
0.00572808
0.005729209
0.005730596
0.005730882
0.005730144
0.005729125
0.005728392
0.005728057
0.005727918
0.005727731
0.005727397
0.005726939
0.005726495
0.005726116
0.005725764
0.005725424
0.00572507
0.00572471
0.005724358
0.005723965
0.005723588
0.005723245
0.005722881
0.005722509
0.005722137
0.005721779
0.005721434
0.005721059
0.005720695
0.005720354
0.005720019
0.005706745
0.005429669
0.004823331
0.004371155
0.004009762
0.003500264
0.003119814
0.002990417
0.002774037
0.002254875
0.002055108
0.002479196
0.002987826
0.003189751
0.003109809
0.002974709
0.00317758
0.003576748
0.003782122
0.004093958
0.004595437
0.005044518
0.005093056
0.005240352
0.005498641
0.005681357
0.005552164
0.004976451
0.004440757
0.004070602
0.003573399
0.0031634
0.003009428
0.003029945
0.002719121
0.001810619
0.001334212
0.001263267
0.000999403
0.0006381253
0.0002220753
-0.0005922639
-0.001461531
-0.001378058
-0.0005795735
-0.000468455
-0.001329436
-0.002249242
-0.00260509
-0.002467367
-0.002033956
-0.001381428
-0.001125338
-0.001622137
-0.002270488
-0.002553764
-0.002644466
-0.002993778
-0.003222306
-0.003259736
-0.003913448
-0.004847566
-0.005866437
-0.006883763
-0.007501215
-0.007384065
-0.006282938
-0.005357686
-0.005935993
-0.00722389
-0.008004179
-0.008128813
-0.008180348
-0.008009329
-0.007817138
-0.008172868
-0.008787671
-0.009153668
-0.009291178
-0.009672514
-0.01015637
-0.01042665
-0.01045261
-0.01038069
-0.01033173
-0.01031714
-0.0103243
-0.01033738
-0.01034173
-0.01033506
-0.01032477
-0.01031854
-0.01031845
-0.01032178
-0.01032487
-0.01032588
-0.01031645
-0.01027785
-0.01023657
-0.01034313
-0.01075177
-0.01081956
-0.01049784
-0.0101794
-0.01005096
-0.01008396
-0.01016191
-0.01019635
-0.01017508
-0.01013434
-0.01010964
-0.01010134
-0.01007741
-0.01004701
-0.01002197
-0.009983529
-0.00994643
-0.009930747
-0.01004867
-0.01054725
-0.0110956
-0.01133673
-0.01129214
-0.01116931
-0.0109971
-0.01063417
-0.01051989
-0.01035364
-0.01006781
-0.009866974
-0.009815574
-0.009847217
-0.009878289
-0.009874799
-0.009849669
-0.009828514
-0.009823313
-0.009733242
-0.009329368
-0.009208876
-0.009427236
-0.009298559
-0.008854361
-0.008565796
-0.008870454
-0.009107517
-0.008918879
-0.008611819
-0.008448797
-0.008409282
-0.008057336
-0.007521384
-0.007201926
-0.007172639
-0.007271853
-0.007336991
-0.007319629
-0.007261595
-0.007223137
-0.007251428
-0.007315464
-0.007358645
-0.007364553
-0.00735029
-0.007337932
-0.007336901
-0.00734354
-0.007405824
-0.007927696
-0.008942676
-0.009484843
-0.009638391
-0.009772086
-0.009892356
-0.009975914
-0.0100235
-0.01004617
-0.01005445
-0.0100558
-0.01005887
-0.01008747
-0.01010332
-0.01011228
-0.01010024
-0.01007032
-0.01004639
-0.01001542
-0.01001144
-0.01003464
-0.01002598
-0.009986651
-0.009955205
-0.009947627
-0.009955568
-0.00996445
-0.009910837
-0.009491413
-0.009236356
-0.009050902
-0.008751807
-0.008220785
-0.00755943
-0.007158224
-0.007102457
-0.007205945
-0.007276022
-0.007252573
-0.007180264
-0.007070924
-0.006673467
-0.00607903
-0.005657416
-0.005230529
-0.004730891
-0.004422233
-0.00435713
-0.004382161
-0.004371438
-0.004319413
-0.004267192
-0.0042437
-0.004248368
-0.004263477
-0.004273294
-0.004273525
-0.004268684
-0.004230399
-0.003857202
-0.003197387
-0.002442407
-0.001802656
-0.001542976
-0.001615275
-0.00206363
-0.002632624
-0.002534313
-0.001205424
0.0005368871
0.001454545
0.001343558
0.0002194237
-0.001151261
-0.00113974
0.0002183768
0.001731718
0.00228513
0.001738161
0.001002115
0.0007160089
0.0008780217
0.001226249
0.002083809
0.003235428
0.00384454
0.003528438
0.002477714
0.00194665
0.002661922
0.003645143
0.004109831
0.004262187
0.00431416
0.004013383
0.003732226
0.004194614
0.005520062
0.007095527
0.008535374
0.009181005
0.008884005
0.008313736
0.008372214
0.008843385
0.009231724
0.009324357
0.009211637
0.009079245
0.009034795
0.009071347
0.009127016
0.00915445
0.009147504
0.009126587
0.00911335
0.009131278
0.009175611
0.00943699
0.009792004
0.00993386
0.01018068
0.01041799
0.01052446
0.01074933
0.01134083
0.01185398
0.01202305
0.01194588
0.01183594
0.01181325
0.0118811
0.01198663
0.01205123
0.01205242
0.01202366
0.01218177
0.01274446
0.01330446
0.01370934
0.01421355
0.01463552
0.01480613
0.01479129
0.01474065
0.01473951
0.01478441
0.01502369
0.01563224
0.0161648
0.01633399
0.01624371
0.01630124
0.0166769
0.01687319
0.0171276
0.01739515
0.01740813
0.01691268
0.01632248
0.01607146
0.01616169
0.01632546
0.01640441
0.01638103
0.01631479
0.01627119
0.01627071
0.01617045
0.01566225
0.0150794
0.01480957
0.01484436
0.0149699
0.01502249
0.01486441
0.01418437
0.01310467
0.01231745
0.01213889
0.01231833
0.01236443
0.01183302
0.01101125
0.01014777
0.0096136
0.009530185
0.009666347
0.009762766
0.00973174
0.009633993
0.009559975
0.00954739
0.00957599
0.009602909
0.009584207
0.009564677
0.009573348
0.009591374
0.009597584
0.009567844
0.009551221
0.009569116
0.009589751
0.009623107
0.009990702
0.01015446
0.009871356
0.009546046
0.009415408
0.009479464
0.00960039
0.009628966
0.00956434
0.009489834
0.009458801
0.009469663
0.009493223
0.009505869
0.009503168
0.009493561
0.009486727
0.009485948
0.00948872
0.009491335
0.009460003
0.009112817
0.008494696
0.007766067
0.007129153
0.006861105
0.00686098
0.006558959
0.005600766
0.004516319
0.003980836
0.00397341
0.003793071
0.002948387
0.00190991
0.001327213
0.001270438
0.001378268
0.000797426
-0.0004067198
-0.001276397
-0.001458508
-0.00124274
-0.001038005
-0.001059915
-0.001553282
-0.002331445
-0.003124295
-0.00373301
-0.003946204
-0.00391526
-0.004197515
-0.005132907
-0.006203265
-0.006735868
-0.006712861
-0.006515081
-0.00644121
-0.006831902
-0.007849412
-0.008898067
-0.008874387
-0.007642641
-0.006514498
-0.006687803
-0.008139486
-0.009405217
-0.009709894
-0.008865501
-0.007345571
-0.006865989
-0.007957603
-0.009257464
-0.01002968
-0.01016188
-0.009620716
-0.009074489
-0.008932395
-0.009107091
-0.009317811
-0.009388905
-0.009303721
-0.008693201
-0.007463399
-0.006530609
-0.006311656
-0.006553208
-0.007304995
-0.008524996
-0.009301919
-0.008883746
-0.007451688
-0.006329537
-0.006142915
-0.006802616
-0.008010867
-0.009094382
-0.009254958
-0.008276413
-0.006969385
-0.006279734
-0.006318337
-0.00701284
-0.008340395
-0.009330057
-0.009518963
-0.009058666
-0.008436761
-0.008478389
-0.008971286
-0.009373468
-0.009457412
-0.009326203
-0.009005522
-0.008595595
-0.008687248
-0.009079743
-0.009359733
-0.009582696
-0.009870334
-0.009723891
-0.009173863
-0.008400046
-0.008017744
-0.008446183
-0.009144044
-0.009498169
-0.009436437
-0.009223096
-0.009101161
-0.009128008
-0.009225098
-0.009535705
-0.0104489
-0.01093501
-0.01033337
-0.009175995
-0.007961291
-0.007929889
-0.008803368
-0.009524061
-0.009770112
-0.009908934
-0.00970212
-0.009199155
-0.008616584
-0.008598638
-0.009030027
-0.009505586
-0.0101658
-0.01097414
-0.01078515
-0.009730258
-0.008596638
-0.008335573
-0.008877685
-0.009436175
-0.009585785
-0.009302683
-0.008181287
-0.006877455
-0.006335028
-0.006958282
-0.008338454
-0.009294255
-0.008608229
-0.007023886
-0.005580979
-0.004614679
-0.005026636
-0.006271791
-0.007079076
-0.00697958
-0.005689246
-0.004178222
-0.00351949
-0.003698307
-0.004135961
-0.004363626
-0.004220376
-0.003299512
-0.001886811
-0.0003738175
0.0008109781
0.0005865338
-0.0007141194
-0.00169996
-0.001761372
-0.0006898783
0.0008131292
0.001616293
0.001490952
0.0004022088
-0.0009970221
-0.001699744
-0.001566421
-0.0005246793
0.0008480393
0.001552963
0.001410504
0.0003364508
-0.0009971104
-0.0009910914
0.0003039475
0.00147154
0.002035451
0.002002903
0.001451115
0.0005061455
-0.0002245751
0.0002572194
0.001671587
0.003351043
0.004219538
0.004166804
0.003781142
0.003582985
0.003682202
0.003900745
0.004055596
0.004338536
0.004892555
0.005324148
0.005683864
0.006177327
0.006541061
0.006652425
0.006612602
0.006564737
0.006572237
0.00661674
0.006654879
0.00666431
0.006651749
0.006635798
0.006628816
0.006631324
0.006637047
0.006640462
0.006640152
0.006638044
0.006650031
0.006678048
0.006688893
0.006706328
0.006725956
0.006736019
0.006736397
0.006733446
0.006732157
0.006733337
0.006735374
0.006750316
0.006790612
0.006633266
0.006051591
0.005323016
0.004757039
0.004688687
0.004567989
0.004351689
0.004190392
0.004504035
0.005651248
0.006712908
0.00670017
0.005388114
0.004091392
0.003669487
0.003941164
0.004435359
0.004921487
0.00480535
0.004270797
0.003634446
0.002800171
0.002838405
0.003605356
0.00422233
0.004327403
0.003863101
0.002843805
0.002676905
0.003377865
0.00404937
0.004240793
0.004067788
0.003844539
0.003526301
0.002569148
0.00177508
0.00234117
0.003549676
0.004260887
0.004213547
0.003834977
0.00358685
0.003607085
0.003768124
0.003896033
0.003917496
0.003864637
0.003567424
0.002525571
0.001404105
0.0009190359
0.001015618
0.00137926
0.001847666
0.001811133
0.001367267
0.001006528
0.0009376357
0.00106037
0.001302927
0.001834699
0.00224711
0.001944888
0.001309699
0.0009335264
0.0009416892
0.001130264
0.001281351
0.001276842
0.001173378
0.001094526
0.001112947
0.001184531
0.001237583
0.001237894
0.001182409
0.001129999
0.0009024294
-6.72296e-05
-0.0009327245
-0.0004506334
0.0007129127
0.001438596
0.001455614
0.001133998
0.0006601855
-0.000357514
-0.001348115
-0.001498461
-0.0004003664
0.0008998313
0.001434768
0.0009964312
-0.0004269161
-0.001730216
-0.002148491
-0.001657967
-0.0003023915
0.0006510675
-1.571782e-05
-0.001409993
-0.002269787
-0.00229499
-0.001915482
-0.001633632
-0.001641007
-0.001836346
-0.001990003
-0.002244672
-0.002964374
-0.003047395
-0.002441428
-0.001886956
-0.001745498
-0.002139191
-0.003339192
-0.004523341
-0.004966769
-0.004798227
-0.00451028
-0.004422706
-0.004540434
-0.004942849
-0.006041961
-0.006915591
-0.006341247
-0.005073809
-0.00427767
-0.004239631
-0.004583652
-0.005102552
-0.00600931
-0.00635025
-0.00562437
-0.00466834
-0.004246164
-0.004372157
-0.004661773
-0.005042385
-0.005765946
-0.005744853
-0.005040647
-0.004477353
-0.004361372
-0.004527323
-0.004824129
-0.005265547
-0.005250764
-0.004838768
-0.00449654
-0.004426721
-0.004536906
-0.004661
-0.004726726
-0.004725235
-0.004690212
-0.004664458
-0.004664972
-0.004681788
-0.004697159
-0.004701749
-0.004697625
-0.004691783
-0.004689099
-0.004690014
-0.004692283
-0.00469377
-0.004693872
-0.004693201
-0.00469265
-0.004692604
-0.004692913
-0.00469325
-0.004693417
-0.004693504
-0.004641739
-0.004207317
-0.003618976
-0.003249138
-0.002790749
-0.002311709
-0.002052299
-0.002008891
-0.002051893
-0.002071438
-0.002042425
-0.001997083
-0.001970538
-0.001971488
-0.001986534
-0.001998902
-0.002001407
-0.001996949
-0.001991905
-0.001990091
-0.001991295
-0.001993335
-0.001994474
-0.001990341
-0.002007975
-0.002452404
-0.003480559
-0.004395814
-0.004697548
-0.004576341
-0.004381457
-0.00431903
-0.004341512
-0.003984183
-0.003459935
-0.003570828
-0.004031265
-0.003563222
-0.002429045
-0.001647869
-0.001530858
-0.001768228
-0.00193578
-0.001761045
-0.0007025708
0.0006099904
0.00125966
0.001256023
0.001370932
0.001526656
0.002252331
0.003315394
0.003940046
0.003982098
0.003766278
0.003622726
0.003655988
0.003802917
0.003903656
0.00400335
0.004844264
0.006018839
0.006663004
0.006669035
0.006425329
0.006287556
0.006342007
0.006531859
0.007008155
0.00716865
0.006849258
0.006487719
0.006355562
0.006425379
0.006536139
0.006551458
0.006480054
0.006405257
0.006376193
0.006388056
0.006407115
0.006385352
0.006336879
0.006303511
0.006297801
0.006307238
0.006315623
0.006316131
0.006307415
0.006269467
0.006222846
0.006199948
0.006202164
0.00621269
0.006217734
0.006214822
0.006209029
0.006205439
0.006205427
0.006207351
0.006208964
0.00620928
0.006208665
0.006207914
0.006241973
0.006580498
0.006872356
0.007026435
0.00733287
0.007911645
0.008581643
0.008945243
0.008964002
0.008849124
0.00878772
0.008823034
0.008897258
0.008947481
0.00897551
0.008995982
0.009003712
0.009002452
0.009000869
0.009003093
0.009007549
0.009010915
0.009009242
0.008983987
0.008964341
0.008979418
0.009002557
0.008991625
0.008968991
0.008952953
0.008955516
0.008982197
0.00898458
0.008973921
0.008981064
0.008972243
0.008937971
0.008909454
0.008901829
0.008908037
0.008912576
0.008887078
0.008774709
0.008046534
0.006846908
0.006070696
0.005967197
0.006176154
0.006325801
0.006292605
0.006160604
0.006057047
0.006037172
0.006074369
0.006098413
0.006088618
0.006069537
0.006034353
0.006007044
0.006000238
0.006005673
0.005992739
0.00594911
0.005911085
0.005898895
0.005905206
0.00591399
0.005916116
0.005912255
0.005907495
0.005905501
0.005881345
0.005348077
0.004161081
0.003254563
0.003035989
0.003244181
0.003451011
0.003467145
0.003341316
0.003238929
0.003223303
0.003266251
0.003313169
0.003307864
0.002783414
0.001586173
0.00065408
0.0004466004
0.0006797076
0.0008938158
0.0006208568
-0.0003942043
-0.001587625
-0.002194776
-0.002159773
-0.001876464
-0.001694817
-0.001724509
-0.001861488
-0.001975878
-0.002257127
-0.003048673
-0.004031399
-0.004574664
-0.00459592
-0.004410715
-0.004307602
-0.004338527
-0.004408839
-0.004450421
-0.004445097
-0.00439549
-0.004324589
-0.004281752
-0.004279352
-0.004296235
-0.004307617
-0.004288072
-0.004254159
-0.004237619
-0.004217495
-0.004201385
-0.004195937
-0.004197431
-0.00419853
-0.004178205
-0.004131273
-0.004094818
-0.004086804
-0.004113993
-0.004134604
-0.003847608
-0.003203627
-0.002976643
-0.003482872
-0.004070421
-0.004016733
-0.003058153
-0.00232972
-0.002866626
-0.003831797
-0.004335229
-0.004269269
-0.00400442
-0.003857527
-0.003871785
-0.003965618
-0.004039813
-0.004076654
-0.004580149
-0.00573333
-0.006608615
-0.006809274
-0.006623554
-0.006448548
-0.006453579
-0.007061073
-0.007834397
-0.007595995
-0.006865049
-0.006410955
-0.006886571
-0.008003938
-0.008736794
-0.009097335
-0.009151987
-0.009076741
-0.009041398
-0.009067131
-0.008628138
-0.007721425
-0.007140047
-0.007272939
-0.008288444
-0.008939601
-0.008329713
-0.007049509
-0.006215409
-0.006147392
-0.006468145
-0.006699584
-0.006677947
-0.006538267
-0.00641051
-0.006346822
-0.006354631
-0.006418496
-0.006979944
-0.008185515
-0.009101406
-0.009314142
-0.009101663
-0.008891814
-0.008880927
-0.009010184
-0.009135265
-0.009174319
-0.009140357
-0.009090335
-0.009066021
-0.009072153
-0.009090314
-0.00910233
-0.00910267
-0.009096567
-0.009105017
-0.009146001
-0.009186533
-0.009202011
-0.009196955
-0.009187645
-0.009181221
-0.00880817
-0.007670178
-0.006625977
-0.006265457
-0.006596079
-0.006843383
-0.00693908
-0.00686456
-0.006738107
-0.006667939
-0.00667591
-0.006719131
-0.00674892
-0.006747431
-0.006726119
-0.006702812
-0.006511645
-0.006138496
-0.006002569
-0.005776681
-0.00531907
-0.004584036
-0.004215691
-0.004452589
-0.00449257
-0.004236687
-0.003963723
-0.003842514
-0.003858223
-0.003913938
-0.003937048
-0.003916134
-0.003878181
-0.003850511
-0.003840932
-0.003841031
-0.003839417
-0.003831082
-0.003817833
-0.003803873
-0.003791856
-0.003781739
-0.003772078
-0.003761643
-0.003750186
-0.003738177
-0.003726139
-0.003714224
-0.003702326
-0.003690263
-0.003677932
-0.003665341
-0.003652531
-0.003639601
-0.003626565
-0.003613353
-0.003599959
-0.003586373
-0.003572637
-0.003558727
-0.003544635
-0.003530389
-0.003515996
-0.003501428
-0.003486682
-0.003471773
-0.003456717
-0.003441502
-0.003426058
-0.003410496
-0.003394869
-0.003328283
-0.002831471
-0.001780269
-0.0008374047
-0.0004989169
-0.0006163041
-0.0008048618
-0.0008372105
-0.0007259955
-0.0005942168
-0.000530341
-0.0005379927
-0.0005704865
-0.0005351846
-4.514889e-05
0.001009155
0.00195286
0.002286427
0.00216042
0.001963158
0.001924119
0.002030455
0.002157835
0.00221675
0.00220339
0.002164794
0.002143516
0.00218122
0.002536375
0.003148472
0.003855229
0.004465015
0.004717983
0.004682851
0.004584737
0.004566608
0.004628582
0.00470104
0.004731913
0.004718973
0.004690278
0.004704257
0.005087832
0.006022777
0.006971866
0.007380799
0.00730138
0.007029421
0.006265551
0.005246933
0.005289494
0.006392712
0.007345317
0.007562147
0.007275995
0.006986069
0.007406153
0.008646
0.009650291
0.009891746
0.009375863
0.008282317
0.007472804
0.007849593
0.008970512
0.00975216
0.009819377
0.009490557
0.009207536
0.009158393
0.009266448
0.009372201
0.009387086
0.009324648
0.009245027
0.009192096
0.009170757
0.009161534
0.009145356
0.009116582
0.009080613
0.009045068
0.009001657
0.008731211
0.00838588
0.008487049
0.008789323
0.008962207
0.008908859
0.008297089
0.007116621
0.006491464
0.007076814
0.008241504
0.008943902
0.008926401
0.008559888
0.008038564
0.007225552
0.006411716
0.006479736
0.00755435
0.008485592
0.008439826
0.007358736
0.006087278
0.00548766
0.005580284
0.005886675
0.006018022
0.005910647
0.005713485
0.005578231
0.005547532
0.005573155
0.00559042
0.005570226
0.00552263
0.005471784
0.005432705
0.005405135
0.005380824
0.005352969
0.005320223
0.005285119
0.005250443
0.005217295
0.005185075
0.005152618
0.005119365
0.00508541
0.005051172
0.005016936
0.00497249
0.004708256
0.003946776
0.00302819
0.002954031
0.003931971
0.004854459
0.004882112
0.003905706
0.002687965
0.002081282
0.002145431
0.0024378
0.002577851
0.002489688
0.002307842
0.002178759
0.002148543
0.002174827
0.002196026
0.00218257
0.00214247
0.002098319
0.002064951
0.002042722
0.00202415
0.002002631
0.001976564
0.001948226
0.001920328
0.001893998
0.001868674
0.00184331
0.001817342
0.001790838
0.001764137
0.001737521
0.001711039
0.001684579
0.001658024
0.001631297
0.001604489
0.001577638
0.001550742
0.0015238
0.001496796
0.001469752
0.001442641
0.001415451
0.00138823
0.001360985
0.001333683
0.001297095
0.001062293
0.0003923982
-0.0004184358
-0.0008619538
-0.0008825662
-0.0007413459
-0.000671809
-0.0007275185
-0.0008348088
-0.0009101582
-0.000927365
-0.0009372683
-0.001227191
-0.001961466
-0.002719509
-0.003057851
-0.003009966
-0.00285511
-0.002796311
-0.002854657
-0.002946085
-0.00304413
-0.003563155
-0.00441326
-0.004955711
-0.005015812
-0.004839313
-0.00470522
-0.004709834
-0.004813751
-0.005100192
-0.005268055
-0.005122668
-0.005349396
-0.006062459
-0.00662434
-0.00675037
-0.006597721
-0.006431131
-0.006381502
-0.006421707
-0.00646581
-0.006460989
-0.006411304
-0.006349504
-0.006323437
-0.006531581
-0.006930947
-0.007398816
-0.007792132
-0.007925287
-0.007850852
-0.007732172
-0.007671674
-0.007668601
-0.007672651
-0.007646715
-0.007589475
-0.007521129
-0.007459926
-0.007410587
-0.007367376
-0.007322889
-0.007273925
-0.007221773
-0.007169186
-0.007117864
-0.007067681
-0.007017666
-0.006967081
-0.006937892
-0.007145996
-0.007717074
-0.008251291
-0.008007305
-0.007128001
-0.006439149
-0.006272649
-0.006421721
-0.00655952
-0.006533423
-0.006388256
-0.0062382
-0.006151192
-0.00612118
-0.006105745
-0.006072062
-0.006015061
-0.005948056
-0.005884965
-0.005830468
-0.005781022
-0.005731201
-0.0056783
-0.005622945
-0.005567088
-0.005512091
-0.005458002
-0.005404218
-0.00535006
-0.005295445
-0.005240583
-0.005185675
-0.005130826
-0.005076069
-0.004984473
-0.00453162
-0.003810195
-0.003330046
-0.003231386
-0.00332126
-0.003378585
-0.003325666
-0.00321083
-0.003110233
-0.003057914
-0.003039786
-0.003024873
-0.002994368
-0.002948944
-0.002899257
-0.002835141
-0.002593054
-0.002217159
-0.001963531
-0.001884898
-0.00173256
-0.001438792
-0.001202435
-0.001113128
-0.001119045
-0.001134118
-0.001115015
-0.001068682
-0.001037753
-0.001184598
-0.001483639
-0.001851154
-0.002171263
-0.002284218
-0.002225587
-0.002126831
-0.002073722
-0.00206849
-0.002058729
-0.001771332
-0.001129197
-0.0006229247
-0.0004773365
-0.0005572505
-0.0006433426
-0.000630625
-0.0005447574
-0.0004577568
-0.0004064941
-0.0002802349
-0.0001163908
8.259577e-05
0.0005119624
0.0008725942
0.0009916796
0.000945965
0.000883242
0.0008811116
0.0009282017
0.0009781183
0.001001289
0.0009993917
0.0009903813
0.0009887011
0.0009970083
0.001009811
0.00102631
0.001140555
0.001294518
0.001468895
0.001838671
0.002140488
0.002225897
0.002167036
0.002095477
0.002078247
0.002103691
0.002130363
0.002132742
0.002113075
0.002087562
0.002068811
0.002058855
0.002052699
0.002045049
0.002043317
0.002227027
0.002651128
0.002966372
0.003020244
0.002916236
0.002811786
0.002778755
0.002796121
0.002812233
0.002797988
0.002758045
0.002712439
0.002675716
0.002653956
0.00273045
0.003002743
0.003323826
0.003467758
0.003420294
0.003304631
0.003224516
0.003200437
0.003197569
0.003179154
0.003134998
0.00307708
0.003021279
0.002974656
0.002934755
0.002895766
0.002854106
0.002809836
0.002764919
0.002720951
0.00267828
0.002636297
0.002594324
0.002552164
0.002509951
0.002467953
0.002426303
0.002384988
0.00234392
0.002303038
0.002262335
0.002221855
0.002181619
0.002141646
0.002101928
0.002062679
0.002028105
0.001999394
0.001968046
0.001926494
0.001876108
0.001825959
0.001732979
0.001630096
0.001626674
0.001664105
0.001670864
0.001637171
0.001585657
0.001534226
0.001498159
0.001471047
0.001394405
0.001295639
0.001233877
0.001105731
0.0009214959
0.0007938737
0.0007549257
0.0007608285
0.0007614553
0.0007389631
0.0007035412
0.0006715201
0.0006500905
0.0006361324
0.0006230377
0.0006068648
0.0005876478
0.0005650724
0.000542823
0.0005270887
0.0005099544
0.0004517618
0.0003130768
0.0001544306
0.0001064411
0.0002158782
0.0003717951
0.0004089219
0.0002756907
8.973424e-05
-9.896002e-06
-8.66615e-06
2.876023e-05
4.806324e-05
3.695228e-05
1.237547e-05
-6.037724e-06
-1.147472e-05
-8.965774e-06
-6.47244e-06
-8.090658e-06
-1.308373e-05
-1.869757e-05
-2.301582e-05
-2.701232e-05
-5.421765e-05
-0.0001321794
-0.0002228725
-0.0002451652
-0.0001695061
-6.295124e-05
-8.700421e-06
-1.605197e-05
-4.601857e-05
-6.383309e-05
-6.174142e-05
-5.098213e-05
-4.424767e-05
-4.566934e-05
-5.150001e-05
-7.347144e-05
-0.0001147348
-0.0001423722
-0.000145824
-0.0001376708
-0.0001474073
-0.0001830251
-0.0002116704
-0.0002175656
-0.0002067356
-0.0001941562
-0.0001881024
-0.000187586
-0.0001878552
-0.0001857571
-0.0001812767
-0.0001760841
-0.0001715798
-0.0001680555
-0.0001650193
-0.000161909
-0.0001585124
-0.0001549429
-0.0001514073
-0.000148018
-0.0001447228
-0.0001408072
-0.0001367205
-0.0001339685
-0.0001317927
-0.0001292568
-0.000126187
-0.0001229063
-0.0001197434
-0.0001167981
-0.0001139879
-0.0001111937
-0.0001083672
-0.0001055283
-0.0001027199
-9.996846e-05
-9.730058e-05
-9.521193e-05
-9.366257e-05
-9.175155e-05
-8.920583e-05
-8.634947e-05
-8.356748e-05
-8.099937e-05
-7.862006e-05
-7.673185e-05
-7.511907e-05
-7.31261e-05
-7.064977e-05
-6.79941e-05
-6.544497e-05
-6.311492e-05
-6.126746e-05
-5.967861e-05
-5.729144e-05
-4.948068e-05
-3.411171e-05
-1.94006e-05
-1.308711e-05
-1.381035e-05
-1.618712e-05
-1.670805e-05
-1.525558e-05
-1.361209e-05
-1.290276e-05
-1.288686e-05
-1.258802e-05
-8.412245e-06
9.513818e-07
9.865783e-06
1.307622e-05
1.158335e-05
8.983091e-06
7.520985e-06
7.485635e-06
8.077956e-06
8.233289e-06
7.595441e-06
6.694478e-06
6.177291e-06
6.121533e-06
6.164134e-06
6.072237e-06
5.857052e-06
5.636736e-06
5.499856e-06
5.461201e-06
5.487315e-06
5.556313e-06
5.748479e-06
6.033947e-06
6.279937e-06
6.471546e-06
6.742297e-06
7.116439e-06
7.485334e-06
7.810489e-06
8.124165e-06
8.470443e-06
8.869816e-06
9.362653e-06
9.942592e-06
1.050947e-05
1.10298e-05
1.154187e-05
1.212476e-05
1.282263e-05
1.396201e-05
1.520307e-05
1.641954e-05
1.794347e-05
1.903965e-05
2.005373e-05
2.088313e-05
2.146785e-05
2.193437e-05
2.242265e-05
2.298376e-05
2.35971e-05
2.422818e-05
2.486441e-05
2.551478e-05
2.619399e-05
2.692188e-05
2.768471e-05
2.844569e-05
2.921905e-05
3.003371e-05
3.089393e-05
3.177007e-05
3.26483e-05
3.353345e-05
3.443531e-05
3.535124e-05
3.628588e-05
3.724663e-05
3.812928e-05
3.883323e-05
3.953781e-05
4.053942e-05
4.188702e-05
4.330244e-05
4.445726e-05
4.530684e-05
4.609883e-05
4.70703e-05
4.822757e-05
4.944841e-05
5.063622e-05
5.177407e-05
5.289316e-05
5.402471e-05
5.517545e-05
5.631487e-05
5.745092e-05
5.862531e-05
5.980859e-05
6.095827e-05
6.205885e-05
6.315368e-05
6.42894e-05
6.546173e-05
6.664234e-05
6.78116e-05
6.896689e-05
7.011506e-05
7.125561e-05
7.238323e-05
7.351546e-05
7.467055e-05
7.583317e-05
7.697573e-05
7.809462e-05
7.920414e-05
8.031432e-05
8.142986e-05
8.254639e-05
8.365795e-05
8.476198e-05
8.585912e-05
8.695098e-05
8.803831e-05
8.912096e-05
9.019847e-05
9.127044e-05
9.233687e-05
9.339793e-05
9.445363e-05
9.550375e-05
9.65484e-05
9.758838e-05
9.862323e-05
9.96523e-05
0.0001006754
0.0001016931
0.0001027058
0.0001037134
0.0001047157
0.0001057124
0.0001067035
0.0001076891
0.0001086692
0.0001096437
0.0001106128
0.0001115764
0.0001125343
0.0001134868
0.0001144337
0.000115375
0.0001163108
0.0001172409
0.0001181655
0.0001190845
0.0001199979
0.0001209057
0.0001218078
0.0001227043
0.0001235952
0.0001244804
0.00012536
0.0001262339
0.0001271021
0.0001279647
