-0.0001424379
-0.0001421289
-0.0001417987
-0.0001414316
-0.0001410304
-0.0001405952
-0.0001401295
-0.000139631
-0.0001390973
-0.0001385127
-0.0001379033
-0.0001373085
-0.0001367833
-0.0001361882
-0.0001355433
-0.0001351011
-0.0001347724
-0.0001341728
-0.0001327875
-0.0001305573
-0.0001277937
-0.0001255054
-0.00012422
-0.000124668
-0.0001272802
-0.0001319994
-0.0001344642
-0.0001324909
-0.0001285927
-0.0001251583
-0.0001221021
-0.0001219409
-0.0001240066
-0.0001213626
-0.0001150395
-0.0001111972
-0.0001161833
-0.0001251636
-0.0001217254
-0.0001025584
-7.751105e-05
-6.810412e-05
-7.742028e-05
-0.0001023892
-0.0001323341
-0.0001604645
-0.0001835989
-0.0002018583
-0.0002114396
-0.0002000447
-0.0001629537
-8.702437e-05
-3.411635e-06
3.784888e-05
2.633977e-05
-8.412873e-06
-3.522255e-05
-5.908235e-05
-9.611483e-05
-0.000116978
-0.0001178569
-0.0001475641
-0.000201737
-0.0002415475
-0.0002224007
-0.0001565925
-9.724962e-05
-4.525438e-05
2.213224e-05
7.139045e-05
8.085512e-05
3.854427e-05
-3.081521e-06
6.604857e-06
9.4854e-05
0.0001652675
0.0001084949
-4.434555e-05
-0.0002208204
-0.0003369089
-0.0003840144
-0.0003893375
-0.0003935098
-0.0003624881
-0.0001901664
6.405778e-05
0.0002775204
0.0003082597
0.0001640147
-5.592852e-05
-0.0002234465
-0.000304299
-0.0003230175
-0.0002974915
-0.0002106544
-6.10274e-05
0.000114749
0.0001691461
7.760218e-05
-0.0001492121
-0.0003408125
-0.0003789655
-0.0002912761
-0.0001078801
0.000299724
0.0007280583
0.0009230508
0.0007729208
0.0003953461
-0.0002154956
-0.0008055607
-0.00111102
-0.0008902203
-0.0004287046
-0.0001012167
-4.226766e-05
-0.0001525119
-0.0002444946
-0.0002863179
-0.0003590694
-0.0003368212
-0.0001039386
0.0002014998
0.0004109104
0.0004829835
0.0005004367
0.000506186
0.0004784134
0.000346189
5.515571e-05
-0.0003218691
-0.0006780153
-0.00076243
-0.0005857406
-0.0002952387
-2.030577e-05
0.0002180833
0.0002907661
0.0003324593
0.0005595469
0.0008283469
0.0008871019
0.0004230045
-0.0003770985
-0.001167971
-0.001733563
-0.002064717
-0.001765836
-0.0009699538
-0.0001094286
0.0002682604
0.0002014043
-4.945369e-05
-0.00027876
-0.0004527145
-0.0005407881
-0.0005744693
-0.0005882494
-0.0005401344
-0.0003247992
0.0002822319
0.001182457
0.001899596
0.002078111
0.001596163
0.0006936435
-0.0003627142
-0.001575771
-0.002591285
-0.002873782
-0.002429489
-0.001538503
-0.0002913045
0.001112786
0.00246545
0.003206465
0.003243434
0.002465109
0.001156673
-0.0003464954
-0.001709626
-0.00279844
-0.003471896
-0.003507405
-0.002806235
-0.001281738
0.0007203541
0.002381643
0.003264728
0.003142884
0.001665239
-0.0006278162
-0.002378055
-0.002943518
-0.00257649
-0.00128544
0.0005494627
0.001829343
0.002249933
0.001930389
0.0009844641
-0.0002798356
-0.001298154
-0.001872565
-0.001943463
-0.001319629
-0.0001445851
0.001257355
0.002217186
0.002176679
0.001513446
0.0006218439
-0.0002808949
-0.0009197674
-0.001028143
-0.0007187017
-0.0002200531
-0.0002460404
-0.0007453325
-0.001284898
-0.001403669
-0.001045685
-0.0004479632
0.0001720258
0.0006807676
0.001032237
0.001183403
0.001233769
0.001216661
0.0008206882
-0.000130413
-0.001597997
-0.00309702
-0.004165144
-0.003665966
-0.002148593
-0.0008064486
7.026128e-05
0.0007065431
0.000314321
-0.0006182901
-0.0008596941
-0.0004332289
1.018961e-05
0.0002782994
0.0004267297
0.0003923967
0.0003887542
0.0006041057
0.001041061
0.001393577
0.001173213
0.000357629
-0.0009024973
-0.001990527
-0.002592309
-0.002735419
-0.002247944
-0.0007261196
0.0009645443
0.002175688
0.002816232
0.003006256
0.002691585
0.002121595
0.001419205
0.0005877577
0.0001201904
0.001071909
0.00265382
0.003679406
0.003550846
0.002714308
0.001869356
0.001089819
0.0001501839
-0.0004816283
-0.0004701825
0.0001548204
0.001013215
0.001899564
0.002341845
0.00239532
0.002694983
0.003029444
0.002735515
0.002138329
0.0018109
0.002280116
0.003142928
0.003732674
0.003074674
0.0008526992
-0.002383637
-0.004592219
-0.004114328
-0.001608577
0.001700889
0.003692796
0.004246217
0.003934745
0.00306764
0.00158932
-0.0002634483
-0.002028668
-0.002925477
-0.002687989
-0.001649797
-0.0007541114
-0.0005326913
-0.001293817
-0.002148822
-0.002294848
-0.001250082
0.0006538783
0.002796157
0.004226602
0.004326858
0.003523424
0.002549809
0.001721593
0.001179901
0.001149249
0.001712273
0.00245832
0.002187319
0.0004287108
-0.002554885
-0.004872165
-0.005644624
-0.005245166
-0.004338395
-0.002781178
-0.0007627073
0.001323004
0.002738054
0.00330251
0.002665783
0.0007152601
-0.00215065
-0.004377654
-0.00541447
-0.005623492
-0.005354356
-0.004493924
-0.003230778
-0.001817917
-0.0003114284
0.001290884
0.003040408
0.005541357
0.008501311
0.01063194
0.01111836
0.00957116
0.006184254
0.001908655
-0.001963375
-0.004432576
-0.005373786
-0.005017878
-0.003973765
-0.002176443
-0.0002562552
0.00112774
0.001633126
0.001431863
0.0008479341
0.0005589028
0.001004206
0.001773762
0.002099549
0.001274118
-7.40292e-05
-0.001187924
-0.001812971
-0.002253456
-0.00285673
-0.003506774
-0.003807009
-0.003240484
-0.001719167
0.001613377
0.005252723
0.007037029
0.006967521
0.005963414
0.004793669
0.003855902
0.003232835
0.002890555
0.002743083
0.00202236
0.0005398576
-0.001349603
-0.002344105
-0.001876148
-0.000487174
0.0008512629
0.00167309
0.0009709997
-0.001313473
-0.002196914
-0.0002400999
0.003857534
0.007358863
0.009272331
0.009876138
0.008955378
0.005636323
0.001452991
-0.001925862
-0.00381399
-0.005190431
-0.006772058
-0.007781412
-0.007028617
-0.003943014
0.0006170126
0.005618225
0.008626044
0.009658604
0.009531153
0.009160193
0.008657125
0.007260736
0.004962985
0.002328147
-0.0003775695
-0.002815391
-0.004200143
-0.004581247
-0.004470939
-0.004299923
-0.004702719
-0.006079977
-0.006841627
-0.006111145
-0.003591764
-0.00104905
-0.0004344871
-0.002348257
-0.00548253
-0.008040366
-0.009032443
-0.008630098
-0.007169153
-0.0057825
-0.005610485
-0.006003922
-0.005963909
-0.005189241
-0.003849171
-0.001969227
0.0009660069
0.004953353
0.007410747
0.007251093
0.005133001
0.003176071
0.002027746
0.0008254538
-0.000964457
-0.003061793
-0.005111695
-0.006376039
-0.005550355
-0.003381919
-0.001138174
0.0008769213
0.002799665
0.004637676
0.00690803
0.009776034
0.01246165
0.01381334
0.01320487
0.0115472
0.009291114
0.005422159
0.0006076887
-0.003838409
-0.008243791
-0.01175348
-0.01271414
-0.01139387
-0.008472716
-0.00425498
0.0009938461
0.007045937
0.01215937
0.01512432
0.01561368
0.01452739
0.01172809
0.008617435
0.006372828
0.005327419
0.004382619
0.002545959
-7.745747e-05
-0.002566787
-0.003973289
-0.004195057
-0.00364897
-0.002642595
-0.001536989
-0.0006396707
-0.0004757679
-0.001103609
-0.00224613
-0.003216858
-0.003485396
-0.002092044
0.0005173135
0.003829908
0.007084319
0.009777157
0.01124103
0.01144254
0.010392
0.007756344
0.00346617
-0.002284387
-0.007605574
-0.01081855
-0.01009536
-0.006408103
-0.001501599
0.00192729
0.003490942
0.003341763
0.002205636
0.0006339208
0.0005165413
0.0021444
0.0042217
0.005618052
0.006277381
0.006181973
0.005742575
0.005111042
0.004581012
0.00450375
0.005697268
0.007552117
0.008864422
0.008457048
0.006494881
0.003743502
0.001064232
-0.001459439
-0.004622265
-0.008983347
-0.01447044
-0.01976923
-0.02317086
-0.02382993
-0.02303086
-0.02130633
-0.01691577
-0.01047335
-0.004103855
9.348457e-05
0.00223947
0.002020829
0.0001361582
-0.002381803
-0.00335388
-0.002313491
-0.0002506132
0.0006555324
-0.0002624182
-0.001369502
-0.002033119
-0.002997257
-0.003774813
-0.00363255
-0.001051505
0.003308921
0.007830348
0.01061216
0.01133292
0.01038483
0.008666503
0.006292372
0.003904718
0.002147476
0.001202369
9.022767e-05
-0.001341913
-0.002060009
-0.001928736
-0.001528058
-0.001970011
-0.003217288
-0.004242827
-0.004645021
-0.004316022
-0.001275855
0.003547119
0.007857829
0.01021
0.01079197
0.01041914
0.009607579
0.008194903
0.006064476
0.003247775
5.177047e-05
-0.003001939
-0.005319868
-0.005272498
-0.002487768
0.00228646
0.006309431
0.008134011
0.008126795
0.007070487
0.005129228
0.00345738
0.00273149
0.002202695
0.002223729
0.002701086
0.002322372
4.274933e-05
-0.003891692
-0.008085805
-0.01083869
-0.0118568
-0.01194832
-0.01244677
-0.01296797
-0.01178117
-0.008301752
-0.003290063
0.001924256
0.006474135
0.009871054
0.01240486
0.01402726
0.0143135
0.01339048
0.01190315
0.01049347
0.00919413
0.007106902
0.004167171
0.001319168
-0.0006780257
-0.001891318
-0.002888395
-0.003716703
-0.003954609
-0.003619828
-0.003191711
-0.003647153
-0.004876492
-0.006004807
-0.004872468
-0.001226955
0.003530545
0.007336507
0.008997827
0.007060465
0.002276042
-0.003101947
-0.007697274
-0.01141913
-0.01311574
-0.01307434
-0.01214295
-0.01030115
-0.006936938
-0.002021362
0.002908935
0.006415551
0.008975594
0.01101504
0.01078087
0.008539857
0.005441869
0.002400468
-0.0002682922
-0.001771933
-0.001944183
-0.0006651713
0.00334616
0.009336483
0.01437416
0.01651619
0.01520141
0.01223333
0.008712217
0.004038043
-0.0006997578
-0.004091125
-0.005667122
-0.006436068
-0.006904133
-0.006768589
-0.005762826
-0.004249651
-0.002253024
0.001029135
0.005643928
0.01087359
0.01503496
0.01763484
0.01771404
0.01527332
0.0107121
0.005515122
0.0002593369
-0.002897929
-0.003321876
-0.002012466
-0.0003430707
0.001452911
0.002303755
0.001437935
-0.00156905
-0.005726971
-0.009728248
-0.01120019
-0.009517192
-0.003346686
0.006790241
0.01858021
0.02508542
0.02585557
0.02266398
0.01722472
0.01182661
0.006786555
0.001538857
-0.00257455
-0.004955071
-0.005800654
-0.005733543
-0.005145488
-0.005002519
-0.00556735
-0.006853183
-0.008670666
-0.01088704
-0.01272209
-0.01395269
-0.01498715
-0.01503865
-0.0126051
-0.007482726
-0.001246458
0.004016045
0.007611848
0.009592509
0.009552262
0.007252907
0.00507162
0.004283684
0.004906803
0.005911247
0.006430388
0.005014923
0.001909373
-0.001907734
-0.005075551
-0.007508689
-0.009797218
-0.01199874
-0.0134229
-0.01261128
-0.009404678
-0.004635767
0.0001780357
0.004365813
0.007231463
0.008186675
0.006255945
0.003187926
0.001164644
-0.000239334
-0.002144375
-0.004282164
-0.00555181
-0.005308005
-0.004942541
-0.005205997
-0.004963525
-0.003259616
-8.151362e-05
0.003602556
0.007325838
0.01109362
0.01464639
0.01708385
0.01747923
0.01584179
0.01318933
0.01010464
0.006702205
0.003212147
-0.0001157122
-0.003077896
-0.005954776
-0.009007289
-0.01153963
-0.01276576
-0.0121112
-0.01017563
-0.007248224
-0.003101241
0.00217444
0.008612449
0.01397793
0.01576025
0.01464855
0.01215149
0.01022354
0.009323283
0.008930162
0.008226688
0.006914204
0.003930746
-0.0005758712
-0.005747068
-0.009573239
-0.01054516
-0.007331581
-0.002184524
0.002866151
0.006305357
0.007266811
0.006756737
0.007555383
0.01043249
0.01447317
0.01789451
0.01978552
0.01807733
0.01365531
0.007635662
0.00209066
-0.001568572
-0.002876314
-0.003003234
-0.002400589
-0.001227519
0.000302203
0.001333549
0.001521497
0.0009126328
-0.0001655396
-0.001244681
-0.001737393
-0.0009292485
0.001850471
0.005445948
0.008406769
0.008579993
0.005781327
0.0007015042
-0.004963972
-0.009690653
-0.01192859
-0.01133177
-0.008600305
-0.005135604
-0.001339354
0.002865278
0.007379057
0.01174499
0.01475299
0.01605015
0.01464264
0.0110437
0.006326151
0.001953715
-0.001641751
-0.004573422
-0.006287062
-0.006350613
-0.005180408
-0.003434627
-0.001782108
-0.0009980848
-0.00152601
-0.001296184
0.0003267273
0.001690294
0.001844417
0.0009663419
-0.0008881689
-0.003082373
-0.004261488
-0.004036183
-0.00286761
-0.0008324453
0.001858544
0.004409532
0.006436811
0.008014424
0.009983639
0.01259496
0.01538979
0.01735262
0.01764915
0.0157972
0.0123875
0.008416035
0.00458018
0.0009750945
-0.002197522
-0.005401542
-0.009013977
-0.01151472
-0.01218017
-0.01071287
-0.008226214
-0.005809075
-0.00350028
-0.001193618
-0.0007101035
-0.002130096
-0.004282745
-0.005638666
-0.005849167
-0.005043627
-0.00288688
0.001323879
0.006340874
0.01083353
0.01350027
0.01445144
0.01321335
0.009557579
0.003771937
-0.003230831
-0.008098464
-0.008937526
-0.006784321
-0.003192675
0.001118077
0.00491052
0.00711027
0.008248308
0.00904577
0.008489737
0.006435733
0.003748287
0.0006963901
-0.001644245
-0.001810094
0.0007477006
0.00486263
0.009169218
0.01193624
0.01193559
0.01091814
0.01031725
0.01063702
0.01063961
0.009073223
0.006447068
0.003790979
0.001361576
-0.0002335125
-0.0001320455
0.001315447
0.002894438
0.003366594
0.002983291
0.00233206
0.001819527
0.001531111
0.001588943
0.002045969
0.002983222
0.003645431
0.00335271
0.001667492
-0.001167588
-0.004648745
-0.007900152
-0.01001637
-0.01044318
-0.009263137
-0.006713559
-0.004040162
-0.002410159
-0.002963905
-0.005001586
-0.007370559
-0.009173092
-0.008869779
-0.005056515
0.0004949368
0.006243969
0.0112718
0.01561358
0.01894183
0.02047902
0.01914706
0.01616182
0.01366299
0.01359425
0.01624547
0.02067978
0.02494478
0.02704921
0.02433681
0.0168957
0.00629425
-0.004653074
-0.01270016
-0.01448883
-0.009211268
0.001763034
0.01296936
0.02170233
0.02940131
0.03572452
0.03997418
0.04036867
0.03794322
0.03403689
0.02969467
0.02579386
0.02373035
0.02377796
0.02533876
0.0274583
0.02941025
0.03067706
0.02954312
0.0248469
0.01642728
0.00697902
-0.001024154
-0.007259674
-0.01336184
-0.02008184
-0.02474995
-0.02619408
-0.02441108
-0.02161858
-0.01984673
-0.02062376
-0.02449213
-0.03236825
-0.04231895
-0.05229412
-0.06140931
-0.06721483
-0.07055956
-0.07252128
-0.07197171
-0.06777251
-0.06029951
-0.05141285
-0.04278649
-0.03738335
-0.03609885
-0.03706956
-0.03983322
-0.04281709
-0.04369448
-0.0408317
-0.03450997
-0.0269764
-0.01972828
-0.01481846
-0.01186314
-0.01047878
-0.01012429
-0.01091302
-0.0121278
-0.0126376
-0.01097511
-0.006707943
-0.001291947
0.003739038
0.008414367
0.01105197
0.01120124
0.008536679
0.004198663
-0.0003636195
-0.00255384
-0.001533178
0.00238564
0.00723211
0.01195007
0.01735596
0.02395545
0.03080444
0.0369654
0.04170472
0.04343891
0.04151434
0.03625899
0.02860846
0.02041242
0.0135512
0.008225312
0.004128461
0.00166663
0.001094729
0.001003632
0.0001914415
-0.002180362
-0.00649633
-0.01251385
-0.0189698
-0.02496637
-0.03020543
-0.03351628
-0.03474022
-0.03315508
-0.02912257
-0.02327771
-0.01639385
-0.00901426
-0.001671764
0.004591527
0.007109161
0.005370017
0.001531745
-0.002165239
-0.004501402
-0.005092065
-0.004228557
-0.002161527
-0.0005092333
-0.0002205935
-0.003489077
-0.01203538
-0.02172957
-0.02795397
-0.02706172
-0.0191273
-0.005495786
0.01040738
0.02238923
0.02833231
0.02918355
0.02510415
0.0182466
0.0113337
0.00503338
-0.001235675
-0.007162604
-0.01227282
-0.01633258
-0.01999208
-0.02361855
-0.02659411
-0.02781347
-0.02644134
-0.02287046
-0.01811328
-0.01190125
-0.005615335
-0.001267129
0.0006831243
0.0008286109
0.000631519
0.00053076
0.0003125765
1.676948e-05
5.876607e-05
0.001813661
0.00551368
0.01023057
0.01547721
0.02144448
0.02571222
0.02738535
0.02653336
0.02434983
0.02148696
0.01719411
0.01109233
0.003652432
-0.004723662
-0.01331923
-0.01863381
-0.01981522
-0.01807809
-0.01559201
-0.01297338
-0.01125439
-0.01048307
-0.01082328
-0.01149207
-0.0116338
-0.008942153
-0.001516715
0.008593854
0.01893719
0.02708082
0.03275497
0.03705186
0.04019333
0.04212018
0.04214686
0.03934978
0.0324602
0.02128314
0.008128209
-0.004666395
-0.01676334
-0.02377888
-0.02635227
-0.02649644
-0.02372468
-0.01372112
0.0004334057
0.0116073
0.0195344
0.02435403
0.02498275
0.02279658
0.01929687
0.01495655
0.009673
0.004157502
-0.0008923931
-0.005159239
-0.008851388
-0.01189142
-0.01269381
-0.01079779
-0.005561876
-0.0005297188
0.001294104
-0.0007886417
-0.00486478
-0.008257545
-0.008719128
-0.006173802
-0.002352372
0.0005171246
0.000821417
-0.00301563
-0.01120302
-0.02157732
-0.02880338
-0.03058301
-0.02950696
-0.02475934
-0.01553886
-0.006271205
-0.0007322688
0.0008907155
-0.00144296
-0.009105009
-0.0209509
-0.03483386
-0.04765647
-0.0550458
-0.0576033
-0.0557467
-0.04756669
-0.03358269
-0.01314915
0.009966567
0.0298845
0.04155599
0.04574022
0.04518978
0.04449532
0.04462477
0.04556739
0.04775299
0.05277603
0.05979687
0.06704317
0.07243308
0.07548354
0.07654425
0.07633078
0.07293092
0.06465473
0.05187217
0.03193777
0.01011861
-0.01014445
-0.02746597
-0.03882983
-0.04332292
-0.04483997
-0.04519141
-0.04530787
-0.0458391
-0.04751752
-0.04916794
-0.04785572
-0.04309253
-0.03563538
-0.0292401
-0.02517911
-0.0224747
-0.01969297
-0.01676689
-0.01292248
-0.007657396
-0.002061133
0.002994794
0.00754898
0.01195565
0.01603845
0.01866842
0.01982268
0.02025907
0.02023944
0.01944842
0.01811808
0.01647309
0.01375923
0.01043944
0.007467924
0.003986903
-0.0008918544
-0.007108855
-0.01283255
-0.01711773
-0.0205492
-0.02458829
-0.03018204
-0.03779768
-0.0465654
-0.05555234
-0.06172378
-0.0612312
-0.05407064
-0.04360363
-0.03170223
-0.01608769
-5.629603e-05
0.01073146
0.01428637
0.01175726
0.007343461
0.001204414
-0.004816142
-0.00840489
-0.008329383
-0.006444861
-0.0042652
-0.004780936
-0.0086222
-0.0146815
-0.02291374
-0.03288229
-0.04547052
-0.05779563
-0.06422208
-0.06572244
-0.06586686
-0.06584921
-0.06490267
-0.06237286
-0.05909777
-0.05579694
-0.05168958
-0.04665718
-0.04110256
-0.03538652
-0.02939504
-0.02125322
-0.009755317
0.005631789
0.02570511
0.04319687
0.05503664
0.061729
0.0632938
0.06348559
0.06359105
0.06446622
0.06673005
0.07050869
0.07410356
0.07534353
0.0737421
0.07027113
0.06692965
0.06464833
0.06311511
0.0608211
0.05678536
0.04859216
0.03569083
0.0202418
0.006143231
-0.00442309
-0.009092674
-0.0095454
-0.009543174
-0.01028687
-0.01189448
-0.01404795
-0.01692472
-0.02026524
-0.0237352
-0.02715482
-0.03184344
-0.03836194
-0.04439722
-0.0485498
-0.05127028
-0.05472253
-0.06053754
-0.06974511
-0.07978028
-0.08799167
-0.09377712
-0.09673877
-0.09397952
-0.08364821
-0.06631542
-0.04628275
-0.02709277
-0.0127827
-0.003969428
0.002604195
0.006373892
0.00455003
-0.002837025
-0.0134293
-0.0243474
-0.03363853
-0.03970362
-0.04173514
-0.03993608
-0.03444876
-0.0253415
-0.01305392
0.0001750401
0.0127552
0.02273642
0.0267116
0.02704697
0.02628413
0.02518455
0.02499911
0.02676238
0.03058163
0.03586035
0.04114347
0.04517486
0.04806801
0.04999283
0.05118854
0.05184291
0.05166421
0.04975269
0.04521497
0.03825833
0.02809811
0.0170086
0.009125417
0.005097221
0.003514253
0.004027335
0.005719205
0.008726501
0.01486413
0.02408868
0.03383529
0.04180511
0.04855977
0.04840096
0.04119843
0.02850386
0.01079912
-0.008931239
-0.02783105
-0.04799434
-0.06684056
-0.07946858
-0.08371199
-0.08138676
-0.07384886
-0.06289854
-0.05085046
-0.03910348
-0.02875202
-0.01954605
-0.0123909
-0.006550848
-0.001050818
0.005091222
0.01177445
0.01668962
0.01826585
0.0156842
0.009890497
0.00191204
-0.008071764
-0.018454
-0.02752116
-0.03448723
-0.03951495
-0.04238329
-0.04281328
-0.04147322
-0.03911005
-0.03653719
-0.03438865
-0.03393074
-0.03583938
-0.0394509
-0.0433257
-0.04675812
-0.05013592
-0.05357653
-0.05617806
-0.055811
-0.05154335
-0.04417521
-0.03471997
-0.01972915
-0.0006820155
0.01429857
0.02426496
0.0311295
0.03291002
0.03148901
0.02778978
0.02198579
0.01509266
0.009885202
0.006568808
0.003818468
0.001199309
-0.0001835428
0.001370186
0.005717899
0.01149536
0.01646722
0.0196793
0.02071197
0.02014711
0.01793552
0.0145977
0.0108626
0.00740004
0.004588416
0.002401885
0.000426513
-0.001530559
-0.003312733
-0.004349248
-0.004414096
-0.0040046
-0.003115905
-0.001175856
0.001909851
0.005507499
0.00860728
0.01065469
0.01080022
0.008247107
0.002833217
-0.005286799
-0.01333198
-0.01868965
-0.01996459
-0.01894632
-0.01645746
-0.01315956
-0.009524705
-0.006478446
-0.004291971
-0.002779679
-0.001418804
-0.0004101677
-0.002293483
-0.008041879
-0.01690894
-0.02565212
-0.03017822
-0.03030465
-0.02492496
-0.01357373
0.003801324
0.02368629
0.04213915
0.05900792
0.07368394
0.0834144
0.08770204
0.08720499
0.0821697
0.07431231
0.06342455
0.04850802
0.03425358
0.02261851
0.01213849
0.00276011
-0.006941572
-0.01884554
-0.03083805
-0.03948075
-0.04349909
-0.04446613
-0.04140738
-0.03516928
-0.02776602
-0.02204436
-0.01817558
-0.01584064
-0.01480094
-0.01472846
-0.01489936
-0.01516964
-0.01727018
-0.02219829
-0.02903077
-0.03578621
-0.0408465
-0.04256207
-0.04176319
-0.04013463
-0.03969432
-0.04063333
-0.04230468
-0.04197541
-0.03820403
-0.03185645
-0.02531933
-0.01981896
-0.01549494
-0.01261346
-0.01134056
-0.01162159
-0.01542358
-0.02235547
-0.03304455
-0.04767701
-0.06294846
-0.07565809
-0.08265562
-0.08296359
-0.07761684
-0.07011419
-0.0619499
-0.05432999
-0.04723918
-0.04072875
-0.03525331
-0.03232128
-0.03242079
-0.03596801
-0.0428261
-0.0511505
-0.05799637
-0.06080292
-0.06043145
-0.05748642
-0.05374134
-0.0508588
-0.05046489
-0.05300389
-0.05750345
-0.06320849
-0.07014637
-0.07626805
-0.08054139
-0.08318026
-0.08422186
-0.08400343
-0.08266684
-0.08100683
-0.07998372
-0.08010943
-0.08081029
-0.08087474
-0.07907523
-0.07478232
-0.06929541
-0.06295894
-0.055228
-0.04552998
-0.03408504
-0.02236551
-0.01179106
-0.003506678
0.00162261
0.005198843
0.007447425
0.00664101
0.003033559
-0.0007153222
-0.001299928
0.00203324
0.009548932
0.02231537
0.03850626
0.05599377
0.07014941
0.07896153
0.08439074
0.08888319
0.09109447
0.09056525
0.08856024
0.08675103
0.08507303
0.08255646
0.07817079
0.07225532
0.06614455
0.06081403
0.05645058
0.05332304
0.05059045
0.04720158
0.04150811
0.03277276
0.02069701
0.006722784
-0.007080219
-0.02000962
-0.0309413
-0.03624078
-0.0374829
-0.03759544
-0.037551
-0.03688687
-0.03643815
-0.03687901
-0.03898669
-0.04225332
-0.04579141
-0.04873128
-0.05073867
-0.05156434
-0.05289772
-0.05585947
-0.05929713
-0.06020231
-0.05612514
-0.04674214
-0.03338721
-0.0158494
0.004140805
0.02383834
0.04361912
0.0617195
0.07211504
0.07678872
0.08148089
0.08656164
0.0909813
0.0941632
0.09528583
0.09321744
0.08681598
0.0768828
0.0650574
0.05266112
0.03919135
0.02597499
0.01497405
0.007738422
0.0041004
0.003714792
0.00597494
0.01086294
0.0173268
0.02523487
0.03637909
0.04881906
0.05967863
0.06725293
0.07190204
0.0751649
0.07687488
0.07501252
0.06889876
0.0602249
0.0491475
0.03565372
0.02094478
0.00534586
-0.009673358
-0.02264953
-0.03102624
-0.03302866
-0.02901812
-0.01901321
-0.003016075
0.01356679
0.0260451
0.03425506
0.03827571
0.039574
0.03972552
0.03900523
0.0378148
0.03666116
0.03570623
0.0341628
0.03162444
0.02810258
0.02383094
0.01899273
0.01398194
0.007736914
-0.0006548289
-0.01078453
-0.02007135
-0.02331449
-0.02155003
-0.01683548
-0.0119634
-0.008002273
-0.004349377
6.960633e-05
0.006669586
0.01421045
0.02074081
0.02638436
0.02983912
0.02882452
0.02354081
0.01546716
0.008486961
0.0039599
0.0009295268
-0.0003285779
0.0007369999
0.006276586
0.01629701
0.02858355
0.04509093
0.06067273
0.07210342
0.07725539
0.07611617
0.07089984
0.06544401
0.06054355
0.0541511
0.04520963
0.03458789
0.02316785
0.01309872
0.005054092
-0.004767162
-0.01653269
-0.02713093
-0.03304285
-0.03462373
-0.03178212
-0.02585777
-0.01613122
-0.00401727
0.01025324
0.02185776
0.02682025
0.02855801
0.03009456
0.03276401
0.03769144
0.04527047
0.05555858
0.06932883
0.08431902
0.09763696
0.1072625
0.1133238
0.1170047
0.1181124
0.1169033
0.1130921
0.1057499
0.09688495
0.08767871
0.07627487
0.06425475
0.05400868
0.04604328
0.03929088
0.03336635
0.0301257
0.02850029
0.02584174
0.02286146
0.02119892
0.02183523
0.02455216
0.02893484
0.0331907
0.03644786
0.03823193
0.03852342
0.03712654
0.03313165
0.02603303
0.0180642
0.009882773
0.0006109673
-0.009479048
-0.01701814
-0.01998913
-0.01866161
-0.01424706
-0.007618697
-0.001115199
0.00404003
0.008971786
0.0141588
0.01694093
0.01759553
0.01806754
0.01895076
0.01983761
0.02004468
0.01928462
0.01786512
0.01587119
0.01273007
0.008627812
0.004049584
-0.0009514923
-0.005674978
-0.0090057
-0.009613492
-0.007950227
-0.004405965
1.548676e-05
0.00432934
0.007362874
0.009214368
0.01006978
0.009728678
0.00761275
0.003455871
-0.001689065
-0.005910816
-0.008713744
-0.01047164
-0.01037475
-0.008320527
-0.00382799
0.001364509
0.005611291
0.008603764
0.01024633
0.009466926
0.00716773
0.003889053
0.001099087
-0.0003167921
-0.0007007405
-0.0001765255
0.002066371
0.00609315
0.01129655
0.0168281
0.02168562
0.0242778
0.02475858
0.02333606
0.01970182
0.01415541
0.007609168
0.0005635482
-0.006649406
-0.01323056
-0.02128589
-0.03258511
-0.04534409
-0.05726302
-0.0678252
-0.07667325
-0.08389052
-0.08931263
-0.09274382
-0.09419782
-0.09362965
-0.09204433
-0.09018032
-0.08863707
-0.08708406
-0.08320165
-0.07444671
-0.06325701
-0.05252674
-0.04205857
-0.030684
-0.01966164
-0.01330567
-0.01143475
-0.009678914
-0.005861474
0.001632586
0.01150708
0.02215595
0.03281361
0.03991546
0.04036127
0.03349148
0.02161434
0.007224563
-0.006507437
-0.01798135
-0.02515368
-0.02716027
-0.02682533
-0.0256509
-0.02496113
-0.02526629
-0.02764902
-0.03200075
-0.03734825
-0.04150035
-0.04351811
-0.04328115
-0.04017591
-0.03491608
-0.02896039
-0.02326586
-0.01808729
-0.01367274
-0.01016124
-0.006714517
-0.002825069
0.001583231
0.005929138
0.009478467
0.01203924
0.01228914
0.01030985
0.005812579
-0.001018719
-0.008690188
-0.01542406
-0.01993536
-0.02205775
-0.0220379
-0.02135716
-0.02120587
-0.02276942
-0.02655132
-0.03264668
-0.0395775
-0.04575846
-0.04916338
-0.05014973
-0.05057652
-0.0504406
-0.04888679
-0.04671698
-0.04445803
-0.04160559
-0.03692337
-0.02909343
-0.01738445
-0.003109567
0.01150882
0.02670148
0.04380267
0.05943576
0.07048981
0.07658916
0.07937093
0.08140184
0.08209864
0.07965968
0.07464652
0.06947769
0.0643075
0.05798745
0.0497298
0.03948142
0.02872373
0.02090474
0.01600772
0.01270661
0.01040609
0.008978426
0.008019026
0.007156936
0.0061592
0.004508781
0.002382755
0.0006950586
-1.290955e-05
-0.0001054485
-0.001295575
-0.004103221
-0.007864624
-0.0110535
-0.01271723
-0.01155406
-0.007580704
-0.001204161
0.006776562
0.01579905
0.02200592
0.02359209
0.02279586
0.02120962
0.01787329
0.01256882
0.006130362
-0.0003846848
-0.006379296
-0.01132608
-0.01453038
-0.01572329
-0.01450538
-0.01031042
-0.002292765
0.00784935
0.01820142
0.02761897
0.03661293
0.04428508
0.04665794
0.04453935
0.04045302
0.03500321
0.0277014
0.02025284
0.01469277
0.01212302
0.01081857
0.009527185
0.008732976
0.00946272
0.01416685
0.02293505
0.03461252
0.04702584
0.05927662
0.07158223
0.08362467
0.09289367
0.09868479
0.1025904
0.1049103
0.1052387
0.1052011
0.1057966
0.104567
0.1003256
0.094173
0.08623071
0.07667439
0.06830265
0.06199975
0.05683872
0.05273108
0.04802821
0.03966134
0.02864373
0.01678511
0.002845258
-0.01340716
-0.02971851
-0.04383664
-0.055645
-0.06568625
-0.07321643
-0.07760134
-0.07918375
-0.07803854
-0.0722893
-0.06359786
-0.05406565
-0.04288288
-0.02957957
-0.0157547
-0.001781958
0.01237561
0.02333746
0.03080394
0.03496144
0.03730262
0.0373427
0.03612606
0.03524486
0.03590442
0.03686747
0.03623689
0.03422642
0.03218509
0.03165185
0.03247866
0.03383768
0.03542374
0.0373961
0.03891134
0.03950817
0.03879032
0.03678597
0.03368168
0.02944848
0.02441664
0.01882167
0.01209012
0.004377411
-0.00326304
-0.01136503
-0.02086302
-0.0312339
-0.04127472
-0.05046116
-0.05853332
-0.06601752
-0.07334389
-0.08009831
-0.08549487
-0.08868997
-0.08906686
-0.08571332
-0.07893716
-0.06725612
-0.05256115
-0.0379515
-0.02368681
-0.01044728
-0.001862574
0.00343589
0.007603169
0.01040396
0.01140745
0.01091875
0.009915774
0.009245886
0.009328957
0.0108568
0.01356072
0.01636041
0.01773869
0.0166803
0.01391928
0.01059177
0.007169082
0.004851068
0.005114243
0.008389253
0.01371321
0.01994618
0.02542941
0.02910943
0.03054498
0.02941137
0.02527252
0.01811666
0.007539739
-0.006169996
-0.02030609
-0.02910648
-0.03207781
-0.03459437
-0.03907883
-0.04398186
-0.04669442
-0.04547118
-0.0414883
-0.0356816
-0.02807933
-0.01859717
-0.007425559
0.003133039
0.008592885
0.009115635
0.007468673
0.004820261
-0.002192136
-0.01572562
-0.03065853
-0.04237698
-0.05015307
-0.05597769
-0.06099912
-0.06351206
-0.05917549
-0.05035129
-0.04448671
-0.04331347
-0.04301234
-0.03870661
-0.02978013
-0.0179297
-0.00673133
0.003447841
0.01440834
0.02647614
0.03880391
0.0509409
0.06291897
0.07271303
0.0792548
0.08433273
0.08909816
0.0944672
0.09918749
0.1004162
0.0971422
0.08914758
0.07751989
0.06099212
0.03427578
0.007330664
-0.0055621
-0.007695239
-0.01096808
-0.01798333
-0.02526956
-0.03066148
-0.03551367
-0.0409061
-0.04652256
-0.05193085
-0.05588195
-0.05592936
-0.05308071
-0.04906166
-0.04639864
-0.04510133
-0.04310302
-0.038982
-0.03269855
-0.02487914
-0.01595388
-0.007644959
-0.0001466238
0.006166486
0.008989553
0.00653282
-0.001135571
-0.010407
-0.0189969
-0.02737902
-0.03392262
-0.03508541
-0.03229065
-0.02741858
-0.02268445
-0.01844698
-0.0140064
-0.008918105
-0.002278293
0.007948796
0.01985151
0.03363545
0.05057676
0.06604785
0.07563595
0.07901037
0.07925894
0.08007627
0.0815286
0.08210322
0.08118937
0.0787165
0.07561059
0.07264432
0.0696843
0.06609095
0.06131741
0.05694243
0.0541127
0.05136939
0.04690349
0.03919246
0.02950916
0.01921999
0.007859947
-0.0009362437
-0.006042523
-0.01017754
-0.01690054
-0.02740718
-0.03714891
-0.04196297
-0.04130255
-0.03816984
-0.03434114
-0.03159074
-0.02928773
-0.02594455
-0.02244318
-0.02064322
-0.01993436
-0.0185254
-0.01328609
-0.005619874
0.001341199
0.005725735
0.00793147
0.009273937
0.01141044
0.01562295
0.02072807
0.02571113
0.03320477
0.04301248
0.05064522
0.05469465
0.05464122
0.0500088
0.04056068
0.02698737
0.01139648
-0.002626917
-0.01545349
-0.02751484
-0.03370126
-0.02907254
-0.01857831
-0.01320502
-0.01335937
-0.0137765
-0.01154604
-0.007893243
-0.004906496
-0.003260464
-0.003278598
-0.005435198
-0.01045024
-0.01746722
-0.02470137
-0.03071658
-0.03602835
-0.04142592
-0.04671741
-0.05213294
-0.0578621
-0.0630282
-0.06644586
-0.06746814
-0.06645823
-0.0636119
-0.05893542
-0.05295611
-0.04562954
-0.03763995
-0.02946846
-0.01951703
-0.008187698
0.001441937
0.009182999
0.01362287
0.01380915
0.01025807
0.004156431
-0.003151788
-0.01019131
-0.01614746
-0.01972027
-0.02085633
-0.01995158
-0.01853406
-0.0173391
-0.01622338
-0.0153258
-0.01521334
-0.01577799
-0.01677834
-0.01797153
-0.01877384
-0.01869109
-0.01852367
-0.01900899
-0.02026523
-0.02284174
-0.02781557
-0.03518456
-0.04411273
-0.05089981
-0.05306234
-0.05193109
-0.04910429
-0.0415152
-0.02902041
-0.01393658
0.001468357
0.01458676
0.02257002
0.02479958
0.02309268
0.02010194
0.01652853
0.01292011
0.01000811
0.008570512
0.008778041
0.01080162
0.01492316
0.02108121
0.02917214
0.03766099
0.04555502
0.0518075
0.05663752
0.05968643
0.06111616
0.06158574
0.0613954
0.06036804
0.05845775
0.05593906
0.05282154
0.04913745
0.04499559
0.04091925
0.03691161
0.03249036
0.02820223
0.0246092
0.02108337
0.01779156
0.01561423
0.01445585
0.01378861
0.0134701
0.01330021
0.01308542
0.01251433
0.01161037
0.01063612
0.009207457
0.006720674
0.002268866
-0.003335021
-0.008887699
-0.01436654
-0.01987634
-0.02473783
-0.02915318
-0.03361895
-0.03801594
-0.04278385
-0.04871161
-0.05566065
-0.06288705
-0.06967968
-0.07498198
-0.07826648
-0.07934485
-0.07876072
-0.07590299
-0.07103315
-0.06499302
-0.0585925
-0.05204743
-0.04519202
-0.03898655
-0.03470932
-0.03230216
-0.03123316
-0.03056359
-0.02972198
-0.02859623
-0.02776393
-0.02774044
-0.02925692
-0.03272252
-0.03846943
-0.04605247
-0.05423128
-0.06135919
-0.06586099
-0.06741512
-0.0650213
-0.05842522
-0.04871463
-0.03643892
-0.02431237
-0.01265879
0.0003357566
0.01379256
0.02273938
0.02467564
0.02275176
0.01848747
0.0125311
0.004690497
-0.005186774
-0.01273774
-0.01634029
-0.01779396
-0.01879585
-0.01911648
-0.01777421
-0.01472725
-0.009928919
-0.003841023
0.003669098
0.01309635
0.02484933
0.03546754
0.04367273
0.05153505
0.05959928
0.06577607
0.07006182
0.07301014
0.07352676
0.07046363
0.06310523
0.0508776
0.03331109
0.0153621
0.001004135
-0.007322664
-0.01253419
-0.01529138
-0.01556762
-0.01236595
-0.006703624
-0.000395649
0.004573012
0.008230639
0.01107985
0.01332514
0.01474303
0.01566585
0.01635665
0.01679938
0.01697023
0.01693215
0.01683499
0.01677816
0.01693172
0.01761887
0.01914936
0.0217482
0.02530669
0.02849038
0.03068819
0.03172366
0.03091785
0.02795823
0.02371096
0.01875666
0.01277806
0.0054305
-0.003260757
-0.01321906
-0.02316386
-0.03151129
-0.03693249
-0.03978267
-0.03999567
-0.03753031
-0.03301509
-0.02614226
-0.01839874
-0.01178264
-0.006511489
-0.002352297
0.000712666
0.003816602
0.008342242
0.01380896
0.02018423
0.02786111
0.03588811
0.04446409
0.05355536
0.06258896
0.07131459
0.07973555
0.08737771
0.09378308
0.09838338
0.1012801
0.1017061
0.09943548
0.09443778
0.0867626
0.07634405
0.06373865
0.05065601
0.03789329
0.02502465
0.01118172
-0.002394557
-0.01115491
-0.01535202
-0.01651864
-0.01649382
-0.01549507
-0.0142919
-0.01396411
-0.0160103
-0.0198311
-0.02402433
-0.02638706
-0.02666747
-0.0244849
-0.01939736
-0.01085285
-0.000721941
0.00935384
0.01878781
0.02792987
0.03567259
0.04189087
0.04688511
0.04973412
0.05074248
0.05088756
0.05017793
0.04859043
0.04627921
0.04308024
0.0390861
0.03469816
0.03028918
0.02598011
0.02196872
0.01860141
0.01608273
0.01304844
0.008604951
0.002761734
-0.003728865
-0.0104244
-0.01732776
-0.02476141
-0.0327117
-0.03949528
-0.04463189
-0.04819278
-0.05043255
-0.05164146
-0.05264947
-0.05430658
-0.05698484
-0.05968291
-0.06152616
-0.06138173
-0.058847
-0.05389307
-0.0482849
-0.04334105
-0.040227
-0.03866796
-0.03897707
-0.04070293
-0.04312011
-0.04538817
-0.04716538
-0.04844321
-0.04977646
-0.0513626
-0.05298442
-0.05414483
-0.05443046
-0.05347582
-0.05148064
-0.04803671
-0.04254723
-0.03454452
-0.02504391
-0.01539845
-0.007070216
0.0005699097
0.007082007
0.01062159
0.01116326
0.009463769
0.006982113
0.004481547
0.001800822
-0.0009890995
-0.003437818
-0.004806782
-0.005779619
-0.007445572
-0.009645925
-0.01156749
-0.0126255
-0.01316193
-0.01371253
-0.01529907
-0.01833739
-0.02295503
-0.02971358
-0.03825833
-0.04580201
-0.05164499
-0.05649503
-0.05969091
-0.06039074
-0.05813673
-0.05457681
-0.05109321
-0.04741115
-0.0431878
-0.03909155
-0.03525197
-0.03136307
-0.02775781
-0.02498621
-0.02210363
-0.01825508
-0.01341907
-0.008192263
-0.002699022
0.00269995
0.007825981
0.01337563
0.0195105
0.0254853
0.03047621
0.03417317
0.03736688
0.0403641
0.04212352
0.04313886
0.04493374
0.04699985
0.04801647
0.04688254
0.04337289
0.03588496
0.02494749
0.01193245
-0.00244768
-0.01617425
-0.02884342
-0.04098674
-0.05070709
-0.05630435
-0.05689018
-0.05374062
-0.04839927
-0.04181639
-0.03447094
-0.02751026
-0.02115661
-0.01563304
-0.01144892
-0.00953282
-0.01018114
-0.01230039
-0.01418642
-0.01488229
-0.01457621
-0.01370934
-0.01279523
-0.0126648
-0.01332755
-0.01426929
-0.01483146
-0.01487674
-0.01436475
-0.01370624
-0.01324805
-0.01320583
-0.01359644
-0.01445909
-0.01608062
-0.01853805
-0.02076996
-0.02187674
-0.0215848
-0.02026268
-0.0181246
-0.01483975
-0.01084808
-0.00674048
-0.003437785
-0.0009833401
0.0008469562
0.002311401
0.003473015
0.004629672
0.005944223
0.00738043
0.009144781
0.01158883
0.01486123
0.01891768
0.02333224
0.02765966
0.03162772
0.03462802
0.03627104
0.03598459
0.03369512
0.029626
0.02377432
0.01612546
0.007725884
-0.0004199531
-0.007987363
-0.01419335
-0.01911373
-0.02304772
-0.02575917
-0.02704572
-0.02550088
-0.0218146
-0.0176337
-0.01424376
-0.01153238
-0.009382199
-0.007936513
-0.007505461
-0.00780812
-0.008551254
-0.009275335
-0.00993821
-0.01064067
-0.0106799
-0.009743612
-0.007479056
-0.004691726
-0.002376258
-0.0008888088
-0.0003015182
-0.001696735
-0.005073574
-0.009968105
-0.0162273
-0.02373671
-0.03195262
-0.03802466
-0.04159112
-0.04517501
-0.04909895
-0.05166608
-0.05252082
-0.05232069
-0.05133706
-0.05016273
-0.04920449
-0.04839713
-0.04761629
-0.04697963
-0.0458803
-0.04352832
-0.04006342
-0.03608925
-0.03144309
-0.02615776
-0.02050339
-0.01424979
-0.007289447
-0.0007449417
0.00488178
0.009569275
0.01349103
0.01641526
0.01843047
0.01976931
0.01977712
0.01845376
0.0162559
0.01368057
0.01110334
0.008943901
0.006827541
0.004321767
0.001847483
-0.0004865017
-0.003372034
-0.006878313
-0.01067454
-0.01482271
-0.01870397
-0.0214285
-0.02285831
-0.02321932
-0.02232481
-0.0206415
-0.01863118
-0.01737192
-0.01703169
-0.01733527
-0.01782042
-0.01827398
-0.01858993
-0.0189034
-0.01946487
-0.0204545
-0.02191311
-0.02318857
-0.02387844
-0.02403283
-0.02423949
-0.02487591
-0.02604002
-0.02751429
-0.02933933
-0.03132531
-0.03325844
-0.03505027
-0.03661026
-0.03775377
-0.03825894
-0.03830428
-0.03827092
-0.03818017
-0.03784697
-0.03744047
-0.03721458
-0.03759472
-0.03819592
-0.03834724
-0.03777868
-0.0365611
-0.03459606
-0.03229948
-0.02995588
-0.02734118
-0.02438224
-0.02147776
-0.01912613
-0.01758121
-0.01652935
-0.01578115
-0.0154464
-0.0154138
-0.01540919
-0.01499782
-0.01412619
-0.01269232
-0.01152191
-0.01162441
-0.01300206
-0.01495528
-0.01737251
-0.01982637
-0.02170175
-0.02291409
-0.02366156
-0.02389989
-0.02360762
-0.02292608
-0.02248014
-0.02265635
-0.02366125
-0.02540513
-0.02772245
-0.03042389
-0.03289344
-0.03459573
-0.03622597
-0.03831797
-0.04047555
-0.04220796
-0.0432653
-0.04270398
-0.04061321
-0.0374413
-0.03386848
-0.030317
-0.02712955
-0.02427574
-0.0219323
-0.0198866
-0.01780918
-0.01474765
-0.01041184
-0.0062763
-0.003126037
-0.0008727403
0.0009613224
0.002628083
0.004291626
0.006281766
0.009346436
0.01332033
0.01790356
0.02276273
0.02763174
0.03184173
0.0348986
0.03660003
0.03770674
0.03847851
0.03810601
0.03663103
0.03478056
0.03358637
0.03316704
0.03345195
0.03432069
0.03572871
0.0368103
0.0371282
0.03619536
0.03465706
0.03325803
0.03139304
0.02868079
0.02563897
0.02236502
0.01866069
0.0147402
0.01060856
0.006122085
0.002156349
-0.0008194987
-0.002352543
-0.002843691
-0.002755101
-0.002041311
-0.0006830805
0.001265781
0.003658662
0.006392648
0.009419861
0.01270422
0.0159046
0.01869041
0.02064461
0.02185371
0.02260016
0.02301007
0.0230953
0.02264239
0.02152116
0.01974275
0.01709883
0.01428927
0.0121298
0.009799572
0.006461447
0.002331538
-0.00183147
-0.005603085
-0.00870732
-0.01112223
-0.01273444
-0.01302118
-0.01175265
-0.009126654
-0.005518731
-0.001352046
0.003002771
0.007409256
0.0114389
0.01517187
0.01952314
0.02436629
0.02895127
0.03304517
0.03691878
0.04096692
0.0452009
0.04938588
0.0537404
0.0586285
0.0633965
0.06747675
0.07017009
0.07154858
0.07122016
0.06911862
0.06558197
0.06123536
0.05667007
0.05213044
0.04760017
0.04313057
0.03898593
0.0350924
0.03117452
0.02676134
0.02165603
0.01583477
0.009580461
0.00327424
-0.002651938
-0.007190793
-0.009682507
-0.009628773
-0.008043186
-0.005447648
-0.002692211
-0.0003457192
0.001314151
0.002308399
0.002593613
0.0020088
0.0005253558
-0.00165378
-0.00431015
-0.007260076
-0.01084432
-0.01525478
-0.01989373
-0.02482862
-0.03059264
-0.03630018
-0.04127732
-0.04573281
-0.04958606
-0.05221454
-0.05370066
-0.05457421
-0.05472359
-0.05387013
-0.05187936
-0.04861735
-0.04396887
-0.03783344
-0.03129468
-0.02665346
-0.02293908
-0.01798998
-0.01187795
-0.005852849
-0.001044684
0.002819761
0.006535615
0.01030945
0.01361982
0.01609953
0.01764078
0.01821659
0.01785128
0.01715171
0.01630521
0.01485239
0.01380368
0.01413895
0.01570134
0.01760225
0.01856323
0.01827973
0.01701523
0.01530068
0.01328776
0.01156177
0.01038442
0.01003938
0.01051168
0.01162122
0.013251
0.01508659
0.01641594
0.01730881
0.01808677
0.01843694
0.01808366
0.01787736
0.01826189
0.01920738
0.02053348
0.0221701
0.02419733
0.02659536
0.02924279
0.03192504
0.03444422
0.03685405
0.03924425
0.04143169
0.04334886
0.04506661
0.04645792
0.04699814
0.04669435
0.04589055
0.04472357
0.04297822
0.0403313
0.03730273
0.03433235
0.03054398
0.02555098
0.0199479
0.01482052
0.01077364
0.008638487
0.007531035
0.006397096
0.005281954
0.004834331
0.005317826
0.006453313
0.008447392
0.01154717
0.01586389
0.02090603
0.02633874
0.03166197
0.03658687
0.04006703
0.04233675
0.04386136
0.04520899
0.04658049
0.04866168
0.05176007
0.05499069
0.05796928
0.06119215
0.06437479
0.06672524
0.06739313
0.06615955
0.06341006
0.05986161
0.05644686
0.05320661
0.04964048
0.04541822
0.04117567
0.03867232
0.03756673
0.03649199
0.03510359
0.03383359
0.03237796
0.03045923
0.02820399
0.02587876
0.02355732
0.02145365
0.019676
0.01862524
0.01807215
0.01767275
0.01757329
0.01805165
0.01947257
0.02149509
0.02292851
0.02323116
0.02197482
0.01954571
0.01640963
0.01220195
0.006896195
0.001327328
-0.003651519
-0.007988188
-0.01247963
-0.01741924
-0.02245945
-0.02673888
-0.02992342
-0.03221384
-0.03396228
-0.03490286
-0.03507453
-0.0347989
-0.03485147
-0.03546646
-0.03586936
-0.03567763
-0.03514998
-0.03454578
-0.03377677
-0.03281601
-0.03162714
-0.02980135
-0.02728192
-0.02440594
-0.02083051
-0.01583271
-0.01004224
-0.004143115
0.002129883
0.009449657
0.01581152
0.01980519
0.02220326
0.0236092
0.02333676
0.02117091
0.01799086
0.01408961
0.008876181
0.002685388
-0.003859203
-0.01052809
-0.01672037
-0.02216828
-0.02772515
-0.03332403
-0.03764414
-0.04095906
-0.0440221
-0.04589346
-0.04632541
-0.04631983
-0.04615767
-0.04532932
-0.04384177
-0.04203727
-0.04052734
-0.03958788
-0.03929663
-0.0388461
-0.037533
-0.03535948
-0.03266509
-0.03017886
-0.02804182
-0.02604436
-0.02458552
-0.02403582
-0.02419196
-0.02458736
-0.02472204
-0.02454806
-0.02410414
-0.0230279
-0.02136011
-0.01955777
-0.01796487
-0.0166495
-0.01555654
-0.01469465
-0.01415036
-0.01393898
-0.01396628
-0.01422318
-0.01486225
-0.01601196
-0.01733114
-0.01813141
-0.01868619
-0.01949073
-0.01986038
-0.01933071
-0.01766065
-0.01519592
-0.01229017
-0.009189593
-0.005804628
-0.001720216
0.002786646
0.006729113
0.01017775
0.01369346
0.01724973
0.02035141
0.02251227
0.02398431
0.02531456
0.0270205
0.02928132
0.03087549
0.03099604
0.0295581
0.02703137
0.02389127
0.0208086
0.01819618
0.01664317
0.01553305
0.01396465
0.01183423
0.009494224
0.006947653
0.004026982
0.0006862746
-0.002654698
-0.005542899
-0.007523008
-0.0087478
-0.00926504
-0.009158228
-0.008470905
-0.007289455
-0.005786401
-0.004934279
-0.004954356
-0.005766832
-0.0065635
-0.006845528
-0.006791794
-0.006663105
-0.006402819
-0.006213282
-0.006187913
-0.005588921
-0.004081289
-0.001284645
0.002148065
0.005413706
0.008511695
0.01173559
0.01458906
0.01651717
0.01720645
0.01697396
0.01586704
0.01383762
0.01074733
0.006214762
0.0002940913
-0.006480316
-0.01293447
-0.01849909
-0.02355208
-0.02923343
-0.03553088
-0.04148424
-0.04566554
-0.0480408
-0.04916424
-0.04958983
-0.04957563
-0.04896554
-0.04743828
-0.04479825
-0.04139102
-0.03757958
-0.03338648
-0.02874462
-0.02357851
-0.01832325
-0.01362607
-0.010168
-0.007314656
-0.0045332
-0.002991274
-0.003032075
-0.003545798
-0.003424428
-0.0025303
-0.0009102337
0.001927318
0.007090837
0.012751
0.01691285
0.01921117
0.02083197
0.02218953
0.0230929
0.02349428
0.02423496
0.02564026
0.02752631
0.03011738
0.03375805
0.03826063
0.04279159
0.04669811
0.04994745
0.05289158
0.05542796
0.05716097
0.05775946
0.05756185
0.05698706
0.05610772
0.0549315
0.0535564
0.05230078
0.05110412
0.04963193
0.04783071
0.04576071
0.0430161
0.04003797
0.0375441
0.03578734
0.03458337
0.03378813
0.03274857
0.03132137
0.02995847
0.02878798
0.02744255
0.02498824
0.0213512
0.01730264
0.01273472
0.007418386
0.001552305
-0.005458102
-0.01333592
-0.01951046
-0.02340647
-0.02587313
-0.02614613
-0.02446869
-0.02170069
-0.01820561
-0.0137683
-0.008707659
-0.003882315
7.515575e-05
0.003291375
0.00583533
0.006979672
0.006497174
0.004497624
0.001418106
-0.002622216
-0.00794638
-0.01341702
-0.01785722
-0.02092591
-0.02330798
-0.02532584
-0.02671536
-0.02767274
-0.02842998
-0.0284479
-0.02782372
-0.02713299
-0.02690901
-0.02709368
-0.02736471
-0.02768639
-0.02823492
-0.02915891
-0.03086092
-0.03356096
-0.03553348
-0.03637503
-0.03702328
-0.03799763
-0.0391449
-0.04028277
-0.04133477
-0.04224601
-0.0425951
-0.04284478
-0.04366614
-0.04512168
-0.04664128
-0.04783732
-0.04904616
-0.05048162
-0.05184457
-0.05279584
-0.05325428
-0.05312218
-0.05246219
-0.0515129
-0.05060942
-0.04946232
-0.047589
-0.04535401
-0.04313222
-0.04077123
-0.03801097
-0.03455151
-0.02910569
-0.02209789
-0.01468286
-0.006932908
0.001357093
0.008182712
0.01324249
0.01709933
0.01987661
0.02141989
0.02206486
0.02238982
0.02277915
0.02390007
0.02570293
0.02751083
0.02899729
0.03056919
0.03366281
0.03796202
0.04225615
0.04609398
0.0496657
0.05293423
0.05552208
0.05733526
0.05920584
0.06151266
0.0638346
0.06481917
0.06393499
0.06129814
0.05752098
0.05285056
0.04671997
0.03872551
0.03000442
0.02323412
0.01813359
0.01312303
0.008036457
0.003082742
-0.001632482
-0.005043749
-0.007384242
-0.009563076
-0.01149244
-0.01261416
-0.01253248
-0.01157643
-0.01015309
-0.008214841
-0.005932153
-0.003596792
-0.001123839
0.00143882
0.00291059
0.003430208
0.003894157
0.004350728
0.004703449
0.005407566
0.00628873
0.006966597
0.007665808
0.008729849
0.01026318
0.01184149
0.01310687
0.01395213
0.01448241
0.01477039
0.01529911
0.01639597
0.0183192
0.02063453
0.02279919
0.02438317
0.02536226
0.02577139
0.02588238
0.0257199
0.02502202
0.02380579
0.02238774
0.02080569
0.01897571
0.01713524
0.01538482
0.01372591
0.01277382
0.01276932
0.0134746
0.01446722
0.01550919
0.01619169
0.01613726
0.01456058
0.01214463
0.009949663
0.008187422
0.006560223
0.004873591
0.003085609
0.002173095
0.003194613
0.005512245
0.008309138
0.0110094
0.01375417
0.01679126
0.01929645
0.02091814
0.02184523
0.02244646
0.02276458
0.02227201
0.02070546
0.01869456
0.01715768
0.0162604
0.01521768
0.01369634
0.0127828
0.01285372
0.01345641
0.01404733
0.01473614
0.01609708
0.0178813
0.01955825
0.02094682
0.02244834
0.02472899
0.02758229
0.03050302
0.03336031
0.03526297
0.03522092
0.03468203
0.03461889
0.03366525
0.03179686
0.03018796
0.02863037
0.02664935
0.02444154
0.02178707
0.01869285
0.01690647
0.01628544
0.01549685
0.01490293
0.01540083
0.01677217
0.0183161
0.01948302
0.02018646
0.02064891
0.02130064
0.02199899
0.02212242
0.02152439
0.0205619
0.01998916
0.01965486
0.01862688
0.01710108
0.01575843
0.01477011
0.0137542
0.01217507
0.009301127
0.005030062
0.000336593
-0.00391581
-0.007422103
-0.01068786
-0.01387685
-0.01564147
-0.01594774
-0.01530408
-0.01354071
-0.0103871
-0.006269278
-0.002287697
0.0004614378
0.00211406
0.003183417
0.003166755
0.001566575
-0.00154706
-0.004645661
-0.006713982
-0.008027069
-0.009240248
-0.01022182
-0.01054609
-0.01011351
-0.00911559
-0.007705628
-0.005877781
-0.003311615
4.582753e-05
0.003380123
0.005980789
0.007370839
0.007899945
0.007734095
0.006919711
0.005596174
0.004027839
0.002548762
0.001398992
0.0007311204
0.0003999973
0.0001106665
2.141991e-06
0.0004139817
0.00105418
0.001487709
0.001501912
0.001726235
0.00278609
0.004209167
0.005614966
0.00735905
0.009599908
0.01213445
0.01369154
0.01409308
0.01424329
0.01480734
0.01575752
0.01655108
0.01703673
0.01769868
0.01876249
0.01991542
0.0196516
0.01787067
0.01574041
0.01420727
0.01338367
0.0125453
0.01135164
0.01024364
0.009735763
0.01001982
0.01097265
0.01231017
0.01412561
0.01596267
0.01708249
0.01696657
0.0160981
0.01544683
0.01536132
0.01579629
0.01722754
0.01962048
0.02275445
0.02588846
0.02828454
0.0295112
0.02983382
0.02891914
0.02671429
0.02339272
0.0196843
0.01610187
0.01283341
0.009689269
0.00660524
0.003675905
0.0008793872
-0.001963996
-0.004272798
-0.005538819
-0.005539124
-0.004682842
-0.003701505
-0.002725039
-0.001535191
-0.0003475752
0.0007935673
0.002250318
0.003931518
0.005565092
0.007242208
0.008890405
0.0100246
0.01044609
0.01002062
0.008492945
0.006325148
0.004615601
0.003729959
0.003358287
0.003466432
0.003981395
0.004487716
0.004892676
0.005290197
0.005269038
0.004719836
0.003991846
0.002975064
0.001489227
8.653689e-05
-0.0009544529
-0.001677177
-0.002168126
-0.002535829
-0.003311372
-0.004089025
-0.003768226
-0.002599067
-0.001439357
-0.0008602399
-0.0006292601
-0.0004232349
0.0002002881
0.001254176
0.001882343
0.002091939
0.002629852
0.003405843
0.003871133
0.003608292
0.002689045
0.0009761819
-0.000847727
-0.002395219
-0.00483766
-0.007822513
-0.01001161
-0.0113203
-0.01231988
-0.01340052
-0.01483951
-0.01678045
-0.01864635
-0.02036599
-0.0233548
-0.02758888
-0.03203172
-0.03598469
-0.03961627
-0.04329008
-0.04643624
-0.04850046
-0.04961032
-0.05066683
-0.05299439
-0.05550399
-0.05679548
-0.05682762
-0.05643734
-0.05630213
-0.0563134
-0.05609714
-0.05556423
-0.05485207
-0.05401557
-0.05336396
-0.05306601
-0.05284218
-0.05255695
-0.05241994
-0.05264104
-0.05308904
-0.0529637
-0.05203956
-0.05025792
-0.04766586
-0.04444242
-0.04121176
-0.03765415
-0.03252972
-0.02668642
-0.02155653
-0.01782437
-0.01495884
-0.01284832
-0.01173328
-0.01158258
-0.01138734
-0.01089218
-0.01071589
-0.01115363
-0.01191316
-0.01238531
-0.01255772
-0.01280367
-0.01349698
-0.01459659
-0.0154998
-0.01608953
-0.01667904
-0.01737944
-0.01794507
-0.0176156
-0.01626071
-0.01414323
-0.01136909
-0.007803315
-0.003676335
0.0002219872
0.003276814
0.00588895
0.008346924
0.00999407
0.01099346
0.01197512
0.01237538
0.01168205
0.01093895
0.0110344
0.01234994
0.01400418
0.01533084
0.01682866
0.01825728
0.01881619
0.01925981
0.0204012
0.02227114
0.02422034
0.02579652
0.026807
0.02730979
0.02747492
0.02723726
0.02634644
0.0247665
0.02259827
0.02025155
0.0180203
0.01600194
0.01453351
0.01354431
0.0126328
0.01205528
0.01236411
0.01310679
0.01371118
0.01400227
0.01406782
0.01388826
0.01325741
0.01220299
0.01080527
0.008945629
0.006458348
0.003919943
0.001677996
-0.000411887
-0.002696068
-0.005341241
-0.008225287
-0.01109411
-0.01373511
-0.01650307
-0.0197658
-0.02278124
-0.02506336
-0.02683716
-0.02845092
-0.02982432
-0.03064554
-0.03074395
-0.03002472
-0.02886871
-0.0274717
-0.02559685
-0.02331107
-0.0212989
-0.01945833
-0.01727989
-0.01522057
-0.01370326
-0.01289687
-0.01245606
-0.01203806
-0.01149341
-0.01095888
-0.01088199
-0.01124689
-0.01176251
-0.01225094
-0.01279421
-0.01359157
-0.01444431
-0.01502018
-0.01535788
-0.01560386
-0.01575997
-0.01581611
-0.01576698
-0.01590349
-0.01638781
-0.01689115
-0.01749084
-0.01883448
-0.02067479
-0.0225644
-0.02497467
-0.02764451
-0.02984825
-0.03178187
-0.03374738
-0.03507399
-0.03558153
-0.03560983
-0.03557933
-0.03547009
-0.03488539
-0.03368937
-0.03173915
-0.02923883
-0.0264572
-0.02355129
-0.02044499
-0.01690824
-0.01365467
-0.01130402
-0.009771694
-0.008833127
-0.008571073
-0.008614519
-0.008592998
-0.008411479
-0.008067533
-0.007388692
-0.006245776
-0.004561896
-0.003085485
-0.002111176
-0.001219067
-7.705604e-05
0.001271524
0.002715397
0.004105411
0.005042304
0.005768137
0.006778317
0.00824468
0.009831668
0.01025227
0.009813507
0.009727467
0.01123148
0.01399442
0.01466476
0.01312232
0.01140592
0.0104774
0.009661644
0.007053107
0.002983094
-6.50219e-05
-0.001355022
-0.00163427
-0.002617064
-0.004403834
-0.005609414
-0.005569045
-0.004553886
-0.003859734
-0.003897811
-0.004068007
-0.003289901
-0.001037441
0.0007583207
0.000843303
0.0001526391
-0.0002833235
-0.0006374542
-0.001406502
-0.002640067
-0.003787433
-0.004135751
-0.002900055
-0.0008774152
0.001131819
0.003442683
0.006577293
0.01137914
0.01670903
0.02095864
0.02475266
0.0290457
0.03323146
0.03710139
0.04127307
0.04584817
0.05041191
0.05361256
0.05534767
0.0562127
0.05675416
0.05700182
0.05642724
0.05490245
0.05379364
0.05344725
0.05324418
0.05228653
0.0504937
0.04905629
0.04822449
0.04700285
0.04465179
0.04137638
0.03803837
0.03515759
0.03296422
0.03058652
0.02725089
0.0236194
0.02065322
0.01884462
0.0169466
0.01377747
0.01026337
0.00748719
0.006006401
0.005406891
0.005188159
0.004533668
0.003425411
0.003252987
0.003620148
0.003091273
0.001867156
0.0007659641
0.0001370708
-0.0003794925
-0.001218369
-0.002271207
-0.003227807
-0.003880616
-0.00428338
-0.004560023
-0.00454925
-0.003998778
-0.003569806
-0.003575976
-0.003551521
-0.003374535
-0.003454783
-0.003450179
-0.002996754
-0.002890347
-0.003459548
-0.004165057
-0.004666029
-0.005091058
-0.005459949
-0.005726757
-0.006110576
-0.006682386
-0.007391595
-0.008017156
-0.008491694
-0.009206495
-0.0103343
-0.0117139
-0.01320624
-0.0148934
-0.01691189
-0.01921413
-0.02117026
-0.0227092
-0.02412047
-0.02552539
-0.02675823
-0.02711336
-0.02629638
-0.0244187
-0.02198287
-0.01911083
-0.01597892
-0.01288994
-0.01113417
-0.01056296
-0.01053386
-0.01047992
-0.01039461
-0.01074911
-0.01160078
-0.01249891
-0.01310271
-0.01328853
-0.01376107
-0.0148799
-0.01543672
-0.01486783
-0.01371912
-0.01266732
-0.01176445
-0.01071509
-0.009467681
-0.00867206
-0.008489067
-0.008813859
-0.009169339
-0.00935162
-0.009961809
-0.0110941
-0.01180743
-0.01184603
-0.01162107
-0.01156863
-0.01184155
-0.01303283
-0.01467469
-0.01589223
-0.01736094
-0.02013286
-0.02280361
-0.02430616
-0.02466442
-0.02524623
-0.02710192
-0.0289826
-0.02957835
-0.0283945
-0.02679663
-0.02628863
-0.02620173
-0.02528065
-0.02364498
-0.02200568
-0.02060424
-0.01921749
-0.01759697
-0.01621959
-0.01543287
-0.01453554
-0.01314875
-0.01156937
-0.01018912
-0.009077781
-0.008079892
-0.007112416
-0.006235487
-0.005644711
-0.005697518
-0.005493464
-0.003991304
-0.001883133
-0.000177555
0.000427129
0.0006576229
0.001504502
0.002368354
0.002461318
0.002437518
0.002992192
0.004677173
0.006809144
0.008496764
0.009612993
0.01050867
0.01150735
0.01229587
0.01212977
0.01153684
0.01128568
0.01092983
0.009629591
0.005427726
0.0003851962
-0.002193766
-0.002238897
-0.001298574
-0.001047757
-0.001419002
-0.001550719
-0.001048449
-0.0001846219
0.0001346124
-0.0004584831
-0.001364093
-0.001799416
-0.001250107
-0.0005537957
-0.0005653321
-0.001030489
-0.00135883
-0.001303172
-0.001393993
-0.002205486
-0.003381804
-0.004455413
-0.005262622
-0.0059251
-0.006534077
-0.007037067
-0.007237782
-0.006803011
-0.005863785
-0.00484138
-0.003731875
-0.002078875
-0.0001590425
0.001428868
0.001712109
0.0009204676
0.0001911463
-0.0002306223
-0.0008846145
-0.002569981
-0.00533041
-0.007889852
-0.009630774
-0.01065233
-0.01199958
-0.01433084
-0.01653991
-0.01787965
-0.01853341
-0.01888854
-0.01894786
-0.01834138
-0.01682705
-0.01454848
-0.0120277
-0.0100147
-0.008407854
-0.006786079
-0.00449555
-0.001564967
0.0006252339
0.001932184
0.003158037
0.004352283
0.004867178
0.004466458
0.0036809
0.003579475
0.004092652
0.00464601
0.005184267
0.005959904
0.006940296
0.007994679
0.009066722
0.01049391
0.01253328
0.01388077
0.014084
0.01391808
0.0140092
0.01426891
0.01410547
0.01337507
0.01225254
0.01103729
0.009861894
0.008683879
0.007405383
0.005904954
0.004167176
0.002102434
-0.000178842
-0.00246011
-0.00432167
-0.005954719
-0.007798796
-0.00958122
-0.01083947
-0.01114525
-0.01083568
-0.01076273
-0.01070598
-0.01007878
-0.008806255
-0.00737744
-0.006439326
-0.005669412
-0.004574677
-0.004008488
-0.00426601
-0.004368987
-0.003727536
-0.002497875
-0.001460141
-0.0009185333
-0.0006136377
2.75443e-06
0.001353709
0.002050182
0.001212041
0.0005508768
0.0009398379
0.001866533
0.002215939
0.001674828
0.0009554056
0.0007805381
0.001555126
0.002414686
0.002553315
0.00253334
0.003051415
0.004551238
0.006226891
0.007099225
0.006953446
0.006047665
0.0046538
0.002753938
0.0001516527
-0.00253514
-0.004768113
-0.006253522
-0.007301735
-0.008029859
-0.00820404
-0.00775258
-0.007269572
-0.007153125
-0.007488508
-0.007084993
-0.005312236
-0.003523237
-0.002423419
-0.001384269
0.0002532673
0.002597237
0.00532668
0.007943605
0.009455224
0.01045615
0.01207727
0.01385026
0.01492321
0.01523625
0.01544159
0.01605124
0.01690795
0.01760673
0.01747881
0.01664557
0.01585685
0.0157041
0.01609392
0.0163166
0.01601537
0.01522544
0.01476573
0.01493696
0.01414511
0.01208207
0.0102672
0.009347682
0.008749034
0.007396216
0.005306481
0.003328729
0.001622791
-0.0003728687
-0.003796546
-0.008269064
-0.01287525
-0.01611819
-0.01778746
-0.02039268
-0.02395342
-0.0265513
-0.02773876
-0.0282108
-0.02859177
-0.02931636
-0.03048508
-0.03051042
-0.02863875
-0.02668998
-0.02554445
-0.02455139
-0.02334087
-0.02211536
-0.02105369
-0.02010657
-0.01917508
-0.01848574
-0.01832433
-0.01910207
-0.0200564
-0.01997
-0.01982253
-0.02069703
-0.02150703
-0.02123781
-0.01950469
-0.01723694
-0.01536534
-0.01454819
-0.01409008
-0.01308134
-0.01207758
-0.01177166
-0.01144137
-0.01054174
-0.009035891
-0.007266183
-0.005545996
-0.004381745
-0.003686836
-0.003291304
-0.003096542
-0.003030265
-0.002582856
-0.0018658
-0.001668194
-0.002188916
-0.003088805
-0.004182929
-0.005212218
-0.005582136
-0.005755045
-0.006283236
-0.006577802
-0.006170809
-0.005224703
-0.003887425
-0.002231334
-0.000859777
0.0001323268
0.001159429
0.001641603
0.001136771
0.001070839
0.002357728
0.004868249
0.007093205
0.008308491
0.009759403
0.01190257
0.01362563
0.01486517
0.01632153
0.0180423
0.01947736
0.02001172
0.02029855
0.02108648
0.02167961
0.02168646
0.02203147
0.02275074
0.02310264
0.02288357
0.02236073
0.02168396
0.02092048
0.02004629
0.0189118
0.01734898
0.01502079
0.01243279
0.01020572
0.00867264
0.007586609
0.006675923
0.005789942
0.005043959
0.004720044
0.004695748
0.004695199
0.004542977
0.004197326
0.003478307
0.00258999
0.001812694
0.000383912
-0.002079546
-0.003984898
-0.004999819
-0.006061843
-0.007667448
-0.009492924
-0.01077511
-0.01146459
-0.01182903
-0.01197963
-0.01197375
-0.01239862
-0.01329488
-0.01446493
-0.015989
-0.01797987
-0.02015158
-0.02223355
-0.02413942
-0.02601397
-0.02777757
-0.02842667
-0.02822769
-0.02803741
-0.02766157
-0.02664072
-0.02546248
-0.02433146
-0.02283243
-0.02113127
-0.01961169
-0.01826144
-0.01701925
-0.01608554
-0.01526041
-0.0143897
-0.01407439
-0.01431364
-0.01471098
-0.01498925
-0.01511869
-0.01486353
-0.01415002
-0.01308437
-0.01184742
-0.01054735
-0.009460191
-0.008577994
-0.007638431
-0.006627749
-0.005724728
-0.004956287
-0.004223814
-0.003446244
-0.002846841
-0.002672902
-0.00250684
-0.002049975
-0.001427089
-0.0008315558
-0.0002300899
0.0006984103
0.001968116
0.00326122
0.004440744
0.005619173
0.007085624
0.00871897
0.009674867
0.009958271
0.01013871
0.01084233
0.01217458
0.01396791
0.01540842
0.01581355
0.01552206
0.01492246
0.01389135
0.01220653
0.009830449
0.007922976
0.007029999
0.00588382
0.003462138
-0.0001162584
-0.002854657
-0.004277283
-0.006076748
-0.008755308
-0.01139865
-0.01294842
-0.01364464
-0.01459147
-0.01621696
-0.01816481
-0.0192607
-0.01939648
-0.01949728
-0.02013974
-0.02116131
-0.02160756
-0.02125321
-0.02052035
-0.01989853
-0.01954164
-0.01943259
-0.01942919
-0.01946728
-0.0196838
-0.02008293
-0.0193173
-0.01731825
-0.01587769
-0.01530558
-0.01464299
-0.01351624
-0.01217404
-0.01060739
-0.008999158
-0.007623823
-0.006325294
-0.003591479
-0.001475795
-0.0006357388
0.0001218079
0.001876913
0.004027661
0.005318898
0.005477608
0.005232452
0.006249396
0.008067981
0.009001633
0.008677579
0.007920714
0.007977414
0.008379821
0.007628733
0.005875601
0.004161633
0.003302209
0.002674173
0.001173695
-0.0003691895
-0.0007593366
0.0002364909
0.001325145
0.001131502
0.0006706423
0.00119793
0.002277783
0.002812364
0.002016336
0.000768562
-5.396463e-05
-0.0009163618
-0.001940005
-0.002401924
-0.002177298
-0.001770852
-0.00222447
-0.003284804
-0.004092032
-0.004344851
-0.004335092
-0.00448092
-0.004911146
-0.005610593
-0.006351765
-0.006937992
-0.007111842
-0.006959682
-0.006669577
-0.006295802
-0.0058347
-0.005701562
-0.005517353
-0.004624142
-0.003605735
-0.002961598
-0.002310785
-0.001362175
-0.0002164459
0.000950746
0.002141697
0.003691447
0.005553275
0.007478494
0.009544154
0.01164102
0.01325758
0.01444637
0.015476
0.01656369
0.0175585
0.01807091
0.01819405
0.01819184
0.01835642
0.01866275
0.01887167
0.01879961
0.01844922
0.0177459
0.01680046
0.01590272
0.01450863
0.01228278
0.01034491
0.009162337
0.008436786
0.007173346
0.005159664
0.004038887
0.004206529
0.004810188
0.004597981
0.003552465
0.003562035
0.004910709
0.006392391
0.006256026
0.004782741
0.003969397
0.004398227
0.005287265
0.005468351
0.004812636
0.003891582
0.003361778
0.00320786
0.001668441
-0.001450572
-0.004343447
-0.00563092
-0.005590109
-0.005717767
-0.006487193
-0.007293418
-0.007453485
-0.007089298
-0.007421653
-0.008344067
-0.00890936
-0.009092443
-0.009376144
-0.01003097
-0.01049672
-0.0101175
-0.009328988
-0.008765999
-0.008847513
-0.009249303
-0.009552875
-0.009800953
-0.009975331
-0.009651773
-0.009089116
-0.008681318
-0.008140348
-0.007515921
-0.007587495
-0.008103129
-0.008373548
-0.00785041
-0.006856967
-0.006154464
-0.005494888
-0.00433052
-0.002789757
-0.00194066
-0.002552132
-0.002751862
-0.001876485
-0.001586427
-0.002765328
-0.004602928
-0.004711516
-0.003487395
-0.002819688
-0.003156268
-0.003525165
-0.002910683
-0.001722676
-0.0008854607
-0.001257766
-0.001843941
-0.001251302
0.0001554135
0.001390776
0.001885626
0.001755637
0.001210345
0.0005544734
-0.0003917261
-0.002238469
-0.004013329
-0.004818693
-0.005473009
-0.006149198
-0.006132162
-0.005660037
-0.005515384
-0.006351842
-0.007240455
-0.007367045
-0.007435511
-0.008190975
-0.009589878
-0.01045875
-0.01013976
-0.008735218
-0.007893231
-0.008326001
-0.008023523
-0.006321732
-0.00421852
-0.002698928
-0.001899904
-0.001669255
-0.00118634
9.980158e-05
0.00238472
0.004816228
0.006529321
0.007430212
0.007985996
0.008542164
0.009255971
0.01001448
0.01024627
0.01000608
0.009999883
0.01030768
0.01041528
0.009316772
0.007682682
0.006806333
0.006880448
0.006863069
0.005460787
0.00379102
0.00320021
0.00324683
0.00293481
0.00196413
0.0009339297
0.0001622085
-0.0007077793
-0.002309672
-0.004695412
-0.006879893
-0.008108291
-0.008281368
-0.00809919
-0.008267793
-0.009227292
-0.01010973
-0.01013575
-0.00941051
-0.008671576
-0.008344077
-0.008141168
-0.007712205
-0.007018679
-0.006126576
-0.005104534
-0.004113394
-0.003045138
-0.001608888
0.0005575787
0.003005687
0.004626033
0.005598254
0.006598495
0.00754127
0.008595643
0.0101471
0.01156438
0.01261027
0.01390844
0.01521181
0.0161074
0.01736175
0.01889442
0.02005717
0.02079309
0.02155678
0.0226187
0.02350637
0.02402543
0.02456074
0.02512375
0.02555661
0.02620923
0.02704513
0.02773021
0.02823207
0.02862717
0.0288322
0.0291074
0.02955925
0.02943724
0.02889102
0.02865528
0.02886027
0.02927376
0.02985855
0.03025891
0.03015256
0.02926951
0.02785262
0.02645323
0.02595373
0.02602912
0.02584093
0.02477249
0.02324237
0.02217782
0.02155069
0.02072725
0.01896877
0.01714962
0.01652703
0.01651083
0.01625807
0.01587467
0.01638753
0.01799794
0.01919866
0.01938467
0.01930989
0.02069956
0.0227601
0.02364958
0.02363164
0.02388404
0.02496053
0.02610732
0.02656599
0.02617132
0.02571099
0.02580686
0.02555634
0.02466173
0.02415395
0.02464626
0.02570219
0.0258007
0.02477612
0.02357015
0.02370626
0.02413354
0.02294856
0.0211284
0.02015697
0.02023513
0.019822
0.018018
0.01575491
0.0142837
0.01388643
0.01312399
0.01163935
0.01075505
0.01093935
0.01147115
0.01081917
0.009750836
0.009899159
0.01047697
0.01043554
0.009979363
0.00987508
0.01039247
0.01122167
0.01169123
0.01110817
0.009792032
0.008605033
0.009218495
0.01050755
0.01042165
0.009629324
0.009656926
0.01110533
0.01257731
0.0128081
0.0127089
0.01332922
0.0146568
0.01562143
0.01576282
0.01617291
0.01707482
0.01777777
0.01817615
0.0184966
0.01850329
0.01836573
0.01850013
0.01896034
0.01969008
0.02086788
0.02194837
0.02225597
0.02166223
0.02091967
0.0211436
0.0217724
0.02182656
0.02113391
0.02045075
0.02034114
0.02009658
0.01926194
0.01822218
0.01795464
0.0190439
0.02008228
0.02028281
0.02029377
0.02055437
0.02088776
0.02107172
0.02113536
0.02122558
0.0212658
0.02097179
0.01951844
0.01794323
0.01783794
0.01870858
0.01937497
0.019393
0.01947137
0.02014216
0.02081833
0.02101722
0.02087502
0.0210482
0.02180623
0.02268503
0.02337759
0.02398324
0.02444431
0.02465649
0.02473067
0.02460126
0.02412231
0.02393442
0.02407695
0.02371086
0.02322087
0.02330165
0.02359059
0.02355996
0.02299565
0.02198355
0.0207994
0.02025146
0.02038955
0.02076355
0.02081645
0.02057791
0.02044815
0.02058856
0.02084869
0.02079181
0.02038781
0.020007
0.01993881
0.0202087
0.02042238
0.02027972
0.0196855
0.01913898
0.01905199
0.01910518
0.01889505
0.0183302
0.017679
0.01714201
0.01677798
0.01632495
0.01533561
0.01431976
0.01381233
0.01344963
0.01292555
0.01241467
0.01146489
0.009780253
0.008364056
0.007410038
0.005914512
0.003873618
0.001970686
0.0007286639
-0.0001566909
-0.001121674
-0.002172378
-0.00305603
-0.003444968
-0.003635763
-0.004161685
-0.004600783
-0.00443981
-0.003932602
-0.00342432
-0.002882841
-0.00287563
-0.003585105
-0.003418505
-0.002463875
-0.002233406
-0.002824808
-0.003316355
-0.002750434
-0.001817555
-0.001891267
-0.002659706
-0.003093127
-0.002492644
-0.001464786
-0.000841355
-0.0002271704
0.0009671778
0.002323053
0.003377001
0.004021497
0.004768421
0.005968351
0.007493485
0.008678034
0.008594473
0.008543346
0.009704004
0.01087599
0.01130605
0.01143044
0.01166907
0.01196055
0.01191664
0.01150193
0.01105316
0.01052098
0.009567903
0.007579518
0.005107104
0.003166747
0.002505083
0.002844581
0.002289442
0.0009146584
0.0003511692
0.0008299451
0.001361649
0.0005215296
-0.001211658
-0.002593526
-0.003050231
-0.002980798
-0.003530087
-0.004611821
-0.005403597
-0.005791913
-0.006152046
-0.006782637
-0.00721837
-0.006855834
-0.006167184
-0.005611602
-0.004844171
-0.003847728
-0.002984387
-0.002388291
-0.002123546
-0.002835304
-0.003768774
-0.003743475
-0.003349238
-0.003462068
-0.004386156
-0.005200315
-0.005017568
-0.004658782
-0.004811346
-0.004991523
-0.004574628
-0.003489288
-0.002741777
-0.002617874
-0.002378234
-0.001346448
0.0005767919
0.00228784
0.003074725
0.002960814
0.00288149
0.003453538
0.004537199
0.005610075
0.006222758
0.006173783
0.005662648
0.004457665
0.003070182
0.002293951
0.002354253
0.002687817
0.002318918
0.00144052
0.0007114662
-0.0001943809
-0.001794823
-0.00423456
-0.006721863
-0.008612871
-0.01031746
-0.01219908
-0.01398704
-0.01561919
-0.0171829
-0.01838442
-0.01935147
-0.02044567
-0.02096645
-0.02051242
-0.02061538
-0.02149661
-0.02204853
-0.02198965
-0.02182305
-0.0219837
-0.02243565
-0.02304735
-0.02370834
-0.02447901
-0.02576719
-0.02663478
-0.02585837
-0.02500339
-0.02539302
-0.02611887
-0.02594673
-0.02465155
-0.02325537
-0.02254275
-0.02320541
-0.02402425
-0.02348277
-0.02213588
-0.02109476
-0.0208014
-0.02082391
-0.02070625
-0.02027005
-0.01972665
-0.01946487
-0.01914795
-0.01818546
-0.01686937
-0.01561296
-0.01439775
-0.0133128
-0.01252681
-0.01151427
-0.01002124
-0.008168484
-0.006275942
-0.004463261
-0.002380218
-5.546313e-05
0.001524363
0.002375554
0.003177273
0.004227009
0.005378429
0.006621037
0.007688893
0.008253334
0.008376382
0.008223354
0.007740753
0.00725002
0.007052675
0.006718285
0.006066378
0.005500637
0.005151329
0.004910335
0.005095627
0.005678299
0.006128575
0.006332105
0.006500803
0.006629459
0.006769794
0.007231253
0.008148791
0.009336394
0.01007007
0.01021601
0.01019371
0.01029451
0.01044772
0.01043788
0.01022501
0.009930024
0.009511312
0.008863786
0.007940872
0.006836285
0.00555366
0.004173876
0.002751071
0.001150398
-0.0005442979
-0.002081341
-0.003396229
-0.004621902
-0.006059877
-0.007652882
-0.009148008
-0.01023252
-0.01094856
-0.01206613
-0.01344112
-0.01438179
-0.01502619
-0.0157449
-0.01645184
-0.0169351
-0.01713519
-0.01731386
-0.01768995
-0.01833104
-0.01870736
-0.01834722
-0.01791676
-0.01790398
-0.01807396
-0.01824253
-0.01851086
-0.01864848
-0.01870355
-0.01915053
-0.01972336
-0.0200156
-0.02038044
-0.0208815
-0.02092733
-0.02083363
-0.02111141
-0.02138755
-0.02130657
-0.02098454
-0.02089063
-0.02117991
-0.02133846
-0.02108294
-0.02053479
-0.01975611
-0.01878961
-0.01812885
-0.01768538
-0.01696142
-0.01596453
-0.01504194
-0.01459721
-0.01444588
-0.01421796
-0.01358726
-0.01274633
-0.01306213
-0.01420594
-0.01491024
-0.01493216
-0.01483838
-0.01506228
-0.01535671
-0.01532106
-0.01523156
-0.01532626
-0.01542623
-0.01537561
-0.01521738
-0.01510579
-0.0150501
-0.01491109
-0.0145087
-0.013909
-0.01374894
-0.01407816
-0.01452779
-0.01497157
-0.0154443
-0.01544134
-0.01482234
-0.01382169
-0.01317179
-0.01301971
-0.01293858
-0.01272868
-0.0125954
-0.01280504
-0.01334268
-0.01401507
-0.01443805
-0.01451263
-0.01475009
-0.0153498
-0.01605212
-0.01665872
-0.01724982
-0.01814546
-0.01921816
-0.02015551
-0.02114332
-0.02221418
-0.02254179
-0.02268563
-0.02373091
-0.02466661
-0.02478556
-0.02481085
-0.0253013
-0.02606558
-0.02637668
-0.02595476
-0.02543512
-0.02551645
-0.02612075
-0.02628434
-0.02565168
-0.02539307
-0.02555564
-0.02492349
-0.02323376
-0.0212138
-0.02019274
-0.01952784
-0.01782952
-0.01571258
-0.01426961
-0.01383305
-0.01297805
-0.01034985
-0.007409589
-0.005537224
-0.005084273
-0.004577828
-0.002672898
-0.0002724296
0.001115139
0.0006367781
-0.0001345666
0.0001928529
0.001226023
0.002046771
0.002276413
0.001901146
0.001172041
0.0008604683
0.0008751153
0.000528533
-0.0001069439
-0.0005933443
-0.0008597735
-0.0009934263
-0.00104227
-0.001382794
-0.002229572
-0.003561633
-0.004525917
-0.004671218
-0.004757612
-0.005190407
-0.005690924
-0.006094211
-0.006546182
-0.007312446
-0.008143266
-0.008721242
-0.009012834
-0.009215789
-0.009415688
-0.009773394
-0.01036598
-0.0110755
-0.01177387
-0.01244451
-0.01306973
-0.01383949
-0.01513596
-0.01627909
-0.016651
-0.01667921
-0.01696999
-0.01770442
-0.01899276
-0.02053714
-0.02174109
-0.02259753
-0.02338679
-0.02403946
-0.02439545
-0.02438679
-0.02423322
-0.02411031
-0.02402803
-0.02358916
-0.02243695
-0.02117725
-0.02022044
-0.01934814
-0.01871019
-0.01850245
-0.01824836
-0.01787251
-0.01772485
-0.01790708
-0.01826477
-0.0186624
-0.01888432
-0.01888046
-0.01895569
-0.01914386
-0.01924386
-0.01930032
-0.01935066
-0.0192452
-0.01903086
-0.01885036
-0.01884864
-0.0188579
-0.01846581
-0.01782844
-0.01730771
-0.01708402
-0.01696543
-0.01670354
-0.01607808
-0.01528982
-0.01481912
-0.0145722
-0.01421238
-0.0136215
-0.01288048
-0.01208859
-0.01157504
-0.01131499
-0.0108051
-0.01007911
-0.009516157
-0.009072613
-0.008655058
-0.008448875
-0.008478699
-0.008617274
-0.008711048
-0.008620847
-0.008284182
-0.008020263
-0.008097629
-0.008620206
-0.009309004
-0.009922504
-0.01040111
-0.0107539
-0.01087514
-0.0109889
-0.01124134
-0.01123504
-0.01103005
-0.01099747
-0.01095073
-0.01073996
-0.01074558
-0.0110454
-0.01141344
-0.01165947
-0.01174037
-0.01161393
-0.01137782
-0.01112391
-0.01084568
-0.01040632
-0.009621827
-0.008893298
-0.008531539
-0.008127864
-0.007477563
-0.006763051
-0.006207912
-0.005851695
-0.005659322
-0.005715013
-0.006051147
-0.005588586
-0.004215441
-0.003073438
-0.002583895
-0.002411539
-0.002303977
-0.002214958
-0.00210758
-0.002019081
-0.00197049
-0.001847096
-0.00170763
-0.00166634
-0.001127864
9.727632e-05
0.000493858
-0.0003555491
-0.001690841
-0.002177199
-0.001861772
-0.00188977
-0.002280663
-0.002275829
-0.001922284
-0.001562983
-0.001210461
-0.0007109362
-2.376945e-05
0.0006926786
0.001292604
0.001757435
0.00235169
0.003122896
0.003426725
0.003642751
0.004648182
0.006139125
0.007494365
0.008537735
0.009170453
0.009257381
0.009521276
0.01025464
0.01101598
0.01157809
0.01207085
0.0125476
0.01271893
0.01198759
0.01150296
0.01226324
0.01344822
0.01375279
0.01275161
0.01169479
0.01134987
0.01144173
0.01129614
0.01071859
0.01063849
0.01112134
0.01098409
0.0101648
0.009377504
0.009145498
0.009172129
0.008954435
0.008258161
0.007209361
0.006127393
0.005367221
0.005110943
0.005342722
0.005934682
0.00625211
0.00616007
0.005947701
0.00605098
0.00649109
0.006766934
0.006803508
0.006891648
0.006948225
0.006738339
0.006134214
0.005278402
0.004323779
0.003392867
0.002455313
0.001318911
0.0002095557
-0.0005064141
-0.001087533
-0.00180858
-0.002485037
-0.00312914
-0.003949009
-0.004726558
-0.005338906
-0.006065816
-0.006637391
-0.00652459
-0.006072467
-0.005807253
-0.006122465
-0.006922094
-0.007948605
-0.008461913
-0.008415245
-0.008444662
-0.008636041
-0.008587072
-0.008274412
-0.007909677
-0.007619396
-0.007145829
-0.006181379
-0.004993352
-0.003984655
-0.00367285
-0.003650569
-0.003247097
-0.002440223
-0.001596611
-0.0009347853
-0.0003887841
0.0001264035
0.0003500181
0.00042251
0.001530258
0.003231226
0.004279304
0.004674373
0.00504752
0.005557568
0.005959771
0.00603735
0.005890616
0.00572336
0.005682914
0.005722207
0.005720401
0.005437892
0.00498291
0.004774726
0.004919499
0.005286192
0.005477638
0.005499492
0.005764944
0.005937433
0.005488358
0.005411042
0.006047269
0.006418939
0.006130921
0.005464746
0.004734272
0.004160911
0.004022028
0.004149343
0.00439135
0.005053843
0.005999663
0.006462596
0.006343013
0.005961615
0.005996808
0.006508689
0.007025407
0.007102851
0.006710778
0.006745674
0.007300584
0.007416618
0.007179747
0.007171881
0.007200015
0.006892294
0.006155576
0.005344595
0.004725493
0.004268476
0.0037623
0.003089441
0.00273831
0.003009388
0.003353517
0.003290919
0.002650863
0.001762077
0.0009260386
0.000243806
-0.0002533442
-0.000517441
-0.0008875354
-0.001584498
-0.002606939
-0.003565809
-0.004099593
-0.004139048
-0.004039493
-0.004519599
-0.005263855
-0.005566975
-0.005718293
-0.006172601
-0.007041173
-0.007930455
-0.008485107
-0.008923572
-0.009409424
-0.009713199
-0.009508572
-0.008629207
-0.007871696
-0.007669476
-0.007745821
-0.007550974
-0.006938565
-0.006132716
-0.005566395
-0.005734507
-0.005881254
-0.005371963
-0.005177781
-0.005691153
-0.006071898
-0.006050933
-0.005976614
-0.006047212
-0.006125274
-0.005971217
-0.005747272
-0.005733496
-0.006157755
-0.006394776
-0.005343243
-0.003808003
-0.002924309
-0.002710992
-0.002412333
-0.001591263
-0.0007100374
-7.260044e-05
0.001200147
0.002906004
0.004101088
0.004171456
0.003376013
0.003252803
0.00387545
0.004269169
0.004109684
0.003772561
0.003756246
0.003856212
0.003687267
0.004052738
0.005135793
0.005735507
0.005593173
0.005358077
0.005653333
0.006343304
0.006889059
0.007045521
0.006928644
0.00699245
0.007340804
0.007704148
0.008394954
0.009945283
0.01155999
0.01251507
0.01278462
0.0130642
0.01375765
0.01472581
0.01567591
0.01648915
0.01716573
0.01777683
0.01851297
0.01924314
0.0195349
0.01973455
0.02023262
0.02054022
0.02049811
0.02038832
0.02013227
0.01957777
0.01909433
0.01866688
0.01794216
0.01684813
0.01560924
0.01445107
0.01356307
0.01309342
0.01303404
0.01310875
0.01290499
0.01202961
0.01032329
0.009250244
0.009569189
0.01084533
0.01160849
0.011247
0.01044483
0.009961249
0.01007985
0.01028466
0.01015406
0.009892116
0.009514185
0.008550261
0.007730554
0.007764705
0.008161998
0.008008767
0.006952983
0.005910491
0.005528916
0.005662923
0.005734646
0.005468179
0.005187172
0.005071016
0.004642188
0.003940289
0.003463512
0.003855523
0.004816576
0.005360918
0.005143859
0.004440514
0.004469495
0.005186458
0.005203184
0.004773565
0.004915899
0.006108237
0.007700433
0.008519788
0.008440259
0.00803743
0.007795903
0.007711163
0.007666134
0.007425527
0.006920764
0.006339192
0.005621198
0.004562193
0.003892351
0.004035853
0.004125116
0.003430416
0.001979065
0.0007562077
0.0001550136
-0.0001261236
-0.0003055534
-0.0002373689
9.011003e-05
0.000533102
0.0009313372
0.001616208
0.003033998
0.005012589
0.006757808
0.007253114
0.006771972
0.005947621
0.006028819
0.006855589
0.007017506
0.006485491
0.006121532
0.006584119
0.007405025
0.0074617
0.006695828
0.005764962
0.005380534
0.005208108
0.004439475
0.003618192
0.003507969
0.003853888
0.004005237
0.003682723
0.00284143
0.001573198
0.0003259765
-0.0008339582
-0.002032437
-0.002369391
-0.001667586
-0.0005564358
-4.158965e-05
-0.0006755013
-0.001559286
-0.001854077
-0.001436076
-0.001106552
-0.001454251
-0.002141644
-0.002581864
-0.002463549
-0.001935728
-0.001271067
-0.0007531233
-0.0003112726
0.0003387298
0.001598013
0.003431573
0.004789044
0.005260075
0.005215658
0.005336502
0.00572827
0.0056297
0.005229449
0.00555988
0.006417528
0.00704678
0.00706729
0.006989741
0.007367622
0.007715102
0.0075433
0.007272058
0.007417801
0.008082904
0.008902228
0.009551286
0.009456421
0.00947848
0.0107716
0.0122532
0.01290323
0.01272528
0.01237744
0.01223324
0.01224827
0.01221734
0.01205277
0.01167738
0.01109018
0.01099786
0.01163952
0.01260147
0.01311646
0.01295112
0.01244061
0.01190608
0.0114394
0.01082828
0.009952451
0.009080122
0.008312429
0.007493289
0.006325122
0.004808911
0.003598882
0.002941902
0.002649705
0.002645452
0.003049779
0.003867436
0.004601436
0.004788547
0.00488413
0.005279931
0.00583211
0.006295176
0.006627695
0.006886338
0.007131806
0.007356106
0.007578568
0.007846608
0.008193761
0.008718203
0.009628904
0.01080469
0.01208323
0.01333068
0.01442133
0.01514942
0.01575782
0.01647851
0.01700754
0.01709887
0.01680865
0.01668971
0.01710016
0.01820153
0.0194888
0.01994448
0.01930838
0.01812683
0.01761953
0.01806311
0.01931387
0.02000994
0.01940072
0.0182982
0.01789673
0.01855453
0.01892605
0.01817822
0.01697584
0.01606569
0.01549207
0.0150047
0.01439788
0.01347627
0.01222617
0.01074637
0.009607859
0.008853648
0.007929281
0.006762303
0.005650224
0.004805209
0.004201378
0.003752443
0.003228213
0.002564397
0.002106941
0.002053038
0.002471083
0.002362704
0.001284643
0.0009254804
0.001552081
0.002075805
0.001797144
0.00103078
0.001033982
0.00165621
0.001943874
0.001959951
0.002249495
0.003434877
0.00473546
0.00500987
0.004406578
0.003742962
0.003671094
0.003789087
0.003511858
0.003399527
0.004001225
0.005278111
0.006139301
0.005747508
0.005158902
0.005113593
0.0050997
0.004566186
0.003548776
0.002371571
0.001119447
-0.0003929378
-0.002023139
-0.003409857
-0.003814924
-0.003678914
-0.003908571
-0.005078812
-0.006944209
-0.00821801
-0.008536028
-0.008394331
-0.008580985
-0.009190931
-0.009640214
-0.009572149
-0.00914732
-0.009336497
-0.01023765
-0.01096146
-0.01142917
-0.01215156
-0.0128299
-0.01303474
-0.0126991
-0.01266845
-0.01342922
-0.0143172
-0.01473544
-0.01461037
-0.01465682
-0.01517723
-0.01511599
-0.0143914
-0.01373614
-0.01270447
-0.01289013
-0.0140811
-0.01353252
-0.01154242
-0.009895393
-0.008993899
-0.008021494
-0.006372321
-0.004742357
-0.003852546
-0.003727994
-0.003301313
-0.001694269
-0.0001491235
0.0003518281
0.0006395364
0.001297517
0.001996043
0.002214726
0.001997021
0.001749256
0.001681732
0.001765131
0.002028839
0.002388077
0.002610196
0.002497905
0.002051113
0.002320818
0.003415704
0.004241282
0.004029391
0.002795112
0.002026154
0.002239615
0.002590263
0.002013996
0.0006083002
0.0002232792
0.00107345
0.002162774
0.002474712
0.002073377
0.002381541
0.003426714
0.004073244
0.004039461
0.003929964
0.004791263
0.005721142
0.005226672
0.004353721
0.004442933
0.005660299
0.006663415
0.006344109
0.005463074
0.005099694
0.006072036
0.00767758
0.008903756
0.009415244
0.009676409
0.01026838
0.0110603
0.01160497
0.01185261
0.01202084
0.01225297
0.0122026
0.01143649
0.01027746
0.009259514
0.008690255
0.008442715
0.008374579
0.008128699
0.007806096
0.00796674
0.008442914
0.008729276
0.008496802
0.008068156
0.008110096
0.008366548
0.008244588
0.00777541
0.007306784
0.007017871
0.006678798
0.006078925
0.005277921
0.004449142
0.003726808
0.003112793
0.002602548
0.002577008
0.003063922
0.003659408
0.004239645
0.004869231
0.005059827
0.004780048
0.004629649
0.005146832
0.006233996
0.006999968
0.007103655
0.006798011
0.006539615
0.006453203
0.006347075
0.006282993
0.006740224
0.007601334
0.008347409
0.008046947
0.007110291
0.006452269
0.006306645
0.006336648
0.00617365
0.005883485
0.005756572
0.005289015
0.004207078
0.00384038
0.004350979
0.004879162
0.004437809
0.003129992
0.002830896
0.00362839
0.004230066
0.003963102
0.003219429
0.002992766
0.0035627
0.004567674
0.004735386
0.003578822
0.001979031
0.000721142
-0.000182628
-0.0007359837
-0.0009490841
-0.001369084
-0.00227649
-0.003417387
-0.003265973
-0.001682245
3.703775e-05
0.0008688165
0.0007098415
0.0004409117
0.0005741785
0.0009871745
0.001129804
0.0007495859
0.0007720142
0.001545587
0.002400231
0.002534074
0.001742792
0.001343702
0.001764285
0.001766662
0.001310044
0.001361264
0.001880289
0.002236151
0.001558042
0.0006446841
0.0007596957
0.001661225
0.002497069
0.002273118
0.001402995
0.000768186
0.0008287161
0.001323765
0.001335642
0.001175499
0.002135694
0.003694167
0.004710444
0.004590124
0.003895294
0.003628053
0.003602398
0.003024257
0.00154125
-0.0003835639
-0.002038751
-0.003531915
-0.005212085
-0.006093873
-0.006007059
-0.006097829
-0.006994712
-0.00843128
-0.008855757
-0.008117857
-0.007878347
-0.008564476
-0.009375372
-0.009664896
-0.009573899
-0.009509038
-0.009679872
-0.01000394
-0.009988065
-0.009628909
-0.009700288
-0.01000111
-0.009783209
-0.009347803
-0.009213464
-0.009295169
-0.009253887
-0.008901085
-0.008745454
-0.009044279
-0.008820064
-0.007783036
-0.006247193
-0.005259847
-0.00515832
-0.004444699
-0.00264997
-0.0008727596
-0.0001737154
-0.0004571465
-0.000519474
6.667737e-05
0.0008470533
0.001299011
0.001410902
0.001949211
0.002940521
0.002925716
0.002016324
0.001381416
0.001549626
0.001989553
0.001664375
0.001074744
0.001341673
0.002249749
0.003034251
0.002873624
0.002321562
0.002317343
0.002870805
0.003449424
0.003340849
0.00279957
0.002459949
0.002254679
0.001906366
0.001849568
0.002019594
0.001882216
0.001415977
0.0008803462
0.0001622058
-0.0006330192
-0.0009344524
-0.0008896211
-0.0009399824
-0.001252326
-0.001833797
-0.002861894
-0.00401337
-0.004890706
-0.005157272
-0.005056095
-0.005165615
-0.005259442
-0.004785768
-0.004179143
-0.003823344
-0.003377406
-0.002802711
-0.002399907
-0.002066659
-0.001691496
-0.001616883
-0.001841767
-0.002098519
-0.002244578
-0.002301852
-0.002174292
-0.002132217
-0.002510974
-0.002854641
-0.002721141
-0.002082662
-0.001315967
-0.0006625037
-0.000251572
-0.0001145126
-0.0003360722
-0.0008024067
-0.001474236
-0.002163733
-0.002754506
-0.003416131
-0.00390571
-0.003458776
-0.002953705
-0.003356346
-0.004260148
-0.004946192
-0.005144919
-0.00509624
-0.005021282
-0.005237795
-0.005805712
-0.006612823
-0.006916832
-0.006168136
-0.005650214
-0.00600058
-0.006316874
-0.006169256
-0.005952508
-0.006006084
-0.006269517
-0.006555418
-0.006664917
-0.006524208
-0.006631222
-0.007139489
-0.006994184
-0.006468645
-0.006647635
-0.007370785
-0.008022118
-0.008407594
-0.008694327
-0.008954553
-0.008778886
-0.008003
-0.007479482
-0.007667507
-0.008631263
-0.009423478
-0.009482946
-0.009533888
-0.01002556
-0.01058128
-0.01089974
-0.01103934
-0.01111844
-0.01122734
-0.01145512
-0.01130143
-0.01028466
-0.009521676
-0.009545067
-0.009529151
-0.009064756
-0.008487673
-0.008201207
-0.008179186
-0.008146374
-0.007752831
-0.006890255
-0.006502267
-0.006740296
-0.00663868
-0.006007267
-0.005411332
-0.005922195
-0.007069966
-0.007024412
-0.006027716
-0.005346208
-0.005797433
-0.006577639
-0.006057876
-0.005045516
-0.004943261
-0.005784504
-0.006486665
-0.005841051
-0.00469939
-0.004258199
-0.004610129
-0.004951636
-0.004673777
-0.004397832
-0.004759563
-0.005400475
-0.00547809
-0.004554922
-0.003403855
-0.002748551
-0.003217805
-0.004155833
-0.004673669
-0.004746753
-0.004744596
-0.004632992
-0.004446938
-0.004326743
-0.004275589
-0.00410671
-0.003232004
-0.002038945
-0.001340743
-0.001474357
-0.001974821
-0.002063731
-0.001875937
-0.001956076
-0.002169282
-0.002096617
-0.001493878
-0.001318107
-0.002561333
-0.004362554
-0.005595323
-0.005871017
-0.006036731
-0.006757963
-0.007496219
-0.007793735
-0.007930228
-0.00853641
-0.009653957
-0.009857669
-0.008965085
-0.008325333
-0.008514209
-0.00908602
-0.009490478
-0.009511444
-0.0090719
-0.008736789
-0.008874341
-0.009114463
-0.009147047
-0.009011949
-0.008432121
-0.007220781
-0.005765497
-0.004904673
-0.005119671
-0.004862549
-0.003305627
-0.00223115
-0.002291551
-0.002603857
-0.001999076
-0.0005392438
-0.0001961463
-0.0008848989
-0.001111671
-0.0004968041
0.0003821779
0.0008626582
0.000950369
0.000965087
0.001043581
0.001158721
0.001403044
0.001794908
0.002291664
0.002743906
0.003027623
0.003037207
0.002967811
0.002999225
0.003092796
0.003184395
0.003326996
0.003382081
0.003222134
0.002853606
0.002407682
0.002045657
0.001613536
0.001022989
0.0007906586
0.0009222735
0.001037666
0.000742667
8.21168e-05
-0.0002272561
-0.0001132456
-6.512946e-05
-0.0006910604
-0.001793996
-0.002436643
-0.002405956
-0.002088936
-0.001977945
-0.002101576
-0.00220089
-0.002107428
-0.001940137
-0.002510479
-0.00363469
-0.004016651
-0.003651399
-0.003283706
-0.003158187
-0.003132392
-0.003212805
-0.003226036
-0.002979551
-0.002234646
-0.001060326
0.0005491285
0.001464543
0.001022617
0.0002766737
0.0004282672
0.001703548
0.002591605
0.002297581
0.001809018
0.001983407
0.002650579
0.002448222
0.00118283
0.0001384622
7.114256e-05
0.0007633646
0.00100427
0.000725578
0.00114332
0.002098061
0.00263433
0.002447637
0.001977853
0.001708407
0.001365918
0.0006747631
0.0005669316
0.001415269
0.002626202
0.002886192
0.001903067
0.001300738
0.001647033
0.002285862
0.002349623
0.001846185
0.0019967
0.002533402
0.002312092
0.001844714
0.002037093
0.003151261
0.004112347
0.003851623
0.002747921
0.002174862
0.003574095
0.005465135
0.006120582
0.005623805
0.005086746
0.005059608
0.005270431
0.0054515
0.006198491
0.006942733
0.00663716
0.005974434
0.005840212
0.006538355
0.007158162
0.006777002
0.005747708
0.004781991
0.004118812
0.003386971
0.002301573
0.001640978
0.001867587
0.002741884
0.003214167
0.002575266
0.001442217
0.0005921838
0.000248977
-7.006386e-05
-0.0006450658
-0.001525647
-0.001471464
-0.001698551
-0.001949441
-0.001725258
-0.001033862
-0.0005032165
-0.0008394287
-0.001289931
-0.001051035
-0.0004726097
-0.0004702282
-0.001856116
-0.003116821
-0.002943224
-0.002202095
-0.002135446
-0.002900079
-0.002979912
-0.002036922
-0.001843678
-0.002549486
-0.002939342
-0.002521175
-0.001894317
-0.002269294
-0.003260781
-0.003720993
-0.003138694
-0.002461936
-0.003334671
-0.004806542
-0.005192279
-0.004511985
-0.003957778
-0.004552523
-0.00525087
-0.005043087
-0.005158365
-0.006008285
-0.00618063
-0.005247252
-0.003953331
-0.003703065
-0.004387699
-0.004698731
-0.004178966
-0.003420974
-0.003558047
-0.004346688
-0.004841801
-0.004999043
-0.0052173
-0.005262945
-0.004826481
-0.003862627
-0.003174269
-0.00316638
-0.003265221
-0.003074134
-0.002886409
-0.003029185
-0.003332848
-0.003372278
-0.002717115
-0.001908792
-0.001478252
-0.001109822
-0.0003174578
0.00120985
0.00280847
0.003844948
0.004245239
0.00449223
0.004885625
0.005338305
0.005713558
0.006162004
0.006579841
0.006577366
0.006013841
0.005106698
0.004477935
0.004163058
0.003834322
0.003507442
0.003362125
0.003303292
0.003242554
0.003225558
0.003135893
0.00286537
0.002511965
0.002157016
0.001751054
0.001466584
0.00144272
0.001529719
0.001567242
0.001549651
0.001551547
0.001526669
0.001045266
0.00031853
-5.770077e-05
9.550322e-05
0.0004962353
0.0005116554
0.0002534657
0.0002843679
0.0005493767
0.0007258759
0.0008868094
0.001205143
0.001815329
0.002703664
0.003659104
0.003935579
0.003804582
0.004078079
0.004476497
0.004452089
0.004339673
0.004362452
0.004301446
0.004199594
0.00418544
0.003998403
0.00374571
0.003879318
0.00407826
0.003910969
0.003582443
0.00327846
0.002832927
0.002523774
0.002557769
0.002344191
0.001816841
0.00145678
0.001347274
0.001266289
0.00112832
0.001004153
0.001011546
0.001239131
0.001619967
0.001768272
0.001788418
0.002133996
0.00257015
0.002716733
0.00272971
0.002798192
0.002850292
0.002703971
0.002347369
0.002093329
0.00209308
0.002354033
0.002373641
0.001954302
0.001947793
0.002484045
0.003019802
0.003154245
0.002960799
0.002797424
0.002781715
0.002783796
0.002908746
0.003093073
0.002162723
0.0007695425
0.0007801103
0.001779769
0.002497526
0.002773658
0.002742093
0.001966123
0.001035082
0.0005550353
2.898411e-05
-0.0006934377
-0.0008599719
-0.0008673233
-0.001390727
-0.002198481
-0.002853895
-0.003253931
-0.003684407
-0.004274575
-0.004425217
-0.00396274
-0.003343527
-0.00317297
-0.003667272
-0.004101833
-0.004043916
-0.003690549
-0.003410253
-0.003271786
-0.00309555
-0.00278321
-0.002388085
-0.001816999
-0.0009711483
-0.00055954
-0.0007129257
-0.0005658338
0.0002094265
0.001286872
0.00185165
0.001635027
0.001067213
0.0006140458
0.0003243867
-0.0002079872
-0.001051425
-0.001155378
-0.0006582205
-0.0005701835
-0.001312446
-0.002430965
-0.002656767
-0.002200397
-0.002149063
-0.00281838
-0.003751064
-0.004275515
-0.00459927
-0.005435364
-0.006246994
-0.006336949
-0.006043788
-0.006057791
-0.006793376
-0.007504589
-0.007606996
-0.007750685
-0.00834888
-0.009022716
-0.009358444
-0.009395215
-0.00966528
-0.01019866
-0.01046464
-0.01033345
-0.009973254
-0.009479179
-0.00894043
-0.0085365
-0.008566847
-0.009253876
-0.009888233
-0.01007433
-0.01001466
-0.01025969
-0.01106461
-0.01164732
-0.01160852
-0.01118894
-0.011063
-0.01165863
-0.0126078
-0.01344883
-0.01403799
-0.0142734
-0.01402094
-0.01377214
-0.01378692
-0.0138374
-0.01378347
-0.01372495
-0.01363787
-0.01343136
-0.01298331
-0.01241143
-0.0118897
-0.01151695
-0.01128185
-0.01115463
-0.01099395
-0.0106209
-0.01006848
-0.009472163
-0.008997551
-0.008613947
-0.008223034
-0.007864856
-0.00759468
-0.007255666
-0.006842835
-0.006562677
-0.0063465
-0.006039993
-0.005720093
-0.005479348
-0.005299778
-0.005092488
-0.004821532
-0.004529447
-0.00423575
-0.003902535
-0.003386079
-0.002546284
-0.001548013
-0.0006455629
-2.159112e-05
0.0005188839
0.001200666
0.002085293
0.002983393
0.003429356
0.003657781
0.004182495
0.004947872
0.005630942
0.00594426
0.00614236
0.006602848
0.007319826
0.008041576
0.00826401
0.008121199
0.008042673
0.008338728
0.008999904
0.009931484
0.01079481
0.01121254
0.01117158
0.01089369
0.01073504
0.01074398
0.01079253
0.01061836
0.01015099
0.009602337
0.00923771
0.009253711
0.009498384
0.009699535
0.009304197
0.008474501
0.007973577
0.007796423
0.007505807
0.006925185
0.00624776
0.005737683
0.005262446
0.00464519
0.004153491
0.00402294
0.00428195
0.004391276
0.00400532
0.003270051
0.002544255
0.002138384
0.001982404
0.001936189
0.001927358
0.001865031
0.001557945
0.001237477
0.001214698
0.001537794
0.001922422
0.001996051
0.00181293
0.001574026
0.001443432
0.001315992
0.0009247043
0.0005637494
0.0006365279
0.0007428685
0.0005683744
0.0002926889
0.0001836754
0.000302438
0.0004511464
0.0004219295
8.611188e-05
-0.0003607182
-0.0007352728
-0.001007337
-0.001258906
-0.001552851
-0.00163469
-0.001265166
-0.001168295
-0.001586173
-0.001922364
-0.001781351
-0.001268559
-0.001197464
-0.001700184
-0.002133338
-0.002420378
-0.002923815
-0.003315518
-0.003331957
-0.003132564
-0.003091456
-0.003334233
-0.003307858
-0.002858043
-0.002436531
-0.002249486
-0.002153864
-0.00190279
-0.001548175
-0.001379442
-0.001353327
-0.001253906
-0.0009301117
-0.0005045842
-0.0002360031
-4.939675e-05
0.0002348748
0.0003964532
0.000378924
0.0006177469
0.00106484
0.001341233
0.001284133
0.001092677
0.001113445
0.001422788
0.001892547
0.002145411
0.002122637
0.002037915
0.002175569
0.002635023
0.003002265
0.00306478
0.002910862
0.002807793
0.002890013
0.002947259
0.002843662
0.002646146
0.002364778
0.001958274
0.001784138
0.001904763
0.001926176
0.001715271
0.001447409
0.001418097
0.001593202
0.001627886
0.0014515
0.001227183
0.001115141
0.00109269
0.001036417
0.0009954745
0.001098002
0.001230621
0.001258872
0.001051609
0.0008272208
0.0008479945
0.0009409075
0.0009028985
0.0007033878
0.0005025446
0.0004263802
0.0004060696
0.0003673207
0.0003953734
0.0004716982
0.0005147327
0.0006191923
0.000806638
0.0008828063
0.0008359605
0.0007966461
0.0008618703
0.0009995868
0.001159654
0.001297178
0.001391819
0.001442099
0.001470938
0.001498717
0.001523895
0.001536054
0.001532439
0.001516931
0.001478584
0.001456057
0.001494016
0.001538156
0.001545103
0.001522288
0.001482838
0.001418773
0.001322566
0.001244123
0.001282376
0.001396328
0.001509069
0.001558826
0.001575508
0.001635725
0.001750931
0.001887935
0.00198171
0.00203888
0.002127231
0.002246535
0.002353884
0.002410599
0.002431441
0.002458261
0.002488576
0.002496102
0.002495762
0.002504651
0.002518181
0.002518708
0.002496278
0.002464495
0.002434802
0.002404989
0.002367558
0.002319759
0.002277211
0.002244448
0.002209362
0.002153482
0.002068221
0.001986838
0.001923603
0.001859524
0.001794232
0.001741598
0.00168809
0.001632439
0.001598521
0.001574772
0.001535436
0.001470721
0.001394598
0.001326181
0.001281064
0.001257066
0.001232539
0.001202906
0.001182279
0.001188222
0.001219258
0.001248577
0.001259539
0.001248662
0.001241835
0.00125113
0.001237531
0.001199333
0.001183791
0.001173982
0.001139956
0.001122674
0.001134459
0.001133801
0.001112685
0.00109219
0.001092322
0.00110626
0.001114098
0.00111588
0.001123125
0.00114974
0.001179036
0.001171063
0.001137219
0.001107294
0.001091916
0.001087273
0.001095244
0.001100619
0.001092362
0.001073574
0.001052162
0.001032193
0.001020179
0.001017016
0.001012346
0.001001446
0.000986524
0.0009679659
0.0009460869
0.0009294974
0.0009191823
0.0009081215
0.0008892214
0.0008627282
0.0008335103
0.0008096773
0.0008018367
0.0008031979
0.0008031977
0.0007979472
0.0007876276
0.0007694262
0.0007522574
0.0007427709
0.0007365091
0.0007271333
0.0007121882
0.0006986618
0.0006911913
0.000685413
0.0006761673
0.0006614737
0.0006459228
0.0006329791
0.0006210386
0.0006080557
0.0005939854
0.0005816478
0.0005723707
0.0005640002
0.0005540009
0.0005408876
0.0005247636
0.0005072529
0.0004927227
0.0004790651
0.000460427
0.0004436588
0.000435189
0.0004303037
0.0004231414
0.0004125532
0.0004012681
0.0003912901
0.0003830704
0.0003756497
0.0003685875
0.000360522
0.0003507989
0.0003399158
0.0003308127
0.000327021
0.0003237254
0.0003162833
0.0003054267
0.0002948122
0.0002861669
0.0002784545
0.000270396
0.0002617375
0.0002532653
0.0002457518
0.0002387567
0.0002315634
0.0002237465
0.0002163585
0.0002108656
0.0002050095
0.0001971946
0.000189888
0.0001842807
0.0001796751
0.000174488
0.0001683525
0.0001625294
0.0001572805
0.0001518414
0.0001463365
0.0001412135
0.0001364383
0.0001315558
0.0001261791
0.0001205247
0.0001149531
0.0001097145
0.0001046084
9.93465e-05
9.407277e-05
8.894427e-05
8.367555e-05
7.838965e-05
7.346652e-05
6.866663e-05
6.372007e-05
5.887187e-05
5.412972e-05
4.929875e-05
4.444049e-05
3.967962e-05
3.507733e-05
3.058475e-05
2.614292e-05
2.170053e-05
1.726418e-05
1.288261e-05
8.615005e-06
4.476866e-06
4.109739e-07
-3.604435e-06
-7.499169e-06
-1.138764e-05
-1.540489e-05
-1.94771e-05
-2.350463e-05
-2.743971e-05
-3.131358e-05
-3.516491e-05
-3.901643e-05
-4.286245e-05
-4.669902e-05
-5.050631e-05
-5.427326e-05
-5.802705e-05
-6.177525e-05
-6.549655e-05
-6.918679e-05
-7.285505e-05
-7.650104e-05
-8.01233e-05
-8.372527e-05
-8.730875e-05
-9.087254e-05
-9.441021e-05
-9.792227e-05
-0.0001014144
-0.0001048896
-0.0001083459
-0.0001117759
-0.0001151801
-0.0001185657
-0.0001219317
-0.0001252735
-0.0001285913
-0.0001318866
-0.0001351596
-0.0001384098
-0.0001416369
-0.0001448404
-0.0001480204
-0.0001511773
-0.0001543109
-0.0001574208
-0.000160507
-0.0001635695
-0.0001666081
-0.0001696224
-0.0001726125
-0.0001755782
-0.0001785193
-0.0001814358
-0.0001843275
-0.0001871942
-0.0001900359
-0.0001928526
-0.000195644
-0.0001984101
-0.0002011507
-0.0002038659
-0.0002065554
-0.0002092192
-0.0002118572
-0.0002144694
-0.0002170556
-0.0002196157
-0.0002221496
-0.0002246574
-0.0002271388
-0.0002295939
-0.0002320225
-0.0002344245
-0.0002367999
-0.0002391487
