-0.002305143
-0.002300164
-0.002295249
-0.002290413
-0.002285633
-0.002280937
-0.002276307
-0.002271773
-0.00226735
-0.002263083
-0.002258936
-0.002254852
-0.002250674
-0.002246461
-0.002242247
-0.002238026
-0.002233661
-0.002229093
-0.002224224
-0.002219389
-0.002215572
-0.002212829
-0.002210373
-0.002207972
-0.002205949
-0.002204511
-0.002203645
-0.002202222
-0.002196622
-0.0021872
-0.002175917
-0.002162
-0.00215052
-0.002151126
-0.002159186
-0.00216776
-0.002179639
-0.00218642
-0.002176053
-0.00215801
-0.002145569
-0.002143921
-0.002145616
-0.002142957
-0.002136365
-0.002130097
-0.002126022
-0.002122889
-0.002119809
-0.002122803
-0.002134552
-0.002149398
-0.002163403
-0.002175423
-0.002168148
-0.002136311
-0.002098858
-0.002067185
-0.002040761
-0.002045959
-0.002090744
-0.002143301
-0.002155523
-0.002093255
-0.002003426
-0.00193199
-0.001875553
-0.001833462
-0.001854279
-0.001920137
-0.001980649
-0.002023952
-0.002045248
-0.002000523
-0.001913159
-0.001827176
-0.001697047
-0.001556887
-0.001611529
-0.001821189
-0.0020247
-0.00224129
-0.002499624
-0.002663432
-0.002606436
-0.002325234
-0.001919471
-0.00151606
-0.00128933
-0.001295279
-0.001545951
-0.001849403
-0.002031732
-0.002019206
-0.001945075
-0.001941392
-0.001998112
-0.002045842
-0.002057426
-0.002053966
-0.002056116
-0.002001266
-0.001835144
-0.001631928
-0.001513688
-0.001611714
-0.001821995
-0.001999959
-0.002203684
-0.002347719
-0.002204537
-0.001803868
-0.001293713
-0.0009527894
-0.0009458172
-0.001374001
-0.002044776
-0.002658751
-0.002678697
-0.002253943
-0.001908489
-0.001694278
-0.00140554
-0.001388432
-0.001820406
-0.002348766
-0.002683653
-0.002789544
-0.002560609
-0.002045578
-0.001530324
-0.001188576
-0.001021036
-0.0009629552
-0.0009962418
-0.001035242
-0.001043009
-0.001055554
-0.001254446
-0.001738638
-0.002298059
-0.002714681
-0.002927584
-0.002885465
-0.002558411
-0.002185351
-0.001906247
-0.00166553
-0.001376585
-0.001030929
-0.0006705687
-0.0004620833
-0.0007334044
-0.001289879
-0.001766423
-0.002099259
-0.002340366
-0.002367384
-0.002266178
-0.0022065
-0.002213685
-0.002219095
-0.002183297
-0.002123718
-0.002049319
-0.001804509
-0.001353992
-0.0008723478
-0.0004799942
-0.0001816374
-0.0001569729
-0.0005430577
-0.001028291
-0.001384719
-0.001649216
-0.001691469
-0.001371564
-0.0009590756
-0.0005961205
-0.0001177539
-3.120561e-05
-0.0008273928
-0.00190973
-0.002767608
-0.003494995
-0.003647745
-0.002791467
-0.001663261
-0.0008615298
-0.0003058294
-8.687081e-06
-0.000300302
-0.0008439084
-0.001241439
-0.001493649
-0.001782573
-0.002181247
-0.002628879
-0.002883722
-0.002528001
-0.001815802
-0.001211402
-0.0007929496
-0.0004265404
-0.0002654608
-0.0002904194
-0.0003011983
-0.0002298364
-0.0001414608
-9.30904e-05
-7.658423e-05
-7.00583e-05
-0.0002654546
-0.0008050889
-0.001440298
-0.002014117
-0.002627263
-0.002839021
-0.002253986
-0.001434596
-0.0008616477
-0.0004842182
-0.0002739956
-0.0002970023
-0.0003651512
-0.0004594052
-0.0008802377
-0.001559661
-0.002256737
-0.003135555
-0.003826325
-0.002958024
-0.001016083
0.0006880375
0.001701587
0.002235025
0.001450492
-0.0006235837
-0.003113671
-0.004672191
-0.00478862
-0.003576763
-0.002081138
-0.001103698
-0.000953527
-0.001268574
-0.001389245
-0.001197111
-0.0009734801
-0.0009053565
-0.0009414627
-0.0009602462
-0.0007654597
-5.183119e-05
0.0004401071
-1.692276e-05
-0.0008509232
-0.001417409
-0.001711638
-0.002028629
-0.002502548
-0.003050657
-0.003265425
-0.002743856
-0.00193354
-0.001318692
-0.0008961342
-0.0004427883
0.0001356711
0.0007727167
0.001409495
0.002208465
0.002750763
0.001738824
-0.0003043731
-0.002167151
-0.003862876
-0.00473644
-0.003456704
-0.00125822
0.000374473
0.001412475
0.002197869
0.002249926
0.001813828
0.001496501
0.001414132
0.001334701
0.001113844
0.0008070932
0.0004571076
-0.0003935029
-0.001845168
-0.003336428
-0.003919866
-0.003294683
-0.002477793
-0.002124907
-0.002032414
-0.001805669
-0.001366661
-0.0008717072
-0.0001657382
0.001406045
0.003220381
0.00402621
0.002814129
-0.0001590188
-0.003893288
-0.006644341
-0.007277405
-0.004951209
-0.0009432861
0.003259144
0.006327258
0.007272383
0.006159749
0.004051156
0.002332071
0.001140116
-0.0001103034
-0.00157952
-0.002545821
-0.001689751
0.0002567824
0.001892834
0.002974635
0.003756146
0.002975605
0.0008771177
-0.001099826
-0.002482081
-0.003546088
-0.004218543
-0.004083836
-0.003006768
-0.001770825
-0.0008467416
-7.852859e-05
0.0002864849
-0.0003823734
-0.001499205
-0.002356455
-0.002916931
-0.003105907
-0.002811907
-0.002438277
-0.002244689
-0.002140721
-0.001968497
-0.001706432
-0.00142307
-0.0009068273
0.000124129
0.0003485379
-0.001249689
-0.003411673
-0.005314426
-0.007331957
-0.008554046
-0.007957369
-0.005127245
-0.001018193
0.003619714
0.00738606
0.009217824
0.007847325
0.004742367
0.002298079
0.0008189876
-0.0006834336
-0.002754012
-0.004696975
-0.00534978
-0.003718981
-0.0004187088
0.002714108
0.005090293
0.007310393
0.009879903
0.01195503
0.008879619
0.001463481
-0.006306252
-0.01175934
-0.0137021
-0.01189005
-0.007848909
-0.004347947
-0.001828321
0.001002209
0.003472944
0.00425587
0.004340158
0.004726814
0.005097052
0.005127043
0.004961844
0.004822697
0.004760026
0.004710156
0.004626789
0.004467417
0.003840595
0.002701016
0.001521517
0.0005455543
-0.0003434995
-0.001306272
-0.00235594
-0.00341754
-0.004436224
-0.005348502
-0.005794551
-0.005416665
-0.004028655
-0.00238876
-0.001004148
0.0006020321
0.002103622
0.001906727
0.0005091567
-0.0004361651
0.0006260198
0.002911571
0.004785277
0.00592112
0.006760327
0.007286159
0.007321499
0.006673393
0.005801411
0.004881817
0.003356043
0.001334757
-0.0008321178
-0.003934446
-0.006436904
-0.005465268
-0.000355632
0.008033918
0.01624494
0.01763125
0.01029985
0.0005519235
-0.008321934
-0.01283841
-0.01077663
-0.00634187
-0.003939872
-0.003171979
-0.002178528
-0.002490975
-0.005329502
-0.0101981
-0.01367148
-0.01008312
-0.001568313
0.006689524
0.01039359
0.00765347
0.001723605
-0.003455994
-0.005904276
-0.005679172
-0.002463119
0.002270543
0.007072652
0.008960715
0.006599446
0.003512755
0.002279535
0.002727265
0.005413757
0.01020412
0.01600982
0.02105488
0.02315005
0.021601
0.0160819
0.009714144
0.004663239
0.00041804
-0.003724194
-0.007602317
-0.010514
-0.01208906
-0.01225381
-0.01017116
-0.005281865
0.004081653
0.01564357
0.02556498
0.03059278
0.02600922
0.01113016
-0.004073101
-0.01049082
-0.006915418
0.004364759
0.01667797
0.02525609
0.02405918
0.0138779
0.003677351
-0.002604407
-0.007204235
-0.01044722
-0.01162063
-0.0103233
-0.008358695
-0.007047248
-0.006120027
-0.004957643
-0.003494871
-0.0007019164
0.004130678
0.00942264
0.01394727
0.01762038
0.02237914
0.03028224
0.03945999
0.04610631
0.04446132
0.02438528
-0.008326488
-0.03791663
-0.05163762
-0.04552929
-0.02682857
-0.002846747
0.02093194
0.03884135
0.04620158
0.04411058
0.03762366
0.03255629
0.0298863
0.02897896
0.029807
0.03193995
0.03368187
0.03022484
0.0165231
-0.002680419
-0.01918849
-0.02800033
-0.0292334
-0.02018225
0.00551575
0.04209942
0.0717342
0.08057133
0.06838435
0.04397127
0.0124682
-0.0138226
-0.0264815
-0.03085366
-0.02700289
-0.001870629
0.03516824
0.05629521
0.04682586
0.01916448
-0.003769664
-0.008170457
0.005442677
0.02578934
0.04046324
0.04285009
0.03318999
0.01054314
-0.02358165
-0.05379716
-0.05967104
-0.04522938
-0.01986404
0.01087941
0.03952514
0.05922219
0.06809246
0.06887923
0.06488996
0.05040301
0.01822792
-0.02390497
-0.05301696
-0.06179453
-0.0553725
-0.03973946
-0.01303553
0.02033268
0.04413184
0.04270541
0.02108255
-0.001535341
-0.007942041
0.001507157
0.01116305
0.01130694
0.004181326
-0.002348731
-0.004754622
-0.004951788
-0.005393312
-0.006414175
-0.007693984
-0.007777382
0.0002482952
0.01897409
0.03895313
0.05036156
0.04946708
0.03075237
-0.007985531
-0.05176367
-0.07699282
-0.07840668
-0.06449424
-0.03836475
0.004414343
0.05851591
0.1009279
0.1132549
0.1013584
0.07505942
0.03421974
-0.01032048
-0.03904002
-0.04815488
-0.04588848
-0.03635006
-0.02014914
-0.002741722
0.004381498
-0.005927186
-0.02588575
-0.03968216
-0.0350593
-0.01215876
0.0147425
0.03475111
0.04492417
0.04425401
0.03175392
0.01313202
0.001686933
0.003950944
0.01785676
0.04783363
0.08719343
0.1072914
0.1009314
0.06955727
0.01626541
-0.03797077
-0.07230624
-0.0841398
-0.07990676
-0.06384462
-0.02805229
0.0186714
0.04555552
0.04448563
0.03866085
0.04330028
0.05425931
0.06194062
0.06383392
0.0613272
0.04881563
0.02263897
-0.008283159
-0.02813913
-0.0347013
-0.03665288
-0.03347855
-0.01272171
0.02456993
0.05790988
0.06997977
0.05903735
0.02775847
-0.01934114
-0.07153018
-0.0952611
-0.08346653
-0.05917785
-0.03445729
0.001251302
0.04464245
0.0814285
0.09813337
0.09383989
0.07608995
0.05426954
0.02207328
-0.01949369
-0.06718944
-0.09705538
-0.09517779
-0.07898642
-0.06839358
-0.06556565
-0.0620876
-0.05194965
-0.03202303
-0.005681812
0.01967298
0.04178808
0.06133263
0.0743116
0.07783845
0.07142134
0.05168374
0.01098354
-0.0490587
-0.1013293
-0.1190269
-0.1032519
-0.07437032
-0.04813753
-0.01698414
0.02667086
0.06999802
0.08734604
0.07376332
0.0435868
0.01828783
0.004148743
-0.0008912194
0.002140422
0.007085119
0.009625572
0.0107842
0.01309823
0.01806039
0.0298251
0.05101739
0.07317914
0.08333566
0.07421109
0.03966909
-0.008352142
-0.05138632
-0.07976852
-0.08559715
-0.07456689
-0.0474956
-0.004078993
0.04151539
0.078048
0.1025865
0.1145928
0.1154104
0.107311
0.08880505
0.06066544
0.03126963
-0.006568127
-0.03484161
-0.03584606
-0.02650008
-0.02215618
-0.02748183
-0.04235495
-0.05844607
-0.06320674
-0.04963252
-0.01274443
0.03836421
0.08445923
0.1095329
0.1061939
0.08551151
0.06171184
0.03187346
-0.001496673
-0.03086891
-0.05652055
-0.0722498
-0.07426374
-0.06649684
-0.0540952
-0.04228634
-0.03624852
-0.04167727
-0.05821878
-0.07573681
-0.0821558
-0.06682834
-0.0243304
0.04075618
0.101081
0.122599
0.1098287
0.0864145
0.07098545
0.07305245
0.08350535
0.08819513
0.08090628
0.05812094
0.02151884
-0.01861827
-0.05219445
-0.06671271
-0.06197414
-0.05371339
-0.0526536
-0.05579924
-0.0533449
-0.03110257
0.0189731
0.07942317
0.1182971
0.1213706
0.1008363
0.0733955
0.05036272
0.02841427
0.01250489
0.01772143
0.04088566
0.06337427
0.07081514
0.06122042
0.03923809
0.007610886
-0.03618152
-0.07844829
-0.09758317
-0.09629028
-0.08567675
-0.05716143
0.002964189
0.07511467
0.1319812
0.1590136
0.1600284
0.1438046
0.09980157
0.04790842
0.01590245
0.01453889
0.02264688
0.02056477
0.01000706
0.001196712
-0.001753965
-0.001219127
0.0006346053
0.003764001
0.00638019
0.002534292
-0.01332596
-0.03404765
-0.04950225
-0.05328414
-0.04262614
-0.01726032
0.01357074
0.03691711
0.04644085
0.0468791
0.04949994
0.06338095
0.09521426
0.1358795
0.1690928
0.1795403
0.1649672
0.1264559
0.06876022
0.01769184
-0.01140296
-0.01436952
-0.003359161
0.01219357
0.02594209
0.03217173
0.03682605
0.04816108
0.06575826
0.0832789
0.09763073
0.1048457
0.09854525
0.07444958
0.04215713
0.02226581
0.02357291
0.03438266
0.04004612
0.03902127
0.0342187
0.02839375
0.0242671
0.02411463
0.03287076
0.05411358
0.07975988
0.1017003
0.1162745
0.1208611
0.1133661
0.09339551
0.06823075
0.04336451
0.02192645
0.01176323
0.01694887
0.02910917
0.03789855
0.04183898
0.04517117
0.04991364
0.05490119
0.05827679
0.05949061
0.05805151
0.05309382
0.04380689
0.03181622
0.0235615
0.02243509
0.02471551
0.02681118
0.0280912
0.02978916
0.03344756
0.03850522
0.04341208
0.04768458
0.05179265
0.05615629
0.06058296
0.06393652
0.06520423
0.06028974
0.04451521
0.02451781
0.01108429
0.01170839
0.02377528
0.03536387
0.04125916
0.04466648
0.04597193
0.04067014
0.02965833
0.02141612
0.02209058
0.02603738
0.02712462
0.02546948
0.02405495
0.02593221
0.03249873
0.04031744
0.04693582
0.05118504
0.05208652
0.05217805
0.0554614
0.06481783
0.07594152
0.08092938
0.07448614
0.06010076
0.0411224
0.02055437
0.0001084631
-0.01663949
-0.02761237
-0.0339112
-0.03332344
-0.02097547
0.002658793
0.02815327
0.04995915
0.06843129
0.08112342
0.08267663
0.07052519
0.04869238
0.02874532
0.01454819
0.007459611
0.01028794
0.02713741
0.05262154
0.07460422
0.08469234
0.08122202
0.06780962
0.05260241
0.03990639
0.02837012
0.0175217
0.01378083
0.01819287
0.02425261
0.02850227
0.0345307
0.04719697
0.0631258
0.07466891
0.07102888
0.04738018
0.016795
-0.008190083
-0.02475737
-0.02867911
-0.02692523
-0.0286947
-0.03482559
-0.04223587
-0.04824002
-0.05283998
-0.05742521
-0.05873867
-0.05098604
-0.0389856
-0.03088604
-0.02994837
-0.0333168
-0.03838159
-0.04538193
-0.05634886
-0.07168527
-0.08701472
-0.09423026
-0.09402687
-0.09398157
-0.09791904
-0.1049662
-0.111867
-0.117093
-0.1215976
-0.1267174
-0.1340458
-0.146173
-0.1603113
-0.1717894
-0.1793463
-0.1846363
-0.1903254
-0.1980618
-0.2075394
-0.2131656
-0.2114145
-0.2042432
-0.1950578
-0.183798
-0.1685092
-0.1484012
-0.1330079
-0.1285774
-0.1324878
-0.1377147
-0.1411997
-0.1445053
-0.1495904
-0.1583789
-0.1730619
-0.1904524
-0.2057411
-0.213404
-0.210784
-0.1963205
-0.1754432
-0.156724
-0.1414331
-0.1251514
-0.102133
-0.07035291
-0.03495123
0.00110172
0.03115288
0.05216622
0.06934011
0.08642079
0.1046697
0.1224027
0.1353998
0.1446471
0.1541691
0.1652443
0.1802918
0.2037818
0.2351494
0.2651069
0.2890456
0.309539
0.3233826
0.3279746
0.3267927
0.3250025
0.3242723
0.3233527
0.3208638
0.3162595
0.3036134
0.2668276
0.1683307
0.0125724
-0.1615628
-0.3214212
-0.4144435
-0.4522539
-0.4782627
-0.5085962
-0.528671
-0.5276383
-0.5072326
-0.4742994
-0.4409889
-0.4120917
-0.3844233
-0.3547919
-0.3230412
-0.2868329
-0.2381148
-0.1741729
-0.1096139
-0.05231211
-0.005985586
0.0191767
0.02532474
0.02251552
0.01479427
-0.01141755
-0.0656731
-0.1346843
-0.1987494
-0.2534832
-0.29065
-0.3037386
-0.2993134
-0.2864517
-0.2665784
-0.2385958
-0.2060204
-0.1743632
-0.1488189
-0.1278424
-0.1071066
-0.08572891
-0.06426147
-0.04326529
-0.02273972
-0.002574955
0.01324241
0.02072511
0.02493897
0.03179368
0.04450944
0.06151728
0.07626837
0.07952868
0.06841704
0.05034054
0.03243627
0.00973804
-0.02626356
-0.07480951
-0.1296515
-0.1789245
-0.2021623
-0.1995379
-0.1835651
-0.1588151
-0.1285715
-0.1015904
-0.08541706
-0.08151653
-0.09113135
-0.1071425
-0.1215332
-0.1262157
-0.1237822
-0.1237022
-0.1292426
-0.1362597
-0.1411118
-0.1441393
-0.147284
-0.1519081
-0.1599701
-0.1728074
-0.1867632
-0.1961984
-0.1929567
-0.1713466
-0.1387638
-0.1084309
-0.08450031
-0.06598055
-0.05161417
-0.04208859
-0.03796182
-0.04052937
-0.05622947
-0.08454778
-0.1164035
-0.145998
-0.1663866
-0.1672198
-0.1482055
-0.121828
-0.1007805
-0.08895447
-0.08639141
-0.08886017
-0.09143606
-0.09242233
-0.09346799
-0.0963978
-0.1021655
-0.1105643
-0.1195465
-0.1257057
-0.12781
-0.1241645
-0.1121073
-0.09333409
-0.07294682
-0.05432192
-0.03670433
-0.01853591
-0.001445883
0.008008852
0.005229299
-0.002284047
-0.008952944
-0.01026794
-0.0003899485
0.02364292
0.05379815
0.07827899
0.09565749
0.105911
0.1091777
0.1088863
0.108672
0.1103815
0.1130266
0.1148458
0.1156582
0.1163427
0.1173211
0.1181287
0.117118
0.1120891
0.1003632
0.08517704
0.07226916
0.0651171
0.06489785
0.07187252
0.08358225
0.09486297
0.1038435
0.110951
0.1181254
0.1274459
0.1389372
0.1524849
0.1673745
0.183478
0.2025761
0.2259629
0.2509568
0.2702602
0.2803683
0.2861771
0.2919795
0.2972352
0.2998225
0.299607
0.297647
0.2949146
0.2910286
0.2839785
0.2702123
0.2455323
0.2070087
0.1643095
0.1291148
0.1012482
0.07593924
0.06048281
0.05928484
0.06432439
0.06615098
0.05885284
0.04088992
0.02052488
0.004480319
-0.001728536
-0.0003493815
-5.803019e-05
-0.00390733
-0.009952192
-0.01676089
-0.02538508
-0.03490934
-0.04408499
-0.05287194
-0.06041817
-0.06227
-0.05789033
-0.05244198
-0.05016255
-0.05634359
-0.07395944
-0.09479507
-0.1104673
-0.119628
-0.1264226
-0.1339042
-0.1426892
-0.151627
-0.1596607
-0.1660355
-0.1710131
-0.175091
-0.178775
-0.1818477
-0.1832432
-0.1818357
-0.1774228
-0.1709193
-0.1642898
-0.1593741
-0.1583343
-0.1634161
-0.1704201
-0.1759716
-0.1783963
-0.1748656
-0.1671492
-0.1576614
-0.147046
-0.1341054
-0.1184706
-0.1002093
-0.07738522
-0.05035669
-0.023107
0.002687749
0.02580928
0.04653038
0.06618621
0.08501467
0.1034741
0.1206008
0.1365333
0.1502057
0.1560354
0.1568278
0.158397
0.1620091
0.1672093
0.1732957
0.1810121
0.1899331
0.1965218
0.1937628
0.1732938
0.1378466
0.09267112
0.04581496
0.004620446
-0.02222848
-0.03291224
-0.03354701
-0.02898041
-0.02275309
-0.01697742
-0.0121484
-0.01507693
-0.0273174
-0.04115709
-0.04789694
-0.04434832
-0.03271068
-0.01714273
-0.003059689
0.004368053
0.001931297
-0.008225412
-0.01952132
-0.02818915
-0.03557554
-0.04288142
-0.04946896
-0.05469962
-0.05832459
-0.06012791
-0.06067099
-0.06099696
-0.06295904
-0.06746033
-0.07459833
-0.08269042
-0.08877897
-0.09154151
-0.09152182
-0.08927369
-0.08438572
-0.07702257
-0.06703447
-0.05437771
-0.0368093
-0.01182014
0.01845342
0.0483975
0.07527257
0.09428986
0.09944175
0.09890055
0.1018165
0.1084724
0.1187779
0.1350635
0.1539414
0.1717617
0.1880996
0.2011629
0.2097528
0.2138727
0.2156561
0.2157602
0.214216
0.2112769
0.2078244
0.2040357
0.1987994
0.1891494
0.1725936
0.1497896
0.1156743
0.07131068
0.03249375
0.004212475
-0.01351877
-0.02578878
-0.0353988
-0.04276866
-0.04904791
-0.05690974
-0.0677223
-0.0790627
-0.08888011
-0.09514257
-0.09493671
-0.08351322
-0.05984117
-0.02842074
0.007441443
0.04579321
0.0796028
0.1020109
0.1115667
0.1117508
0.1057001
0.09839947
0.09438833
0.09912061
0.1124292
0.1262002
0.1345662
0.1358519
0.1353069
0.1376317
0.1426896
0.1487271
0.1550403
0.1610576
0.1668055
0.1725118
0.178269
0.1838996
0.1889861
0.1930798
0.1955069
0.1926447
0.1808112
0.1642143
0.1487138
0.1361191
0.1266004
0.119318
0.113279
0.1073388
0.1010299
0.09471564
0.08873149
0.0829905
0.0772516
0.07214917
0.06887755
0.06807997
0.06955359
0.07312081
0.07764752
0.08200165
0.08487596
0.08606747
0.08493177
0.08143681
0.07564075
0.06682472
0.05316625
0.03158832
0.001989911
-0.03123396
-0.06878851
-0.1108582
-0.1516073
-0.1842989
-0.2046715
-0.2128758
-0.211001
-0.1992173
-0.1838347
-0.170968
-0.1644706
-0.1667499
-0.1789479
-0.1983105
-0.2179701
-0.235066
-0.251295
-0.2683952
-0.2863603
-0.3008501
-0.3062916
-0.3025923
-0.2947239
-0.2872414
-0.2814591
-0.2801916
-0.2842272
-0.2889998
-0.2910431
-0.2883987
-0.2785005
-0.2545573
-0.2193786
-0.1813821
-0.1461834
-0.1150316
-0.08547049
-0.05452111
-0.02267216
0.006384553
0.0280733
0.04269478
0.05659778
0.07426129
0.0976538
0.1263326
0.1563039
0.1841547
0.2106901
0.2346196
0.2515179
0.2618684
0.2670767
0.2688226
0.2678783
0.264442
0.2597792
0.2546843
0.2487863
0.2411535
0.2262084
0.1970054
0.1534983
0.1054723
0.05493709
0.008570365
-0.03087538
-0.0651439
-0.09092458
-0.1058998
-0.1141655
-0.1218303
-0.1303297
-0.1374209
-0.1415326
-0.142844
-0.1423687
-0.1411136
-0.1395406
-0.1378558
-0.136258
-0.1344327
-0.1319459
-0.1281359
-0.1226028
-0.1141884
-0.1045041
-0.09571371
-0.08850974
-0.08549028
-0.09016086
-0.09894288
-0.1063424
-0.1118169
-0.1170611
-0.1216873
-0.1241547
-0.1240189
-0.1234366
-0.1236615
-0.1242531
-0.1257083
-0.12897
-0.1340724
-0.1397894
-0.1450263
-0.1498817
-0.1548905
-0.1603842
-0.1675137
-0.1770285
-0.1881948
-0.1983743
-0.2058751
-0.2102662
-0.2108517
-0.20802
-0.2032969
-0.1984859
-0.1942836
-0.1910984
-0.1887347
-0.1835303
-0.1745741
-0.1651028
-0.1565126
-0.1494008
-0.1458601
-0.1454387
-0.1467936
-0.148877
-0.151323
-0.1531306
-0.153157
-0.1501573
-0.1442309
-0.1353801
-0.1245555
-0.1123797
-0.09954103
-0.08605319
-0.07099044
-0.05378948
-0.03608155
-0.0190372
-0.002858281
0.01065153
0.01851763
0.01931345
0.01741795
0.01611285
0.01557414
0.01476126
0.01318967
0.01122246
0.009350781
0.007693129
0.00612506
0.004698299
0.004452975
0.006629851
0.009730573
0.01217219
0.01398713
0.01591033
0.01823535
0.02073185
0.02308836
0.02491495
0.02627239
0.02764042
0.02921859
0.03087611
0.03259378
0.03471639
0.03864695
0.04482847
0.05377531
0.0650591
0.0784695
0.09291464
0.1080208
0.1225708
0.1357155
0.1470354
0.1564569
0.1657436
0.1758545
0.1852848
0.1923791
0.1952659
0.1911122
0.1806144
0.1652028
0.1413317
0.1104456
0.07665151
0.04286685
0.01004771
-0.01805919
-0.03652292
-0.04620902
-0.04835519
-0.04648408
-0.04538067
-0.04576092
-0.04569057
-0.04610552
-0.05005868
-0.05593788
-0.06157014
-0.06682117
-0.06893067
-0.06398166
-0.05043077
-0.0325879
-0.01621829
-0.002060438
0.01157845
0.02205308
0.02695343
0.02534804
0.02157642
0.01953636
0.0192307
0.01958165
0.02020975
0.02178659
0.02390375
0.02590324
0.0277076
0.02955491
0.03155415
0.03362233
0.03567286
0.03777346
0.03944168
0.03944098
0.03842043
0.03769729
0.03752341
0.03757248
0.03795025
0.03908864
0.0412346
0.04459778
0.04885691
0.05307612
0.05737796
0.06256757
0.06757008
0.07088883
0.07068716
0.06630812
0.05658975
0.03737317
0.01265835
-0.01019306
-0.02907037
-0.0451654
-0.0583755
-0.06726452
-0.07259094
-0.07614219
-0.0791107
-0.08199
-0.08481956
-0.08745961
-0.0899117
-0.09222326
-0.09380947
-0.09414391
-0.09146528
-0.08534394
-0.07604188
-0.06255233
-0.04351458
-0.02172671
-0.000803498
0.01909746
0.03898241
0.0557516
0.06590313
0.06860791
0.06897832
0.07096489
0.07359481
0.07715627
0.08287394
0.08919797
0.09483091
0.1001024
0.1042189
0.1052358
0.1016844
0.09049399
0.07170847
0.04802906
0.02149281
-0.00555915
-0.03074374
-0.05189437
-0.06949852
-0.08067877
-0.08337322
-0.08129027
-0.07663706
-0.07086165
-0.06529379
-0.06034436
-0.05584463
-0.05203632
-0.04959703
-0.04910734
-0.04961066
-0.04977645
-0.04977778
-0.05021265
-0.05010901
-0.04869013
-0.04543864
-0.04053976
-0.03440264
-0.02682054
-0.01756186
-0.005515739
0.008273492
0.02170634
0.03434185
0.04666855
0.05877524
0.06950751
0.07571102
0.07544298
0.0710516
0.06581871
0.06176446
0.05952161
0.06152996
0.06821702
0.07851821
0.09010534
0.1017846
0.1106464
0.1139483
0.1123073
0.1063458
0.09858936
0.09154555
0.08428942
0.0777822
0.07389321
0.0709463
0.06720042
0.06272814
0.0581079
0.05300281
0.04601019
0.03782211
0.03012993
0.02373636
0.01821965
0.01273425
0.005483655
-0.004992869
-0.01829309
-0.03167407
-0.04433046
-0.05591266
-0.06278736
-0.06379293
-0.06003909
-0.05309057
-0.04322418
-0.03136216
-0.01819078
-0.005251478
0.006448549
0.01502602
0.01878538
0.01923776
0.02006869
0.02260461
0.02617361
0.03022673
0.0347771
0.03873473
0.04128885
0.04067502
0.03698029
0.03141344
0.02594883
0.02192562
0.0203336
0.01967936
0.01826005
0.01609174
0.0124654
0.006127339
-0.000120853
-0.002936761
-0.001730248
0.003510687
0.01200372
0.02191287
0.03063838
0.03490204
0.03345267
0.02833737
0.02045064
0.01131316
0.002745565
-0.004780992
-0.01048495
-0.01382672
-0.01556655
-0.0163195
-0.01602865
-0.01461564
-0.01220495
-0.008728239
-0.003846574
0.003009156
0.01231247
0.02482772
0.03946221
0.05508599
0.07037973
0.08484342
0.0979818
0.1077154
0.1153516
0.1226762
0.1297984
0.1338226
0.1342523
0.1320558
0.1295392
0.1282914
0.1290216
0.1306185
0.1317261
0.1319747
0.1317891
0.1318003
0.1323443
0.1334307
0.134378
0.1347193
0.1345482
0.1338031
0.1315003
0.1267871
0.1190524
0.1082721
0.09552244
0.08002165
0.06019224
0.0396792
0.02236686
0.01251432
0.01092745
0.016735
0.02831552
0.04102789
0.05241505
0.06293953
0.07135386
0.07492148
0.07417035
0.07101938
0.0674682
0.06606165
0.06743209
0.07156361
0.07773339
0.08451989
0.08877469
0.08999202
0.08865209
0.08623512
0.08413804
0.08470346
0.08784897
0.09279398
0.09795271
0.1022903
0.1047958
0.1051209
0.1047389
0.1052108
0.1074555
0.1112209
0.1157688
0.1196718
0.1224067
0.1232882
0.1226627
0.1213667
0.1208309
0.1211872
0.120785
0.117794
0.1108486
0.09972195
0.08633258
0.07243776
0.05557861
0.03331462
0.008479615
-0.01617046
-0.03853898
-0.05498301
-0.06525228
-0.07181075
-0.07641947
-0.07917861
-0.08041343
-0.08016335
-0.0779093
-0.0731559
-0.06585177
-0.05538194
-0.0419745
-0.02585852
-0.008519554
0.008391793
0.02401034
0.03347321
0.033013
0.02564699
0.01728835
0.01039227
0.005553635
0.002087989
-0.0006881511
-0.003421498
-0.006984888
-0.01234929
-0.02000816
-0.02993043
-0.04145635
-0.05322475
-0.06337706
-0.07095913
-0.07561003
-0.07768115
-0.07732695
-0.07533336
-0.07236325
-0.0705114
-0.07070734
-0.07341978
-0.07785564
-0.0830065
-0.0879484
-0.09215084
-0.0953938
-0.09678082
-0.09595587
-0.09300743
-0.08867688
-0.08325965
-0.07671465
-0.06912457
-0.06052817
-0.05190954
-0.04497254
-0.03914745
-0.03302377
-0.02643582
-0.01894386
-0.008546204
0.005381189
0.02279847
0.04061673
0.05681042
0.0714381
0.0851858
0.09774327
0.1082296
0.1155573
0.1191174
0.1192253
0.1151915
0.1048942
0.08887675
0.06955106
0.0507737
0.03704571
0.02739287
0.02140126
0.01895601
0.02035985
0.02386374
0.02796338
0.03099311
0.03277279
0.03355063
0.03382684
0.03368941
0.0332673
0.03296411
0.03353793
0.03563719
0.03935188
0.04449096
0.05024219
0.05394442
0.05470998
0.05209937
0.04578076
0.03599794
0.0256817
0.01877607
0.01634584
0.0175831
0.02193347
0.03066527
0.04116204
0.0508896
0.05868822
0.062603
0.06201326
0.05603355
0.04546484
0.0323146
0.01915817
0.006887144
-0.004281092
-0.0128475
-0.01703138
-0.01647642
-0.01308835
-0.009653249
-0.007975813
-0.007934977
-0.009278928
-0.0115219
-0.0139827
-0.01571556
-0.01646333
-0.0164904
-0.01599485
-0.015551
-0.01611651
-0.01869092
-0.02359739
-0.03029315
-0.03660013
-0.04075913
-0.04276216
-0.04364907
-0.04385494
-0.04248015
-0.03871956
-0.03396272
-0.02979316
-0.02684525
-0.02446875
-0.0220357
-0.01906782
-0.01558394
-0.01153166
-0.00731649
-0.003687287
-0.002263812
-0.003873619
-0.007583613
-0.0121941
-0.01666508
-0.01929851
-0.01990244
-0.01931743
-0.01812922
-0.01618581
-0.01291961
-0.008064096
-0.002598302
0.002556856
0.007168064
0.01090614
0.01305764
0.01317681
0.01115222
0.007800978
0.004586622
0.002766394
0.003834911
0.008422132
0.01678899
0.02653702
0.03552382
0.04246289
0.04657037
0.04815592
0.04621165
0.04028907
0.03163155
0.0225585
0.01330495
0.004213584
-0.002985262
-0.007560807
-0.01024128
-0.01196282
-0.01341281
-0.01472542
-0.01563166
-0.01615649
-0.01655445
-0.01643081
-0.0152374
-0.0126599
-0.00902627
-0.004277427
0.0009896181
0.00611064
0.01090699
0.0154466
0.01916562
0.02100813
0.01940696
0.01441142
0.007047029
-0.001613762
-0.009339109
-0.01439496
-0.01671151
-0.01767067
-0.01796279
-0.01590062
-0.01121917
-0.006644665
-0.0040748
-0.004311819
-0.006579813
-0.009624666
-0.01126745
-0.01089779
-0.008375306
-0.00439376
0.0001202326
0.003091878
0.003897813
0.002155848
-0.00130885
-0.005409477
-0.009046801
-0.01171629
-0.01300987
-0.01237264
-0.009607614
-0.005516213
-0.001218234
0.002770315
0.006462163
0.009943308
0.01490487
0.02253693
0.03206557
0.04195251
0.04935392
0.05139365
0.04820616
0.04089618
0.03072087
0.0199097
0.01036769
0.001721195
-0.006867416
-0.01336646
-0.01691571
-0.01835893
-0.01875405
-0.01811967
-0.01632969
-0.01356249
-0.00963478
-0.004952589
-3.559002e-05
0.005505315
0.01168734
0.01687647
0.01999725
0.02009205
0.01712073
0.0104034
3.515963e-05
-0.0123172
-0.02416059
-0.03264797
-0.03707678
-0.03795496
-0.03413411
-0.02675209
-0.01726101
-0.007822793
-0.0007158289
0.002570249
0.002034634
-0.00192087
-0.007514776
-0.01327598
-0.01755391
-0.01967855
-0.01947796
-0.01685757
-0.01206825
-0.007172314
-0.003480924
-0.00242113
-0.003645779
-0.006957614
-0.0120017
-0.01804757
-0.02340381
-0.02712689
-0.02912695
-0.02829141
-0.02442278
-0.01663063
-0.006431998
0.004036875
0.01352849
0.02206423
0.02897591
0.03247996
0.03270106
0.03046519
0.02722598
0.02491369
0.024987
0.02752717
0.03224349
0.03841809
0.04450458
0.04868212
0.0500684
0.04786419
0.04284
0.03640741
0.02972468
0.02434991
0.02120843
0.02072336
0.02276867
0.02786826
0.03448359
0.04060713
0.04351956
0.04298484
0.03869197
0.03085556
0.01982343
0.006922182
-0.006188577
-0.01717835
-0.02242959
-0.02191042
-0.01774117
-0.01183167
-0.004742553
0.002809826
0.009351794
0.01432974
0.01768181
0.02038886
0.02304949
0.02581302
0.02827864
0.02976141
0.02993358
0.0284872
0.02545778
0.0212877
0.0166311
0.01306261
0.0111426
0.0107435
0.01092285
0.01074438
0.009280933
0.006109266
0.0008509336
-0.005684633
-0.01163524
-0.01434582
-0.01329072
-0.008354786
0.0003061296
0.01106488
0.02013025
0.02674123
0.02937053
0.02639933
0.01805974
0.005483404
-0.007080122
-0.01643428
-0.02289623
-0.02736043
-0.02853589
-0.02600976
-0.0198003
-0.01266652
-0.007858319
-0.005661573
-0.00560662
-0.00652695
-0.007224733
-0.006470257
-0.003615212
0.001961016
0.009060116
0.01606928
0.02124187
0.02449801
0.0257969
0.02565139
0.02398832
0.01979694
0.01306549
0.00527397
-0.003378022
-0.0124935
-0.02042297
-0.02589139
-0.02908606
-0.03060643
-0.03017668
-0.02733006
-0.02266832
-0.01800124
-0.01527294
-0.014743
-0.01625534
-0.01892077
-0.02169218
-0.02351
-0.02377045
-0.02247961
-0.01973033
-0.01586996
-0.01176087
-0.008234637
-0.005717819
-0.00433669
-0.004329878
-0.00630224
-0.009651234
-0.01319626
-0.01550973
-0.01580707
-0.0134759
-0.01033649
-0.008462744
-0.009561054
-0.0131608
-0.01726183
-0.01978711
-0.01991026
-0.01678952
-0.01092808
-0.001962015
0.008330193
0.0179345
0.02641414
0.03171181
0.03111843
0.02512107
0.01684405
0.008980343
0.005481889
0.006581209
0.01222407
0.02086706
0.03074593
0.03903192
0.04464219
0.04885705
0.05184382
0.05376804
0.05527305
0.05799242
0.06247422
0.06834564
0.07482112
0.0815814
0.08762815
0.09237437
0.09438742
0.09375774
0.09049087
0.08517395
0.07875217
0.07277422
0.06798291
0.06420411
0.06131765
0.05966706
0.0598674
0.06138693
0.06330853
0.06526397
0.06706533
0.06844969
0.06970321
0.07098562
0.07148019
0.07106091
0.07014021
0.06897188
0.06753465
0.06586545
0.06385014
0.06126982
0.05838644
0.05550923
0.05267103
0.04982302
0.04690944
0.04363624
0.04015091
0.03673865
0.03239277
0.02682042
0.02115959
0.01603499
0.01130571
0.006999915
0.004901736
0.006311911
0.009846266
0.01321306
0.01518702
0.01584551
0.01514479
0.01306844
0.00990719
0.006205395
0.003180116
0.001657376
0.001721316
0.003121573
0.005932262
0.01002935
0.01525617
0.02059204
0.02507951
0.02785981
0.02899913
0.02846649
0.02647658
0.02340141
0.01950476
0.01490476
0.009732865
0.004611313
0.0003021358
-0.00260148
-0.003947586
-0.004088864
-0.003465475
-0.002602807
-0.001852244
-0.001901565
-0.002987523
-0.004872507
-0.007182423
-0.009707311
-0.01205247
-0.01405267
-0.01572679
-0.01702609
-0.01809929
-0.0196097
-0.02166446
-0.02390524
-0.02603403
-0.02811661
-0.03041488
-0.03280828
-0.03489439
-0.03586064
-0.03562369
-0.03456664
-0.03322736
-0.0317768
-0.03053481
-0.02976038
-0.02991822
-0.03154277
-0.03487115
-0.03998724
-0.04626269
-0.05279354
-0.05897112
-0.06460104
-0.06948482
-0.07310607
-0.07537539
-0.07666042
-0.07765345
-0.07881598
-0.08061539
-0.08258795
-0.08392532
-0.08476031
-0.08567674
-0.08700658
-0.08828712
-0.08876836
-0.08764875
-0.08504798
-0.08175548
-0.0784301
-0.07509639
-0.07171099
-0.06838966
-0.06555379
-0.0632353
-0.06132561
-0.05962414
-0.05813592
-0.05735283
-0.05735498
-0.05761544
-0.05789137
-0.05831938
-0.05818208
-0.0573626
-0.0569387
-0.05756722
-0.05923126
-0.06104181
-0.06233106
-0.06292148
-0.06295438
-0.06253984
-0.06163819
-0.06044884
-0.05924298
-0.05827014
-0.05762222
-0.05729527
-0.05740757
-0.05830069
-0.05992667
-0.06197989
-0.06408271
-0.06598056
-0.06750966
-0.06835825
-0.06855228
-0.06849133
-0.06863909
-0.06909685
-0.06881779
-0.06729126
-0.06503856
-0.06239
-0.05903599
-0.05566623
-0.05278175
-0.0499148
-0.0468485
-0.04406504
-0.0421559
-0.04125641
-0.04126715
-0.04195645
-0.04297807
-0.04425425
-0.04587646
-0.04776998
-0.04957454
-0.05086945
-0.05122981
-0.05080051
-0.04992504
-0.04874693
-0.04719537
-0.04552259
-0.04393162
-0.04231193
-0.04071607
-0.03936295
-0.03781817
-0.03572124
-0.03369529
-0.03209392
-0.03071128
-0.02950815
-0.02856922
-0.02743861
-0.02590246
-0.02424895
-0.02279151
-0.02161188
-0.02099119
-0.02103705
-0.02160716
-0.02237652
-0.0231408
-0.02373854
-0.02443185
-0.02591891
-0.02787207
-0.02957762
-0.03089572
-0.03194108
-0.03269461
-0.03341061
-0.03420175
-0.03485191
-0.035329
-0.03576874
-0.0361703
-0.03669978
-0.03788084
-0.03945708
-0.0408767
-0.04202127
-0.04285209
-0.04317628
-0.04293786
-0.04213445
-0.04086616
-0.03941493
-0.03797068
-0.03578343
-0.03223114
-0.02780832
-0.02354459
-0.02059283
-0.01864179
-0.01694257
-0.0151263
-0.01340903
-0.01225197
-0.01176453
-0.01178816
-0.01177085
-0.01139174
-0.01060784
-0.009875135
-0.009702185
-0.01033753
-0.01177733
-0.01374145
-0.01578351
-0.01765875
-0.01971016
-0.02214373
-0.02470669
-0.02714703
-0.02932017
-0.03056958
-0.03082187
-0.03046397
-0.03013889
-0.03002639
-0.02979468
-0.02949618
-0.02954164
-0.02973299
-0.02971131
-0.02945536
-0.02901355
-0.02830532
-0.02732691
-0.02611045
-0.02478584
-0.02335963
-0.02162175
-0.0197777
-0.01809039
-0.01611937
-0.01367738
-0.01125222
-0.009506663
-0.008925301
-0.00956899
-0.01118099
-0.01358025
-0.01631785
-0.01915248
-0.02265496
-0.02668112
-0.03042749
-0.03330144
-0.03518481
-0.03592687
-0.0358341
-0.03505469
-0.03378041
-0.03248571
-0.03198877
-0.0319465
-0.03154251
-0.03044091
-0.02889738
-0.0272398
-0.02580081
-0.02480692
-0.02437123
-0.02431158
-0.02431136
-0.02396869
-0.02296234
-0.02161258
-0.02030393
-0.01903176
-0.01796891
-0.01747554
-0.01702924
-0.01607579
-0.01466998
-0.01304645
-0.01105354
-0.00918853
-0.008054853
-0.007733643
-0.007868649
-0.008430352
-0.008978913
-0.009070303
-0.008781464
-0.008386976
-0.007831653
-0.006368634
-0.003512937
0.0004050988
0.004356137
0.006785858
0.008068431
0.009321671
0.01092741
0.01248249
0.01343315
0.01351971
0.0127152
0.01173068
0.01110768
0.01115035
0.01157452
0.011973
0.01205805
0.01189262
0.01205057
0.01259944
0.0131513
0.01351825
0.01370719
0.01332108
0.0116817
0.008213713
0.003897202
-5.574658e-05
-0.003031791
-0.00548378
-0.007911792
-0.009959785
-0.01149385
-0.01279425
-0.0137862
-0.01415229
-0.01361697
-0.01226214
-0.01026531
-0.008426721
-0.00729852
-0.007051805
-0.007440739
-0.00859972
-0.01039154
-0.01252159
-0.01486077
-0.01707825
-0.01869708
-0.01945969
-0.01957323
-0.01944677
-0.01944887
-0.01964044
-0.01934697
-0.01825106
-0.01637545
-0.01429216
-0.01260136
-0.01186011
-0.01236281
-0.01431484
-0.01747054
-0.02153427
-0.02560586
-0.0290928
-0.03185315
-0.03375346
-0.03459009
-0.03402412
-0.03246995
-0.03031122
-0.02793068
-0.02561164
-0.02386991
-0.02275484
-0.0217863
-0.0199803
-0.01653912
-0.0124351
-0.00862849
-0.004736413
-0.000509362
0.003569649
0.00722545
0.01045639
0.0131401
0.01528298
0.0167484
0.01763804
0.01796246
0.01798888
0.0179473
0.01760105
0.01694615
0.01623211
0.01521379
0.01360246
0.0118377
0.01023743
0.008697534
0.00716782
0.005860302
0.005214137
0.005287255
0.005854458
0.006798255
0.008081044
0.009543605
0.01085677
0.011707
0.01190767
0.01136816
0.009866803
0.007980102
0.006414947
0.005534977
0.005014125
0.00449333
0.003959278
0.003691332
0.004469037
0.006332974
0.009119143
0.0117517
0.01337261
0.01392142
0.0138038
0.01339259
0.01336209
0.01409157
0.0153065
0.01650837
0.01721098
0.01742512
0.0173862
0.01703386
0.01621018
0.01487858
0.01303934
0.0107815
0.008636123
0.007143703
0.006640352
0.007149887
0.008352106
0.01021637
0.01238223
0.01431307
0.0159241
0.01740087
0.01893784
0.02053117
0.02204369
0.02335593
0.02445119
0.02528889
0.02585796
0.02618362
0.02621195
0.02591064
0.02544036
0.02488212
0.02414787
0.02310337
0.02174858
0.02035526
0.01901531
0.01761743
0.0162966
0.01515129
0.01407591
0.01319978
0.01288196
0.01335417
0.01444572
0.01578912
0.0167202
0.01663901
0.01551326
0.01367831
0.0113756
0.009122906
0.007340288
0.006275089
0.005637162
0.005158417
0.004673262
0.004139012
0.003586024
0.002962527
0.002164411
0.001469432
0.001100453
0.0007687745
1.230015e-05
-0.001524711
-0.004261816
-0.007538855
-0.009476369
-0.009685071
-0.009118926
-0.009201747
-0.01011715
-0.01108114
-0.01130858
-0.0106767
-0.009492522
-0.008186386
-0.006896404
-0.005792627
-0.004967412
-0.004032068
-0.00275748
-0.001268088
4.317234e-05
0.000765108
8.206446e-05
-0.002035886
-0.004759772
-0.007031487
-0.008338451
-0.00816339
-0.007127525
-0.006097389
-0.005488658
-0.005125668
-0.004160026
-0.002521045
-0.0007742007
0.0002336691
0.0001581855
-0.0008556248
-0.002279758
-0.003299184
-0.003662701
-0.003600742
-0.003316909
-0.002967215
-0.002601972
-0.001966689
-0.0007884071
0.001229845
0.003950159
0.007362774
0.01129877
0.01565423
0.02000028
0.02409626
0.02793659
0.03147779
0.03430289
0.03618431
0.03694872
0.0370045
0.03682448
0.03659336
0.03639701
0.03631299
0.03618567
0.03587108
0.03534501
0.03458393
0.03347556
0.03219098
0.03091745
0.0296862
0.02870508
0.02815512
0.02790815
0.0278052
0.02794814
0.02785018
0.02701699
0.02568348
0.02411997
0.02228882
0.02079077
0.01991047
0.01935546
0.01892812
0.01872509
0.01843716
0.01799234
0.01787511
0.01837961
0.01957529
0.02135297
0.02342093
0.0253319
0.02676056
0.02754312
0.02781508
0.02774307
0.027863
0.02826525
0.02863289
0.02852175
0.0278392
0.02711675
0.02681431
0.02691036
0.0262546
0.02451547
0.02281055
0.0218107
0.02133063
0.02117001
0.02109262
0.02061753
0.01938965
0.01707814
0.0134238
0.008655069
0.003392802
-0.001245769
-0.004473513
-0.005827435
-0.006088773
-0.005845362
-0.004942992
-0.003226765
-0.0005851805
0.001954782
0.003058319
0.003167858
0.003269228
0.00417246
0.005633259
0.00706473
0.008102717
0.008709639
0.008732268
0.008373841
0.007883864
0.007196329
0.006189322
0.005106486
0.004252898
0.003771417
0.003816587
0.004456014
0.005244308
0.006023484
0.007196453
0.008788606
0.01049715
0.01210726
0.01342111
0.01401008
0.01402411
0.01378783
0.0137078
0.01405037
0.01506203
0.01634632
0.01744681
0.01838418
0.01943632
0.02100352
0.02274307
0.02395266
0.02406931
0.02300237
0.02134565
0.01987743
0.01905024
0.01905718
0.01964243
0.02049922
0.0215336
0.02278202
0.02372088
0.02386416
0.02315786
0.02183798
0.01995084
0.01739421
0.01422896
0.0107023
0.007205254
0.003988185
0.001282217
-0.0007315357
-0.001904994
-0.002867989
-0.004134418
-0.005802303
-0.007930215
-0.01068812
-0.01339257
-0.01527009
-0.01578822
-0.01510694
-0.0136345
-0.01161935
-0.009335911
-0.007960506
-0.007227278
-0.005926521
-0.004154988
-0.002743404
-0.002384722
-0.002752856
-0.003182717
-0.003214432
-0.002796011
-0.001833837
-0.0005833244
0.0006111176
0.001860208
0.003373967
0.004831208
0.006079375
0.007269997
0.008094808
0.008251473
0.008288415
0.008796197
0.01008095
0.01197949
0.01428713
0.01736778
0.02072815
0.02241824
0.0223545
0.02145759
0.020279
0.01859663
0.01584475
0.01240623
0.009126401
0.007056414
0.006578601
0.007697523
0.01028593
0.01434093
0.01884652
0.02262022
0.02459813
0.0246218
0.0224575
0.01877162
0.01465414
0.01113781
0.008517204
0.007373162
0.008251462
0.01121263
0.01565513
0.02040231
0.02453049
0.02739548
0.02835225
0.02766518
0.02551873
0.02167117
0.01756291
0.01476888
0.01243994
0.009844542
0.007534963
0.005403945
0.003064242
0.0009271705
-0.0005607091
-0.00133388
-0.001890171
-0.002806273
-0.004581325
-0.006944
-0.009437384
-0.01203891
-0.01456556
-0.01657385
-0.0177257
-0.01823542
-0.01850969
-0.0189693
-0.01992376
-0.02144904
-0.02336327
-0.02540904
-0.0273327
-0.02904098
-0.03050824
-0.03162934
-0.03212363
-0.03187
-0.03106403
-0.03053436
-0.03040699
-0.03010618
-0.02905093
-0.02713669
-0.02455965
-0.02207754
-0.02068086
-0.02005388
-0.01949834
-0.01902583
-0.01912672
-0.02028877
-0.02188156
-0.02307744
-0.02352331
-0.02325678
-0.02217201
-0.02048358
-0.01852582
-0.01669782
-0.01516442
-0.01401178
-0.01304553
-0.01209257
-0.01103546
-0.01003936
-0.00954056
-0.009623772
-0.01025356
-0.01150177
-0.01315943
-0.01464902
-0.01602044
-0.01767907
-0.01983453
-0.02186589
-0.02254707
-0.02129105
-0.01846446
-0.01542683
-0.0129348
-0.01097692
-0.009619832
-0.00898898
-0.008631261
-0.008121726
-0.007222776
-0.00589827
-0.004086466
-0.002260031
-0.0008370461
-0.0003626812
-0.0009315089
-0.002457026
-0.004718039
-0.00711983
-0.008573782
-0.008477333
-0.007005096
-0.004743995
-0.002222503
-8.7274e-05
0.00129525
0.001628717
0.0006944662
-0.001313526
-0.003927698
-0.006405023
-0.008225352
-0.008775018
-0.008323518
-0.007168676
-0.005707117
-0.00420619
-0.002786811
-0.001382101
0.0001455167
0.001998463
0.004237348
0.006795743
0.009605627
0.01208641
0.01380849
0.01459957
0.01460449
0.01374393
0.01222847
0.01035969
0.008311656
0.006465504
0.005187482
0.004891323
0.005407427
0.006360653
0.007412183
0.008496039
0.009417106
0.01016478
0.01084574
0.01184174
0.01329708
0.01446428
0.0153647
0.01698892
0.01913912
0.02093144
0.02164111
0.02143622
0.02100283
0.0206191
0.02006665
0.01880105
0.01695461
0.01546585
0.01462999
0.01410217
0.01363128
0.01316622
0.01276769
0.01251508
0.01239748
0.01224194
0.01203427
0.01195734
0.01212782
0.01251525
0.0130139
0.01345929
0.01365369
0.0134489
0.01291298
0.01266249
0.01254636
0.01156604
0.009635454
0.007436344
0.005890815
0.004907663
0.003829181
0.002314045
0.0006406817
-0.0006492037
-0.00128135
-0.001126719
-0.000169042
0.001581012
0.00425663
0.007416579
0.01061958
0.01390768
0.01742652
0.02064989
0.02330292
0.02535937
0.02682861
0.02739744
0.02651228
0.02436324
0.02184162
0.01939414
0.01693431
0.01464383
0.01258086
0.0107535
0.009980596
0.01096853
0.0135791
0.01709412
0.02150992
0.02584545
0.02903744
0.03069461
0.03125785
0.03092095
0.03006636
0.02916579
0.02851274
0.0281267
0.02833362
0.02923613
0.03075127
0.03270139
0.03477073
0.03612678
0.03673806
0.03714763
0.03791807
0.03905661
0.03986644
0.04016851
0.04032268
0.04080668
0.04172034
0.04260778
0.04314031
0.0431955
0.04247521
0.04073601
0.03797797
0.03460665
0.03096784
0.02731567
0.02383195
0.02077834
0.01786265
0.01478164
0.0120369
0.01048835
0.01069513
0.01159741
0.01213474
0.01149231
0.009946704
0.008127265
0.006524372
0.005324263
0.004749118
0.004381844
0.003710804
0.002629081
0.001462737
0.0006947525
0.0007869065
0.001790125
0.003106193
0.00443431
0.005966975
0.007607336
0.008962539
0.009562722
0.00952655
0.009474341
0.009327787
0.008506522
0.007428485
0.006782399
0.006862468
0.007084871
0.006790609
0.005781789
0.004265787
0.002421186
0.0004693754
-0.001379777
-0.00263439
-0.002987068
-0.002328851
-0.0007529947
0.001665494
0.004257718
0.006403713
0.007620446
0.007777981
0.00699055
0.005264023
0.002738482
-7.007508e-05
-0.002703729
-0.004900568
-0.005806853
-0.005399353
-0.004232469
-0.003114533
-0.002392859
-0.00246406
-0.003352445
-0.004938554
-0.006874176
-0.008889999
-0.010838
-0.01247036
-0.01360709
-0.01412575
-0.01404338
-0.01347853
-0.01277566
-0.01225146
-0.01253609
-0.01387861
-0.0161535
-0.01894768
-0.02198049
-0.02505441
-0.02793477
-0.03036764
-0.03235561
-0.03396871
-0.03507777
-0.03539221
-0.03478854
-0.03347953
-0.03191149
-0.03030126
-0.02882812
-0.02754549
-0.025976
-0.02391801
-0.02166189
-0.01966972
-0.01819718
-0.01731553
-0.01702169
-0.01706643
-0.01703472
-0.01666766
-0.01631245
-0.01619336
-0.01589704
-0.01492946
-0.01309966
-0.01114213
-0.009701115
-0.009133742
-0.008804368
-0.007851693
-0.006119486
-0.003855263
-0.001049819
0.002175774
0.005230722
0.007786242
0.009738051
0.01070752
0.01074619
0.01012768
0.009055782
0.007530365
0.005671421
0.00358781
0.001285603
-0.0004856782
-0.001173768
-0.00157881
-0.002425879
-0.003724227
-0.004683601
-0.004759139
-0.004142229
-0.003267036
-0.002090762
-0.0006643804
0.0008052584
0.002017782
0.003033098
0.00426674
0.005584162
0.00646869
0.006547234
0.005808291
0.004273792
0.002508099
0.0009721888
-0.000530813
-0.002057389
-0.003138225
-0.003768091
-0.00425209
-0.004631723
-0.004886672
-0.005043899
-0.004778074
-0.003815823
-0.002382443
-0.00071084
0.001230715
0.00307022
0.004492867
0.005600128
0.006375427
0.006370754
0.005811358
0.005194283
0.004539305
0.003656419
0.002539588
0.001360154
0.0002041779
-0.001144015
-0.0028602
-0.004921598
-0.006711799
-0.007864203
-0.008053981
-0.007294339
-0.005613624
-0.00293718
0.0004370401
0.003750911
0.006622923
0.008897097
0.01038214
0.01102124
0.01120966
0.01122588
0.01112117
0.01091706
0.01066027
0.01037008
0.009768677
0.008180941
0.005605324
0.002525457
-0.0004461526
-0.002945182
-0.004797367
-0.005898798
-0.006560524
-0.007489645
-0.008484386
-0.008836899
-0.00868477
-0.008362635
-0.007672373
-0.006335959
-0.004163339
-0.001706133
0.0005505941
0.002547607
0.004386478
0.006043268
0.007398179
0.008305448
0.008590122
0.008371299
0.007676726
0.006869775
0.006392801
0.006794487
0.008029478
0.01011445
0.01285931
0.01597625
0.01901068
0.02170838
0.02337892
0.02426866
0.02517869
0.02658632
0.028296
0.02983973
0.03093774
0.03153738
0.03165419
0.03120887
0.03009243
0.0284087
0.02632693
0.02438911
0.02283938
0.0216358
0.020779
0.02045561
0.02070833
0.02131564
0.02193574
0.02237299
0.02258167
0.02259269
0.02247147
0.02218827
0.02178055
0.02132403
0.02072756
0.01988243
0.01873749
0.01713345
0.01471909
0.01126915
0.007464044
0.004375979
0.001834917
0.0003228578
-0.000387111
-0.000808852
-0.0008739746
-0.0003247256
0.0009192509
0.003084424
0.006069208
0.009314557
0.01227143
0.01466062
0.01614075
0.01681626
0.01689614
0.01642396
0.01530032
0.01402296
0.01301454
0.01246005
0.01243566
0.01309913
0.0143446
0.01585529
0.01727365
0.01824675
0.01846568
0.01810164
0.01746211
0.01635425
0.01492196
0.01365434
0.01291532
0.01252406
0.01185383
0.01003283
0.006360348
0.001701634
-0.003004099
-0.007716496
-0.0126978
-0.01780639
-0.02176568
-0.0238482
-0.02401811
-0.0228873
-0.02118558
-0.01934436
-0.0178431
-0.01722892
-0.01763217
-0.01899578
-0.02096651
-0.02314938
-0.02532416
-0.02696005
-0.02774733
-0.02765688
-0.02707926
-0.02623693
-0.02551844
-0.02538968
-0.0264458
-0.02818227
-0.02973885
-0.02965395
-0.02744867
-0.0235154
-0.01895321
-0.01445336
-0.01027612
-0.006303508
-0.002710412
5.677011e-05
0.001516792
0.001775935
0.001498497
0.001635693
0.002858466
0.005479927
0.008542672
0.01116699
0.0128474
0.01352207
0.01317107
0.01244973
0.01178743
0.01126702
0.01082365
0.0104749
0.01023577
0.01014863
0.01058238
0.01136
0.01190242
0.01162462
0.01056335
0.008743771
0.006641587
0.004863846
0.003630515
0.002849007
0.002515169
0.002176653
0.001463237
0.0006790045
5.347544e-05
-0.0006561615
-0.001490553
-0.002273226
-0.002898221
-0.00331815
-0.00333134
-0.002840911
-0.001970696
-0.001222002
-0.0007973122
-0.0006296019
-0.0004489973
-6.166269e-05
0.0006990129
0.001771882
0.002998681
0.003723522
0.003424201
0.001777855
-0.0005774944
-0.002740737
-0.003850376
-0.003919964
-0.002955208
-0.001388996
0.0002632755
0.001757929
0.00314462
0.004336503
0.00551069
0.007022106
0.009097701
0.01151803
0.01368762
0.01502433
0.01518619
0.0146202
0.01365883
0.01218664
0.01048075
0.009101008
0.008197609
0.007568562
0.007046748
0.006372912
0.005347652
0.004328921
0.003692513
0.003556623
0.003875986
0.004713856
0.005601084
0.006116994
0.006154592
0.005766775
0.004711737
0.002146037
-0.001887708
-0.006236678
-0.009536123
-0.01138094
-0.01235607
-0.01282604
-0.01250128
-0.01140638
-0.009728132
-0.007830261
-0.006418123
-0.006128336
-0.006463169
-0.006945563
-0.008050791
-0.009890534
-0.01206649
-0.01426205
-0.01631432
-0.01752948
-0.01769857
-0.01701657
-0.01584759
-0.01453792
-0.01363844
-0.01329256
-0.01335326
-0.01339571
-0.01319597
-0.01277463
-0.0126584
-0.01343244
-0.01508952
-0.01710012
-0.01881678
-0.01979086
-0.01999711
-0.01969014
-0.01908584
-0.01836418
-0.0177048
-0.01716859
-0.01659272
-0.01580912
-0.01471275
-0.01371384
-0.01320963
-0.01326037
-0.01358693
-0.01376292
-0.01357274
-0.01313768
-0.01310058
-0.01383514
-0.01535502
-0.01685681
-0.01764544
-0.01752364
-0.0167883
-0.01537198
-0.01371193
-0.01228302
-0.01087185
-0.00929575
-0.007903451
-0.007227639
-0.007449076
-0.008507613
-0.01022011
-0.01232192
-0.01429283
-0.01582014
-0.01701951
-0.0176185
-0.01702094
-0.01583919
-0.01486817
-0.01472507
-0.01519243
-0.0157752
-0.01602351
-0.01584319
-0.01523722
-0.01420922
-0.01268676
-0.01085262
-0.008927578
-0.007426889
-0.006562868
-0.006576931
-0.007716259
-0.0100523
-0.01344282
-0.01693052
-0.01949824
-0.02111703
-0.02185606
-0.020301
-0.01710555
-0.01425306
-0.01251748
-0.01145671
-0.01059978
-0.00970313
-0.008757475
-0.008173504
-0.008241396
-0.008791951
-0.009495113
-0.01031464
-0.01127041
-0.01234455
-0.01359933
-0.01511199
-0.01706183
-0.01901455
-0.02047292
-0.02141127
-0.02187015
-0.02167516
-0.02077341
-0.01919801
-0.0173434
-0.01528771
-0.01252977
-0.009815173
-0.008125467
-0.007461345
-0.00741621
-0.007885529
-0.008716419
-0.009769798
-0.01120564
-0.01299382
-0.0146626
-0.01566748
-0.01580828
-0.01505993
-0.01381622
-0.01232705
-0.0109047
-0.009742295
-0.008734574
-0.007781685
-0.006951583
-0.006243515
-0.005622224
-0.005325467
-0.005521762
-0.006191937
-0.006893155
-0.007278102
-0.007338199
-0.007066125
-0.00615232
-0.004512156
-0.002325782
0.000129509
0.002448216
0.003895973
0.004406237
0.004067809
0.002693172
0.0002644765
-0.00297822
-0.006746362
-0.01082066
-0.01458492
-0.01805232
-0.02174388
-0.02539007
-0.02838197
-0.03043725
-0.0312818
-0.03050951
-0.02910836
-0.02798077
-0.02705052
-0.02620078
-0.02569177
-0.02527769
-0.02466151
-0.02395375
-0.02313976
-0.02199551
-0.02097166
-0.02051052
-0.02041281
-0.0205879
-0.0212415
-0.02168799
-0.02134097
-0.01955151
-0.01633667
-0.01199499
-0.007445153
-0.003161276
0.001070312
0.004900314
0.006856926
0.007368243
0.007785407
0.008707183
0.00974296
0.01032378
0.01036327
0.01003974
0.009163509
0.007682289
0.005474207
0.003100943
0.001233887
0.0003609068
0.000607881
0.002047629
0.004014574
0.00597141
0.008056411
0.01011776
0.01163034
0.01262905
0.01334833
0.01381302
0.01404647
0.01409989
0.0136602
0.01234066
0.009763845
0.006217567
0.002200607
-0.001515288
-0.004540833
-0.006768538
-0.008299492
-0.009186082
-0.009245953
-0.008827143
-0.008497773
-0.008498367
-0.008794665
-0.009497814
-0.01054825
-0.01190583
-0.01335053
-0.01467732
-0.01582848
-0.01655082
-0.01646794
-0.01579396
-0.01488677
-0.01429107
-0.01425419
-0.01481561
-0.01602292
-0.01771535
-0.01963794
-0.02156379
-0.02329087
-0.02429376
-0.02441075
-0.02391375
-0.02308766
-0.02188925
-0.02077162
-0.02007498
-0.01973368
-0.01959503
-0.01970583
-0.0198197
-0.01965304
-0.01902685
-0.01806146
-0.01687924
-0.01505519
-0.0123364
-0.008926374
-0.005684374
-0.00339345
-0.002371045
-0.002332559
-0.002847847
-0.003264656
-0.003158247
-0.0026462
-0.001994316
-0.001280837
-0.0007611794
-0.0006774479
-0.001263592
-0.00250309
-0.004168014
-0.005691825
-0.006671274
-0.00690406
-0.006617816
-0.005855134
-0.004616198
-0.003020015
-0.001567556
-0.000854041
-0.001760778
-0.003536436
-0.00500652
-0.005891744
-0.006523928
-0.007071475
-0.007456975
-0.00759176
-0.007311019
-0.006630348
-0.005670015
-0.004688524
-0.003832649
-0.003238006
-0.003001687
-0.003190506
-0.003453315
-0.00352186
-0.00342408
-0.003303561
-0.003195886
-0.003096196
-0.003063063
-0.003267741
-0.003815953
-0.004654372
-0.005485368
-0.006160297
-0.006687644
-0.006654459
-0.005725846
-0.004282392
-0.002749524
-0.001025797
0.001114017
0.003605318
0.005807624
0.007519716
0.008905971
0.009994734
0.01070364
0.0110978
0.01135138
0.01171333
0.01222927
0.01284442
0.0137137
0.01476573
0.01573968
0.01635498
0.01645807
0.01578394
0.01461324
0.01334512
0.01191484
0.01015564
0.008470779
0.007126492
0.006066549
0.00522364
0.0045392
0.003977616
0.003601941
0.003509813
0.003551687
0.003514571
0.0032522
0.00273162
0.002014241
0.001327633
0.00086011
0.0007645668
0.0006543312
0.0003052092
0.0007696669
0.002294526
0.004361239
0.005912064
0.006413843
0.006111557
0.005357477
0.004208573
0.002719442
0.001036865
-0.0004381073
-0.00152318
-0.002270917
-0.002947171
-0.00362836
-0.004034422
-0.004273486
-0.004734703
-0.005271438
-0.005555925
-0.005494016
-0.005068319
-0.004158252
-0.002454085
5.309446e-05
0.00183879
0.002272289
0.001886586
0.001705361
0.001973345
0.001917996
0.001054224
-0.0005222524
-0.00245591
-0.004443269
-0.006154831
-0.0076172
-0.008947324
-0.009636985
-0.009438783
-0.008685297
-0.007811845
-0.006862431
-0.005666979
-0.004302107
-0.003174923
-0.002523524
-0.002435881
-0.002826025
-0.003507444
-0.004291104
-0.004753924
-0.00435344
-0.002487347
0.0008104671
0.005074282
0.00968097
0.01437507
0.01831766
0.02119269
0.02289809
0.02392586
0.02481609
0.02558011
0.02594885
0.0259202
0.02550765
0.02459139
0.0233449
0.02185378
0.01970387
0.01690198
0.01369963
0.009562442
0.004362307
-0.00114696
-0.006372671
-0.01109047
-0.01420291
-0.01524061
-0.01433286
-0.01176533
-0.00765657
-0.003646697
-0.0008319101
0.0002991044
-0.0004785179
-0.003109023
-0.00676661
-0.01039997
-0.01342871
-0.01548345
-0.01635538
-0.01615313
-0.01534382
-0.01429767
-0.01356088
-0.0132635
-0.01324462
-0.01254896
-0.01011644
-0.0066402
-0.003114457
0.0007375463
0.004582186
0.007357003
0.008821696
0.009090438
0.007623138
0.004458759
2.440711e-06
-0.005018928
-0.01010928
-0.01497831
-0.01909478
-0.0220847
-0.02376212
-0.02419488
-0.02357398
-0.02221587
-0.02032519
-0.01789823
-0.01462986
-0.010051
-0.005980568
-0.004087833
-0.003284974
-0.002325047
-0.001358509
-0.000950299
-0.001383556
-0.002365442
-0.003484044
-0.004517618
-0.005179589
-0.00525354
-0.004389564
-0.002587736
-0.0002452227
0.002206292
0.004640995
0.007154526
0.009677779
0.01182518
0.01351143
0.01477526
0.0154719
0.01536609
0.01411648
0.0119766
0.009398452
0.006558947
0.003607943
0.00108447
-0.0006295204
-0.00144553
-0.001025767
8.28769e-05
0.001004779
0.00181466
0.002912952
0.003803552
0.00429061
0.004703117
0.005166549
0.005598583
0.006221422
0.007151865
0.008317993
0.009541711
0.01068458
0.01131851
0.01137241
0.011031
0.01020595
0.008696584
0.006828258
0.005009882
0.003432999
0.002510122
0.002313711
0.002502001
0.002877165
0.003575569
0.00424041
0.004591781
0.004755173
0.004850488
0.004772241
0.004449014
0.003802416
0.002618965
0.00124633
0.0001158785
-0.0007834773
-0.001577853
-0.002174521
-0.002815535
-0.003620344
-0.00356018
-0.002245665
0.0002874967
0.00313656
0.005555158
0.007458213
0.009066004
0.01038231
0.01137863
0.01206932
0.0123957
0.0124486
0.01258162
0.01314167
0.01420054
0.01566035
0.01715939
0.01799183
0.01805524
0.01763162
0.01645424
0.01440585
0.01197084
0.009883528
0.00850669
0.008018804
0.007548927
0.006063946
0.004430218
0.003511703
0.002844781
0.001747295
4.467988e-05
-0.002085984
-0.004252646
-0.005941252
-0.006771434
-0.006389086
-0.00498452
-0.003173831
-0.001666678
-0.0007005154
-0.0003239736
-0.0007877047
-0.001778164
-0.002225606
-0.00201629
-0.001685163
-0.001255737
-0.0005222977
0.0004668647
0.001458297
0.002296316
0.002954995
0.003497717
0.00398027
0.00409679
0.003647601
0.003240673
0.003401394
0.004281333
0.005676031
0.007373389
0.009275116
0.01127775
0.01305558
0.01423446
0.01477208
0.01529153
0.01611453
0.01706129
0.01803804
0.01908454
0.01983308
0.02011445
0.02013741
0.02008827
0.01997844
0.01986079
0.01960666
0.01882866
0.01772077
0.01673655
0.01619298
0.0159816
0.01599674
0.01634181
0.01706863
0.01772824
0.0180609
0.01805515
0.01779117
0.01734283
0.01693263
0.0165534
0.01601111
0.01514205
0.01389936
0.01228177
0.01047411
0.008762259
0.007936384
0.008145602
0.009108244
0.01025075
0.0111399
0.01164802
0.01196725
0.01236321
0.01285596
0.01329427
0.01346319
0.01341101
0.0135088
0.0137231
0.01369852
0.01334536
0.01276531
0.01165379
0.01014266
0.008632046
0.006856139
0.004724945
0.002835775
0.001491622
0.0005837594
-0.0005555148
-0.001981731
-0.002863978
-0.002518968
-0.0006120737
0.002158885
0.004790873
0.006452181
0.007062069
0.006666163
0.005918508
0.005151032
0.004046417
0.002727194
0.0016217
0.0005007866
-0.0007821593
-0.001780076
-0.002342967
-0.002636747
-0.003018645
-0.003546708
-0.003933229
-0.003881713
-0.003366451
-0.002601031
-0.001798795
-0.001147135
-0.0006869177
-0.0005089494
-0.001238318
-0.0031086
-0.005771674
-0.008231267
-0.009922583
-0.01117225
-0.01224302
-0.0127883
-0.0124115
-0.0110416
-0.008776274
-0.006123214
-0.003548209
-0.001773086
-0.001191002
-0.001584133
-0.002698866
-0.004517884
-0.006485926
-0.007959978
-0.008329438
-0.007866467
-0.00690161
-0.005688231
-0.004389463
-0.003512319
-0.00352452
-0.004892747
-0.007334443
-0.01033692
-0.01361557
-0.01675534
-0.0192975
-0.02130304
-0.02288779
-0.02373562
-0.02379275
-0.02324693
-0.02234764
-0.02109581
-0.01935692
-0.01741753
-0.01582466
-0.01473794
-0.01397993
-0.01331206
-0.01265452
-0.01210778
-0.01169512
-0.01130487
-0.01065057
-0.009778076
-0.008961759
-0.008514471
-0.00860043
-0.009464956
-0.01093699
-0.01267981
-0.01413674
-0.01490691
-0.01425546
-0.01239975
-0.01000939
-0.007317045
-0.004264014
-0.001938721
-0.0004753137
0.0008461428
0.001958104
0.002229327
0.001015457
-0.0009357758
-0.002419165
-0.003094772
-0.003285681
-0.003378473
-0.003276819
-0.002603385
-0.001494035
-0.0003571683
0.0003211957
0.0004511013
0.0001446711
-0.0003809584
-0.0009660945
-0.001486803
-0.001897596
-0.002184553
-0.002467051
-0.002780127
-0.002880098
-0.003035161
-0.003804367
-0.004909338
-0.005989737
-0.007233097
-0.008531502
-0.009471123
-0.009711175
-0.009091805
-0.007324134
-0.004749537
-0.001856693
0.00132211
0.004550362
0.006851749
0.00801916
0.008206144
0.007460719
0.006013809
0.004405586
0.002853078
0.001233173
-0.0003400517
-0.001630098
-0.002431528
-0.002773533
-0.002778372
-0.002404337
-0.001660697
-0.0007757894
-5.245426e-05
0.0003511547
0.0001252961
-0.0008087946
-0.002260349
-0.003933432
-0.005649445
-0.007134605
-0.008285484
-0.008947635
-0.008994437
-0.008440528
-0.007535065
-0.006465769
-0.005220832
-0.003751675
-0.00206787
-0.0003884033
0.001265999
0.003130616
0.004964589
0.006363959
0.006961506
0.007243368
0.008569678
0.01068928
0.01253824
0.01365463
0.01407692
0.01357392
0.01233687
0.01077568
0.009345985
0.008043572
0.006573635
0.004778075
0.002758415
0.0008317567
-0.001161837
-0.003600968
-0.005728744
-0.007029274
-0.007685877
-0.007794846
-0.007103572
-0.006107371
-0.005206852
-0.003906672
-0.002536246
-0.002113219
-0.002546553
-0.003062313
-0.002848889
-0.002027158
-0.001174747
-0.0009278112
-0.001290697
-0.002014848
-0.00277776
-0.003343313
-0.003335037
-0.002755281
-0.001789172
-0.0004951362
0.001233066
0.003186398
0.005059275
0.006398959
0.007114045
0.007327394
0.007359025
0.007461412
0.007995847
0.008964464
0.01012806
0.01087268
0.01100378
0.01054478
0.009881096
0.009463045
0.009863991
0.01105644
0.01276803
0.01477702
0.01698671
0.01875769
0.01989023
0.02082956
0.02158584
0.02167767
0.02117777
0.02046818
0.01962657
0.01866778
0.01768966
0.01677988
0.01592355
0.01502291
0.01402556
0.01296821
0.01215804
0.01171218
0.01145699
0.01146381
0.01210659
0.01348238
0.01520115
0.01663129
0.01755575
0.01797108
0.01767905
0.01675981
0.01569057
0.01453643
0.01297816
0.01127996
0.009689676
0.007997555
0.006441847
0.005397627
0.004747023
0.004170535
0.003587362
0.003052285
0.002697848
0.003089672
0.003956848
0.0044372
0.004320329
0.003909389
0.00329214
0.002581768
0.001951753
0.001149368
-5.068816e-05
-0.001179105
-0.001946586
-0.002472634
-0.002756047
-0.002641172
-0.002055533
-0.001106735
9.1172e-05
0.001160205
0.001867971
0.002304245
0.002801897
0.003586379
0.004235734
0.004215902
0.00291863
0.001158134
0.0002356117
-6.209455e-05
-0.0005270103
-0.001409258
-0.002301022
-0.00276342
-0.002752624
-0.002396913
-0.001741921
-0.0008308978
0.0003039594
0.001549435
0.00283296
0.004078437
0.005137684
0.005858354
0.006378786
0.006842854
0.007253479
0.007567486
0.007722271
0.007628402
0.007253416
0.006663508
0.005954622
0.005092886
0.004116256
0.003140266
0.002378558
0.001933098
0.001804141
0.001790775
0.001760158
0.00162095
0.001219497
0.0003866403
-0.0006249011
-0.001543498
-0.002179998
-0.002433108
-0.002199717
-0.001614918
-0.0008864654
-6.23394e-05
0.0007444886
0.001354661
0.001856207
0.002406748
0.00313596
0.004104757
0.005343952
0.006627606
0.007759487
0.008579861
0.009159886
0.0095446
0.009608499
0.009187343
0.008033985
0.006520132
0.005236857
0.004308271
0.003609539
0.003346042
0.00350624
0.003874134
0.004198588
0.00435011
0.003964736
0.002742255
0.0005516876
-0.001751118
-0.00354595
-0.005030408
-0.006585136
-0.00820671
-0.009253472
-0.009439255
-0.008592799
-0.007114822
-0.005562605
-0.004487359
-0.003888773
-0.003517148
-0.003597566
-0.004662955
-0.006327148
-0.008075093
-0.009915055
-0.01170023
-0.01320162
-0.0144318
-0.01532563
-0.01549343
-0.01470129
-0.01314445
-0.01185045
-0.01127817
-0.01114233
-0.01094077
-0.01053594
-0.01024234
-0.01022079
-0.01027099
-0.01038575
-0.01066182
-0.01075332
-0.01049331
-0.01010695
-0.009522909
-0.008595481
-0.007950527
-0.007977101
-0.008498924
-0.009298197
-0.01024621
-0.01067591
-0.01060738
-0.0105889
-0.01070986
-0.01071633
-0.01058624
-0.01027762
-0.00947279
-0.008225734
-0.006858635
-0.005815021
-0.005188098
-0.005010025
-0.005235195
-0.005791057
-0.006556138
-0.007364884
-0.008085401
-0.008737818
-0.009380799
-0.009984986
-0.01044626
-0.01068367
-0.0109548
-0.0113691
-0.01122205
-0.01020126
-0.008520976
-0.006419643
-0.003887972
-0.001158494
0.001354305
0.003345842
0.004905333
0.006108906
0.006681483
0.006752549
0.006638876
0.006676726
0.007024973
0.007763424
0.008829162
0.01031988
0.01187209
0.01304212
0.01362735
0.01381548
0.01362577
0.01275663
0.01104196
0.008870382
0.006840633
0.005263226
0.003643458
0.001623424
-0.000121241
-0.001095574
-0.001396219
-0.001730345
-0.002540041
-0.004209937
-0.006206234
-0.007685031
-0.008541895
-0.00906591
-0.009273623
-0.009276075
-0.009158388
-0.008754608
-0.00815139
-0.007869452
-0.00795501
-0.008126454
-0.008123159
-0.007836538
-0.007144883
-0.006228331
-0.005229352
-0.003808479
-0.001840444
0.0003196639
0.002048188
0.002889102
0.003079655
0.003032622
0.002880283
0.002315138
0.0009299756
-0.0007358661
-0.002153377
-0.003379541
-0.004245639
-0.004457903
-0.003794808
-0.002308017
-0.0002520911
0.001557493
0.002573346
0.002862576
0.002687204
0.002142502
0.001426057
0.00066773
-0.0002151231
-0.00119377
-0.001964872
-0.002215875
-0.001921839
-0.001446279
-0.00100214
-0.0005592819
-0.0001638232
9.588819e-05
0.0002753083
0.0004771571
0.0008042726
0.001481871
0.002633449
0.004145429
0.005686188
0.006711076
0.007050463
0.006897439
0.006531143
0.006173071
0.006157687
0.006540544
0.007167195
0.007886311
0.008549331
0.008859588
0.0089256
0.009007467
0.00909183
0.008957305
0.008361134
0.007541105
0.006852128
0.006510497
0.00673513
0.008021801
0.009861231
0.01147356
0.01251082
0.01301327
0.0128976
0.0124043
0.01183311
0.01131585
0.01082411
0.01034249
0.009826118
0.00926039
0.008751252
0.008180402
0.00718049
0.006492196
0.006881467
0.007747833
0.008523013
0.009507557
0.01070447
0.01179701
0.01266555
0.01314481
0.01265068
0.01155245
0.0105859
0.01009394
0.009984579
0.01034873
0.01098551
0.01162815
0.01224009
0.0127786
0.01297574
0.01262294
0.0117581
0.01075136
0.009975428
0.009689601
0.009078464
0.007476492
0.005776919
0.004589154
0.003615978
0.002550915
0.001368591
-0.0001805258
-0.001994594
-0.003745767
-0.005408633
-0.007061986
-0.008262498
-0.008608242
-0.007972972
-0.007020221
-0.006301959
-0.006009288
-0.005900877
-0.005721141
-0.005343365
-0.004824291
-0.004406644
-0.004177178
-0.004050932
-0.003879239
-0.003624253
-0.003338805
-0.003082469
-0.002892878
-0.003125637
-0.003989424
-0.004919624
-0.005367506
-0.005231738
-0.005033108
-0.005120719
-0.00547092
-0.005935243
-0.006471026
-0.006903551
-0.007137448
-0.007074062
-0.006912064
-0.006912391
-0.006794646
-0.006364227
-0.005901027
-0.005407834
-0.004557314
-0.003354659
-0.002061213
-0.0009589349
-0.0002210802
6.352011e-05
0.0001419156
0.000154743
-0.0001214729
-0.0006005321
-0.0009494885
-0.001260291
-0.001719505
-0.001995596
-0.001881106
-0.001472392
-0.00112166
-0.001016557
-0.00116432
-0.001295764
-0.001134978
-0.0006714043
-0.0001078437
-0.0001224234
-0.0006215516
-0.0009552076
-0.0004313494
0.001018838
0.002335333
0.002998635
0.003322045
0.003844592
0.004680563
0.005500912
0.006045442
0.006305374
0.006424838
0.006459316
0.006357718
0.006229994
0.006266739
0.006377538
0.006410704
0.006371307
0.006341543
0.00638379
0.006567092
0.007078973
0.008081404
0.009432262
0.01010166
0.009673298
0.008067421
0.006080896
0.004428869
0.003153758
0.002127493
0.001459978
0.001282452
0.001650816
0.002291658
0.002802728
0.002953024
0.002909114
0.00281042
0.002447292
0.00187313
0.001379491
0.001109153
0.001118246
0.001871888
0.003190754
0.004462795
0.00519386
0.005459696
0.005456843
0.005212307
0.004619701
0.003979852
0.003556507
0.003476561
0.003672316
0.004053682
0.004395161
0.004565095
0.004391364
0.003983979
0.003586811
0.003434407
0.003585062
0.00436009
0.00559929
0.006846477
0.007759124
0.008334089
0.008375054
0.007730972
0.00630073
0.00420102
0.001915194
0.0002299012
-0.0008107359
-0.001448422
-0.001516232
-0.001027362
-0.0004848145
-3.698796e-05
0.000541549
0.001167639
0.001750462
0.002483732
0.003216169
0.003580516
0.003549714
0.003195422
0.002335384
0.001105925
-0.0002533839
-0.001926086
-0.003914491
-0.005709392
-0.007271106
-0.008861852
-0.01034738
-0.01155457
-0.01232893
-0.01233834
-0.01149354
-0.01057065
-0.01014404
-0.0103657
-0.01077934
-0.0109737
-0.01088206
-0.01070807
-0.01057799
-0.01049232
-0.01039433
-0.0101957
-0.01031565
-0.01135454
-0.01299364
-0.0147285
-0.0162821
-0.01737937
-0.01765849
-0.01709776
-0.01597034
-0.01409922
-0.01150045
-0.008549724
-0.006673721
-0.006251318
-0.006502034
-0.006565786
-0.006180832
-0.005660567
-0.005275302
-0.005075698
-0.005110811
-0.005505341
-0.006102784
-0.00676734
-0.00757301
-0.008255303
-0.008387103
-0.008388478
-0.008635727
-0.008710891
-0.008305034
-0.007477558
-0.006257614
-0.004791853
-0.003542894
-0.002796852
-0.00265739
-0.003285121
-0.004524988
-0.006036095
-0.007563133
-0.008983171
-0.01003315
-0.01061459
-0.01082441
-0.01061438
-0.009702445
-0.008394762
-0.007068295
-0.005753968
-0.004217134
-0.002265187
-0.0002853157
0.001353971
0.002347146
0.002685332
0.00241567
0.001659384
0.0006143411
-0.0005467127
-0.001723526
-0.002812199
-0.003427847
-0.003448782
-0.003109287
-0.002635059
-0.002005916
-0.001442021
-0.001284337
-0.001900858
-0.00291897
-0.003827248
-0.00436357
-0.004571212
-0.004504143
-0.004292389
-0.00399921
-0.003388208
-0.002439644
-0.001540142
-0.001143396
-0.001561701
-0.002665861
-0.004107374
-0.005616261
-0.00726763
-0.009014659
-0.009617272
-0.008928834
-0.007548706
-0.006369301
-0.00580361
-0.005902867
-0.006530124
-0.007578086
-0.008764671
-0.009813308
-0.01032835
-0.0104492
-0.01050724
-0.01054501
-0.01045551
-0.01038776
-0.01034333
-0.01010614
-0.0102572
-0.01140703
-0.01330276
-0.01524013
-0.01674781
-0.01708442
-0.01601944
-0.01513679
-0.01505477
-0.01494685
-0.01397719
-0.01212404
-0.00995319
-0.007976858
-0.006406989
-0.005397117
-0.00497515
-0.004780334
-0.004503456
-0.003965535
-0.003500326
-0.003475776
-0.004096932
-0.005172816
-0.00623087
-0.006651628
-0.006284292
-0.005931205
-0.006060792
-0.006552725
-0.006997497
-0.007157976
-0.006872826
-0.006401356
-0.006151772
-0.006374234
-0.006979788
-0.007340132
-0.007150074
-0.006377718
-0.00569951
-0.005666686
-0.006217883
-0.007046337
-0.007989432
-0.008996571
-0.01001253
-0.01071303
-0.01114616
-0.01160228
-0.0118485
-0.01148095
-0.01032566
-0.00880004
-0.007356302
-0.006114742
-0.004982971
-0.003950256
-0.003089788
-0.002498689
-0.002481605
-0.003089254
-0.003164774
-0.002388781
-0.001820517
-0.001818734
-0.001946696
-0.00209588
-0.002365278
-0.002690116
-0.003024025
-0.003376576
-0.00365034
-0.003729627
-0.003504721
-0.002969171
-0.002172911
-0.001084117
-0.0001224691
-0.0003951099
-0.00165553
-0.002915279
-0.003199735
-0.002645933
-0.002148656
-0.002224648
-0.002724355
-0.003252773
-0.003636113
-0.003868522
-0.003965972
-0.003919735
-0.003735162
-0.003476862
-0.003196131
-0.00305557
-0.003146335
-0.003249813
-0.003151361
-0.002707485
-0.001885429
-0.0007369186
0.0005783666
0.001901873
0.003155532
0.00420105
0.004860004
0.004737483
0.004274359
0.004410259
0.004855263
0.004838861
0.004255755
0.00371108
0.003943932
0.005095552
0.00677829
0.008053867
0.008738044
0.009205007
0.009718774
0.01028241
0.01105453
0.01185965
0.0121945
0.01189234
0.01115366
0.01036021
0.009749134
0.009327868
0.008516528
0.00693324
0.004984301
0.003152455
0.001594528
0.0007116879
0.0004375273
8.073744e-06
-0.0007468245
-0.001434114
-0.00207233
-0.002747797
-0.003196345
-0.00339945
-0.003500414
-0.00344013
-0.003341229
-0.003724801
-0.004694007
-0.006120529
-0.007775545
-0.009309047
-0.01015724
-0.01033656
-0.01014547
-0.009335306
-0.007752922
-0.006267652
-0.005368483
-0.004807133
-0.004474045
-0.004553725
-0.005123087
-0.006034019
-0.007112262
-0.00794231
-0.008357178
-0.008252861
-0.007600158
-0.006358983
-0.004882326
-0.003481883
-0.00228748
-0.001399632
-0.0009877826
-0.0009575896
-0.001043401
-0.000901986
-0.0004966922
2.023692e-05
0.000256513
0.0002185684
0.001242952
0.003368848
0.005478538
0.006414229
0.005948954
0.004799631
0.003908898
0.003745034
0.004499419
0.006215988
0.008511191
0.0108085
0.01276391
0.01412944
0.01471047
0.0142259
0.01296756
0.01118238
0.009438172
0.008170626
0.007381096
0.006997875
0.007169538
0.007884825
0.008805955
0.009084421
0.008250267
0.006295684
0.004263338
0.002736683
0.001370981
9.727149e-05
-0.0006474638
-0.0009825861
-0.001088761
-0.0006883077
0.0001044324
0.0009511905
0.001761818
0.002367439
0.002191921
0.001523414
0.0009230698
0.0001613884
-0.0007541163
-0.0009033689
-0.000157069
0.0009361775
0.001929294
0.002604334
0.002564902
0.002089298
0.001634865
0.001104959
0.0004023699
-9.017453e-05
-6.335063e-06
0.0007013413
0.001913105
0.003240422
0.004297116
0.005133813
0.00593268
0.006463438
0.006525351
0.00619171
0.005649838
0.005020872
0.004543656
0.004218596
0.003758368
0.002856203
0.00144906
-0.0003034278
-0.002097794
-0.003680964
-0.004679106
-0.005000976
-0.004246295
-0.002832617
-0.001573661
-0.0008111178
-0.0004728747
-0.0007616255
-0.001643583
-0.002905515
-0.004144307
-0.005078553
-0.005518721
-0.005590725
-0.005394615
-0.005113724
-0.004898928
-0.004860706
-0.004889559
-0.004841053
-0.004664901
-0.004641943
-0.005372987
-0.006539283
-0.007404933
-0.00722102
-0.006110443
-0.004841581
-0.004120881
-0.004269441
-0.005394432
-0.007351371
-0.009940924
-0.01278434
-0.01555347
-0.01774975
-0.01917819
-0.01983959
-0.01969087
-0.01861108
-0.0169561
-0.01533407
-0.01411323
-0.0131814
-0.01239537
-0.01191975
-0.01146599
-0.01027068
-0.008828991
-0.008021282
-0.008076314
-0.008608015
-0.009152958
-0.009534465
-0.009849545
-0.01032657
-0.01100904
-0.01174528
-0.01216004
-0.01207171
-0.01177945
-0.01169606
-0.01212083
-0.01279425
-0.01332801
-0.01346638
-0.01326011
-0.01269591
-0.01219335
-0.01208343
-0.01197011
-0.01144683
-0.0103287
-0.008995944
-0.007886893
-0.007288245
-0.006919858
-0.006322565
-0.005285926
-0.003893698
-0.002331931
-0.0006497994
0.001207503
0.003200328
0.005177323
0.00641848
0.006704721
0.006123187
0.004999674
0.003569536
0.002177013
0.001223724
0.001253213
0.002099296
0.003419487
0.004358834
0.004415356
0.003513374
0.002100914
0.0004238345
-0.001172673
-0.00235369
-0.002729461
-0.002473361
-0.001960078
-0.001359909
-0.0007293057
-0.000320499
-0.0002120849
-0.0002911979
-0.0003612427
-0.0004206455
-0.0006400877
-0.001090151
-0.001738211
-0.002756565
-0.004219025
-0.005980537
-0.007722398
-0.009280096
-0.01074818
-0.01218155
-0.01344277
-0.01358392
-0.01199154
-0.009601642
-0.007728272
-0.006926817
-0.006614066
-0.006266407
-0.005882558
-0.005498723
-0.004871038
-0.003976396
-0.003000348
-0.002252704
-0.001855229
-0.001941855
-0.002367495
-0.002832159
-0.002749423
-0.002041407
-0.0007803356
0.0007848721
0.002456008
0.004112393
0.006042304
0.008902266
0.01153249
0.01264192
0.01278118
0.0129296
0.0134256
0.01384732
0.01367712
0.01278801
0.0114316
0.009872308
0.00820115
0.00650917
0.005529366
0.005355949
0.00554246
0.005789928
0.006193681
0.006893333
0.007833137
0.008926755
0.009837347
0.01036388
0.01088065
0.01157403
0.0122266
0.01280711
0.01334238
0.01317754
0.01228472
0.01106517
0.009835495
0.008722996
0.008198709
0.008222074
0.008423054
0.008682513
0.008963204
0.008722097
0.007965163
0.007133056
0.00646158
0.005867866
0.005235079
0.004723144
0.004668567
0.005365799
0.006519864
0.007329146
0.00756385
0.007421782
0.007158589
0.006920499
0.006837421
0.006821162
0.006765969
0.006921396
0.007308444
0.00747856
0.00741387
0.007411395
0.00746885
0.007466988
0.007444363
0.007532746
0.007798653
0.008266624
0.008869917
0.009448693
0.009832259
0.009979796
0.009996077
0.009958943
0.009853337
0.009281379
0.008025079
0.00677953
0.006200244
0.00658131
0.007220378
0.007432333
0.007273884
0.007274238
0.007931534
0.009117301
0.01041958
0.01139063
0.01211936
0.01296114
0.01376067
0.01418258
0.01420599
0.01396667
0.01352466
0.01305774
0.01268255
0.01216813
0.01146002
0.01090234
0.01088964
0.01153767
0.01279005
0.01411946
0.01483589
0.01504025
0.01515688
0.01515368
0.01478792
0.01396316
0.01284942
0.01170421
0.01103141
0.01096616
0.01135826
0.01188939
0.0124339
0.01285768
0.01299438
0.01268054
0.01180959
0.01042392
0.009279402
0.008833968
0.009083352
0.00995222
0.01121731
0.01251128
0.01364225
0.01457835
0.01512724
0.01507926
0.01446174
0.01337864
0.0118558
0.01054281
0.009777679
0.009429198
0.009399194
0.009827306
0.01050469
0.01119709
0.01197838
0.01269432
0.01298739
0.01297534
0.01293332
0.01286142
0.01261985
0.01209112
0.01110285
0.009779776
0.008560213
0.007449526
0.006213371
0.005425558
0.005507895
0.006278779
0.00707906
0.007522422
0.007619248
0.007543831
0.007387753
0.007208108
0.007024891
0.006816345
0.00652388
0.006060858
0.005583153
0.005270128
0.005093434
0.004976345
0.004978184
0.005011374
0.004886059
0.004267118
0.00320634
0.001878679
0.001144404
0.001621801
0.002948631
0.004167823
0.004503127
0.004358844
0.004379951
0.004469392
0.00446967
0.004574402
0.004734776
0.004829903
0.00524286
0.005924669
0.006324544
0.00587731
0.004416727
0.001994069
-0.001204937
-0.005131908
-0.009354475
-0.01320209
-0.01579209
-0.0165012
-0.01544057
-0.01387134
-0.01254561
-0.01152004
-0.01023037
-0.008230482
-0.006027979
-0.004100035
-0.002210868
1.236114e-05
0.002645331
0.004957863
0.006321767
0.006225091
0.004628304
0.001696963
-0.002369531
-0.007407558
-0.01283397
-0.01714039
-0.01940797
-0.02008218
-0.01990453
-0.01925832
-0.01810644
-0.01634948
-0.01410827
-0.01129398
-0.007408009
-0.002510964
0.003201376
0.009306349
0.01543157
0.01994092
0.02215594
0.0212122
0.01753056
0.0118878
0.004897281
-0.002356194
-0.008218843
-0.01182734
-0.01316655
-0.01189105
-0.008289703
-0.002346661
0.004232732
0.0100276
0.01408151
0.01675837
0.01819284
0.01892601
0.01932813
0.01962932
0.01977152
0.01911603
0.01712092
0.01337421
0.007279808
-0.000537051
-0.008149441
-0.01448024
-0.01929157
-0.02149778
-0.02042614
-0.0159976
-0.009411178
-0.0012328
0.007220447
0.01501014
0.020591
0.02256478
0.02171104
0.01845323
0.01363611
0.008197276
0.003548919
0.0002012388
-0.001987444
-0.003528408
-0.004583986
-0.004840755
-0.004474081
-0.00384109
-0.003274616
-0.00279323
-0.00218482
-0.001033202
0.001097997
0.004146411
0.007712463
0.01177943
0.01563724
0.0182153
0.01932029
0.01905125
0.01691781
0.01338648
0.009419749
0.005896276
0.002813581
-0.0003613039
-0.003100274
-0.004472769
-0.00379891
-0.001880532
0.0003870176
0.002580288
0.004705515
0.00683533
0.008917131
0.01077894
0.01223691
0.01307969
0.0133026
0.01293538
0.01179405
0.00995633
0.007459586
0.004513673
0.0015892
-0.0005866644
-0.001932117
-0.002678014
-0.002448067
-0.001420973
-0.000171681
0.001132018
0.002684397
0.004488394
0.006425932
0.00849272
0.01049193
0.01220743
0.01344486
0.0140574
0.01379645
0.01264242
0.01073012
0.007950139
0.004518083
0.001286624
-0.0009512128
-0.002236071
-0.002457627
-0.001507596
0.0006959858
0.003386516
0.005814293
0.007224358
0.007611688
0.007292182
0.006757906
0.006155827
0.005607373
0.005379321
0.005729686
0.006061572
0.005865202
0.0048363
0.00327022
0.00158347
2.089206e-05
-0.001331853
-0.002278578
-0.002571266
-0.002101389
-0.0006890556
0.00146375
0.003631136
0.004971829
0.004868515
0.003443099
0.001058658
-0.002213317
-0.004831161
-0.005439593
-0.004331361
-0.002853144
-0.001758516
-0.001246406
-0.001356195
-0.002427385
-0.004378737
-0.006907265
-0.009546662
-0.01184789
-0.01326726
-0.01379139
-0.013421
-0.01219301
-0.01036771
-0.008396224
-0.006775733
-0.005835346
-0.005323623
-0.005032207
-0.005189338
-0.005584478
-0.005858067
-0.006411728
-0.007592719
-0.00922022
-0.01047782
-0.01085069
-0.01040297
-0.009503264
-0.00851445
-0.007312557
-0.005666656
-0.003797396
-0.002053026
-0.0007023885
1.859768e-05
-0.0002159783
-0.001228534
-0.002583376
-0.00392855
-0.004922015
-0.005433464
-0.005690504
-0.005903595
-0.005985436
-0.005935922
-0.00587517
-0.005918364
-0.006028286
-0.006090597
-0.005761589
-0.004759909
-0.002878081
-0.0006774687
0.001104878
0.002524384
0.003866693
0.004713277
0.00491133
0.004502343
0.003580182
0.002212794
0.00050749
-0.001284503
-0.002873274
-0.003784788
-0.003847352
-0.003143561
-0.002023969
-0.0006635953
0.0003710283
0.0008760582
0.001050185
0.001163033
0.001289884
0.001352573
0.001226745
0.0007781579
3.213529e-05
-0.0009891626
-0.002180735
-0.003381062
-0.004381715
-0.004996909
-0.005119611
-0.004510141
-0.00339977
-0.00210329
-0.0006879811
0.0008769876
0.00228016
0.00339933
0.004451658
0.005169953
0.005169942
0.004397856
0.003123127
0.001788207
0.001385434
0.002358902
0.003475201
0.003779454
0.003119988
0.001846979
0.0003136829
-0.0008244885
-0.001552414
-0.002286137
-0.003061085
-0.003618705
-0.003816767
-0.003627428
-0.003022149
-0.002358416
-0.002028006
-0.002714819
-0.004200702
-0.005807571
-0.007200918
-0.00842024
-0.009156306
-0.008776754
-0.006857928
-0.005503102
-0.005835351
-0.006644833
-0.006783213
-0.00625464
-0.005601055
-0.005087373
-0.004454388
-0.003570926
-0.002595772
-0.001797907
-0.001230758
-0.0008529839
-0.0007471659
-0.001054945
-0.001302072
-0.001174883
-0.0008081918
-0.0002832244
0.000523809
0.001181788
0.001260659
0.0007030487
-0.0002774142
-0.001532253
-0.002558088
-0.003134704
-0.003263379
-0.003103087
-0.002753455
-0.002377285
-0.002079639
-0.002025756
-0.002416832
-0.003413114
-0.004549372
-0.005326927
-0.005510159
-0.005132583
-0.004097036
-0.002519169
-0.0007066741
0.00093402
0.001906379
0.001709623
0.0003364999
-0.001756941
-0.00403706
-0.005924891
-0.006984807
-0.007235271
-0.006794193
-0.005493163
-0.004035097
-0.003168482
-0.002903257
-0.002990465
-0.00346551
-0.004163789
-0.00486937
-0.0054087
-0.005694916
-0.005613222
-0.005320158
-0.00502649
-0.004818543
-0.004794738
-0.005255884
-0.006156333
-0.00710975
-0.007126252
-0.00629305
-0.005331311
-0.004661473
-0.004187477
-0.003572128
-0.002999006
-0.003290397
-0.00428525
-0.005306412
-0.006075945
-0.006553979
-0.006414103
-0.005744745
-0.004842154
-0.003713101
-0.002448023
-0.001570689
-0.001331816
-0.001571275
-0.001922007
-0.002031129
-0.001410804
-5.350742e-05
0.001706747
0.003311206
0.004671496
0.006090014
0.00731899
0.007648465
0.006544026
0.004401198
0.002242894
0.0007735748
-1.032667e-05
-0.0003804508
-0.0004706002
-0.0002886654
1.716954e-05
0.0002218972
-0.0001018702
-0.0008470462
-0.001655487
-0.002183602
-0.002323126
-0.002108958
-0.001675252
-0.0009706644
-2.440962e-05
0.0009296659
0.001077809
0.0003909619
-0.0007472408
-0.001796632
-0.002518576
-0.003020091
-0.00331216
-0.0031969
-0.002689817
-0.001941288
-0.001425979
-0.001450124
-0.002053464
-0.002866054
-0.003640338
-0.004232256
-0.004720866
-0.005213645
-0.005545514
-0.005579584
-0.005152945
-0.004670593
-0.004758714
-0.005475716
-0.006385811
-0.006999763
-0.007082092
-0.006514576
-0.005453902
-0.004116779
-0.002608999
-0.001399438
-0.001099047
-0.001852154
-0.003242866
-0.004701895
-0.005938092
-0.006908364
-0.007403504
-0.007184787
-0.006006291
-0.004384933
-0.002909973
-0.001901958
-0.001400076
-0.001496544
-0.001728848
-0.001593555
-0.001146184
-0.0006467107
-0.0001491806
0.000109547
-0.0002233907
-0.00105515
-0.001775837
-0.001485827
-0.0004433259
0.0006498851
0.001171611
0.001171413
0.001101628
0.001061945
0.0007826391
0.0003744464
0.0001397756
0.0003148839
0.0009653014
0.001942812
0.002470397
0.00229695
0.001873108
0.001458764
0.0009493226
0.0002882182
-0.0004229956
-0.0009626514
-0.001130382
-0.000835467
9.224227e-05
0.001132976
0.001295918
0.0006183419
-0.0001655769
7.924991e-06
0.00104659
0.002211457
0.00301583
0.00351602
0.003856872
0.004193749
0.004606889
0.005072368
0.005517862
0.005767192
0.005866341
0.005989341
0.006021981
0.005867478
0.006109673
0.006686732
0.00698492
0.00699507
0.007060897
0.007359065
0.007596742
0.00738916
0.006984903
0.006701242
0.006342156
0.005988338
0.006002384
0.006015797
0.005633297
0.004720752
0.003270718
0.001207284
-0.001132387
-0.003384851
-0.005356781
-0.006774897
-0.007368827
-0.006689789
-0.005218356
-0.003700617
-0.002594088
-0.001922209
-0.001561182
-0.001384069
-0.001225512
-0.000951048
-0.000491625
0.000455238
0.001796708
0.002854965
0.003182076
0.00283672
0.00194518
0.0004966042
-0.001594034
-0.00397607
-0.006116445
-0.007063606
-0.006783417
-0.005799852
-0.004749593
-0.003786402
-0.003022801
-0.00246964
-0.002083966
-0.001393596
-1.794349e-05
0.002188493
0.004176378
0.004663491
0.004170062
0.003502706
0.00222541
9.813151e-05
-0.002510939
-0.004785774
-0.006373946
-0.006865535
-0.006418638
-0.00541501
-0.004377185
-0.003516322
-0.002927379
-0.00247416
-0.001995653
-0.001477387
-0.0009541608
-0.0002879784
0.0003263612
0.0004798372
9.03274e-05
-0.0006649487
-0.002042486
-0.003823008
-0.005478638
-0.007073494
-0.008827896
-0.01060741
-0.01161871
-0.01132547
-0.009744621
-0.00746751
-0.005466889
-0.003930421
-0.002582559
-0.001734461
-0.001641103
-0.002107501
-0.002586648
-0.002725687
-0.002463714
-0.002037372
-0.00180684
-0.001867048
-0.002166007
-0.002671666
-0.003183772
-0.003234416
-0.002819204
-0.002183155
-0.00113328
0.0003659094
0.001833698
0.003151324
0.004518942
0.005564108
0.006058423
0.006119329
0.00582973
0.005132383
0.004627257
0.00467924
0.005064294
0.005304311
0.00515203
0.00466383
0.004049316
0.003497478
0.003122326
0.003005863
0.003187479
0.003552737
0.003860821
0.00389573
0.003525803
0.00293403
0.002412663
0.002220306
0.002309391
0.002527357
0.002931911
0.003470558
0.003759059
0.003633602
0.003192331
0.002402191
0.001354731
0.0004488249
-0.0003302961
-0.001192816
-0.001919804
-0.002381762
-0.002621013
-0.002819536
-0.003031822
-0.002889028
-0.002512835
-0.00252552
-0.003320853
-0.004653318
-0.005167856
-0.004795538
-0.004516268
-0.004639944
-0.004811409
-0.004799521
-0.004668309
-0.004562267
-0.004575841
-0.004676024
-0.004769799
-0.005024411
-0.005688583
-0.006253884
-0.006338378
-0.005978696
-0.005504318
-0.005162407
-0.005063211
-0.005151322
-0.005331648
-0.005564581
-0.005838761
-0.005660225
-0.005134826
-0.005300744
-0.006307766
-0.007635331
-0.008545024
-0.009015401
-0.009658645
-0.01051014
-0.01116621
-0.01136341
-0.01120516
-0.01074075
-0.01003188
-0.009205374
-0.008675321
-0.008590864
-0.009000331
-0.009473158
-0.009647664
-0.009722328
-0.009846653
-0.00980601
-0.009785779
-0.0101057
-0.01072588
-0.01139762
-0.01197553
-0.01231428
-0.0123622
-0.01230321
-0.01222533
-0.01203383
-0.01166788
-0.01114084
-0.0102847
-0.009231969
-0.008281964
-0.007322138
-0.006205941
-0.005499505
-0.005358062
-0.005514238
-0.00620592
-0.007467698
-0.008667143
-0.009501729
-0.01007258
-0.01009749
-0.009479366
-0.008569556
-0.007642265
-0.006653754
-0.005638987
-0.004672961
-0.003830762
-0.003206038
-0.002925935
-0.003093558
-0.003533636
-0.00370131
-0.003454045
-0.003001242
-0.002597133
-0.002283924
-0.001969753
-0.001601613
-0.001213152
-0.0008972739
-0.0007902908
-0.00110096
-0.001616797
-0.002007626
-0.002052449
-0.001858165
-0.001717162
-0.001454408
-0.0006149083
0.0007051445
0.0019178
0.00229192
0.002030071
0.001633655
0.001415935
0.001506383
0.00216216
0.00312494
0.004038239
0.004819748
0.005528211
0.006109603
0.006518142
0.006681679
0.006470782
0.006027856
0.005800849
0.005792299
0.00571435
0.005428654
0.005188687
0.005508954
0.006185158
0.006635079
0.005924278
0.004043095
0.001906315
0.000410016
-0.0003684106
-0.001267163
-0.002311346
-0.002756559
-0.002655834
-0.002419739
-0.002079647
-0.001728387
-0.001593415
-0.00140025
-0.0008713715
-0.0003010373
0.0002035497
0.000887504
0.001884082
0.003147778
0.004501277
0.005711063
0.006507811
0.007070621
0.0076242
0.007813166
0.007608829
0.007328031
0.006984884
0.006443173
0.005945518
0.005619317
0.005370162
0.005326588
0.005591245
0.00561162
0.005263591
0.004909711
0.004715799
0.004606732
0.00462218
0.004832581
0.005285497
0.005937495
0.006638581
0.007019188
0.006908291
0.006306795
0.00536519
0.004344384
0.003591619
0.002998249
0.00231945
0.001870355
0.002027197
0.00293092
0.004341118
0.006083558
0.007534778
0.008426253
0.009032606
0.009573531
0.009883132
0.009599713
0.008680256
0.007371418
0.006159178
0.005382548
0.005064194
0.005144936
0.005753761
0.006574915
0.007174873
0.007084238
0.006657008
0.007087646
0.008457572
0.00998034
0.0105195
0.009961656
0.009025745
0.008333514
0.008119719
0.008238907
0.008391476
0.008523004
0.008647975
0.008740439
0.008717619
0.008237923
0.007106661
0.005798766
0.004513862
0.003049446
0.00190254
0.001389216
0.001404604
0.001887062
0.00294091
0.003801456
0.00398019
0.003456611
0.002524294
0.001383552
0.0003957237
-0.0003741881
-0.001217599
-0.002150482
-0.002897741
-0.003190121
-0.003077619
-0.001644537
-0.001452613
-0.001386883
-0.001240797
-0.001018453
-0.001081231
-0.001406961
-0.001741871
-0.002032799
-0.00237957
-0.002834537
-0.003019099
-0.002696824
-0.002635615
-0.003137782
-0.003526412
-0.003347587
-0.002792216
-0.002583371
-0.002979047
-0.003712037
-0.004637968
-0.005763916
-0.00655991
-0.006770886
-0.006614387
-0.006081487
-0.005037697
-0.003801688
-0.00266982
-0.001735325
-0.001044469
-0.0007481803
-0.0008500507
-0.001278704
-0.002028489
-0.002529618
-0.002306729
-0.001550374
-0.0006651459
7.130538e-05
0.0004657976
0.000350634
1.305945e-05
-0.0002988245
-0.0006319375
-0.0006459334
2.372509e-05
0.001427667
0.003387074
0.005688695
0.007855493
0.009476783
0.01049519
0.01091316
0.01047436
0.009431991
0.008294439
0.007461569
0.006947795
0.00684288
0.006968583
0.007126761
0.007951932
0.009628295
0.01137178
0.0123646
0.01226801
0.01154469
0.01076414
0.01019203
0.009783141
0.009486665
0.009310225
0.009120064
0.008552892
0.007599917
0.006397509
0.005010702
0.003759913
0.003416559
0.003946281
0.004840633
0.005911655
0.007117401
0.008121051
0.008833556
0.009317206
0.008997838
0.007931772
0.007263981
0.007579195
0.008598642
0.009921037
0.01122988
0.0120276
0.01233032
0.01242743
0.01231964
0.01196904
0.01160159
0.01138916
0.01133546
0.01143399
0.01155154
0.01147987
0.01112215
0.01050468
0.009681405
0.008923652
0.00853174
0.008469424
0.008591095
0.008767441
0.008946707
0.009125934
0.009198556
0.009026415
0.008411429
0.007473668
0.006491015
0.005847437
0.005589459
0.005619341
0.005958248
0.00677195
0.00798304
0.009300464
0.01021656
0.01060692
0.01058807
0.01023455
0.009636664
0.008906744
0.008255434
0.007933267
0.008157868
0.008894915
0.009969739
0.01107614
0.01200857
0.01251416
0.01241863
0.0115452
0.01028449
0.009078235
0.008392111
0.008284964
0.008538221
0.00887883
0.009212036
0.009537567
0.009651464
0.00899975
0.007760119
0.006415837
0.005040799
0.003691074
0.002684492
0.002122336
0.001846906
0.001499133
0.001121219
0.001043049
0.001548153
0.002590453
0.003375448
0.003669113
0.003854165
0.004200476
0.0046501
0.005096448
0.005467088
0.005529948
0.005285807
0.005014337
0.004550781
0.003625867
0.002535266
0.001568978
0.0007690755
0.0003097707
0.0001489695
8.887196e-05
-0.0001845774
-0.0006711353
-0.0009523326
-0.0008372854
-0.000531323
-0.001084806
-0.002568698
-0.003700311
-0.003851794
-0.003244817
-0.002615354
-0.002313466
-0.002225798
-0.002149821
-0.002094571
-0.002182789
-0.00237366
-0.002420517
-0.002505028
-0.003036619
-0.004014044
-0.005046183
-0.005634333
-0.005540768
-0.004884423
-0.004170358
-0.00375899
-0.003828558
-0.004335272
-0.005052577
-0.005173523
-0.004256045
-0.001894834
0.00036862
0.0009604801
-0.000559686
-0.003374618
-0.006185603
-0.007863689
-0.008204613
-0.007965616
-0.007839609
-0.007872127
-0.007562407
-0.006676452
-0.005151635
-0.003443707
-0.002096763
-0.001385528
-0.001364033
-0.002222588
-0.003488808
-0.004454123
-0.004910394
-0.005122793
-0.005254433
-0.005170058
-0.004625694
-0.003648861
-0.002539446
-0.001848315
-0.001524391
-0.00115424
-0.0005808673
8.764035e-05
0.000841626
0.001405504
0.001388565
0.0009776917
0.0005734039
0.0004775828
0.0007568767
0.00136466
0.001745201
0.001614503
0.0009375597
9.998805e-05
-0.0005178236
-0.001056156
-0.001570418
-0.001625883
-0.001396923
-0.001389756
-0.001835644
-0.00240012
-0.002439629
-0.002038616
-0.001646922
-0.001603047
-0.001873236
-0.0022743
-0.002550905
-0.002576368
-0.002615537
-0.002852644
-0.003185261
-0.003492429
-0.003758657
-0.003830733
-0.003760564
-0.003908641
-0.00421196
-0.004292448
-0.003651337
-0.002545815
-0.001970111
-0.002150726
-0.002738581
-0.003257359
-0.003649144
-0.004196608
-0.004893644
-0.005468231
-0.005541389
-0.005081893
-0.004335839
-0.003588711
-0.002920487
-0.002336288
-0.001806763
-0.001336048
-0.0009995669
-0.0008914032
-0.0009616859
-0.001123766
-0.001481148
-0.002051809
-0.00274126
-0.003380205
-0.00390796
-0.004314873
-0.004676745
-0.005069057
-0.005466145
-0.005788826
-0.005837513
-0.005619751
-0.005283449
-0.005034357
-0.004968904
-0.005333173
-0.006029135
-0.00675828
-0.007243193
-0.007394944
-0.007165369
-0.006816695
-0.006620308
-0.006755237
-0.007169477
-0.007703921
-0.008116125
-0.008242908
-0.00815107
-0.008000102
-0.007901823
-0.007982072
-0.008348939
-0.008706001
-0.008830113
-0.008786386
-0.008653103
-0.00838467
-0.008185523
-0.008166426
-0.008190231
-0.008144411
-0.008042124
-0.007901872
-0.00775106
-0.00768793
-0.007597452
-0.007240983
-0.006550157
-0.005681375
-0.004829699
-0.004390842
-0.004749556
-0.005359839
-0.005613993
-0.005080178
-0.004146614
-0.003427927
-0.00314827
-0.003117572
-0.002839074
-0.002305628
-0.001923406
-0.001895132
-0.002154645
-0.00272437
-0.003321604
-0.003562203
-0.003525364
-0.003404516
-0.003096324
-0.002641807
-0.002266611
-0.00210015
-0.002078249
-0.001903908
-0.001429991
-0.0006002924
3.056851e-05
-4.432001e-05
-0.001020299
-0.002482973
-0.003564319
-0.003770728
-0.003232194
-0.002493288
-0.001990176
-0.00191996
-0.002137159
-0.002433403
-0.002594461
-0.002629967
-0.002642538
-0.002608783
-0.002434878
-0.002053372
-0.001607341
-0.001329513
-0.001272711
-0.00135966
-0.001585231
-0.00191016
-0.002159467
-0.002219555
-0.002100143
-0.001790289
-0.00131632
-0.000787589
-0.000327714
2.456968e-05
0.0002919088
0.000468321
0.0004874426
0.0004637062
0.0005671494
0.0008529474
0.001256623
0.001799418
0.002359252
0.002741999
0.002910984
0.002917198
0.002803048
0.00268288
0.002680373
0.002813067
0.003008838
0.003217047
0.003394963
0.003507494
0.00347908
0.003255336
0.002794655
0.002190271
0.001581881
0.001190358
0.0009674449
0.0007314644
0.0005496737
0.0005423509
0.0005030912
0.0003472836
0.000203351
6.884478e-05
-8.889042e-05
-0.0001085689
-2.259876e-05
1.708011e-05
-1.493322e-05
-8.98216e-05
-0.0002491442
-0.0004651244
-0.0007049056
-0.001108651
-0.001609586
-0.001823397
-0.001872325
-0.002086325
-0.002455958
-0.002789722
-0.002932572
-0.002745259
-0.002326386
-0.001950636
-0.001683237
-0.001426428
-0.001246498
-0.001208741
-0.001323295
-0.001609485
-0.002113974
-0.002702186
-0.003223539
-0.003639152
-0.003894217
-0.00390229
-0.003727896
-0.003516673
-0.003271708
-0.002906716
-0.002637324
-0.002543455
-0.002382203
-0.002127419
-0.001950861
-0.001878791
-0.001846293
-0.001827196
-0.001820329
-0.001831948
-0.001850641
-0.001859644
-0.001850674
-0.001836576
-0.001827151
-0.001815359
-0.001813284
-0.001846147
-0.001921679
-0.002018853
-0.002031658
-0.001960239
-0.001881844
-0.001794472
-0.001657064
-0.001504212
-0.001393166
-0.001373975
-0.001464478
-0.001660287
-0.001977525
-0.00237434
-0.002791664
-0.003177916
-0.00348503
-0.003637443
-0.00364206
-0.003512618
-0.003281546
-0.002996682
-0.002716928
-0.002480712
-0.0024227
-0.002575212
-0.002808592
-0.003040342
-0.003171302
-0.003168753
-0.003049701
-0.002870267
-0.002673535
-0.002546183
-0.002518985
-0.002528645
-0.002548482
-0.002587656
-0.002660835
-0.002752368
-0.002842369
-0.002920313
-0.002941313
-0.002887806
-0.002778928
-0.002647895
-0.002504633
-0.002384074
-0.002294327
-0.002197298
-0.002084663
-0.001980631
-0.001899004
-0.001837318
-0.001813114
-0.001821705
-0.001837271
-0.001794679
-0.001686009
-0.001554956
-0.001456231
-0.001418366
-0.00141679
-0.001414835
-0.001387928
-0.001332045
-0.001249608
-0.001163571
-0.001085856
-0.001009762
-0.0009422205
-0.0009002238
-0.0008660517
-0.0008237945
-0.000797348
-0.0007924592
-0.0007928361
-0.000799208
-0.0008195983
-0.0008418304
-0.0008497401
-0.0008379174
-0.0008253414
-0.0008251684
-0.0008294715
-0.0008162936
-0.000770684
-0.0007098548
-0.0006520852
-0.0006066951
-0.0005801482
-0.0005785557
-0.0005907243
-0.0006075907
-0.0006279356
-0.0006419514
-0.000636468
-0.000618817
-0.0006009593
-0.0005846285
-0.0005690469
-0.0005561102
-0.0005458425
-0.0005355529
-0.0005192869
-0.0004918826
-0.0004506794
-0.0004031793
-0.0003560282
-0.0003052613
-0.000256167
-0.0002201518
-0.0001967274
-0.0001813575
-0.0001756677
-0.000171565
-0.0001572303
-0.0001320593
-0.0001013719
-7.206834e-05
-4.950823e-05
-3.578527e-05
-2.411985e-05
-9.503503e-06
7.934703e-06
2.670065e-05
4.667264e-05
6.511756e-05
8.073203e-05
9.721044e-05
0.0001154469
0.0001331365
0.0001497768
0.0001658975
0.0001795603
0.0001912036
0.0002028905
0.0002162878
0.0002313459
0.0002462537
0.0002597278
0.0002711889
0.0002825836
0.0002960324
0.0003134351
0.00033385
0.0003554177
0.0003755516
0.0003932441
0.0004079373
0.0004200103
0.0004315809
0.0004444492
0.0004574216
0.0004690594
0.0004793377
0.0004919291
0.0005104801
0.0005331487
0.0005561553
0.0005781774
0.0005981388
0.0006147224
0.0006284253
0.0006400225
0.0006490173
0.0006543556
0.0006545295
0.0006502408
0.0006443271
0.0006396769
0.0006389346
0.0006452059
0.0006589167
0.0006784005
0.0007024762
0.0007312203
0.0007629323
0.0007964414
0.0008281793
0.0008558364
0.0008781019
0.0008919007
0.0008967593
0.0008988689
0.0009028952
0.0009097253
0.00091958
0.0009329516
0.0009481117
0.0009638469
0.0009788821
0.0009928793
0.001005757
0.001017693
0.001030103
0.001043636
0.001058339
0.001073635
0.001088922
0.001103586
0.001117466
0.001129981
0.001141142
0.001151522
0.001161284
0.00117128
0.001181851
0.001192944
0.001204834
0.001217411
0.001230291
0.001243135
0.001255802
0.001268112
0.001280081
0.00129175
0.001303259
0.00131473
0.001326274
0.001337879
0.001349542
0.00136117
0.001372673
0.001383962
0.001394993
0.001405858
0.001416613
0.001427301
0.001437957
0.001448621
0.0014593
0.001469972
0.001480611
0.001491186
0.001501676
0.00151208
0.001522403
0.001532654
0.001542834
0.00155294
0.001562971
0.001572927
0.001582809
0.001592616
0.001602345
0.001611998
0.001621576
0.001631081
0.001640515
0.001649879
0.00165917
0.001668386
0.001677526
0.001686587
0.001695569
0.001704472
0.001713296
0.001722041
0.001730707
0.001739292
0.001747798
0.001756223
0.001764567
0.001772829
0.001781009
0.001789106
0.001797121
0.001805052
0.0018129
0.001820663
0.001828342
0.001835936
0.001843444
0.001850866
0.001858202
0.001865451
0.001872613
0.001879687
0.001886673
