-0.001535854
-0.001531489
-0.0015271
-0.001522669
-0.00151821
-0.001513725
-0.001509205
-0.001504628
-0.001499988
-0.00149527
-0.001490459
-0.001485524
-0.001480488
-0.001475467
-0.001470822
-0.001466561
-0.001462551
-0.001458807
-0.001455443
-0.001452266
-0.001447728
-0.001440859
-0.001432776
-0.001424181
-0.001414402
-0.001404641
-0.001397431
-0.00139438
-0.001394053
-0.00139415
-0.001395948
-0.001401713
-0.001407165
-0.001404875
-0.001388605
-0.001365398
-0.00134371
-0.001327081
-0.001315391
-0.001314633
-0.001321627
-0.001328582
-0.001334088
-0.001336828
-0.001326052
-0.001304868
-0.001284014
-0.001266305
-0.00125635
-0.001274123
-0.00131264
-0.001349474
-0.001367459
-0.001361293
-0.001312243
-0.001236781
-0.00116398
-0.001103682
-0.001056964
-0.001081954
-0.001171426
-0.00126472
-0.001352991
-0.001424452
-0.001393856
-0.001289278
-0.001195271
-0.001132971
-0.001080049
-0.001066949
-0.001091454
-0.00111462
-0.001122424
-0.001127678
-0.001142246
-0.001164839
-0.001191941
-0.001277415
-0.001452215
-0.001586394
-0.001569865
-0.00138572
-0.001167444
-0.001003208
-0.0008726523
-0.0007767734
-0.0008266972
-0.000976831
-0.001109897
-0.001199056
-0.001251915
-0.001213224
-0.001118216
-0.001030139
-0.00089351
-0.0007076136
-0.0007660878
-0.001074865
-0.001398759
-0.0017108
-0.001954271
-0.001782743
-0.001322725
-0.0009138501
-0.0005733025
-0.0001803006
-0.0001195379
-0.0005451101
-0.001065493
-0.001475296
-0.001809846
-0.001714578
-0.001250729
-0.0008164504
-0.0004704102
-9.117649e-06
0.0003681795
0.0004256492
-8.020859e-05
-0.0009145083
-0.001661308
-0.00221378
-0.00253436
-0.002302138
-0.001747621
-0.00129155
-0.0009971738
-0.0006952679
-0.0002868245
3.620614e-05
-0.0001624779
-0.0007092359
-0.001186497
-0.00149528
-0.001605379
-0.001389865
-0.001061909
-0.0008291844
-0.0006734812
-0.000562475
-0.0006354864
-0.0008364283
-0.001013186
-0.001131416
-0.001246996
-0.001398795
-0.00157627
-0.001710453
-0.001437904
-0.000700256
0.0001100911
0.0004847874
0.0001334764
-0.0004321268
-0.0007589836
-0.0008972547
-0.0009235553
-0.0007101167
-0.0003915308
-0.0002007347
-0.0005362996
-0.001241912
-0.001905337
-0.002659727
-0.003348913
-0.002965934
-0.001797303
-0.0007513766
0.0001427496
0.001290317
0.002171898
0.002206038
0.001256761
3.60916e-06
-0.0009701347
-0.001709882
-0.002250704
-0.002070696
-0.001415741
-0.0009034196
-0.0009185031
-0.001284202
-0.001567201
-0.001822128
-0.002252304
-0.00215986
-0.001262608
-0.0002108625
0.0006192453
0.001386522
0.001590429
0.0007495057
-0.0003868433
-0.001195135
-0.001746575
-0.002182832
-0.002509662
-0.002464613
-0.002125066
-0.001807895
-0.001611321
-0.001434342
-0.001192503
-0.0008995692
-0.0006278193
-0.000789847
-0.001523008
-0.001689886
-0.001034147
-0.0002957448
-0.0001358792
-0.0005560079
-0.0009924076
-0.0011636
-0.001200635
-0.001054861
-0.0005875064
-3.033542e-05
0.0002508431
-0.0001308187
-0.00084254
-0.001433408
-0.002145675
-0.002833343
-0.002331457
-0.0009365765
0.0002870589
0.0008360404
0.0009506647
0.000676996
0.000204634
-0.0001838117
-0.0004714619
-0.0007873971
-0.00118909
-0.001633095
-0.002067012
-0.002511848
-0.002910518
-0.002680856
-0.001909989
-0.001178424
-0.0006915937
-0.0002686496
0.0002628026
0.0008925818
0.001511029
0.001743776
0.001394343
0.0009134178
0.0006317426
0.0004790633
0.0002726951
-3.388883e-05
-0.0003734136
-0.000837514
-0.001774503
-0.002875609
-0.00352783
-0.002992863
-0.001725364
-0.0006632417
0.0001043598
0.0009285284
0.001323429
0.001037541
0.0006227175
0.0004497572
0.0004147407
0.000304571
7.774902e-05
-0.0001791422
-0.0004086805
-0.000622851
-0.0008441414
-0.001077872
-0.001317079
-0.001555777
-0.001793801
-0.002033766
-0.002288813
-0.002569847
-0.002563203
-0.002044802
-0.001385936
-0.0007112673
0.0004488871
0.002203677
0.004301829
0.005757581
0.006011437
0.004044658
0.0007295234
-0.002161295
-0.003917514
-0.004631085
-0.0039455
-0.002649758
-0.001762718
-0.001733988
-0.002179477
-0.002412566
-0.002312107
-0.002116594
-0.001590453
-0.0006234109
0.0004108839
0.001233681
0.001719454
0.0009816105
-0.00103414
-0.003129286
-0.00452373
-0.005147241
-0.004561827
-0.002926799
-0.001315042
-0.0005437029
-0.0007875927
-0.001182049
-0.001147209
-0.0008572337
-0.0003400764
0.0007507819
0.00210046
0.003099054
0.002519985
0.0008109739
-0.0006720077
-0.001565835
-0.00222356
-0.002291723
-0.001871539
-0.001513797
-0.001384393
-0.001412323
-0.002135637
-0.003429173
-0.00473962
-0.00650527
-0.008040693
-0.006464694
-0.002684598
0.0007064006
0.003509981
0.00643385
0.007940073
0.007348915
0.004664716
0.001358919
-0.00151936
-0.005050786
-0.008497108
-0.01007731
-0.00919797
-0.006893372
-0.004951818
-0.003743065
-0.002585149
-0.001020595
0.0008112873
0.002601629
0.004101968
0.005164779
0.005276366
0.004151095
0.002789785
0.001861241
0.001177821
0.0003552349
-0.0006793386
-0.001765747
-0.002765256
-0.003666473
-0.004555263
-0.005484529
-0.006438729
-0.007386336
-0.00802135
-0.006638513
-0.003634553
-0.0008192369
0.001222118
0.003070063
0.005198495
0.007107333
0.00602095
0.002418501
-0.0009607108
-0.003168243
-0.004834733
-0.006190015
-0.006686023
-0.005973997
-0.004987682
-0.00438091
-0.004022834
-0.003976788
-0.004434281
-0.004966027
-0.004444428
-0.001861562
0.002172605
0.006666521
0.009665622
0.01065693
0.008879811
0.004861389
0.001016806
-0.0006720848
-0.0002388291
0.0001772356
-0.0006695661
-0.002689972
-0.004811646
-0.006414325
-0.007882691
-0.009054144
-0.00899138
-0.007024771
-0.003774358
-0.0007120684
0.001748999
0.00410823
0.006621399
0.008815908
0.008216487
0.004544532
0.0006036962
-0.002440856
-0.004961552
-0.004624608
-0.001881364
0.0006925363
0.003082568
0.006037791
0.007868848
0.007261192
0.003049365
-0.003437937
-0.00933142
-0.01227294
-0.0117068
-0.007349779
-0.002231618
0.00159021
0.004939747
0.008217634
0.00957666
0.00818441
0.004130147
-0.0003764364
-0.003975669
-0.007094447
-0.0103546
-0.01313172
-0.01358624
-0.01187415
-0.009002301
-0.006287766
-0.004125116
-0.002315834
-0.0007787525
0.0002225603
0.0004247926
-0.0002077214
-0.0009610121
-0.00142951
-0.001767924
-0.002219283
-0.002807412
-0.003410778
-0.003303658
-0.001579614
0.001546444
0.004845039
0.005674598
0.002393169
-0.00535476
-0.01393059
-0.01973942
-0.01749075
-0.006055958
0.00682109
0.01622419
0.0217541
0.02174018
0.01434876
0.002988686
-0.007908296
-0.01406606
-0.01413023
-0.008351383
-0.001793354
0.00288173
0.006906214
0.009272685
0.008634563
0.004583589
-0.0008015381
-0.005337125
-0.007690896
-0.008093486
-0.0072332
-0.005396568
-0.003109832
-0.0009764147
0.0007099633
0.001948614
0.002697941
0.002819081
0.002135371
0.0009191856
-0.000155688
0.002121307
0.01055213
0.02211279
0.0300963
0.02765342
0.0138346
-0.004399719
-0.01992988
-0.03302805
-0.04234721
-0.0407527
-0.02394141
0.007191711
0.03859954
0.05191098
0.04619752
0.02321409
-0.0107961
-0.03848753
-0.04496078
-0.02985048
-0.007862131
0.007085855
0.01270438
0.009505837
0.004786944
0.005134775
0.01026964
0.01780508
0.02544881
0.02901796
0.0229634
0.01105765
-0.000653216
-0.01009165
-0.01880243
-0.02411109
-0.0170893
-0.003090886
0.004052235
-0.003739923
-0.01714274
-0.01813567
-0.002659062
0.01547226
0.02465341
0.02361518
0.0208894
0.02192657
0.02429284
0.0179325
0.0001460156
-0.01432407
-0.01228624
-0.002106309
-0.0001812219
-0.01276719
-0.02429405
-0.0136082
0.01338281
0.03236799
0.03095048
0.02206581
0.02160086
0.02994784
0.03792777
0.03504635
0.01575962
-0.01052879
-0.03266159
-0.04773193
-0.05246609
-0.04448023
-0.01908877
0.02313643
0.06521948
0.09061577
0.08943951
0.06295285
0.01557577
-0.02512683
-0.0440412
-0.04835206
-0.05361354
-0.06340636
-0.06821763
-0.05670099
-0.02642096
0.0113445
0.04432758
0.06588182
0.07312716
0.06993395
0.05488172
0.02300817
-0.01467338
-0.04531033
-0.05979892
-0.0611381
-0.05514308
-0.04034295
-0.02201857
-0.005872191
0.008008149
0.02194061
0.03409383
0.03752139
0.03047581
0.02195411
0.01988108
0.02297275
0.01895362
-0.003852503
-0.03370092
-0.05416753
-0.06005381
-0.050502
-0.01966825
0.0352029
0.0851875
0.1037425
0.09928682
0.08554775
0.0482229
-0.02102714
-0.09950936
-0.1545867
-0.1620111
-0.1360187
-0.09901359
-0.04712969
0.0234298
0.08291302
0.1090768
0.1086742
0.0979624
0.08181637
0.04762198
0.00726728
-0.01868237
-0.03009503
-0.02905878
-0.02314939
-0.01887108
-0.01572583
-0.0102965
-0.001931694
0.007845901
0.01671834
0.02364523
0.02784197
0.02661304
0.01474269
-0.006185136
-0.0267264
-0.03719597
-0.02940969
0.0008709941
0.04719795
0.09073251
0.1145465
0.1053394
0.06358682
-0.009338582
-0.07558684
-0.1019125
-0.09956058
-0.08910261
-0.0672208
-0.02513209
0.0162122
0.03513953
0.03288303
0.02260937
0.01569079
0.01452221
0.02125778
0.03515723
0.04940833
0.06043269
0.06840307
0.07051041
0.06004186
0.03084891
-0.006618346
-0.03281209
-0.03754889
-0.03413713
-0.03490277
-0.0407488
-0.04658415
-0.0491357
-0.04856461
-0.04318666
-0.02661206
0.00940654
0.04652999
0.06238753
0.05811031
0.04568524
0.02436544
-0.007790601
-0.03998238
-0.05686606
-0.05016196
-0.03244207
-0.01909635
-0.009739266
-0.006499119
-0.01005606
-0.01573569
-0.01972924
-0.02129033
-0.02213202
-0.02187843
-0.01369674
0.01434337
0.05645365
0.0944223
0.1178159
0.1218464
0.1126154
0.09584562
0.07156613
0.03661855
-0.0119958
-0.05699943
-0.08256274
-0.08615806
-0.07519299
-0.05866046
-0.04323176
-0.02972546
-0.01579469
-0.002471569
0.007575874
0.02102265
0.05443637
0.09805464
0.1242341
0.1184143
0.07729173
0.01222574
-0.042642
-0.06772973
-0.06615931
-0.05560507
-0.03840038
0.0006476758
0.04505264
0.06143934
0.04416132
0.004714136
-0.0363459
-0.05776392
-0.05682861
-0.04655928
-0.03102907
-0.003343396
0.02508516
0.03485823
0.03101713
0.03000889
0.03718132
0.04717585
0.05433197
0.05855811
0.06262365
0.06730315
0.06492043
0.04332939
-0.009921064
-0.09343159
-0.177319
-0.219597
-0.217026
-0.1875253
-0.141987
-0.05785886
0.06404129
0.1670602
0.2284414
0.2361943
0.1960286
0.1068351
0.01181415
-0.05549894
-0.09934806
-0.1274802
-0.1343196
-0.1219488
-0.08763444
-0.02494505
0.05052645
0.1048982
0.1137617
0.08387257
0.02199328
-0.02664602
-0.04284532
-0.04575492
-0.0494673
-0.05284311
-0.0485711
-0.02677495
0.01295185
0.05921925
0.09321576
0.1023305
0.09086074
0.04935748
-0.004853392
-0.03667439
-0.03695557
-0.0285068
-0.03104906
-0.04219632
-0.05801516
-0.07690149
-0.08845782
-0.08779527
-0.07738449
-0.04956799
0.006267557
0.0748075
0.1357248
0.169423
0.1757077
0.166771
0.136163
0.08644173
0.03628034
-0.003544548
-0.01688894
-0.003363767
0.02571788
0.05970367
0.08662637
0.09644799
0.08643869
0.05569136
0.003961138
-0.04542229
-0.06725116
-0.06036938
-0.04534921
-0.0319875
-0.01519564
0.009208809
0.03886276
0.06847806
0.09565484
0.1167579
0.1229896
0.1051136
0.05991031
1.935523e-06
-0.04337236
-0.0501546
-0.03290392
-0.01263441
0.0125196
0.04901173
0.08788672
0.1117618
0.1067136
0.073391
0.03521375
0.01607756
0.01317236
0.01124629
0.005158047
0.000315178
0.005081157
0.02434329
0.05076375
0.07061498
0.07882634
0.07742956
0.06427148
0.03696637
0.006207274
-0.009370981
-0.00348871
0.01274125
0.03603996
0.06377834
0.07777663
0.06865996
0.04459213
0.01901821
0.0006095558
-0.009031482
-0.01534181
-0.01936722
-0.01396331
0.01215034
0.05470991
0.09853066
0.1301935
0.1360596
0.121189
0.09442374
0.05805953
0.02028459
-0.009167393
-0.01880973
-0.009252723
0.01248225
0.04126478
0.07477189
0.1091458
0.1321552
0.1300666
0.1032366
0.06520232
0.0315628
0.003257357
-0.01364312
-0.01091486
0.006971699
0.03092131
0.05085053
0.06304272
0.06547842
0.06324521
0.0620503
0.06140953
0.05673742
0.04644517
0.03467425
0.02458765
0.01573357
0.007223261
0.005387665
0.01506266
0.02873335
0.03929885
0.04689273
0.05105698
0.04999665
0.04615159
0.04582823
0.05135181
0.05908978
0.06531337
0.07231243
0.08577684
0.101177
0.1079687
0.1003043
0.08495538
0.07253692
0.06282333
0.04721636
0.02446006
0.01024148
0.0182564
0.05332427
0.1066704
0.1551552
0.1833455
0.1938029
0.1952587
0.1916409
0.1729661
0.136929
0.09451697
0.05583701
0.02652069
0.01851431
0.02974605
0.04890589
0.07017368
0.09030972
0.108808
0.1237457
0.130363
0.1235538
0.09678822
0.05294053
0.009626244
-0.01327957
-0.01461827
-0.01001802
-0.007085593
0.0007411986
0.02117358
0.05288227
0.08492115
0.1041152
0.1092833
0.1065391
0.0972035
0.07653248
0.04852375
0.02614248
0.02569218
0.04534085
0.06859695
0.07657713
0.06583479
0.05218747
0.04827777
0.05145533
0.05310491
0.05043673
0.04766088
0.0506817
0.05772301
0.0613251
0.0565919
0.04898041
0.04489446
0.044372
0.04154988
0.0260855
0.002739735
-0.0116278
-0.00626951
0.01700631
0.04509067
0.06431549
0.07128729
0.0708914
0.06608387
0.0556967
0.03776018
0.01160627
-0.01777091
-0.04139725
-0.04531646
-0.03143474
-0.01682279
-0.01203608
-0.01426578
-0.01474262
-0.01090703
-0.007026702
-0.005163029
-0.003185839
0.002114055
0.01156259
0.0216738
0.03025366
0.03798278
0.04616125
0.05503388
0.06347196
0.06559964
0.05360523
0.03048287
0.009991914
0.0009324781
0.004009858
0.01248
0.02218231
0.03758865
0.06572963
0.1011714
0.1358348
0.1648085
0.1903592
0.2144423
0.233377
0.2410299
0.2385522
0.2335834
0.2317432
0.2326401
0.2333843
0.2329429
0.231221
0.2283389
0.2238797
0.2168988
0.2059146
0.188272
0.1618524
0.12836
0.08886199
0.04538904
0.007497206
-0.01496183
-0.02412423
-0.0290128
-0.03809306
-0.05194643
-0.06744301
-0.084493
-0.1077252
-0.1397991
-0.173928
-0.1946068
-0.18755
-0.1557476
-0.1101885
-0.07360613
-0.06574146
-0.08432686
-0.1165164
-0.1491575
-0.1762654
-0.1962951
-0.215344
-0.2378727
-0.2586424
-0.2681903
-0.2683731
-0.2659454
-0.26493
-0.2668125
-0.278164
-0.308173
-0.3477955
-0.3754056
-0.3831461
-0.3759241
-0.3591845
-0.3355413
-0.3051417
-0.267402
-0.2264447
-0.1755988
-0.1045396
-0.01674118
0.07035948
0.1338407
0.1698638
0.1886464
0.2019464
0.2109917
0.2165957
0.2197188
0.2264064
0.2413083
0.2610433
0.2829572
0.3056619
0.3245784
0.3349962
0.340511
0.3474416
0.3570965
0.3670386
0.3751606
0.3753463
0.3533322
0.3153787
0.2800983
0.254051
0.2330454
0.2101762
0.1825781
0.1562857
0.1440015
0.1467881
0.150976
0.1426966
0.1172161
0.08028237
0.03983803
0.003664133
-0.02674523
-0.05167396
-0.06441208
-0.06543835
-0.06518789
-0.06924486
-0.07565925
-0.08140601
-0.08653667
-0.09293403
-0.1024025
-0.1165004
-0.1335369
-0.1515498
-0.1705495
-0.1891516
-0.2101413
-0.2360004
-0.266754
-0.3038623
-0.3344312
-0.346622
-0.341066
-0.3268335
-0.3096552
-0.2922271
-0.2793484
-0.2714975
-0.2636952
-0.253365
-0.2419547
-0.2313899
-0.2218575
-0.2126236
-0.2055614
-0.2032643
-0.2043777
-0.2080969
-0.2149539
-0.2226798
-0.2274138
-0.2245459
-0.2085661
-0.1840936
-0.1626675
-0.1528675
-0.1531303
-0.1547017
-0.1532793
-0.15102
-0.1506181
-0.152076
-0.1540495
-0.1558542
-0.1578426
-0.1611549
-0.1688708
-0.1807549
-0.1921628
-0.1965061
-0.1889226
-0.1762428
-0.1693852
-0.1794656
-0.205395
-0.2311346
-0.2482353
-0.2580109
-0.2611217
-0.2589229
-0.2566677
-0.2565486
-0.2569155
-0.2561019
-0.2541572
-0.2519505
-0.25071
-0.2526116
-0.2589283
-0.2664268
-0.2723124
-0.2756098
-0.2742361
-0.267197
-0.2582005
-0.2510622
-0.2498205
-0.2529496
-0.2553176
-0.2541643
-0.2463986
-0.2321476
-0.2158649
-0.2013974
-0.1884018
-0.1750161
-0.1614562
-0.1485593
-0.1360469
-0.1233265
-0.1101922
-0.09696765
-0.08383475
-0.07083453
-0.0622253
-0.06517577
-0.08282039
-0.1094883
-0.1397801
-0.1714218
-0.1991065
-0.2203004
-0.2354739
-0.2418309
-0.2368749
-0.2235867
-0.2083044
-0.1945261
-0.182362
-0.1769854
-0.1796786
-0.1830434
-0.1821647
-0.1748336
-0.1647992
-0.1577412
-0.1621709
-0.1769965
-0.1876352
-0.1818288
-0.160751
-0.1368394
-0.1182954
-0.103104
-0.08802831
-0.07257856
-0.06041206
-0.05775531
-0.06899343
-0.09224228
-0.1173725
-0.136071
-0.1451175
-0.1426381
-0.128867
-0.1125229
-0.1002783
-0.0920978
-0.08596688
-0.079856
-0.07272761
-0.06519874
-0.0581332
-0.05160388
-0.04517732
-0.03883235
-0.03507321
-0.03779328
-0.05045718
-0.06978669
-0.08838009
-0.1015148
-0.1031018
-0.09020687
-0.06902724
-0.05014
-0.03762852
-0.03045683
-0.02835987
-0.03130545
-0.03664344
-0.04184355
-0.04582963
-0.04760698
-0.04429307
-0.03554249
-0.02411138
-0.01248987
-0.003818536
-0.002496798
-0.01075678
-0.02857444
-0.04873378
-0.06591116
-0.08012313
-0.08585141
-0.07961185
-0.06995718
-0.06413261
-0.06216182
-0.0609651
-0.05811444
-0.05374791
-0.04801338
-0.04178342
-0.03597991
-0.02970708
-0.02210269
-0.01562861
-0.0134288
-0.02181926
-0.04143758
-0.06189379
-0.07321875
-0.07195083
-0.0598285
-0.03864121
-0.01398509
0.008378386
0.02277623
0.02628917
0.01729427
-0.003908788
-0.02801099
-0.0471218
-0.05249573
-0.04065278
-0.01668673
0.007396186
0.02644052
0.0365149
0.03661764
0.0262499
0.01093122
-0.001402747
-0.01003591
-0.01815028
-0.02543193
-0.03085222
-0.0344926
-0.03779757
-0.04159581
-0.04560747
-0.0492205
-0.05184504
-0.05130068
-0.04847621
-0.04606702
-0.04480487
-0.04385656
-0.04347121
-0.04599113
-0.05404989
-0.06747764
-0.08024003
-0.08505047
-0.08155554
-0.07298536
-0.06319305
-0.05508843
-0.05141311
-0.05438396
-0.05976432
-0.06319071
-0.06491963
-0.06334095
-0.05729628
-0.04964321
-0.04286555
-0.03804098
-0.03472569
-0.03377182
-0.0343357
-0.03453037
-0.0342034
-0.03376817
-0.03080146
-0.02551341
-0.02038741
-0.01757467
-0.02418684
-0.04462465
-0.07219018
-0.09712692
-0.1163124
-0.129866
-0.1408686
-0.1500603
-0.1532341
-0.1483411
-0.1383524
-0.1263579
-0.1150621
-0.1047238
-0.09504664
-0.08572282
-0.07661697
-0.06795322
-0.06062824
-0.05471008
-0.05149292
-0.0510583
-0.05352406
-0.0579223
-0.06274495
-0.06616213
-0.06746465
-0.06697492
-0.06460514
-0.06070996
-0.05680601
-0.05346603
-0.05023375
-0.04668388
-0.04288137
-0.03908177
-0.03484304
-0.02880251
-0.02117379
-0.01286853
-0.0057723
-0.0008906283
0.001593321
0.002252788
0.0008073894
-0.001863756
-0.004255385
-0.006128023
-0.008070899
-0.01032902
-0.01055124
-0.006232875
0.00458568
0.01861564
0.0312471
0.04198881
0.05198244
0.0612713
0.07006783
0.0785442
0.08698954
0.09548349
0.1039423
0.1123199
0.1206584
0.1290106
0.1373865
0.1458071
0.154308
0.1628367
0.1713394
0.179776
0.1882255
0.19738
0.2074492
0.2182308
0.2295308
0.2428783
0.2585419
0.2761824
0.2943387
0.3119299
0.3284509
0.3400252
0.3430353
0.3400889
0.3364396
0.3328947
0.3267378
0.3168794
0.3027887
0.2805803
0.2523039
0.2222416
0.1918682
0.1640634
0.1392116
0.1171568
0.1010106
0.09702003
0.104895
0.1220398
0.1449327
0.1671341
0.1878444
0.2059238
0.2161999
0.220999
0.2268867
0.2362547
0.2471055
0.2580041
0.2678564
0.2759931
0.2819713
0.2845612
0.2831144
0.2771495
0.2661013
0.2501863
0.2308771
0.2125289
0.2012186
0.1992278
0.2019417
0.2028569
0.2011167
0.1994277
0.1978781
0.194585
0.1889123
0.1832426
0.1801804
0.1810637
0.1846638
0.1904612
0.1969647
0.2028206
0.2072099
0.2097667
0.2089248
0.2032595
0.1915065
0.1757849
0.1596266
0.1440555
0.1287445
0.1179995
0.1166479
0.1219195
0.1265566
0.128229
0.1296296
0.1324661
0.1353355
0.1360325
0.133842
0.1287324
0.1217462
0.1149394
0.108133
0.1013225
0.09611312
0.09352485
0.0929801
0.09332303
0.0928579
0.09016296
0.0841742
0.07471946
0.06262005
0.0483382
0.03316589
0.01837237
0.003928154
-0.01071123
-0.02530275
-0.03857925
-0.04792683
-0.05380864
-0.05833377
-0.06300579
-0.06769337
-0.07148615
-0.07310475
-0.07231959
-0.07120311
-0.07091646
-0.07096259
-0.07226771
-0.0762606
-0.08327589
-0.09061863
-0.09524072
-0.09503719
-0.09125215
-0.08461002
-0.07571375
-0.06443076
-0.05267666
-0.04192314
-0.03184275
-0.02208531
-0.01466741
-0.01469019
-0.02061365
-0.02516097
-0.02562667
-0.02361887
-0.0214851
-0.01979161
-0.01800453
-0.01568841
-0.01307389
-0.009923915
-0.005525634
0.0004861002
0.008061383
0.01650823
0.02506122
0.0322314
0.03751783
0.04039823
0.04103685
0.03921275
0.03412321
0.02537977
0.01593617
0.007297361
-0.001026459
-0.009063062
-0.01457237
-0.0168975
-0.01674031
-0.01498508
-0.01174306
-0.006420032
0.001439049
0.01052444
0.01893392
0.02493951
0.02810301
0.0298789
0.03225064
0.03544862
0.03861969
0.04129276
0.04368707
0.04616026
0.04879682
0.05143614
0.05421499
0.05870114
0.06464059
0.07045948
0.07616566
0.08290982
0.08939243
0.09400355
0.09632067
0.09628227
0.09354642
0.08836629
0.08103175
0.07261201
0.06350978
0.05287171
0.03920573
0.02198068
0.002342422
-0.01711035
-0.03434192
-0.04988065
-0.06081473
-0.06273355
-0.05692257
-0.04645948
-0.03337945
-0.01955593
-0.006559919
-2.856531e-05
-0.003935813
-0.01130673
-0.01555769
-0.0167425
-0.01396691
-0.003055869
0.01649366
0.03809704
0.05956811
0.08169595
0.09956982
0.1092981
0.1101795
0.1086309
0.1098415
0.1130715
0.1160418
0.1190556
0.122533
0.1261926
0.1291802
0.1310139
0.1320211
0.1330179
0.1345952
0.1361672
0.1369123
0.136021
0.1329261
0.1268349
0.1194915
0.1128816
0.1070217
0.1008573
0.09466208
0.09079206
0.09037136
0.09265412
0.09623699
0.09987739
0.1007546
0.09647631
0.08752768
0.07603496
0.0641625
0.05513614
0.05010998
0.04853028
0.04717195
0.04441271
0.04115623
0.03739348
0.03212588
0.02482068
0.01760487
0.01290078
0.01156778
0.01205861
0.01331053
0.01463313
0.01576242
0.01692285
0.01830877
0.01985088
0.02138532
0.02282299
0.02397953
0.0248723
0.02576368
0.0267706
0.02781967
0.02882466
0.02978295
0.03073405
0.03143362
0.03153255
0.03138409
0.03137297
0.03137053
0.03076586
0.02903315
0.02689733
0.02508146
0.02355409
0.02190243
0.01979764
0.01657095
0.01175078
0.004893552
-0.004672255
-0.01624275
-0.02764738
-0.03791042
-0.04671047
-0.05399463
-0.05989308
-0.06324027
-0.06101187
-0.05295321
-0.04236985
-0.03003524
-0.01816173
-0.01260961
-0.0148967
-0.02144846
-0.02920449
-0.03775689
-0.04669474
-0.05373872
-0.05796446
-0.05990346
-0.06127727
-0.06299446
-0.06609999
-0.07181082
-0.08114108
-0.0915118
-0.1013475
-0.1106608
-0.1180796
-0.1225366
-0.124091
-0.1225419
-0.1186235
-0.1147429
-0.1113368
-0.1073397
-0.1045366
-0.1056602
-0.1098356
-0.1143531
-0.1175302
-0.1190515
-0.1181219
-0.1133749
-0.1040669
-0.08904627
-0.0696076
-0.05030655
-0.0339226
-0.02210312
-0.01709082
-0.01951786
-0.02404399
-0.02643714
-0.02803621
-0.03065193
-0.03283728
-0.03306125
-0.03091866
-0.02823863
-0.02645529
-0.02601147
-0.02602839
-0.02550403
-0.0239148
-0.0216649
-0.0196056
-0.01784371
-0.01596063
-0.01445192
-0.01423645
-0.0166065
-0.02051276
-0.02385281
-0.02537684
-0.0257298
-0.02642159
-0.0278331
-0.02942846
-0.03106919
-0.03378363
-0.03963985
-0.04730225
-0.05440624
-0.06074374
-0.0663595
-0.070364
-0.0721383
-0.0719669
-0.07040468
-0.06844886
-0.06677698
-0.0659039
-0.06599326
-0.06715456
-0.06867897
-0.06990418
-0.07130472
-0.07424223
-0.0783396
-0.08181153
-0.0837598
-0.08429564
-0.08391863
-0.08221324
-0.07708595
-0.06812764
-0.05708556
-0.04679091
-0.03941367
-0.03406881
-0.03007742
-0.02657653
-0.02313821
-0.01984289
-0.01672278
-0.01310947
-0.008856119
-0.004238725
-0.0007489591
-0.0002816123
-0.003868263
-0.01101011
-0.02090633
-0.03151805
-0.0396855
-0.04332713
-0.0432237
-0.04012888
-0.03355556
-0.02383721
-0.01054083
0.003338762
0.01313852
0.01949533
0.02231358
0.02255174
0.02098884
0.01876821
0.01662122
0.01411865
0.01082391
0.006627941
0.0005661325
-0.007148478
-0.01480638
-0.02254606
-0.03073443
-0.03845358
-0.04460914
-0.04879182
-0.0506202
-0.05010385
-0.04757672
-0.0434581
-0.03813307
-0.03172203
-0.02448253
-0.01645316
-0.008024734
0.0004024402
0.008212811
0.01426255
0.01782319
0.01820683
0.01578218
0.0108223
0.003825464
-0.003363283
-0.009406539
-0.01605216
-0.02391818
-0.03193216
-0.03992279
-0.04777113
-0.05466075
-0.05989777
-0.06325881
-0.06417187
-0.06251471
-0.05835991
-0.05296608
-0.04732247
-0.0434189
-0.04182948
-0.04291384
-0.04551789
-0.04790187
-0.04752383
-0.0431486
-0.03433824
-0.02272154
-0.009259499
0.002993687
0.01066986
0.01388692
0.01472944
0.01528223
0.01589058
0.01775133
0.02179826
0.02833036
0.03563156
0.0424126
0.04785268
0.05210501
0.05488061
0.05624936
0.05584164
0.05321901
0.04804369
0.03877309
0.0242097
0.005184717
-0.01479229
-0.03456356
-0.05033118
-0.05984738
-0.06292788
-0.06012028
-0.05089825
-0.03876845
-0.02774402
-0.01953765
-0.01568382
-0.01647295
-0.02045561
-0.02747718
-0.0352496
-0.04079871
-0.04236785
-0.039706
-0.03426771
-0.02694458
-0.02005799
-0.01766033
-0.01998459
-0.0259576
-0.03326304
-0.03903509
-0.04132043
-0.0392753
-0.03395364
-0.02731881
-0.01996239
-0.0108731
-0.0002234662
0.01118343
0.0222103
0.03076776
0.03664213
0.04012519
0.04184524
0.04252402
0.0423543
0.04105931
0.0386416
0.03586933
0.0341783
0.03506469
0.03887602
0.04469954
0.0514418
0.05872076
0.06703047
0.07617108
0.08551822
0.09416068
0.1022666
0.1108113
0.1195062
0.1267432
0.1310313
0.1312291
0.1275613
0.1197354
0.1083727
0.0945745
0.07811589
0.05856339
0.03921528
0.02157781
0.004967641
-0.01086096
-0.02520889
-0.03597242
-0.04193812
-0.04257447
-0.0367176
-0.02435171
-0.009812588
0.004327023
0.01712248
0.02674365
0.03286999
0.03396296
0.03053683
0.02393545
0.01541962
0.005781883
-0.002162925
-0.006535549
-0.006944664
-0.004378222
-0.0003064737
0.004504752
0.008986796
0.01182069
0.01249457
0.01096046
0.007466155
0.002469326
-0.003877104
-0.01089212
-0.01622768
-0.01731422
-0.01475805
-0.009868147
-0.003523128
0.003069941
0.008505434
0.01195784
0.01274729
0.01130408
0.008139689
0.004673501
0.002352682
0.002025863
0.003408225
0.005563069
0.007570849
0.009806603
0.01327675
0.0181544
0.02399739
0.02974486
0.03478115
0.03885912
0.04238099
0.04560961
0.04820922
0.04983324
0.05112488
0.05273111
0.05488583
0.05766256
0.06113562
0.06354638
0.06382398
0.06103389
0.0555826
0.04836335
0.04156678
0.03655563
0.03349047
0.03241779
0.03296295
0.03428977
0.03556516
0.03646405
0.03680941
0.03662614
0.03554889
0.03369056
0.03149447
0.02938155
0.02729619
0.0248148
0.02190599
0.01890432
0.01639406
0.01477509
0.01430709
0.01511729
0.01726043
0.02272534
0.0310884
0.04021077
0.04866563
0.05652131
0.06235198
0.06469821
0.06378343
0.06045741
0.05516654
0.04740082
0.03624624
0.02217147
0.007671061
-0.004350176
-0.01237401
-0.01635159
-0.01712107
-0.01524649
-0.01216444
-0.009045616
-0.0063005
-0.003888992
-0.002904607
-0.00363588
-0.005563307
-0.008123822
-0.01110299
-0.0136931
-0.01630996
-0.02011798
-0.0251891
-0.03069192
-0.0360823
-0.04110076
-0.04574139
-0.04994246
-0.05300638
-0.05435612
-0.05408083
-0.05325671
-0.05287052
-0.05320586
-0.05387823
-0.05343691
-0.05050249
-0.04433168
-0.03545383
-0.02209415
-0.007412171
0.00249388
0.006053462
0.003085672
-0.004426682
-0.01567577
-0.02873815
-0.04126543
-0.0509486
-0.05527766
-0.05612336
-0.05575967
-0.05449715
-0.05199699
-0.04850129
-0.04441283
-0.03984823
-0.03443357
-0.02792347
-0.02117011
-0.01482476
-0.009102955
-0.003697049
0.001613822
0.006703366
0.01102541
0.01463486
0.01688065
0.01759076
0.01706762
0.01553138
0.01287102
0.009493782
0.005894724
0.0023811
0.0002243294
1.275756e-05
0.001351212
0.003789407
0.007348596
0.01288791
0.02068421
0.0314866
0.043635
0.05319731
0.05670247
0.05506148
0.04978389
0.04206961
0.03434451
0.02835459
0.02430396
0.02241262
0.02321829
0.02673145
0.03093784
0.03426298
0.03468645
0.03151437
0.02473212
0.0160918
0.006702147
-0.003735718
-0.01306535
-0.02032682
-0.0262123
-0.03022192
-0.03164073
-0.03031014
-0.02734588
-0.02392445
-0.0213127
-0.01992193
-0.02115275
-0.02538559
-0.03208724
-0.0387579
-0.043463
-0.04560198
-0.04413599
-0.03908885
-0.0290181
-0.01585515
-0.003165113
0.008221694
0.01880655
0.0263298
0.0286853
0.02759051
0.02369884
0.0173672
0.009443941
0.00207598
-0.002980509
-0.005361133
-0.005045995
-0.003416617
-0.002005227
-0.001991891
-0.003782448
-0.007760782
-0.01358874
-0.02064787
-0.0268751
-0.03091253
-0.0326635
-0.03296026
-0.03193911
-0.02888854
-0.02449208
-0.0201139
-0.01687142
-0.01500957
-0.0143199
-0.01489409
-0.01735729
-0.02150375
-0.02664072
-0.03206325
-0.03703709
-0.04093333
-0.04373048
-0.04533089
-0.04485483
-0.04237911
-0.03868448
-0.03453373
-0.03035638
-0.02677968
-0.02345066
-0.01972761
-0.01662599
-0.01544425
-0.01733685
-0.02204559
-0.02776635
-0.03350515
-0.03968706
-0.04705515
-0.05441958
-0.06020841
-0.06363695
-0.06469315
-0.0637229
-0.06160813
-0.05950337
-0.05833822
-0.05808689
-0.05828101
-0.05835006
-0.05808075
-0.05729519
-0.05547768
-0.05217321
-0.04644642
-0.03804061
-0.02753203
-0.01729186
-0.009261586
-0.002189169
0.004156673
0.006482819
0.004596394
0.0001498434
-0.00379231
-0.00572456
-0.005563773
-0.003320483
0.001170883
0.008193385
0.01671518
0.0238417
0.02865914
0.03094598
0.03084516
0.02754162
0.021337
0.01418148
0.007762354
0.003977739
0.003549026
0.006570178
0.01111148
0.0152769
0.0173783
0.01745409
0.01532007
0.01117744
0.005331218
-0.001115893
-0.007988312
-0.01589765
-0.02300873
-0.02770887
-0.02966133
-0.02911985
-0.02677212
-0.02220931
-0.01664823
-0.01259714
-0.01029982
-0.008810907
-0.008088241
-0.008911685
-0.01167646
-0.01516129
-0.01756881
-0.01648283
-0.01098814
-0.001081055
0.01147067
0.02575457
0.03944115
0.05124646
0.06135252
0.06937058
0.07492914
0.07679247
0.07660908
0.07616763
0.0762442
0.07683175
0.07788692
0.07878671
0.07903992
0.07819375
0.07592047
0.07182521
0.06618198
0.05928328
0.05074513
0.04080687
0.03099735
0.02297898
0.01719778
0.01338372
0.01184962
0.01181297
0.01204732
0.0110523
0.008348029
0.003077312
-0.005163677
-0.01585879
-0.02794442
-0.0394872
-0.04994269
-0.05950897
-0.06556159
-0.06466738
-0.05776022
-0.0461491
-0.03272765
-0.01902652
-0.007560362
-0.001552888
-0.0009047168
-0.002783795
-0.006223966
-0.01054009
-0.01498493
-0.01856494
-0.02024962
-0.01975627
-0.01814036
-0.01676829
-0.01650264
-0.01775306
-0.02060541
-0.0249873
-0.03018089
-0.03544722
-0.0402299
-0.0440683
-0.04673721
-0.04903748
-0.05159563
-0.05428005
-0.0568007
-0.05915546
-0.06157338
-0.06421257
-0.06707521
-0.06955654
-0.07113392
-0.07177752
-0.07173528
-0.07107273
-0.07012369
-0.06920786
-0.06862246
-0.06808915
-0.06708288
-0.0654045
-0.06325714
-0.06054581
-0.05745811
-0.05439635
-0.05190264
-0.05022715
-0.04944762
-0.04950482
-0.05027867
-0.05121096
-0.05173407
-0.05110695
-0.04915949
-0.04536171
-0.03996511
-0.03385528
-0.02920479
-0.0266648
-0.02622628
-0.02701518
-0.02872827
-0.03105206
-0.03356525
-0.0355703
-0.03702199
-0.03827363
-0.03951734
-0.04084986
-0.04254802
-0.04450821
-0.04632801
-0.04714121
-0.04681416
-0.04523797
-0.04159579
-0.03547777
-0.02811382
-0.02082504
-0.01528627
-0.01202887
-0.01196398
-0.01433585
-0.01842709
-0.0232283
-0.02799521
-0.03256882
-0.03656842
-0.0397436
-0.04207033
-0.04366689
-0.04460717
-0.04489031
-0.04496509
-0.04550384
-0.04641678
-0.04721834
-0.04745542
-0.04699344
-0.04581164
-0.0438201
-0.04081247
-0.03671851
-0.03210127
-0.02752657
-0.0231043
-0.01869044
-0.01406743
-0.009240595
-0.004672416
-0.0005344552
0.003248928
0.006600194
0.009238568
0.01183184
0.01503349
0.01886401
0.02283697
0.02660675
0.03024932
0.03383146
0.03632011
0.03729107
0.03679218
0.03567997
0.03481914
0.03457409
0.03502838
0.03694288
0.04018076
0.0440214
0.04786166
0.05161784
0.05484408
0.05740782
0.05944376
0.06105723
0.06221897
0.06342385
0.06499576
0.06693677
0.06911853
0.07164745
0.07388832
0.07520506
0.07565454
0.07567683
0.07569328
0.07585938
0.07618379
0.07715106
0.07906558
0.08185007
0.0849974
0.08819601
0.09104592
0.09334137
0.09439437
0.09457089
0.09480284
0.09526869
0.09558585
0.09521633
0.09432542
0.09347498
0.09326695
0.09369712
0.09456667
0.09561121
0.09662853
0.09716954
0.09712009
0.09646507
0.09552201
0.09463794
0.09380747
0.09284368
0.09162361
0.09026112
0.08880942
0.0867238
0.08420201
0.08195293
0.07992068
0.07773916
0.07535678
0.07265885
0.06944395
0.0663521
0.06363365
0.06090892
0.05801054
0.05525855
0.05326444
0.052143
0.05162302
0.05157288
0.05180517
0.05174765
0.05090903
0.04924266
0.04712546
0.04501977
0.04316057
0.04164064
0.04042425
0.03979963
0.03976377
0.0400589
0.04023545
0.04002275
0.03928103
0.0380604
0.03631533
0.03434754
0.03253506
0.03119585
0.03062862
0.03096446
0.03215672
0.03388496
0.03612889
0.03877274
0.0415753
0.04408747
0.0459766
0.04693994
0.0469718
0.04591308
0.04389713
0.0411808
0.0378954
0.03507959
0.03368633
0.0339684
0.0350586
0.03602696
0.03612593
0.03540204
0.03390398
0.03206627
0.0303621
0.02858272
0.02654419
0.02460587
0.0233362
0.0229738
0.0234518
0.0241671
0.02448373
0.02422119
0.0235615
0.02291007
0.02256778
0.02263631
0.02314131
0.02409501
0.0252045
0.02606144
0.02643091
0.0266353
0.02699102
0.02759378
0.02827551
0.02885713
0.02923136
0.02949325
0.0302863
0.03162428
0.03304163
0.03435336
0.03566203
0.03682637
0.03762316
0.03785493
0.03758483
0.0370382
0.03670012
0.0365253
0.03598592
0.03479817
0.03317367
0.03192964
0.03135273
0.03115656
0.0305576
0.02916772
0.02721818
0.02500739
0.02252695
0.01992082
0.01758181
0.0161861
0.01662017
0.01916303
0.02318145
0.02765458
0.03125411
0.0337596
0.03549579
0.03703431
0.03843205
0.03918709
0.03949863
0.04017317
0.04156009
0.04336405
0.04469026
0.0451971
0.04481562
0.04369429
0.04194607
0.03947489
0.03627792
0.03239964
0.02815957
0.02387662
0.01975188
0.0158419
0.012231
0.00949385
0.007939522
0.007563611
0.007670905
0.007590966
0.006939153
0.005590091
0.003340773
0.0006479261
-0.001953095
-0.004202415
-0.005924052
-0.007015995
-0.007454384
-0.00741546
-0.007059329
-0.006695158
-0.006487084
-0.006457109
-0.00631142
-0.005703594
-0.00451255
-0.002815456
-0.001046891
0.0004956089
0.001716742
0.002517696
0.002826665
0.002717147
0.002337805
0.001593555
0.0004024204
-0.001235232
-0.003473445
-0.006126464
-0.00876302
-0.01047659
-0.01135161
-0.01265377
-0.01487749
-0.017461
-0.01916334
-0.01992117
-0.02040597
-0.02113958
-0.02212402
-0.0230521
-0.02380685
-0.02452601
-0.02563569
-0.02740713
-0.02977697
-0.03251821
-0.03548305
-0.03799144
-0.0397135
-0.04087028
-0.04175877
-0.04249323
-0.043417
-0.04496822
-0.04771136
-0.05063447
-0.05258841
-0.05379418
-0.05490059
-0.05601442
-0.05679706
-0.05711441
-0.05703037
-0.05670453
-0.05621819
-0.0556274
-0.05494259
-0.05400768
-0.05285114
-0.05162036
-0.05005974
-0.04795671
-0.04593719
-0.04443413
-0.0435434
-0.04354163
-0.04462952
-0.04646196
-0.04876312
-0.05196069
-0.05539643
-0.05801911
-0.05931628
-0.05953212
-0.05873804
-0.05749406
-0.05630046
-0.05544028
-0.05465025
-0.05353647
-0.05207052
-0.05045588
-0.04868106
-0.04683222
-0.04510961
-0.04369534
-0.04262984
-0.04177329
-0.04116381
-0.04110614
-0.04123589
-0.04105185
-0.04063817
-0.04011013
-0.0391089
-0.0368844
-0.0331471
-0.02848183
-0.0235178
-0.018583
-0.01370548
-0.008928641
-0.004657891
-0.001474271
0.0005156513
0.001336948
0.0008829318
-0.0004819373
-0.002253
-0.003722042
-0.004732568
-0.005574657
-0.006466662
-0.007336031
-0.00784405
-0.00795111
-0.00799713
-0.007855244
-0.007041449
-0.005828634
-0.004656897
-0.003467988
-0.001885926
0.000336917
0.002627556
0.004455625
0.005401731
0.005460974
0.004732504
0.003633142
0.002510815
0.001577549
0.0008579614
0.0004491752
0.001041696
0.002481611
0.003411245
0.003121846
0.001643673
-0.0004029875
-0.002442093
-0.004107421
-0.005703113
-0.007680417
-0.01033498
-0.01299877
-0.01471995
-0.01558028
-0.01625282
-0.01724481
-0.01855335
-0.01995362
-0.02089103
-0.0210204
-0.02020816
-0.01936994
-0.01954736
-0.02107245
-0.02341842
-0.02582159
-0.02791387
-0.02971525
-0.03102596
-0.03149227
-0.03076894
-0.02929951
-0.02770719
-0.02632268
-0.02515648
-0.02417271
-0.0231046
-0.0218668
-0.02095786
-0.02059423
-0.02073719
-0.02092976
-0.02090639
-0.02121341
-0.0222749
-0.02407345
-0.02615445
-0.02820437
-0.02980369
-0.03110104
-0.03251181
-0.03394781
-0.03526122
-0.03667066
-0.0383466
-0.04020087
-0.04180789
-0.04282066
-0.04312423
-0.04322349
-0.04344389
-0.04352361
-0.04300508
-0.0416225
-0.03960466
-0.03723777
-0.03507464
-0.03326587
-0.03171763
-0.03074881
-0.03065061
-0.03096149
-0.03115298
-0.03109634
-0.03115188
-0.03166105
-0.03286337
-0.0342832
-0.03525697
-0.03577826
-0.03607135
-0.03584862
-0.03504187
-0.03385794
-0.03245526
-0.03092844
-0.03007099
-0.0300976
-0.0306374
-0.03112904
-0.03144541
-0.03181633
-0.03222625
-0.03241994
-0.03261831
-0.03307014
-0.03342884
-0.03359831
-0.03385534
-0.03421428
-0.03455505
-0.03493122
-0.03524613
-0.03522259
-0.03452208
-0.0331928
-0.0312777
-0.02926763
-0.02775548
-0.02657587
-0.02538404
-0.02430581
-0.02334118
-0.02219818
-0.02114351
-0.02052062
-0.01989858
-0.01883002
-0.01708572
-0.01499201
-0.01293828
-0.01109655
-0.009524053
-0.008444169
-0.00778998
-0.007448255
-0.00725334
-0.007015236
-0.006482591
-0.005379634
-0.003370354
-0.0005354191
0.002688294
0.005835326
0.008706224
0.0110858
0.01243249
0.01243199
0.01126573
0.009534193
0.008194733
0.007527407
0.007371704
0.008207864
0.01016243
0.01298328
0.01618331
0.01953802
0.02247277
0.02456417
0.02555874
0.02586512
0.0257763
0.02534687
0.02477233
0.02460301
0.0250865
0.0262369
0.02746247
0.02835108
0.02875459
0.02859218
0.02772602
0.02676179
0.02614288
0.02573153
0.0252487
0.02464344
0.02401342
0.02350187
0.02327488
0.02328893
0.02340877
0.02357771
0.02371715
0.02358156
0.02303743
0.02211382
0.02073504
0.01903988
0.01755425
0.01655639
0.01605443
0.01643239
0.01764156
0.01930918
0.02055012
0.02077256
0.01947511
0.01728666
0.0150084
0.01297437
0.01106182
0.008888151
0.006373853
0.003671981
0.0007424202
-0.00242542
-0.00564186
-0.008625079
-0.01124106
-0.01346321
-0.0152228
-0.01635746
-0.01710296
-0.01773799
-0.01814498
-0.01828696
-0.0183733
-0.01899718
-0.02030762
-0.02216404
-0.02404124
-0.02544042
-0.02641983
-0.02729882
-0.0282309
-0.02866839
-0.02820047
-0.02753357
-0.02743607
-0.02825027
-0.02883513
-0.02815362
-0.0264563
-0.02447126
-0.02264134
-0.02088892
-0.01899859
-0.01722574
-0.01588059
-0.01550753
-0.01600227
-0.0169081
-0.01778216
-0.01848578
-0.01864075
-0.01833849
-0.01795417
-0.01764833
-0.01736022
-0.01726408
-0.01724329
-0.01696251
-0.01623687
-0.01507596
-0.01360265
-0.01211083
-0.01089574
-0.009592644
-0.007750605
-0.005281837
-0.002526848
-3.048562e-05
0.002262477
0.004688337
0.00692541
0.008735547
0.01042601
0.01225863
0.01416599
0.01510773
0.01437086
0.01253309
0.01048201
0.008884202
0.008023502
0.007855149
0.008145464
0.008776217
0.009845384
0.01133703
0.01305714
0.01406635
0.01416807
0.0136348
0.01308291
0.01285311
0.01281685
0.01286827
0.01324385
0.01405812
0.01519209
0.01634507
0.01697514
0.0160763
0.01326357
0.008934507
0.004240759
0.0005633144
-0.001105498
-0.00090889
0.0003743125
0.003039967
0.006792456
0.01073058
0.01410157
0.01676017
0.0186111
0.01967794
0.02016973
0.02061541
0.0213853
0.02273196
0.02451373
0.0262829
0.02767272
0.02847758
0.02842139
0.02755969
0.02625727
0.02525553
0.02509003
0.02518485
0.02490605
0.02420324
0.02357963
0.02333491
0.02302103
0.02211527
0.02031566
0.0177855
0.01483739
0.0118517
0.008880498
0.005746275
0.002408159
-0.0009828763
-0.004211784
-0.007172112
-0.009925199
-0.01275963
-0.01549788
-0.0175818
-0.01849882
-0.01835047
-0.01758376
-0.01670872
-0.01587844
-0.01513527
-0.01446473
-0.01391928
-0.01380165
-0.01446119
-0.0154634
-0.01627514
-0.01673286
-0.01684716
-0.01649576
-0.01574135
-0.01476306
-0.01369925
-0.01258584
-0.01138721
-0.01014808
-0.008978634
-0.008196011
-0.00779914
-0.007645425
-0.008154919
-0.009351002
-0.01035835
-0.01062922
-0.01028281
-0.01041671
-0.01149714
-0.0130165
-0.01463096
-0.01647773
-0.01891143
-0.02169891
-0.02385827
-0.02508205
-0.02557132
-0.02474425
-0.02267787
-0.019981
-0.01718519
-0.01433983
-0.0115959
-0.009320153
-0.008122714
-0.008201209
-0.009702372
-0.01181774
-0.01408176
-0.01700265
-0.02062682
-0.02435958
-0.02695399
-0.02811037
-0.02820431
-0.02775743
-0.02699469
-0.02591724
-0.0245432
-0.02285119
-0.02069243
-0.01815786
-0.01562716
-0.0135012
-0.01228378
-0.01185348
-0.01176397
-0.01151188
-0.01090682
-0.009809042
-0.008262832
-0.006498888
-0.005479781
-0.005508544
-0.006003001
-0.006039123
-0.005284033
-0.004153225
-0.002976347
-0.001465748
0.000571106
0.002977771
0.005263389
0.007178225
0.008395453
0.008917284
0.008934799
0.009084788
0.009647672
0.01050598
0.01107705
0.01071629
0.00896714
0.006004326
0.002277359
-0.002014911
-0.006798655
-0.01123916
-0.01418607
-0.01474479
-0.01347781
-0.01131398
-0.008554848
-0.005700817
-0.003282382
-0.001532957
-0.0005367
-0.0004924338
-0.001077013
-0.001951799
-0.003027958
-0.004293502
-0.005410235
-0.00637017
-0.007463933
-0.008780733
-0.01030423
-0.01217355
-0.01423594
-0.01622634
-0.0178115
-0.01868577
-0.01835321
-0.01636445
-0.01279109
-0.008791377
-0.005333712
-0.003061069
-0.0014295
0.0002138766
0.001999705
0.00359709
0.004409967
0.00438087
0.003779118
0.002771468
0.001166796
-0.001557882
-0.005574264
-0.0107568
-0.01593974
-0.02021593
-0.02334759
-0.02477919
-0.02455005
-0.02248623
-0.0193287
-0.01614827
-0.01360982
-0.01189571
-0.01174042
-0.01268513
-0.01378404
-0.01467565
-0.01551736
-0.0163665
-0.01736304
-0.0187212
-0.02068229
-0.02344083
-0.02725935
-0.03176011
-0.03621006
-0.03988423
-0.04243918
-0.04370117
-0.04366678
-0.04213028
-0.0387278
-0.03407197
-0.02878575
-0.02425388
-0.02137305
-0.0196251
-0.0180581
-0.01568247
-0.01281318
-0.01046127
-0.009155534
-0.008769758
-0.009421425
-0.01122704
-0.01408423
-0.01762823
-0.0214728
-0.02479642
-0.02720601
-0.02860419
-0.02842911
-0.02671566
-0.02431034
-0.02184608
-0.01924817
-0.01649253
-0.01374049
-0.01132305
-0.009197506
-0.007129241
-0.005014703
-0.002964775
-0.001554885
-0.0009534479
-0.0007679692
-0.001089616
-0.002614489
-0.005439683
-0.009199135
-0.01370414
-0.01821383
-0.02197184
-0.02423239
-0.02468788
-0.02317584
-0.02076921
-0.01853029
-0.01719617
-0.01683186
-0.01733712
-0.01830744
-0.01956444
-0.02087109
-0.02194342
-0.0224879
-0.02210742
-0.02085929
-0.01877601
-0.01641639
-0.01445637
-0.01265874
-0.01058445
-0.008475237
-0.006644907
-0.005225218
-0.004381328
-0.004231295
-0.004995105
-0.006682647
-0.009039077
-0.01158796
-0.01401844
-0.01608636
-0.01774401
-0.01891536
-0.01913785
-0.01835866
-0.01659158
-0.014092
-0.0111593
-0.008849592
-0.007844006
-0.008047998
-0.008829597
-0.009330706
-0.009280651
-0.008885529
-0.008264646
-0.007431666
-0.00621024
-0.004754807
-0.003360238
-0.002259931
-0.001624234
-0.001762714
-0.00242363
-0.003147443
-0.003511424
-0.003748788
-0.004661922
-0.006517536
-0.009039384
-0.01196028
-0.01502666
-0.01795722
-0.01978428
-0.02000813
-0.01875198
-0.01712197
-0.01595087
-0.01545969
-0.01533405
-0.01534897
-0.01544183
-0.01563362
-0.01603225
-0.016589
-0.0170525
-0.01723404
-0.01697854
-0.01584863
-0.01370587
-0.01075164
-0.007360867
-0.0023697
0.003900629
0.00981779
0.01463241
0.01850151
0.02165943
0.02401976
0.02566087
0.02669175
0.02717905
0.02724169
0.02701853
0.02676548
0.02658894
0.02645006
0.02611074
0.02547156
0.02493209
0.02458094
0.02406751
0.02337594
0.02277215
0.02252046
0.02263952
0.02321654
0.02419944
0.02541959
0.02653405
0.02740213
0.02799434
0.02846663
0.02898534
0.02972924
0.03074116
0.03210811
0.0333056
0.03382592
0.03364468
0.03275786
0.03076088
0.0280683
0.02537998
0.02307983
0.02126904
0.02006094
0.01932073
0.01892291
0.0194786
0.02113132
0.02351369
0.02588065
0.02795176
0.02995426
0.03198055
0.03370472
0.03506228
0.0361853
0.03672191
0.03650599
0.03586931
0.0354776
0.03570887
0.03667683
0.03803579
0.03954042
0.04105092
0.04252332
0.04398411
0.04536786
0.04645746
0.04740047
0.04844798
0.04936236
0.04994128
0.05023791
0.05047381
0.05077559
0.05091656
0.0507449
0.05022059
0.04913009
0.04718684
0.0451397
0.04354075
0.04212833
0.04062363
0.03910274
0.03787487
0.0369875
0.03639714
0.03641301
0.03721118
0.03805463
0.03841521
0.03824325
0.03814168
0.03855582
0.03929299
0.04000145
0.04061527
0.04117714
0.04173358
0.04247257
0.043334
0.04405367
0.04465555
0.04529196
0.04577384
0.0459241
0.04577344
0.04552696
0.04533744
0.04536492
0.04551653
0.04545333
0.04529357
0.04532723
0.04545446
0.04550714
0.04552024
0.04558698
0.04574475
0.04604265
0.04625781
0.0458851
0.04469891
0.04280789
0.04039943
0.03769973
0.03479269
0.03150048
0.02773711
0.02366031
0.02051537
0.01919082
0.01900567
0.01881578
0.01822874
0.01781922
0.01805458
0.01854363
0.0188234
0.01884923
0.01905379
0.0197037
0.02049245
0.02114112
0.02167052
0.02207344
0.02230185
0.02247935
0.02256653
0.02221595
0.02139819
0.02042397
0.01998933
0.02011776
0.02034031
0.01997844
0.01882575
0.01740524
0.01602227
0.01454125
0.01328674
0.01243983
0.01174136
0.010858
0.00970726
0.00886611
0.00862457
0.008681765
0.00892313
0.009567212
0.009991366
0.009563612
0.008088436
0.006003333
0.003566316
0.0009636405
-0.001784385
-0.004785271
-0.007847594
-0.01052256
-0.01166266
-0.01125266
-0.01001836
-0.008714335
-0.007480282
-0.005905699
-0.004093536
-0.002590591
-0.001656578
-0.001238305
-0.001192458
-0.001337037
-0.001659649
-0.002012625
-0.002145016
-0.001586636
-0.0004266997
0.00107947
0.002504736
0.003547289
0.003760109
0.002985128
0.001310748
-0.0007875711
-0.002918172
-0.004804658
-0.006234351
-0.007014582
-0.007420843
-0.007683303
-0.007822535
-0.008023614
-0.008611468
-0.009667528
-0.0110217
-0.01266581
-0.01429836
-0.01528928
-0.01542786
-0.0147509
-0.01343371
-0.01138563
-0.008982907
-0.006626601
-0.004504716
-0.00267147
-0.001209918
2.749816e-05
0.001228307
0.002467648
0.003459306
0.00382285
0.003518561
0.002611868
0.001056379
-0.0008199084
-0.002516606
-0.0034809
-0.003749114
-0.003577601
-0.003319046
-0.003265191
-0.003855229
-0.005134734
-0.007151497
-0.009420921
-0.01125579
-0.01221183
-0.0120511
-0.01024987
-0.00692883
-0.002145895
0.003394593
0.008808024
0.01251018
0.01399801
0.01354845
0.01181462
0.008909747
0.005205749
0.001530642
-0.001243418
-0.002036696
-0.0006953516
0.002237339
0.006031718
0.01058689
0.01467273
0.01751223
0.01858193
0.01792717
0.01559771
0.01203743
0.008007188
0.004478341
0.002120938
0.0009241446
0.0001395915
-0.0006209311
-0.001275243
-0.002146912
-0.00370041
-0.006215685
-0.009263228
-0.01236452
-0.01512349
-0.0173845
-0.01915057
-0.02027348
-0.02035582
-0.01915702
-0.01703561
-0.01442653
-0.01217908
-0.01116829
-0.01149506
-0.01288323
-0.01453412
-0.01589405
-0.0168163
-0.01692099
-0.01615348
-0.01437422
-0.01153135
-0.007604443
-0.003257597
0.0008946486
0.004327995
0.006676211
0.007641306
0.007770832
0.007463166
0.006674039
0.005604937
0.004644292
0.003703922
0.002654232
0.00190557
0.001654119
0.001719843
0.001485264
0.0005128063
-0.001422899
-0.004278586
-0.008175018
-0.01231993
-0.01601515
-0.0191336
-0.02186313
-0.02419807
-0.02545406
-0.02566158
-0.02538717
-0.02503394
-0.0246276
-0.02454882
-0.02483127
-0.02514617
-0.02493081
-0.0240649
-0.02245337
-0.02053078
-0.01893124
-0.01817159
-0.01807799
-0.01815606
-0.01784711
-0.01676501
-0.01509679
-0.01330371
-0.01187452
-0.01099592
-0.01077564
-0.01158499
-0.01331799
-0.01552895
-0.01779038
-0.01989624
-0.02178715
-0.02353799
-0.02526586
-0.02689054
-0.02827599
-0.02935314
-0.03017523
-0.03085091
-0.03134717
-0.03150763
-0.03093698
-0.03009865
-0.03004771
-0.03042179
-0.03025892
-0.02916488
-0.02749682
-0.02544149
-0.02343657
-0.02181951
-0.02050291
-0.01915343
-0.01740372
-0.01544588
-0.0136576
-0.01227906
-0.0113237
-0.01081795
-0.01084983
-0.01137638
-0.01173888
-0.01146738
-0.01040534
-0.008805111
-0.006981956
-0.005413062
-0.004296133
-0.003667211
-0.003451485
-0.003525213
-0.003443702
-0.003110603
-0.002864763
-0.002809899
-0.002813943
-0.002993256
-0.003438733
-0.004045776
-0.004766115
-0.005502467
-0.005457268
-0.004371622
-0.002164571
0.0007288807
0.003769208
0.006267523
0.008373557
0.01070207
0.01330209
0.01592171
0.01907017
0.02273185
0.02580439
0.02796121
0.02947618
0.03016632
0.02994299
0.02860368
0.0263428
0.0234421
0.01988327
0.01579071
0.01168691
0.008248087
0.005850255
0.004911527
0.005128949
0.00597452
0.006813907
0.007430508
0.007691445
0.007770376
0.007896118
0.008372569
0.009338511
0.01063643
0.01212209
0.01385098
0.01600779
0.01858665
0.02070407
0.02202046
0.02264143
0.02256065
0.02171702
0.02044346
0.01890896
0.01672901
0.01434754
0.01254491
0.01184386
0.01201573
0.01267288
0.01338315
0.01396378
0.01394865
0.01336807
0.01258231
0.01195503
0.01163696
0.01208585
0.01316777
0.0144097
0.01567026
0.01703912
0.01805142
0.01864762
0.01915379
0.01970973
0.02025489
0.02091497
0.02196231
0.02388511
0.02599093
0.02735605
0.0275941
0.02707521
0.02645159
0.02583784
0.02500152
0.02399208
0.02305215
0.02245644
0.02239834
0.02290484
0.02400305
0.02552995
0.02701021
0.02787882
0.02795082
0.02739498
0.02652047
0.02572429
0.02531561
0.02532005
0.02544147
0.02537548
0.02480894
0.02350817
0.02145844
0.01880902
0.01568881
0.01221347
0.008584326
0.005054452
0.002317681
0.0007087244
0.0001857692
3.646255e-05
-0.0001426024
-0.0003490621
-0.0005909651
-0.001027582
-0.001605273
-0.002125403
-0.002167799
-0.001677724
-0.0008581589
-0.0001070948
0.0003278788
2.225158e-05
-0.0006806719
-0.001092236
-0.001170957
-0.001262742
-0.001639979
-0.002310281
-0.00317369
-0.003929756
-0.004455573
-0.004795291
-0.005067046
-0.005372479
-0.006071125
-0.007118857
-0.00764428
-0.007271871
-0.00618376
-0.004568409
-0.002545247
4.342023e-05
0.002679996
0.004518261
0.005535017
0.006028697
0.006001297
0.005478793
0.004573397
0.003776543
0.00345818
0.003861755
0.00449811
0.004654908
0.004059181
0.002966031
0.001393742
-0.0005306668
-0.002487312
-0.003545929
-0.003158503
-0.001223254
0.001808077
0.00581938
0.010003
0.01375115
0.01666488
0.0185985
0.01940649
0.01916745
0.01798911
0.01670465
0.01591221
0.01564669
0.01544896
0.01498612
0.01398185
0.01250789
0.01072963
0.008784747
0.006739966
0.004648797
0.002421263
5.858396e-05
-0.001854649
-0.00323897
-0.004435683
-0.005778018
-0.007396995
-0.009569226
-0.0122427
-0.01514523
-0.01767487
-0.01962723
-0.02093754
-0.02152553
-0.02119309
-0.02015523
-0.01881813
-0.01739512
-0.01608832
-0.01511918
-0.01423736
-0.01327129
-0.01244886
-0.01200514
-0.01207438
-0.01264469
-0.01354184
-0.01453321
-0.0153977
-0.01592947
-0.01554602
-0.01416052
-0.0122952
-0.009977501
-0.006685009
-0.003259754
-0.0007962954
0.0001369701
-0.0002066215
-0.001859737
-0.004977437
-0.00907162
-0.01295493
-0.01585559
-0.01765537
-0.0179067
-0.01717121
-0.01628908
-0.01564161
-0.01525932
-0.0155758
-0.01661937
-0.01835005
-0.02032753
-0.02206379
-0.02297691
-0.02293149
-0.02202212
-0.02062578
-0.01895406
-0.01749884
-0.01648489
-0.01583404
-0.01513753
-0.01418974
-0.01308703
-0.01210557
-0.01141713
-0.0107421
-0.009881052
-0.009043264
-0.008355383
-0.007720031
-0.006999205
-0.006205284
-0.005543118
-0.005177784
-0.00516621
-0.005341758
-0.005559564
-0.005921384
-0.006340539
-0.006557066
-0.006548141
-0.006354665
-0.005836818
-0.005118896
-0.004451429
-0.0042373
-0.004642449
-0.005657893
-0.00705215
-0.008657944
-0.01061227
-0.01309771
-0.01615092
-0.01907958
-0.02119566
-0.02208994
-0.02210684
-0.02171152
-0.0213296
-0.02106233
-0.02088889
-0.02065296
-0.02023485
-0.01989341
-0.01976162
-0.01950923
-0.01898711
-0.01836103
-0.0180111
-0.01815303
-0.01886991
-0.02007504
-0.02177713
-0.02345304
-0.02467158
-0.02530327
-0.02501361
-0.02352543
-0.02067896
-0.01673441
-0.0124086
-0.0086912
-0.005985129
-0.003923092
-0.002191304
-0.0008700319
-5.504901e-05
0.000159205
7.045354e-06
-0.0004678918
-0.001700459
-0.003377142
-0.004952563
-0.006676604
-0.008798963
-0.01101295
-0.01323237
-0.01545615
-0.01672895
-0.01672077
-0.01581745
-0.01485343
-0.01410611
-0.01323467
-0.01206265
-0.01074266
-0.009258903
-0.00752504
-0.00583568
-0.004726412
-0.004675407
-0.005783053
-0.007658469
-0.01010499
-0.01281892
-0.01541704
-0.01757363
-0.01920662
-0.02027598
-0.0207314
-0.0205875
-0.02003328
-0.01947833
-0.01964346
-0.02037908
-0.02105319
-0.02084229
-0.01950522
-0.01715061
-0.01455399
-0.01234068
-0.01085326
-0.01004117
-0.009806949
-0.01023959
-0.01134725
-0.01235756
-0.0129938
-0.01378388
-0.01471016
-0.01530054
-0.01517283
-0.01442027
-0.01303897
-0.01168523
-0.01095743
-0.01066911
-0.01011031
-0.008551351
-0.006376156
-0.004308802
-0.00265239
-0.001246111
5.344216e-05
0.0008643994
0.0008153322
-7.292481e-05
-0.001435612
-0.00272537
-0.003723328
-0.004589765
-0.005780924
-0.007370747
-0.009192107
-0.01092873
-0.01232169
-0.01287304
-0.01241942
-0.01101855
-0.008870961
-0.006093171
-0.003452519
-0.001221618
0.000859962
0.00268922
0.003924428
0.004362025
0.004349443
0.004266689
0.004636201
0.005721359
0.007233802
0.008869921
0.01075831
0.01235783
0.01306991
0.01295772
0.01229435
0.01112755
0.009761652
0.008530774
0.007643261
0.0068596
0.0057609
0.004168886
0.002186808
7.998239e-05
-0.002304358
-0.005329179
-0.00825377
-0.01018165
-0.01060714
-0.00982334
-0.007976768
-0.005742881
-0.003596136
-0.001482183
0.0005181367
0.002084523
0.003584417
0.005487762
0.008373339
0.01185115
0.01512142
0.01785378
0.02002299
0.02081064
0.02003107
0.01807962
0.01592802
0.01403834
0.01257714
0.01151571
0.01092578
0.01106366
0.01186882
0.01314697
0.01477761
0.0167696
0.01890231
0.02094096
0.02258869
0.02350838
0.02339244
0.02271166
0.02204235
0.0216429
0.02132162
0.02081774
0.02001273
0.01911385
0.01854444
0.01852074
0.01905015
0.01931091
0.01882769
0.01784654
0.01709417
0.01702356
0.01720588
0.01703962
0.01622932
0.01544305
0.01528726
0.01530662
0.01494014
0.01411152
0.01328236
0.01278348
0.01244198
0.01210926
0.01198414
0.01206255
0.01214197
0.01196208
0.01145722
0.01067558
0.009763045
0.008895691
0.008805706
0.009658322
0.01113287
0.0129007
0.01482286
0.01600067
0.01598971
0.01491225
0.01313732
0.01075225
0.008070296
0.005739302
0.004364299
0.003876603
0.003934257
0.004449348
0.005351783
0.006682351
0.008456899
0.01032999
0.01157363
0.01229728
0.01299001
0.01376832
0.01439765
0.01460719
0.01418448
0.01290385
0.01119067
0.009518777
0.008029681
0.006808469
0.005977005
0.005786764
0.006133338
0.006928933
0.007870528
0.00871924
0.009570959
0.01043648
0.01105324
0.01154585
0.01227328
0.01369911
0.01565239
0.01775142
0.01940336
0.02026363
0.02030232
0.01992293
0.01935284
0.01895119
0.01889707
0.01865803
0.01809379
0.01764178
0.01761388
0.01797709
0.01863697
0.0194801
0.02045428
0.02155261
0.02274103
0.02365527
0.02413399
0.02425738
0.02410868
0.02371371
0.02349558
0.02328918
0.02249929
0.02122802
0.01989751
0.01861776
0.01718822
0.0153387
0.01264274
0.009383577
0.006653351
0.005004303
0.004175273
0.003582534
0.003134674
0.003197074
0.003978638
0.005363127
0.007122032
0.009120375
0.01124438
0.01330248
0.01515017
0.01658058
0.01754748
0.01815292
0.01842845
0.01838778
0.01838344
0.01874628
0.01972048
0.0209637
0.02202647
0.02253974
0.02235981
0.02131026
0.01976096
0.01815518
0.01659689
0.01508771
0.01390086
0.01328837
0.01318069
0.01287072
0.01206304
0.01098303
0.01004997
0.009415647
0.009066528
0.008797633
0.008427153
0.007971505
0.007547892
0.007304979
0.007315832
0.007623969
0.008251942
0.009090427
0.009918928
0.01029885
0.009817386
0.009039703
0.008527491
0.008248104
0.007909277
0.00712774
0.005806489
0.004287598
0.00275327
0.001093496
-0.0007145842
-0.002502256
-0.003807488
-0.00459747
-0.005365358
-0.006352251
-0.007412251
-0.008265854
-0.008875912
-0.009429812
-0.0101797
-0.01120051
-0.0123508
-0.0133902
-0.01402055
-0.01452045
-0.01525139
-0.01600657
-0.01658158
-0.01703308
-0.01756857
-0.01824972
-0.01875862
-0.01894047
-0.01878218
-0.01821644
-0.01724766
-0.01632403
-0.01570486
-0.01541837
-0.01556173
-0.01619419
-0.01699259
-0.01780213
-0.01887821
-0.02043695
-0.02240186
-0.0243456
-0.02626567
-0.02848304
-0.03032922
-0.03105577
-0.03066589
-0.02977573
-0.02879007
-0.02751512
-0.02568325
-0.02379345
-0.02220683
-0.02088537
-0.01976255
-0.01890208
-0.0185082
-0.01840893
-0.01825725
-0.01780813
-0.01707334
-0.0163824
-0.01581852
-0.01516102
-0.01466608
-0.01467906
-0.01497458
-0.01520083
-0.0152487
-0.01508645
-0.01468197
-0.01401515
-0.01312029
-0.01191952
-0.01085683
-0.0103635
-0.01031725
-0.01040325
-0.01043831
-0.01057372
-0.01097151
-0.01145257
-0.01201925
-0.01308532
-0.01462357
-0.01619789
-0.0169563
-0.01668416
-0.01521762
-0.01257218
-0.009026391
-0.005591364
-0.00273064
-0.0003969998
0.001226565
0.001878322
0.001411616
-0.0001157058
-0.002486058
-0.004622469
-0.005740948
-0.006092635
-0.006012538
-0.005290285
-0.004415467
-0.004057457
-0.004551491
-0.005646624
-0.00679768
-0.007588618
-0.007975343
-0.008061683
-0.007937392
-0.007672874
-0.007407543
-0.007164346
-0.006384732
-0.004960969
-0.003528341
-0.002403543
-0.001336668
0.0004775717
0.003122675
0.005767362
0.007387506
0.007764165
0.007761801
0.007882452
0.007885913
0.007739792
0.007730563
0.00842997
0.009846269
0.01133228
0.01211148
0.01194892
0.01096903
0.009124369
0.00599527
0.002199416
-0.001390111
-0.004445184
-0.006776245
-0.007981675
-0.008074305
-0.007610602
-0.007446749
-0.007919631
-0.00897945
-0.01038661
-0.01189732
-0.01321738
-0.01444057
-0.01578217
-0.01674464
-0.0168765
-0.0161394
-0.01517925
-0.01447431
-0.013646
-0.01223298
-0.01015495
-0.00783066
-0.005686805
-0.004633887
-0.00487692
-0.005806327
-0.006618406
-0.007032958
-0.007215572
-0.007170612
-0.006449294
-0.004924435
-0.002630126
-0.0001333702
0.001954644
0.00314371
0.003651816
0.003686277
0.00301778
0.001743336
0.000578434
-0.0002495828
-0.0009678158
-0.001574463
-0.001929238
-0.001971499
-0.001942732
-0.002058157
-0.002233903
-0.002409681
-0.002734532
-0.002780797
-0.002147956
-0.001378012
-0.001030604
-0.001230904
-0.001457139
-0.001270825
-0.0006543664
0.0001495234
0.0009121856
0.001541564
0.002028158
0.002100506
0.001468884
-0.0001187225
-0.002259008
-0.004370109
-0.005823389
-0.006805207
-0.007805827
-0.008481393
-0.008243533
-0.00700899
-0.005303316
-0.003564072
-0.001607552
0.0006561323
0.001655297
0.001232016
0.0004495307
0.0002236463
0.0006918788
0.001735504
0.00302298
0.004429544
0.006056947
0.007882563
0.009209475
0.009882305
0.01013955
0.009978754
0.009284562
0.008347825
0.007462726
0.00670012
0.006329268
0.006568808
0.007194561
0.007895966
0.00856675
0.008764495
0.008221785
0.007558502
0.007016736
0.006234894
0.005325373
0.004601039
0.004047831
0.00356394
0.003117691
0.002274334
0.0008516501
-0.001148032
-0.00338349
-0.005438742
-0.006733349
-0.007288643
-0.007704684
-0.008296993
-0.008929973
-0.009574114
-0.01025819
-0.01089375
-0.01120687
-0.01107888
-0.01086597
-0.01069091
-0.01019872
-0.009230822
-0.00798868
-0.007093565
-0.00686446
-0.007299179
-0.008003058
-0.008643483
-0.008967846
-0.008900664
-0.008362423
-0.00755134
-0.006685096
-0.005741708
-0.004582845
-0.003146922
-0.002053685
-0.001836092
-0.00239505
-0.003466832
-0.00500281
-0.006530002
-0.007588882
-0.008101364
-0.008526613
-0.009355478
-0.009879721
-0.009350527
-0.008374841
-0.007736263
-0.007672878
-0.007985362
-0.008394364
-0.00834997
-0.00790307
-0.007474415
-0.006998714
-0.006220365
-0.005441912
-0.004915514
-0.004654276
-0.004515348
-0.004382833
-0.004123816
-0.00380409
-0.003615446
-0.003620786
-0.003645737
-0.00298758
-0.001844315
-0.00113461
-0.001324392
-0.002128433
-0.002546146
-0.002502139
-0.00282192
-0.003993297
-0.005760252
-0.00716766
-0.007694482
-0.00740253
-0.006825573
-0.006228963
-0.005700283
-0.004969386
-0.003736965
-0.002942339
-0.003401687
-0.004505055
-0.005102143
-0.004629774
-0.003961553
-0.003983878
-0.005073241
-0.006477133
-0.007272214
-0.007498707
-0.007691113
-0.008493014
-0.009792851
-0.01110979
-0.01231761
-0.01348528
-0.01429131
-0.01468993
-0.01493438
-0.01543025
-0.0162379
-0.01714363
-0.01784854
-0.01817972
-0.01837617
-0.01866711
-0.01901122
-0.01936201
-0.01975874
-0.01997255
-0.01996451
-0.02022283
-0.02099791
-0.02217532
-0.02332396
-0.02414228
-0.024502
-0.02483731
-0.02555222
-0.02600082
-0.02564142
-0.02462063
-0.02355599
-0.02280329
-0.02225378
-0.02185777
-0.02196039
-0.02248718
-0.02316
-0.02370174
-0.02406556
-0.02433744
-0.02453805
-0.02460179
-0.02481175
-0.02524106
-0.02552141
-0.02573962
-0.02628511
-0.02685142
-0.0269941
-0.02657927
-0.02596269
-0.02540486
-0.02457729
-0.02338789
-0.02235361
-0.0215065
-0.02048076
-0.01939734
-0.01850083
-0.01777183
-0.01707687
-0.01640575
-0.01602289
-0.01596886
-0.01590858
-0.01583236
-0.0160007
-0.01606189
-0.01569987
-0.01485204
-0.01404595
-0.01388007
-0.01407646
-0.01411065
-0.01365199
-0.01311978
-0.01314691
-0.01370746
-0.01435522
-0.01471879
-0.014888
-0.01504719
-0.01481547
-0.01401136
-0.01298913
-0.01197324
-0.01084184
-0.009596853
-0.008542378
-0.008211032
-0.008334289
-0.008416049
-0.008572108
-0.009128266
-0.01020311
-0.01117217
-0.01129603
-0.01055664
-0.009525628
-0.008845321
-0.008814291
-0.009551409
-0.01079295
-0.01217605
-0.01342974
-0.01454894
-0.01561499
-0.01653603
-0.0174163
-0.01856511
-0.01970014
-0.02037218
-0.02044766
-0.02014616
-0.01950833
-0.01902208
-0.01905415
-0.01903033
-0.01862148
-0.01806959
-0.01760804
-0.01730428
-0.0175319
-0.0180252
-0.0181554
-0.01794299
-0.01773628
-0.01773019
-0.01784666
-0.01793001
-0.01753006
-0.01640367
-0.01497576
-0.01356879
-0.01210738
-0.0107892
-0.009887925
-0.009517073
-0.009636548
-0.01025229
-0.01125585
-0.01252591
-0.01355736
-0.01425128
-0.01487948
-0.0155552
-0.01610317
-0.01604885
-0.01539597
-0.01449136
-0.01385516
-0.01357259
-0.01334843
-0.01306171
-0.01285531
-0.01280281
-0.01286547
-0.01310531
-0.0135912
-0.01435849
-0.01528337
-0.01612498
-0.01656953
-0.01656504
-0.01612618
-0.01547694
-0.01485151
-0.01454146
-0.01440848
-0.01413267
-0.01378245
-0.01351547
-0.01326848
-0.01297827
-0.01266431
-0.0123597
-0.0120378
-0.0114347
-0.01050886
-0.009552119
-0.008772329
-0.008499887
-0.008687067
-0.008862804
-0.008828702
-0.00872413
-0.008702199
-0.008763529
-0.008831116
-0.008863904
-0.008874367
-0.008698557
-0.008100758
-0.007332789
-0.00667895
-0.006141002
-0.005588858
-0.004966208
-0.004311452
-0.003677187
-0.003505303
-0.004331574
-0.005546674
-0.006469568
-0.006822636
-0.006691367
-0.006326059
-0.005839207
-0.005008632
-0.003688284
-0.002182785
-0.002018949
-0.002983964
-0.003501355
-0.003067385
-0.00226652
-0.001735628
-0.001543712
-0.001488135
-0.001337162
-0.001045765
-0.0007790136
-0.0007789323
-0.001370671
-0.002314138
-0.00315579
-0.003484771
-0.003265552
-0.002616948
-0.001872539
-0.001243337
-0.0010756
-0.001300813
-0.001707285
-0.002043696
-0.002167654
-0.001917056
-0.001427056
-0.0009404676
-0.0005721367
-0.0003252327
-0.0003929458
-0.0007754823
-0.001338864
-0.002222739
-0.003562728
-0.004803772
-0.005548271
-0.00579996
-0.005668773
-0.005356476
-0.005268437
-0.005321745
-0.005170216
-0.005072448
-0.005239272
-0.005233188
-0.00465064
-0.003397295
-0.001754937
-3.00278e-05
0.001636489
0.003070535
0.004043185
0.004640773
0.005052701
0.005693253
0.006477633
0.007015769
0.007540466
0.008431106
0.009549335
0.01057036
0.01137089
0.01224694
0.01344077
0.01481576
0.01620743
0.01767039
0.01892275
0.01963651
0.01977246
0.01965656
0.01949334
0.0189794
0.01787043
0.01665441
0.01561081
0.01449763
0.0133198
0.01227391
0.01128848
0.01059306
0.01062319
0.01080334
0.01062832
0.01088046
0.0118928
0.01321955
0.01432324
0.01503835
0.01515289
0.01499438
0.01512783
0.01542715
0.01549153
0.01531579
0.01531852
0.01609324
0.01741925
0.01868464
0.01923813
0.01950129
0.02050761
0.02172708
0.0220553
0.02114325
0.01973382
0.0185667
0.01791818
0.01765434
0.0173524
0.01675622
0.01578355
0.01487116
0.01439453
0.01421358
0.01390508
0.01320654
0.01222974
0.01119053
0.01045435
0.01019266
0.01038804
0.01064608
0.010819
0.01148335
0.01271099
0.01409378
0.01537155
0.01651926
0.01727295
0.01762316
0.01761224
0.01696749
0.01563342
0.01480114
0.01475674
0.01487718
0.01540905
0.01659488
0.01793196
0.01906697
0.02008332
0.02117008
0.02242673
0.02388924
0.02482104
0.02468313
0.02423063
0.0239878
0.02358229
0.02301747
0.02262461
0.02235547
0.02210401
0.02202641
0.02237191
0.02317823
0.02408522
0.02468129
0.02455326
0.02397888
0.02343029
0.02311028
0.02306623
0.02353374
0.02412553
0.02434649
0.024115
0.02366056
0.0232035
0.02273864
0.02223773
0.0221239
0.02239427
0.02267398
0.02245995
0.02160152
0.02053482
0.01974465
0.01950876
0.01934532
0.018743
0.01775003
0.01711062
0.01752356
0.01845008
0.0191398
0.01908062
0.01857444
0.01813818
0.01767161
0.01687855
0.01615836
0.0159719
0.01645231
0.01718407
0.01782765
0.01842253
0.01897519
0.01932698
0.01950124
0.01955621
0.0193708
0.01909891
0.0190695
0.01933986
0.01970904
0.01990059
0.01991255
0.0198436
0.01933296
0.01823043
0.01664269
0.01489478
0.01326605
0.01197007
0.01108783
0.01070615
0.01053448
0.01029665
0.01008839
0.01005367
0.01014216
0.0102706
0.01045537
0.01078669
0.01115813
0.01121149
0.01097849
0.01073612
0.0107549
0.01115156
0.01205379
0.01324325
0.01449028
0.0160647
0.01789807
0.01918285
0.01977946
0.01998213
0.01977961
0.01908922
0.01800999
0.01680397
0.01565148
0.01492541
0.01472225
0.0148179
0.01512638
0.01570585
0.01643049
0.01712542
0.01761913
0.01777165
0.01756463
0.0171373
0.01676997
0.01690588
0.01708551
0.01669117
0.01583777
0.01504174
0.01478779
0.01491894
0.01503128
0.01483703
0.01446767
0.01419811
0.01419035
0.01445382
0.0150457
0.01580623
0.01651253
0.01718545
0.01791678
0.01852895
0.01897559
0.01937023
0.01975413
0.02009392
0.02041648
0.02049416
0.01972024
0.01840478
0.01723533
0.01656975
0.01623724
0.01597744
0.01541055
0.01440148
0.01321347
0.01211159
0.01113266
0.01018097
0.009226952
0.008433812
0.007792821
0.007155616
0.006521619
0.005989237
0.005796611
0.005937125
0.006236903
0.006430717
0.006467779
0.006502756
0.006532415
0.006416172
0.006357479
0.006554236
0.006988787
0.00769292
0.008819843
0.009931151
0.01065344
0.01077536
0.01045437
0.009909927
0.009369909
0.009018381
0.009094274
0.009451652
0.00986453
0.01017542
0.01035727
0.01040024
0.01031674
0.0100464
0.009413502
0.008612192
0.008299302
0.008456466
0.008690871
0.008882787
0.009198545
0.009835941
0.01056799
0.01101471
0.01091125
0.01035336
0.009622696
0.009039836
0.008697345
0.008385061
0.007875237
0.007010578
0.005970448
0.005008844
0.004371394
0.00413051
0.004309266
0.004718572
0.005228984
0.006224034
0.007742909
0.009146756
0.01017682
0.01102275
0.0116654
0.01182824
0.01112796
0.01013211
0.009572706
0.00971325
0.0103023
0.01098844
0.01170542
0.0125114
0.01295831
0.01284375
0.01245803
0.01203173
0.01152978
0.01079047
0.00970855
0.00824735
0.006800869
0.005734034
0.005063417
0.004506451
0.003861165
0.003002063
0.001897732
0.0006178233
-0.0004491521
-0.0006401212
-0.0004354856
-0.000668835
-0.001646854
-0.002926867
-0.004048039
-0.004883323
-0.00554597
-0.006195046
-0.006890772
-0.007603827
-0.00830242
-0.008948122
-0.009320024
-0.00954919
-0.009987979
-0.01087425
-0.01214787
-0.01320282
-0.01368575
-0.01364283
-0.01342499
-0.01325001
-0.01307045
-0.013029
-0.01343172
-0.01403426
-0.01448507
-0.01456748
-0.01444968
-0.01440143
-0.01457944
-0.01482547
-0.01450571
-0.01372741
-0.01317418
-0.01355762
-0.01471091
-0.01578698
-0.0160555
-0.01521105
-0.01377302
-0.01233395
-0.01114258
-0.0101712
-0.00939536
-0.008559525
-0.00750472
-0.006306821
-0.005208886
-0.00438679
-0.003728994
-0.003126954
-0.002752097
-0.00258747
-0.002451743
-0.002448619
-0.002770966
-0.003394836
-0.004126179
-0.004818833
-0.005187981
-0.005102665
-0.00493782
-0.004971722
-0.005188356
-0.005404464
-0.005519427
-0.005547539
-0.005484234
-0.005247087
-0.00452
-0.003199011
-0.002179671
-0.001770699
-0.001558853
-0.001027134
-9.038407e-05
0.000840794
0.001424406
0.001476258
0.001159245
0.0007788396
0.0009086322
0.001710936
0.003020816
0.004387763
0.005614326
0.006711227
0.007559458
0.007909149
0.007868389
0.007608448
0.007237704
0.006792815
0.006263018
0.005470809
0.00435358
0.003425672
0.002965509
0.002857042
0.002798391
0.002773437
0.003506366
0.00486673
0.006034091
0.006460238
0.006371457
0.006296109
0.006167766
0.005539617
0.00469995
0.004084976
0.003890345
0.003911487
0.003924302
0.004095226
0.004502268
0.004746362
0.004577585
0.004017044
0.003182262
0.002385737
0.00219778
0.002532422
0.003019794
0.003259019
0.003181265
0.002929901
0.002905485
0.003404594
0.003915071
0.004010488
0.003811509
0.003861205
0.00454357
0.005347811
0.005758729
0.005757107
0.005721792
0.00592818
0.006445254
0.006989667
0.007010619
0.0064247
0.00552808
0.004655052
0.003497081
0.002052267
0.0009268547
0.0004117221
0.0003393586
0.0003791352
0.0003873965
0.0003360602
0.0003480431
0.0006499211
0.001226349
0.001879197
0.00219113
0.001892592
0.00080648
-0.0006653621
-0.002129222
-0.003779345
-0.005572374
-0.007140745
-0.008503362
-0.009751519
-0.01031656
-0.01007442
-0.009350978
-0.008493731
-0.007760085
-0.007965139
-0.008877062
-0.009592124
-0.009681699
-0.009381826
-0.008816377
-0.008292128
-0.008202832
-0.008569501
-0.009123953
-0.009658842
-0.01004212
-0.01017583
-0.01018684
-0.01021149
-0.01025854
-0.01019855
-0.009899789
-0.009472561
-0.009054838
-0.008652582
-0.008271451
-0.00796355
-0.007746174
-0.007476001
-0.006846474
-0.005904426
-0.004859762
-0.004039309
-0.003579774
-0.00381455
-0.004698489
-0.005909859
-0.006644305
-0.00665446
-0.006369828
-0.006254812
-0.006418165
-0.006951766
-0.007804953
-0.008771644
-0.009629195
-0.01030433
-0.01076334
-0.0108711
-0.01032406
-0.009453183
-0.008758959
-0.008498502
-0.008787883
-0.009964513
-0.01177465
-0.0136393
-0.01466804
-0.01480692
-0.01423429
-0.0130885
-0.01151292
-0.01020948
-0.009510299
-0.009503357
-0.009985029
-0.01074004
-0.01159434
-0.01229081
-0.01256292
-0.0122402
-0.01125337
-0.009751825
-0.008108546
-0.006607993
-0.005388578
-0.004455662
-0.003687715
-0.002874697
-0.001835198
-0.00102893
-0.0008894693
-0.001163975
-0.001490259
-0.001786709
-0.002245182
-0.002988168
-0.003819828
-0.004339163
-0.004237227
-0.003532118
-0.002352267
-0.001080932
-2.372402e-05
0.0006232722
0.0009233767
0.00102266
0.001060005
0.001256256
0.001985993
0.003058886
0.004160329
0.005582407
0.007074694
0.007620348
0.006927601
0.005446703
0.003882102
0.002485474
0.001075596
-0.0005898188
-0.002440929
-0.003783737
-0.004298709
-0.004120799
-0.003484629
-0.002432706
-0.001283619
-0.0004737664
-0.0003108816
-0.001103917
-0.003000391
-0.005417783
-0.007355017
-0.008097886
-0.007908912
-0.007499127
-0.00748377
-0.007594888
-0.007231159
-0.006478888
-0.005838304
-0.00608822
-0.006969707
-0.00762244
-0.00732351
-0.006189404
-0.004445208
-0.002618184
-0.001207745
2.834493e-05
0.001402446
0.002475439
0.002810588
0.002333306
0.001555417
0.0009112879
0.0009905052
0.001780717
0.002932122
0.004016749
0.004870608
0.005167949
0.00490349
0.004044422
0.002944435
0.001939982
0.0009401449
-7.797758e-05
-0.0009268434
-0.001626618
-0.002324509
-0.00317085
-0.004098748
-0.004949394
-0.005675096
-0.006321317
-0.006823107
-0.007203196
-0.007558996
-0.007947485
-0.008494839
-0.009502788
-0.0109251
-0.01255896
-0.01382889
-0.01444737
-0.01447645
-0.01409347
-0.01332228
-0.01170797
-0.009560378
-0.008365269
-0.008133069
-0.00797544
-0.007750849
-0.007754992
-0.0080169
-0.008486084
-0.009176653
-0.009635525
-0.009635423
-0.009418532
-0.009071434
-0.008478049
-0.007607097
-0.006607826
-0.00577088
-0.005058367
-0.004254998
-0.003302806
-0.002286706
-0.001245465
-0.0007230009
-0.001439861
-0.002867781
-0.004122115
-0.004757092
-0.004993194
-0.005110555
-0.005534429
-0.006299662
-0.007027766
-0.007402037
-0.007423787
-0.007258519
-0.006789857
-0.005525104
-0.003790021
-0.002252435
-0.001530179
-0.001656141
-0.002357567
-0.003233734
-0.004107844
-0.005045931
-0.006183466
-0.007552159
-0.008254826
-0.007566729
-0.005959764
-0.00444873
-0.003711747
-0.003798432
-0.004426225
-0.005025149
-0.005255876
-0.004926281
-0.003973213
-0.002452204
-0.0006714541
0.001160913
0.003108696
0.004769386
0.005752798
0.006354555
0.00685743
0.007143806
0.007116847
0.006811009
0.006072668
0.005056023
0.004435011
0.004479516
0.005057526
0.006320661
0.008198896
0.01068432
0.01333733
0.01568457
0.01730952
0.01819541
0.01855703
0.0186798
0.01859942
0.01843636
0.01828153
0.0181129
0.0180062
0.01809015
0.01810966
0.01782586
0.01722191
0.0164859
0.0157438
0.01490899
0.01410083
0.01385336
0.01407794
0.01434832
0.0144995
0.01462511
0.01481757
0.01487785
0.01460402
0.0141064
0.01351208
0.01269783
0.01184822
0.01127519
0.01120304
0.01144665
0.01171822
0.01185354
0.01185239
0.01164831
0.01116563
0.01034326
0.009341516
0.008355536
0.007582269
0.007292486
0.007733055
0.008304921
0.008512164
0.008442591
0.008494591
0.008883341
0.00937002
0.009608465
0.00935824
0.00875684
0.007919952
0.006657849
0.004964169
0.00320052
0.001702169
0.0005180395
-0.0004285249
-0.001147287
-0.00154815
-0.001821052
-0.002168942
-0.002436695
-0.002584189
-0.002825546
-0.003386952
-0.004267894
-0.005094497
-0.005374031
-0.004798378
-0.003782834
-0.002697505
-0.001556043
-0.0003850251
0.000675109
0.00177482
0.003033038
0.004050066
0.004595193
0.004575892
0.003809428
0.002206189
4.342536e-05
-0.002163595
-0.003998914
-0.004952413
-0.005100654
-0.004837291
-0.004165463
-0.00281412
-0.001626514
-0.00116632
-0.001178148
-0.001446511
-0.002170479
-0.003294945
-0.00457981
-0.005886775
-0.006966134
-0.007507738
-0.007696477
-0.007807425
-0.007856699
-0.007965077
-0.008330446
-0.00874661
-0.008961654
-0.008902277
-0.008402003
-0.00735431
-0.005944326
-0.004394793
-0.002879701
-0.001677396
-0.001115969
-0.00116859
-0.001609433
-0.002306958
-0.002942145
-0.003161902
-0.002728999
-0.001919014
-0.001417522
-0.001411771
-0.001708902
-0.00197405
-0.002210062
-0.002772983
-0.003645989
-0.004565007
-0.005403367
-0.00612975
-0.006604121
-0.006823263
-0.006846977
-0.006548217
-0.005973432
-0.005235634
-0.004463681
-0.003772101
-0.00358132
-0.004112032
-0.005339943
-0.007278223
-0.009855249
-0.01227594
-0.01368795
-0.01365056
-0.01252809
-0.01067422
-0.008615126
-0.00670904
-0.005145019
-0.004095025
-0.00365469
-0.003891786
-0.004679975
-0.005638497
-0.006447793
-0.007017504
-0.00723727
-0.006875686
-0.005232646
-0.002579704
0.0003283933
0.002929853
0.004965691
0.005976647
0.006541913
0.007443602
0.008630367
0.009754282
0.01096598
0.01239006
0.01393238
0.01550064
0.01698039
0.01767679
0.01741378
0.01614668
0.01418476
0.01188975
0.009631691
0.00788838
0.007114986
0.007018004
0.007085314
0.007202976
0.007436768
0.007758303
0.007955463
0.007890707
0.007301615
0.006129475
0.004442994
0.00253309
0.0005808213
-0.001426716
-0.003327854
-0.00495992
-0.006465708
-0.008090802
-0.01007348
-0.01242817
-0.01502026
-0.01760656
-0.01965014
-0.02052357
-0.02003586
-0.018608
-0.0163346
-0.01373337
-0.01152166
-0.00970523
-0.008013434
-0.006555295
-0.005240395
-0.003706845
-0.002147054
-0.0009980391
-0.0007959407
-0.001668335
-0.003457343
-0.005231205
-0.006229525
-0.005958058
-0.004332055
-0.001302005
0.002715358
0.007428669
0.01133496
0.01364803
0.01380843
0.01222136
0.00945487
0.006095977
0.002890715
0.001036646
0.0006427727
0.001514379
0.003444948
0.005871658
0.007216104
0.006652715
0.004147764
0.0005620404
-0.00324632
-0.006714721
-0.009409903
-0.01104582
-0.01109634
-0.009770245
-0.007548354
-0.004564102
-0.0008115849
0.002193661
0.003785965
0.003992743
0.002957954
0.0007446585
-0.002635318
-0.006606346
-0.009892129
-0.0118143
-0.01282585
-0.01344119
-0.01350114
-0.01245064
-0.01036346
-0.007826296
-0.005409029
-0.003615155
-0.002840382
-0.002751055
-0.003022155
-0.003576344
-0.00437048
-0.005296569
-0.005976292
-0.006206853
-0.005665379
-0.004473018
-0.003021864
-0.002135768
-0.002047918
-0.002665106
-0.003751857
-0.005190209
-0.006598722
-0.007673778
-0.008258871
-0.008439108
-0.008305231
-0.007540373
-0.006138341
-0.00469711
-0.003580592
-0.002812791
-0.002719761
-0.003499692
-0.005095689
-0.00698955
-0.008732607
-0.009899594
-0.01034361
-0.009985054
-0.008927519
-0.007395316
-0.006002354
-0.005058273
-0.004692112
-0.004986305
-0.00592124
-0.007119304
-0.008281232
-0.009377676
-0.01012789
-0.01015577
-0.009006121
-0.007118032
-0.005166649
-0.003876013
-0.00353565
-0.003889954
-0.004367326
-0.004633289
-0.004557719
-0.004098968
-0.003159567
-0.001847249
-0.0001954929
0.001515722
0.002981306
0.003849124
0.003859644
0.002676824
0.0005601861
-0.001944088
-0.004013557
-0.005294612
-0.005784866
-0.005646014
-0.00526328
-0.00555357
-0.006370772
-0.006888937
-0.006884785
-0.006666855
-0.006307951
-0.005913582
-0.005655223
-0.005388722
-0.005054909
-0.00492485
-0.00493795
-0.004784816
-0.00417582
-0.003189948
-0.002158697
-0.001471325
-0.001378125
-0.001698041
-0.002213613
-0.002975539
-0.004125381
-0.005676233
-0.007437773
-0.008854915
-0.00888313
-0.007675429
-0.006092316
-0.005040789
-0.004475338
-0.003901838
-0.003109015
-0.002244878
-0.0015327
-0.0008932668
-1.692414e-05
0.0009343982
0.001613842
0.001800876
0.00146925
0.0005812026
-0.0006471899
-0.001925512
-0.00283008
-0.003175488
-0.002962616
-0.00244669
-0.00179443
-0.001310216
-0.00104552
-0.0008611246
-0.000694937
-0.0005857145
-0.0004350714
-7.456669e-05
0.0006278379
0.00178242
0.003454325
0.005492286
0.007295361
0.008262565
0.008469845
0.008123822
0.007098256
0.005779614
0.004809271
0.004191271
0.003591643
0.002871106
0.002140836
0.001550758
0.001202446
0.001118216
0.001342918
0.001845965
0.002554809
0.003397019
0.00428232
0.005030961
0.005464861
0.005400597
0.004793053
0.003758602
0.002434927
0.001144922
0.0001107451
-0.0006997729
-0.001359338
-0.001829277
-0.002185209
-0.002521176
-0.002985934
-0.003589097
-0.004222279
-0.004566138
-0.004471455
-0.003621843
-0.001951337
0.0004340006
0.00293784
0.005069678
0.006045961
0.006151435
0.006066808
0.005854447
0.005199
0.003993563
0.002660276
0.001696425
0.001282944
0.001357842
0.001720532
0.002096445
0.002307668
0.002300982
0.002107636
0.001926017
0.001923369
0.002140671
0.002353634
0.002379856
0.002139735
0.001696528
0.001123125
0.0005789952
0.0002532716
0.0008285868
0.001855848
0.002248314
0.001921712
0.00143111
0.001009328
0.0008078437
0.001013081
0.001204942
0.001066736
0.000703718
0.0004174247
0.0003559957
0.000227274
-0.0001887892
-0.0008120747
-0.001269666
-0.001243761
-0.0008441821
-0.0002767649
0.000466237
0.001393328
0.002478023
0.003433053
0.004123504
0.004599948
0.004925178
0.005054939
0.004924406
0.004619647
0.004417048
0.004289907
0.003968022
0.003216719
0.002106367
0.0008824663
-0.0004875858
-0.002213722
-0.003666664
-0.004241239
-0.003746902
-0.002341608
-0.000260379
0.002086785
0.004351174
0.006099985
0.007264743
0.007836247
0.007870816
0.00762031
0.007629195
0.007713878
0.007295407
0.00672862
0.006458519
0.006338279
0.006282374
0.006459271
0.006673657
0.006741705
0.006760308
0.006699764
0.006363079
0.005830323
0.00527714
0.004761225
0.004412558
0.004422924
0.004688971
0.005193133
0.006276962
0.007797992
0.009335943
0.01001005
0.009432397
0.007710732
0.005635466
0.00373885
0.002175305
0.0009483304
0.0002538758
0.000119319
0.0003243737
0.0001568262
-0.0005562737
-0.001594983
-0.002318104
-0.002315378
-0.001615354
-0.0008642537
-0.0008171858
-0.001294814
-0.001754394
-0.00201234
-0.002280962
-0.002869642
-0.003897522
-0.005190683
-0.00603983
-0.006232984
-0.006050033
-0.005946361
-0.006026878
-0.006025385
-0.005757068
-0.005252032
-0.004705169
-0.004238956
-0.003962344
-0.003735132
-0.003342073
-0.003005178
-0.002988636
-0.003149278
-0.003243755
-0.003211317
-0.003234249
-0.003473295
-0.004201139
-0.005183967
-0.005906485
-0.005921512
-0.005327505
-0.004315552
-0.003091566
-0.001805277
-0.0007850112
-0.0002048293
-0.0004932414
-0.001436722
-0.002459203
-0.003072484
-0.003152806
-0.002651317
-0.001972575
-0.001501012
-0.001341517
-0.00135286
-0.001488635
-0.001686577
-0.001838789
-0.001773951
-0.001523785
-0.001333019
-0.001355592
-0.001638889
-0.002298694
-0.003239675
-0.004102588
-0.004808992
-0.005485194
-0.005934381
-0.005941845
-0.005449015
-0.004605301
-0.00358661
-0.002662181
-0.002047543
-0.002008733
-0.00253271
-0.003431552
-0.004492477
-0.005559879
-0.006371176
-0.006644705
-0.00629359
-0.005341723
-0.003962299
-0.002525001
-0.001509432
-0.001032844
-0.0003960125
0.0005007862
0.0007270964
-8.752008e-05
-0.001467874
-0.002129927
-0.001653207
-0.0005556342
0.0003275332
0.0007180022
0.001033973
0.001576784
0.002208703
0.00276182
0.003211956
0.003433879
0.003411665
0.003283922
0.002850469
0.001938534
0.001117783
0.0006528602
0.0003105176
-0.0001918759
-0.0009265823
-0.00195143
-0.00316697
-0.004376432
-0.005024653
-0.005043522
-0.004932281
-0.005025666
-0.005297259
-0.005630933
-0.005911645
-0.005991189
-0.005904807
-0.005723602
-0.005376837
-0.004879343
-0.004436453
-0.004246706
-0.004429701
-0.00489147
-0.005469003
-0.006041881
-0.006267588
-0.005909713
-0.00501528
-0.003901599
-0.003082931
-0.002690995
-0.002543843
-0.00250473
-0.002531286
-0.00251325
-0.002277113
-0.00177549
-0.001276434
-0.0008667006
-0.0003366145
-4.42258e-05
-0.0003953022
-0.00102018
-0.001620866
-0.002404475
-0.003133884
-0.003476061
-0.003827336
-0.004224364
-0.003974952
-0.003122627
-0.002249515
-0.001918219
-0.002093151
-0.002630602
-0.00327132
-0.003793541
-0.003837097
-0.002799539
-0.0001200123
0.003045592
0.005586178
0.006932996
0.007151484
0.006303964
0.004513663
0.001968971
-0.0007377462
-0.002934874
-0.004179085
-0.004625738
-0.004686688
-0.004347031
-0.003642283
-0.002836389
-0.002606499
-0.003068323
-0.003736196
-0.004230401
-0.004485579
-0.004307012
-0.003838548
-0.00370415
-0.003975159
-0.004323163
-0.00449261
-0.004497292
-0.004443576
-0.004405571
-0.004365306
-0.004248255
-0.00402962
-0.003743336
-0.003570577
-0.003666795
-0.00365517
-0.003144098
-0.001978445
-0.0007160476
9.285512e-05
0.0008057142
0.001816123
0.00288322
0.003380716
0.002760946
0.0008807249
-0.00157336
-0.003291236
-0.003580528
-0.002656932
-0.001125495
0.0006401333
0.002355714
0.00385004
0.004964604
0.005499715
0.005553587
0.005388335
0.005176181
0.005009743
0.00542151
0.00649236
0.007634922
0.008416326
0.008762109
0.008521592
0.007787767
0.006855603
0.006087536
0.005764668
0.005977577
0.006483503
0.00683648
0.006846693
0.006545674
0.006204607
0.005980471
0.005834981
0.005637872
0.005314872
0.00488233
0.004350292
0.003663104
0.003207385
0.003274771
0.00326331
0.002864325
0.002530007
0.002393618
0.002197016
0.001709215
0.001051937
0.00063873
0.000912231
0.001904829
0.002858645
0.003277575
0.003123902
0.002428668
0.001210325
-0.0002082069
-0.001602908
-0.00300776
-0.004056518
-0.004349619
-0.003884053
-0.003030575
-0.002051093
-0.0009581527
0.0002860672
0.00122579
0.001857735
0.002628576
0.003618692
0.004627779
0.005672744
0.006798187
0.007962316
0.008726591
0.008769138
0.008210878
0.007263569
0.006018945
0.005151799
0.005207087
0.005920891
0.006691736
0.007263014
0.007624655
0.007775689
0.007531534
0.007013321
0.00649707
0.006262828
0.006396629
0.006753649
0.007122188
0.007412695
0.007720021
0.008112827
0.008405957
0.008321313
0.007663084
0.006390568
0.004616009
0.003185453
0.002588102
0.002769663
0.0032782
0.003764882
0.004020753
0.004041371
0.003867069
0.003719122
0.003668877
0.003554519
0.003518825
0.003899942
0.004552909
0.005053154
0.005000051
0.004655269
0.004379801
0.003780348
0.002625592
0.001323757
4.231631e-05
-0.001304873
-0.002342473
-0.002902444
-0.002951691
-0.002432499
-0.00140255
-0.0004863394
0.0001938727
0.0010998
0.001960779
0.002221162
0.001891961
0.001367753
0.0008118862
0.0001716865
-0.0006506099
-0.001838338
-0.003202644
-0.004394205
-0.005443122
-0.006526062
-0.007637243
-0.00868494
-0.009592614
-0.01017794
-0.01041015
-0.01043472
-0.01046142
-0.01058982
-0.01089635
-0.01127548
-0.01142135
-0.01121689
-0.0107568
-0.01012199
-0.009343676
-0.008489661
-0.007644133
-0.006885851
-0.00655479
-0.006685713
-0.006890562
-0.007108489
-0.007485599
-0.00763418
-0.007262752
-0.006441668
-0.005437383
-0.004365695
-0.00300645
-0.001412918
-0.000165982
0.0005269215
0.0008522597
0.0007616576
0.0002066292
-0.0006083094
-0.001236958
-0.001470083
-0.001606981
-0.001724904
-0.001396888
-0.0007857667
-0.0003236526
-5.406683e-06
0.0003647634
0.0008717379
0.001542085
0.002359477
0.003198891
0.003935498
0.00444619
0.004787494
0.005126892
0.005915412
0.007167037
0.008340941
0.008855567
0.008660001
0.008499183
0.008581818
0.008257969
0.007461639
0.006624577
0.005975078
0.005436038
0.004921759
0.004647291
0.004819624
0.005303379
0.005801925
0.006119821
0.005917766
0.005033448
0.003928179
0.003078983
0.002601001
0.002270304
0.001954354
0.001763565
0.001781896
0.001981725
0.002197619
0.002367904
0.002677959
0.00309676
0.003388392
0.003412677
0.003204368
0.002605
0.001712563
0.0008160556
0.000234163
0.0001689735
0.0008653086
0.002185837
0.003969095
0.005551095
0.006618142
0.007233619
0.007353502
0.006715779
0.005689851
0.004717074
0.003901807
0.003386557
0.003491038
0.004274534
0.005453892
0.006634991
0.007485555
0.007781711
0.007482128
0.006701953
0.005546236
0.004221981
0.00290928
0.002192955
0.002240063
0.002643387
0.002959904
0.003104464
0.003199592
0.003250475
0.0030455
0.002718436
0.002497337
0.002183306
0.001693855
0.001364853
0.001322709
0.001437474
0.001629497
0.001816925
0.001880651
0.001774988
0.001594198
0.001782294
0.00242545
0.003390446
0.004174079
0.004397414
0.003968295
0.003207277
0.002343308
0.001868656
0.002162681
0.003281428
0.004768631
0.006271488
0.007650014
0.00892381
0.01022756
0.01131147
0.01139233
0.01032441
0.008496891
0.006123259
0.003409082
0.0009839399
-0.0004521613
-0.0007016721
-0.0001609881
0.0006695447
0.001635007
0.00263061
0.003593444
0.004442389
0.00511302
0.005436439
0.005458821
0.006429793
0.00625709
0.006023532
0.00572862
0.0054315
0.005176581
0.004920979
0.004604045
0.004172988
0.003738547
0.003381158
0.002859162
0.00217611
0.001636241
0.001515319
0.001784168
0.001925278
0.001722345
0.001303536
0.001056176
0.001161576
0.001326461
0.001351077
0.00131304
0.001273168
0.001232573
0.001335451
0.001612038
0.00197685
0.002327128
0.002697213
0.003232723
0.003774546
0.00406064
0.003788339
0.002962633
0.001836868
0.0006051241
-0.0005819078
-0.0009536216
-0.0005748939
-5.960269e-05
-1.670658e-05
-0.0005266507
-0.0009554815
-0.0009753628
-0.0007080912
-0.0002957208
0.0002556935
0.0009164787
0.001594097
0.002101227
0.00229986
0.002242668
0.002429532
0.003155659
0.004405605
0.005682056
0.006585269
0.007324987
0.008066541
0.008493966
0.008176123
0.006766752
0.004801977
0.002993547
0.002307266
0.002791174
0.003687715
0.004237549
0.004235138
0.00399919
0.003841183
0.003840371
0.003907508
0.003973798
0.003948592
0.003902038
0.004086476
0.004397031
0.004572293
0.004459835
0.004170039
0.003962304
0.003928707
0.003923825
0.00332413
0.002192006
0.001523348
0.001748836
0.002477406
0.002806301
0.002538703
0.001964737
0.001256489
0.000408637
-0.0002960032
-0.0005866877
-0.0003626226
0.0001402338
0.0007954878
0.001773374
0.002839598
0.003500519
0.003517594
0.002924557
0.001960668
0.0008911202
-0.0001678122
-0.001136242
-0.001859441
-0.002028848
-0.001753027
-0.00125295
-0.0008413224
-0.0005692151
-0.00022914
0.0002805514
0.0009071088
0.001522263
0.001984801
0.002113986
0.001943328
0.001517485
0.0008055004
-0.0001672134
-0.001262195
-0.001939275
-0.001820369
-0.0008823934
0.0005942649
0.002193131
0.003602771
0.004636376
0.004719357
0.003801454
0.002527056
0.001713147
0.0016002
0.001809475
0.00203856
0.002290523
0.002549725
0.002691215
0.002250719
0.001065791
-0.0006134772
-0.002161498
-0.003189685
-0.003624249
-0.003579385
-0.003071785
-0.002200507
-0.001072181
-0.0001916887
8.469911e-05
-0.0002973582
-0.0008613605
-0.001301457
-0.001632134
-0.001781473
-0.001522771
-0.001024184
-0.0005926874
-0.0005752703
-0.0009418984
-0.00147885
-0.001903847
-0.002179675
-0.002508534
-0.002902524
-0.00316385
-0.003100735
-0.002690621
-0.001969085
-0.0008814885
0.0007375464
0.002375146
0.003599954
0.004205364
0.004282982
0.00394753
0.003584814
0.003409487
0.003436919
0.003598845
0.00386231
0.003954618
0.003855994
0.003941082
0.004115993
0.003931812
0.003107522
0.001837877
0.0005736683
-8.321842e-05
8.005221e-05
0.0006981296
0.00132499
0.001598155
0.001626855
0.001699876
0.002104456
0.002661679
0.002745798
0.001692096
-0.0004519073
-0.002095466
-0.002329145
-0.0009034959
0.001072248
0.002458028
0.002499325
0.001582828
3.568118e-05
-0.00225683
-0.005178277
-0.006843682
-0.006011049
-0.002620712
0.001589615
0.005146152
0.006778927
0.006871269
0.005892636
0.004507651
0.003131362
0.001807589
0.0002602499
-0.001692067
-0.003408536
-0.004152668
-0.003419363
-0.002096314
-0.001204904
-0.001035204
-0.001240461
-0.001701349
-0.002500841
-0.003747132
-0.005273814
-0.00674888
-0.007770904
-0.007931667
-0.007148052
-0.005811445
-0.004574503
-0.004375141
-0.005123682
-0.006185708
-0.007168432
-0.007932724
-0.00809119
-0.007464745
-0.006294584
-0.005592732
-0.005713542
-0.006531938
-0.007486002
-0.008164677
-0.008349592
-0.0080061
-0.007104565
-0.006039252
-0.00517971
-0.00508863
-0.005606102
-0.006311654
-0.006900638
-0.007283758
-0.00725799
-0.00680359
-0.005835236
-0.004923823
-0.004699919
-0.005506273
-0.006756213
-0.007656811
-0.007657589
-0.006759694
-0.005639424
-0.004734992
-0.003961133
-0.003281362
-0.002783714
-0.002387198
-0.002138028
-0.002336111
-0.002752377
-0.002962905
-0.002687706
-0.002137814
-0.001861523
-0.001975333
-0.002269379
-0.002381839
-0.002242346
-0.002056564
-0.002051517
-0.002310691
-0.002672741
-0.002945669
-0.003018635
-0.003048929
-0.003208335
-0.003481131
-0.003797722
-0.004162977
-0.004393994
-0.004311592
-0.003834363
-0.003023552
-0.002003945
-0.001059916
-0.0004848327
-0.0007266406
-0.00167553
-0.002646175
-0.002936417
-0.0021801
-0.0008162244
0.0005498203
0.001472739
0.001786195
0.001401213
0.0006776352
1.986205e-05
-0.0001682113
0.0002132112
0.001111917
0.002099873
0.002839481
0.002823821
0.002090419
0.0009678761
-0.0002007953
-0.001356411
-0.002432303
-0.003180886
-0.003277561
-0.002698283
-0.001784961
-0.001048065
-0.0007384482
-0.0008891894
-0.001285368
-0.001724348
-0.002157641
-0.002690963
-0.003413483
-0.004120998
-0.004611505
-0.004632127
-0.00433005
-0.004030844
-0.003944444
-0.00399967
-0.003986848
-0.003859219
-0.00368721
-0.003357412
-0.002841997
-0.002341693
-0.002168135
-0.002526287
-0.002948711
-0.003027912
-0.002826019
-0.002644094
-0.002647846
-0.002799815
-0.002967351
-0.002821318
-0.002273433
-0.001449703
-0.0007773711
-0.0005255127
-0.0008200767
-0.001453577
-0.002176469
-0.002746749
-0.003070952
-0.003024959
-0.002732011
-0.002399889
-0.002109558
-0.00180792
-0.001448093
-0.001055878
-0.0006878064
-0.0004661681
-0.0004717891
-0.0007081672
-0.0009961879
-0.001117571
-0.001074091
-0.0009930367
-0.001018957
-0.00113322
-0.001230727
-0.001159661
-0.0008541457
-0.0003567971
0.0001550879
0.0004947684
0.000569791
0.0003989264
3.77015e-05
-0.0003800602
-0.0005893888
-0.0006276864
-0.0006912271
-0.0008966381
-0.001188763
-0.001485382
-0.001620732
-0.001542328
-0.001559154
-0.001793465
-0.002131799
-0.002450474
-0.002698652
-0.002710811
-0.002570614
-0.00251413
-0.002563473
-0.002583118
-0.002415243
-0.002132164
-0.001918315
-0.00188649
-0.002018811
-0.002208372
-0.00238164
-0.00253803
-0.002523291
-0.002230219
-0.001892881
-0.001690684
-0.001616687
-0.001571539
-0.001494875
-0.001322771
-0.001078702
-0.0008635759
-0.0007239094
-0.000633006
-0.0004516915
-0.0001720285
3.574763e-05
0.0001067939
8.296879e-05
1.424718e-05
-0.0001094964
-0.0003502875
-0.0006200974
-0.0007839754
-0.0008294059
-0.0008104323
-0.0007426014
-0.0006555532
-0.0005835149
-0.000598439
-0.0008116689
-0.001396032
-0.002107726
-0.002642609
-0.002993673
-0.003227872
-0.003239149
-0.002983102
-0.002518164
-0.001888015
-0.001211968
-0.0007656298
-0.000693523
-0.001049257
-0.001651579
-0.002241053
-0.00257704
-0.002595313
-0.002362406
-0.00197783
-0.001572944
-0.001241696
-0.00102762
-0.0009895563
-0.001212027
-0.001635868
-0.002065924
-0.002366703
-0.002520498
-0.002481441
-0.002297234
-0.001998033
-0.001634931
-0.001262242
-0.0009711332
-0.0008304361
-0.0009062061
-0.001075348
-0.001195082
-0.001233688
-0.001226812
-0.001181333
-0.001129736
-0.001094518
-0.00101711
-0.0008623164
-0.0006565921
-0.0004712715
-0.0003463162
-0.0002914986
-0.0002874648
-0.0003057259
-0.0003454539
-0.0004278201
-0.0005133912
-0.0005512742
-0.0005118561
-0.0004371418
-0.0003808073
-0.0004296633
-0.0005770803
-0.0007218769
-0.0007925435
-0.0007920359
-0.0007251658
-0.0006179669
-0.000532268
-0.0004936503
-0.0005038149
-0.000606611
-0.0007800133
-0.0009114351
-0.0009563019
-0.0009462559
-0.0008929853
-0.0007895509
-0.0006384041
-0.0004946497
-0.0004064132
-0.0004079952
-0.0004974938
-0.0006570588
-0.0008069471
-0.000888355
-0.0008883747
-0.0008396786
-0.0007888917
-0.0007493482
-0.0007070262
-0.0006414039
-0.000552736
-0.0004584951
-0.0003952064
-0.0003779316
-0.0003763775
-0.0003770046
-0.0004019888
-0.0004173853
-0.0003814777
-0.0003041474
-0.0002262302
-0.0001912365
-0.0002122361
-0.0002891204
-0.0003752062
-0.0004339235
-0.0004575002
-0.0004526775
-0.0004267262
-0.0003883287
-0.0003412379
-0.0002884893
-0.0002422449
-0.0002120871
-0.0002039298
-0.0002146875
-0.0002348099
-0.0002307184
-0.0001856777
-0.000135463
-0.0001096732
-0.0001114176
-0.0001280593
-0.0001545574
-0.0001756068
-0.0001786082
-0.0001554348
-9.961964e-05
-1.658388e-05
5.087545e-05
8.538292e-05
9.514714e-05
9.243395e-05
7.807573e-05
5.11548e-05
1.968839e-05
9.475968e-06
1.53738e-05
1.359622e-05
-7.953702e-07
-1.560426e-05
-1.201961e-05
1.008488e-05
3.947301e-05
5.964252e-05
6.672505e-05
6.193311e-05
4.99718e-05
3.416476e-05
2.058023e-05
1.264368e-05
1.590322e-05
2.448813e-05
2.817258e-05
2.489499e-05
1.796275e-05
3.32744e-06
-1.457381e-05
-2.597286e-05
-2.716258e-05
-2.211054e-05
-1.315745e-05
-1.756267e-06
1.084855e-05
2.168074e-05
2.941114e-05
3.23816e-05
3.085556e-05
2.616499e-05
2.331307e-05
2.447871e-05
2.90562e-05
3.433984e-05
3.81096e-05
3.86973e-05
3.736271e-05
3.726241e-05
3.903975e-05
4.151702e-05
4.558296e-05
5.06877e-05
5.33758e-05
5.446416e-05
5.716556e-05
6.529497e-05
7.907028e-05
9.649704e-05
0.0001141514
0.0001299231
0.0001410657
0.0001488837
0.0001582594
0.0001697751
0.0001811901
0.0001922071
0.0002037966
0.0002166095
0.0002306499
0.0002454543
0.0002601758
0.0002743109
0.0002873197
0.000300358
0.0003151961
0.0003324488
0.0003504109
0.0003659416
0.0003778827
0.0003855685
0.0003885093
0.0003867556
0.0003796775
0.0003691261
0.00035843
0.0003506977
0.0003498545
0.0003568006
0.0003703836
0.0003887569
0.0004123652
0.0004397956
0.0004678114
0.0004937078
0.00051685
0.0005365047
0.000550316
0.0005574298
0.0005608194
0.0005631497
0.0005650764
0.0005671556
0.0005710757
0.0005778989
0.0005877039
0.0005994336
0.0006116711
0.0006234223
0.0006342455
0.0006436033
0.0006516429
0.0006589257
0.0006660638
0.0006738458
0.0006826979
0.0006926519
0.0007031605
0.0007139927
0.0007250578
0.0007361631
0.0007467234
0.0007566226
0.0007659635
0.0007745652
0.0007824446
0.0007900618
0.0007977334
0.0008058215
0.0008143974
0.0008233366
0.0008324936
0.0008417046
0.0008508729
0.0008599059
0.0008687287
0.0008773468
0.0008857887
0.0008940838
0.0009022464
0.0009102971
0.0009182742
0.000926204
0.0009341056
0.0009419761
0.0009498068
0.0009575955
0.0009653425
0.0009730318
0.0009806497
0.0009881882
0.0009956487
0.001003036
0.001010359
0.001017626
0.001024841
0.001032003
0.001039107
0.001046145
0.001053109
0.001059995
0.001066803
0.001073533
0.001080189
0.001086772
0.001093283
0.001099722
0.00110609
0.001112387
0.00111861
0.001124758
0.001130831
0.001136827
0.001142747
0.001148589
0.001154354
0.001160042
0.001165652
0.001171184
0.001176637
0.001182011
0.001187306
0.00119252
0.001197654
0.001202707
0.001207678
0.001212568
0.001217376
0.001222102
0.001226744
0.001231303
0.001235778
0.001240169
0.001244476
0.001248697
0.001252834
