0.003011735
0.001258245
0.0004432043
0.001020514
0.002192533
0.002873981
0.002765999
0.002145005
0.00368952
0.002996202
0.001178893
0.001463851
0.001667257
0.004700189
0.004851669
0.001786115
-0.001221253
-0.0006657151
0.0008241885
0.001625637
0.002531171
0.00249121
0.001173234
-0.001105538
-0.001660467
-0.001065812
0.0007539068
0.001816829
0.001809813
-0.000808359
-0.003932409
-0.003474177
-0.002794564
-0.001695688
-0.001440311
-0.001320554
-0.001104874
-0.003345315
-0.004013895
-0.002046756
0.0002845629
0.001451081
0.00292262
0.002919277
0.000809673
-0.001412092
-0.0004667198
8.599099e-05
-0.0006097404
0.0008620656
0.003283529
0.00511343
0.003536567
0.00373964
0.003024751
0.002406796
0.001878638
-0.0001958037
0.0003287492
0.0004249373
0.0003079803
-0.000926862
-0.00116717
-0.001259544
-0.0001350235
-0.0006322695
-0.002697222
-0.002756821
-0.004712568
-0.005759461
-0.004344041
-0.00139145
-0.0004645468
0.0008204087
0.0009262759
0.0007618747
0.001584864
0.001593926
0.001793758
0.00134898
0.001478493
0.002321015
0.001029728
0.0009563509
0.001861183
0.0002609244
-0.001039425
-0.001812405
-0.002768957
-0.004047801
-0.005156276
-0.005005023
-0.004753783
-0.004897254
-0.003852398
-0.001759976
0.001632974
0.002452491
-0.0003030657
-0.001505136
0.001127
0.001650822
0.00110367
0.001116524
0.0003358427
0.0002079869
0.0002892562
-0.00103603
-0.001834971
-0.001542488
-0.00277284
-0.002828129
-0.002826274
-0.004455374
-0.004907371
-0.003623305
-0.001603796
2.915608e-05
0.000474851
0.0007971485
0.002022169
0.00482413
0.007155895
0.00842994
0.006192148
0.003064938
0.001813529
0.0004132205
0.003250013
0.004832226
0.003414641
0.001455456
-0.002114289
-0.004216234
-0.004145559
-0.002447964
-0.00022301
0.000988084
-0.001093363
-0.002609711
-0.00375374
-0.00442345
-0.004724921
-0.002811954
0.00139807
0.0009752745
0.001449075
0.002922494
0.002047892
0.0006204654
-0.000454023
0.0005900455
0.001887091
0.005240473
0.005951053
0.003926008
0.0007769407
-0.002065091
-0.002119446
-0.002041187
-0.00294313
-0.004104139
-0.001472771
0.0004466509
-0.001007051
-0.005497279
-0.008755331
-0.008252629
-0.004515492
-0.0009833609
0.0004098446
0.002405884
0.004607977
0.005411666
0.003961167
0.002645321
0.00177013
0.002451471
0.005402326
0.007509654
0.006074535
0.0005420888
-0.006437725
-0.007136366
-0.004772955
-0.002475832
-0.0002857969
-0.002048249
-0.003740311
-0.00460412
-0.007278417
-0.01051574
-0.009886238
-0.006427242
-0.003290554
-0.0006046966
0.002187252
0.001641773
-0.001260917
-0.001784957
-0.0004281057
0.002020156
0.001202387
0.001064968
0.003225619
0.004959919
0.004590989
0.00249113
0.004196899
0.002533617
-2.113529e-05
0.0009288412
-0.001208714
-0.006064559
-0.005156376
-0.001109646
-0.001619246
-0.003372218
-0.003898122
-0.003280597
-0.0002640247
0.004716056
0.005650823
0.004030499
0.0009128218
-0.001307248
-0.001224149
-0.001354224
-0.0002398919
-0.001318553
-0.001831106
-0.001507254
0.0005067462
0.001109072
-0.002962235
-0.004343795
-0.001971749
-0.001942638
-0.0052122
-0.007751436
-0.005599687
-0.000189031
0.00121507
-6.954287e-05
0.001198909
0.004344167
0.004681371
0.002913299
0.002694612
0.004506751
0.002578555
-0.0009285968
-0.001550163
0.003926854
0.005170877
0.001396504
-0.001691405
-0.002786229
-0.0005191289
-0.001930144
-0.003127976
-0.003740325
-0.003632548
-0.004946648
-0.003966765
-0.002155578
-0.001401107
0.000826248
0.003682945
0.005367667
0.003447711
0.001954118
0.001413209
0.002620582
0.003031339
0.003246258
0.00629372
0.006562705
0.004653993
0.004064142
0.003127494
0.001091289
-0.0001952137
0.001047885
0.003553747
0.003572851
-0.002016004
-0.005171136
-0.004373767
-0.005416476
-0.005705404
-0.001915349
-0.000262193
-0.002204535
-0.005315796
-0.004246076
-0.001096574
-5.337124e-05
0.001842552
0.002905138
0.005115225
0.004909951
0.00244844
0.000724389
-0.0007446611
-0.0007194104
-0.00375416
-0.004270528
0.000636445
0.001813278
0.002012951
-0.001335956
-0.006227101
-0.003726307
0.001106207
0.0005755617
-0.0009842636
0.003057751
0.006645865
0.00918032
0.0112721
0.01069657
0.009338703
0.005400235
0.001102728
-0.0001408993
-0.001732347
-0.005653476
-0.006448305
-0.007097274
-0.007504504
-0.006832576
-0.002491708
0.0002079793
-0.002997114
-0.002686269
0.0002255752
0.002797759
-7.583928e-05
-0.003222798
0.003579321
0.01062216
0.008592098
0.007629973
0.01094981
0.008834061
0.002748473
0.002439144
0.002326671
0.0004067588
0.0002239042
-0.003478972
-0.00773571
-0.00848263
-0.006784612
-0.004502135
-0.007317621
-0.01292791
-0.01065564
-0.007318488
-0.006795521
-0.005657497
-0.002066375
0.001257506
0.002054844
0.00157616
-0.0008201271
0.001924384
0.002735993
-0.0011036
-0.0003848164
0.002520845
0.004065824
0.00519566
0.003916254
-0.0006108338
-0.0006703251
0.001627401
0.004825784
0.007514165
0.006454043
0.003402878
0.003097551
0.0057747
0.005621346
0.00157261
-0.006845809
-0.01117913
-0.006763917
-0.001026785
0.001459603
0.003493109
0.004751411
0.003207771
1.376726e-05
0.0008467204
-0.00135381
-0.006178802
-0.00580282
-0.00301556
-0.0007332036
-0.00245231
-0.003221801
0.002895746
0.008907209
0.007655249
0.0008402052
-0.003514602
-0.003134572
-0.003183967
0.0007415752
0.008163673
0.009086329
0.00641756
0.002753268
-0.004278048
-0.005508627
0.001147429
0.004512962
0.004116732
0.006276617
0.006800419
0.002924957
0.002225772
0.007830182
0.01047353
0.01034655
0.004710551
-0.0006163942
-0.001894963
-0.001152915
-0.001968412
-0.007606473
-0.008734098
-0.009390486
-0.01128414
-0.01021776
-0.005461015
-0.00447726
-0.006788108
-0.005359641
-0.002131898
4.116126e-05
0.001831716
0.004146548
0.002885255
-0.0005955625
-0.006911984
-0.01118637
-0.009938478
-0.003200952
0.0004408697
-0.005350272
-0.007454119
-0.004267229
-4.096345e-05
0.001835218
0.003124894
0.004461487
0.003232776
0.00471726
0.01043678
0.01175398
0.006128027
0.000783595
0.0006482979
0.0005701168
0.0006326911
-0.001948578
-0.003371132
-0.005745351
-0.01215877
-0.01049788
-0.004054212
-0.001265207
-0.002987668
0.000475548
-0.0005992205
-0.003047933
-0.002012331
-3.731215e-05
0.005659682
0.008621032
0.01024617
0.01160611
0.01546404
0.01331313
0.007626896
0.005065939
0.004141059
0.005979354
0.008976364
0.006150191
0.003289333
0.003304871
-0.002384456
-0.006334686
-0.009705563
-0.01610788
-0.02123724
-0.01624719
-0.009400746
-0.007682862
-0.001198524
0.002846991
0.006341701
-0.002265893
-0.01815425
-0.01803269
-0.0128703
-0.007351933
-0.001203209
0.00391735
0.005439346
0.002782398
0.003718905
0.008616068
0.009537267
0.005555321
0.008784772
0.01480188
0.0137208
0.004648017
-0.002008389
-0.001895061
-0.0008310962
0.0004317645
-0.006546978
-0.01274645
-0.01290241
-0.01003409
-0.003798755
-0.00258284
-0.0002459486
0.003393479
0.002434742
0.00422388
0.005319415
0.004794166
0.005937632
0.003718155
0.0001767537
0.001728208
0.003527518
0.001473264
-0.005075113
-0.007127335
-0.003483881
-0.002836171
-0.005184205
-0.004848622
-0.006778464
-0.01101963
-0.008446179
-0.006539814
-0.01186832
-0.01198767
-0.007910758
-0.003934828
0.002767559
0.01018598
0.01254214
0.009980876
0.0111069
0.01317439
0.01247971
0.008399658
0.008978953
0.009706145
0.008183215
0.007010139
0.008927661
0.009727257
0.007791211
0.003312301
-0.002082573
0.00196775
0.006277148
0.005782344
0.005569055
0.005762743
0.002421108
-0.0001800114
-0.003470654
-0.01136966
-0.01749795
-0.01945036
-0.01477686
-0.00642524
0.001018576
0.004651669
0.007980798
0.004298443
-0.005918033
-0.005860054
0.001112501
0.005774753
0.01160796
0.01569187
0.01264699
0.005597589
-0.002696215
-0.005391242
-0.008573833
-0.01060791
-0.006394483
-0.005772484
-0.008929587
-0.008017915
-0.006823704
-0.005895717
0.003372807
0.0139969
0.01362949
0.01238078
0.01511313
0.01311574
0.008728487
0.003310009
0.001698169
0.004948666
0.00618364
-0.0003884683
-0.00439528
-0.001952635
-0.001794792
-0.001954173
-0.001649456
-0.0008214818
-0.002299731
-0.002145982
-0.004949216
-0.0119059
-0.01746415
-0.02069988
-0.01724338
-0.01039947
-0.002437638
0.001521709
-1.980583e-05
-0.007809844
-0.0104856
-0.001725127
0.008144088
0.01057546
0.01076997
0.010073
0.007915381
0.008440365
0.006806003
0.002844001
-0.003084563
-0.004901511
0.00120796
0.007335788
0.008141254
0.007905298
0.00318848
-0.00177314
-0.004949763
-0.006216948
-0.003727474
-8.540373e-05
0.002609085
0.003858232
0.0003092967
-0.006728041
-0.0107574
-0.01143912
-0.007090203
-0.003595029
-0.001372816
0.001183954
0.003752963
0.003621011
0.004346876
0.00481162
0.002761042
0.002944262
0.007171781
0.01156861
0.01179875
0.009055585
0.004456017
0.0002950467
-0.001816745
-0.004992398
-0.006803292
-0.00308477
-0.002516008
-0.004007647
-0.005507448
-0.00496317
-0.006735314
-0.009690661
-0.008424226
-0.008414434
-0.01086999
-0.0113498
-0.006920346
-0.00360576
-0.003005395
-0.003638211
-0.001349748
0.001377313
0.002624354
0.002596393
0.006359771
0.004109228
-0.004005295
-0.004265821
-0.001022647
0.006025126
0.008139158
0.002865328
0.0002485981
0.001735327
0.006533994
0.009553781
0.008226328
0.007962734
0.01050312
0.0132373
0.01228929
0.008901425
0.004877088
0.000232588
0.001585687
0.003845567
0.004219465
0.004300623
0.006372821
0.004616957
-0.001513687
-0.002937031
-0.007330616
-0.005363482
0.002090232
0.0005628456
-0.006032921
-0.005362208
-0.0003126364
0.0005355555
-0.002081193
-0.003203642
-0.005533771
-0.00189282
0.005774069
0.01005762
0.009011669
-0.002744281
-0.006241292
-0.0001594826
0.009514768
0.01223364
0.007396344
0.005592533
0.007973781
0.01444421
0.01592786
0.009668688
-0.000474644
-0.008615716
-0.01165373
-0.007946477
-0.004637029
-0.008956159
-0.01520615
-0.01296464
-0.005601712
-0.008916142
-0.01532219
-0.01380692
-0.01447853
-0.01827236
-0.01490681
-0.007488798
-0.001475327
0.002354326
0.003525858
0.003854871
-0.001377155
-0.007337462
-0.006139407
0.0003422475
0.005889583
0.004938498
0.002807275
0.005446591
0.007990028
0.004624608
0.002672906
0.008496667
0.01023634
0.002684847
0.001130949
0.002713551
0.004785754
0.007359797
0.008392622
0.01069535
0.007126954
0.001940841
-0.001655091
-0.005107203
-0.007079292
-0.007101142
-0.00647121
-0.002872058
0.001854196
0.00406309
-0.004069794
-0.01361334
-0.01263864
-0.003917041
0.005883719
0.0104886
0.009456961
0.008067304
0.006105429
-0.0005882253
-0.001253679
0.005445269
0.01266136
0.01576888
0.01444962
0.009355334
0.004410988
0.002922404
0.002296741
0.002668639
0.0006465988
-0.00105414
0.005531602
0.01292519
0.01494235
0.01071814
-0.0002768329
-0.009319524
-0.008201991
-0.005563638
-0.005905724
-0.006728228
-0.01024557
-0.01066721
-0.01148971
-0.02059358
-0.02946898
-0.02511395
-0.01323847
0.001963239
0.01536669
0.01470944
0.0146132
0.01519627
0.01090987
0.007755669
0.004534151
0.0002691745
-0.00774634
-0.01022631
-0.006022224
0.004758826
0.01570716
0.01310887
0.00279021
-0.007414211
-0.01018691
-0.008219669
-0.003024125
0.007112301
0.005867569
0.0014996
0.001021913
-0.005590053
-0.009077756
-0.004692078
-0.002745217
-7.823427e-05
0.004258491
0.006084998
0.008083887
0.009102558
0.006620592
-0.001660072
-0.007646754
-0.006925914
-0.002299491
-0.000999287
0.002878459
0.01007121
0.01212724
0.01030319
0.00620761
-0.001463071
-0.008262671
-0.004188047
-6.321592e-06
0.002383266
0.004453596
-0.004064691
-0.01844696
-0.02374714
-0.01618614
-0.0120911
-0.01707813
-0.02347684
-0.02821703
-0.02404549
-0.01349791
-0.0006349309
0.00867641
0.003434391
-0.003387604
-0.001859877
0.003035893
-0.0001059348
-0.0034232
-0.0007969223
-0.002976882
-0.0008881395
0.01476457
0.02329768
0.01593103
0.008563358
0.005247134
0.004627792
0.009117633
0.02482645
0.03307806
0.02741891
0.01365994
-0.009049519
-0.02864493
-0.0401354
-0.03392071
-0.006973513
0.02489213
0.02746747
0.0130139
0.003348218
-0.007578183
-0.01088008
-0.002374455
0.006416773
0.005964765
-0.0006878225
-0.005276946
-0.006818306
-0.018475
-0.02714922
-0.01833758
-0.004934901
0.01179297
0.01695303
0.001024589
-0.01454276
-0.009355165
0.01132828
0.02643539
0.03215443
0.01196139
-0.0177554
-0.02434163
-0.01253012
-0.005000577
-0.006439885
-0.006123771
-0.002759893
0.002709267
0.01289695
0.03188417
0.03281843
0.01031512
-0.006841346
-0.001196728
0.01140225
0.009337717
-0.007448475
-0.03178572
-0.04390847
-0.04640037
-0.0334964
-0.01303727
-0.005787148
-0.007557899
-0.01335255
-0.02427575
-0.04116392
-0.04001031
-0.01823334
-0.003607565
-0.002172436
-0.001296263
-0.001543108
-0.006375869
-0.01055276
-0.01032939
-0.01406665
-0.0111219
0.01703521
0.04436715
0.04648978
0.04082269
0.02894482
0.006677227
-0.004247961
0.003768254
0.01507397
0.01026063
-0.001427501
-0.003696953
-0.001378442
0.003697131
0.01104424
0.02530697
0.04142711
0.03586511
0.006023046
-0.0282397
-0.04542254
-0.04180044
-0.03287435
-0.03053846
-0.03832097
-0.03853406
-0.01773108
-0.001786334
0.0005811853
-0.008502833
-0.0152286
-0.006995057
0.003677314
0.01280235
0.01071045
0.0006788676
-0.007717648
-0.01001762
-0.01440349
-0.01625568
-0.008428062
0.00995044
0.02849927
0.02735294
0.01233767
-0.0003866774
0.01100994
0.04396222
0.07370048
0.07802033
0.06200446
0.04095081
0.01986044
0.001805598
-0.0124732
-0.02356246
-0.03893062
-0.04958127
-0.0457418
-0.03044161
-0.01438662
-0.004688257
-0.008193796
-0.01710125
-0.02022122
-0.01975589
-0.02338178
-0.03761872
-0.05384058
-0.06198914
-0.05860864
-0.05391539
-0.04446996
-0.03527646
-0.03046898
-0.01984034
-0.01006238
0.00316115
0.03703968
0.06795307
0.0703799
0.06203044
0.05625443
0.05879246
0.07199866
0.08703577
0.06974703
0.02288443
0.003117101
0.01670581
0.02856461
0.03705742
0.05141216
0.04328713
0.01216212
0.005917981
0.024774
0.0327354
0.02425236
0.009551402
-6.587101e-05
-0.01773604
-0.03883851
-0.04020193
-0.03772505
-0.04770237
-0.06660061
-0.09261742
-0.1166024
-0.1189338
-0.09840392
-0.07216613
-0.04718191
-0.02384703
-0.006914684
0.001958641
0.003339048
0.008122178
0.01740453
0.02714792
0.02898326
0.01782176
0.01125026
0.03494931
0.07206136
0.07493812
0.05064515
0.0271743
0.01816094
0.02786458
0.04307724
0.05727297
0.06237947
0.04943707
0.02588158
0.01282802
0.009845934
0.00769821
-0.01053083
-0.04652215
-0.07358948
-0.08179907
-0.0740946
-0.05855755
-0.04515433
-0.03601473
-0.03115707
-0.03204303
-0.03334617
-0.02935653
-0.02773329
-0.0297392
-0.02697151
-0.01835821
-0.01106579
0.002991259
0.03068775
0.05176547
0.05983819
0.06603206
0.07879883
0.08821388
0.08434649
0.08897671
0.1013651
0.09495176
0.083313
0.0782624
0.07214081
0.05121088
0.01217696
-0.0066885
0.007595023
0.03230906
0.0393608
0.03290262
0.01718897
-0.006743835
-0.02197604
-0.02403698
-0.01892529
-0.01168791
-0.01073679
-0.02727051
-0.05362581
-0.07073378
-0.07763972
-0.08628577
-0.08529895
-0.06577361
-0.03566986
-0.005418218
0.02847177
0.05078986
0.04298125
0.01752152
-0.02306582
-0.05747706
-0.05890864
-0.04559611
-0.03126563
-0.01287045
-0.001195028
0.005607858
0.01015247
0.01206344
0.01283302
0.008433254
0.005901104
0.009798016
0.02208137
0.03161787
0.039096
0.06042777
0.08048354
0.07141829
0.03305457
-0.005908912
-0.0254567
-0.02290821
-0.005839009
0.01685243
0.03014049
0.02140064
0.002111943
-0.01621285
-0.02437844
-0.0367036
-0.05507327
-0.0603033
-0.0538319
-0.05562249
-0.05957752
-0.05178317
-0.05627369
-0.06336727
-0.04809734
-0.02534978
-0.02205262
-0.02254474
-0.007699131
0.0119415
0.02482974
0.03651232
0.04718716
0.04597593
0.03353859
0.01575542
0.01366088
0.01670305
0.02170771
0.03734178
0.05016168
0.04446347
0.03343984
0.03536818
0.02966487
0.01415325
0.00646808
0.006511455
-0.006805131
-0.02405891
-0.01908996
-0.001870809
0.009417044
0.01797537
0.02267199
0.01399538
-0.0101689
-0.03194027
-0.03066168
-0.00597613
0.02608402
0.04829811
0.05155244
0.03690169
0.01947246
0.01163429
0.01214278
0.007606343
-0.00645995
-0.02178187
-0.03304316
-0.03674829
-0.03358882
-0.03308137
-0.03116936
-0.02944912
-0.02930376
-0.02504882
-0.02511358
-0.03142788
-0.0351626
-0.03588832
-0.03435169
-0.02143288
0.003611699
0.02488737
0.03429024
0.03527608
0.03745836
0.04075143
0.03379656
0.02891331
0.03343446
0.03520976
0.0290974
0.02741082
0.02596292
0.0138907
0.004945799
0.008935516
0.01035279
-0.007880236
-0.02452308
-0.02714501
-0.03725273
-0.05149144
-0.04957641
-0.04172498
-0.03384398
-0.02223794
-0.02688967
-0.0397004
-0.04444496
-0.04116009
-0.03225195
-0.009255587
0.02766276
0.05110793
0.06186839
0.06394454
0.05729257
0.04831192
0.0312131
0.01433256
0.01801521
0.03087481
0.03765724
0.03211501
0.01412367
0.0006743964
-0.004838261
-0.01205942
-0.01685604
-0.01604063
-0.0122152
-0.01430474
-0.02892397
-0.04515685
-0.05292372
-0.04976436
-0.04364904
-0.02987454
-0.01912945
-0.01503883
-0.006604048
-0.00514912
-0.004709096
-0.006091813
-0.006558574
0.004161003
0.02204404
0.03002083
0.02639614
0.01993176
0.008650948
-0.0004868503
-0.004060552
-0.008778696
-0.01121816
-0.009960133
-0.01086042
-0.01294393
-0.01242846
-0.0115917
-0.01339471
-0.01503248
-0.008230768
-0.001380103
-7.619975e-05
0.00276076
0.01524997
0.03195587
0.0327467
0.03224009
0.03359089
0.03563019
0.04142615
0.03265957
0.01677236
0.008999244
0.005366307
-0.0007676722
-0.004983035
-0.0114322
-0.01299965
-0.01808202
-0.02896309
-0.03030412
-0.02775078
-0.02978745
-0.03030126
-0.01753264
0.000625666
0.01324129
0.01276724
0.007351289
0.008922338
0.0174763
0.03059884
0.03884986
0.04255779
0.04066592
0.02922072
0.00942784
-0.01281814
-0.02151343
-0.02425906
-0.02732191
-0.02517156
-0.02084758
-0.01660317
-0.01424066
-0.0206981
-0.03090199
-0.03327842
-0.03059361
-0.02117374
-0.0082206
0.00222946
0.008892255
0.006854445
0.001332311
-0.003717567
-0.01036273
-0.0161409
-0.01897942
-0.02154257
-0.01376188
0.003024372
0.01729224
0.02323385
0.01838385
0.004288568
-0.01208846
-0.01795541
-0.01529618
-0.003787448
0.01079149
0.010559
0.003224241
0.001597401
-0.0002273231
-0.007509052
-0.01024567
-0.007138705
-0.007911829
-0.0128486
-0.02102081
-0.02831787
-0.03024259
-0.02339123
-0.01298927
-0.01174385
-0.01610231
-0.02010786
-0.02477641
-0.03104739
-0.03560477
-0.03243362
-0.02215104
-0.01052409
-0.004192995
-0.004979462
-0.01029269
-0.01106898
-0.004366618
0.007247033
0.0113902
0.01152782
0.02018345
0.02553224
0.02831267
0.03076567
0.0343886
0.03740463
0.0313294
0.02304279
0.01764789
0.01710104
0.01312494
0.005139216
0.002107627
-0.003346467
-0.01261537
-0.01859885
-0.02668558
-0.03468868
-0.03747652
-0.03337426
-0.02436582
-0.022427
-0.0223966
-0.02347291
-0.02277748
-0.01094775
0.002693506
0.006923214
-0.001448164
-0.009515587
-0.008982377
-0.001736552
0.008802849
0.01439014
0.02004985
0.01900509
0.00950861
0.002182679
0.001442884
0.003351004
0.004109576
0.01269563
0.02223129
0.02786238
0.03110973
0.02707325
0.01863445
0.009862106
0.002789073
0.003852573
0.007698628
0.009257838
0.01131888
0.01147354
0.01150987
0.01148703
0.01154987
0.008755684
0.001354151
-0.002637528
-0.005081873
-0.004967044
-0.002067621
0.0009654161
-0.0005864529
-0.006806868
-0.01288347
-0.0189254
-0.02033041
-0.01302666
-0.002327354
0.001848034
0.005656217
0.005423152
0.003394883
0.004121628
0.007853285
0.0134597
0.01229432
0.004559123
-0.004026763
-0.008332736
-0.008306774
-0.003974379
0.0002019501
-0.002883107
-0.00369867
-0.004075639
-0.009020175
-0.001075996
0.01089003
0.0134282
0.01115706
0.005552557
0.001825864
0.002603486
0.005765862
0.01270223
0.01594518
0.01805795
0.02093165
0.02049951
0.02115774
0.02267992
0.02410723
0.02125869
0.01474426
0.01128065
0.009766249
0.004636965
0.002567674
0.002476158
0.002626375
0.0008977468
-0.004524308
-0.005163589
-0.001478076
3.993102e-05
-0.006502108
-0.01052883
-0.004332105
0.001917658
0.004142494
0.007480145
0.01471827
0.01834049
0.01546428
0.01055316
0.005835846
0.007088581
0.01046903
0.008646452
0.005003168
-0.002034681
-0.005567816
-0.002009918
6.285428e-05
-0.002332999
0.0003446215
0.006422916
0.01222275
0.01767781
0.017479
0.0151076
0.01392856
0.01365528
0.01090033
0.009550944
0.008451446
0.006613461
0.001288092
-0.001052763
0.003651516
0.005232549
0.004986757
0.002722379
-0.002782544
-0.007380694
-0.01068855
-0.008547571
-0.005497775
-0.005952707
-0.004218725
-0.005331567
-0.006182276
-0.008621131
-0.01449943
-0.01688628
-0.01340914
-0.007624782
-0.003503022
-0.00328991
-0.003617402
-0.001796779
-0.000245442
0.00335609
0.004396396
0.004232077
0.004060614
0.003730025
0.00392473
0.003666551
0.0005860266
-0.003833763
-0.002715977
-0.001174897
-0.003586323
-0.006682173
-0.003652927
-0.0005196474
-0.006725492
-0.01410231
-0.01295497
-0.007586896
-0.00337448
0.002488291
0.002183117
-0.003096601
-0.006125184
-0.007801252
-0.01120113
-0.01059853
-0.004517504
-0.00449121
-0.005396181
-0.001880476
-0.001972516
0.0039361
0.003925651
-0.006743802
-0.009668399
-0.00584162
-0.002204565
-0.003887835
-0.006112729
-0.006592407
-0.007364829
-0.007222315
-0.006822767
-0.00586834
0.000881722
0.005791699
0.009073755
0.006333724
0.001728111
-0.0008905461
-0.005404367
-0.007517111
-0.01114252
-0.01205065
-0.0119143
-0.01266843
-0.01175994
-0.008559533
-0.007032941
-0.006117333
-0.003849208
-0.006095607
-0.006672269
-0.007337674
-0.009623862
-0.009002033
-0.007216386
-0.006375263
-0.002379283
0.0005477348
-0.003380671
-0.003941038
-0.000825329
0.003806098
0.007742902
0.006565423
0.005242083
0.00606992
0.008215595
0.01068053
0.01362588
0.01863162
0.02277649
0.02072485
0.01814588
0.01785373
0.01476475
0.007992547
0.002506562
-0.001626905
-0.007254675
-0.01058643
-0.01176291
-0.01473869
-0.01328665
-0.008832746
-0.01178608
-0.01643976
-0.01637493
-0.01429558
-0.01392372
-0.01270119
-0.009957836
-0.0056804
-0.003844847
-0.001982774
0.003478878
0.001016151
-0.002777679
-0.003465607
-0.003390577
-0.001892647
0.001365803
0.007442512
0.01513592
0.02287727
0.0206318
0.01513457
0.0168008
0.01612919
0.01202936
0.008229413
0.004991485
0.000798837
-0.00637935
-0.009665217
-0.007611382
-0.001156247
0.0005864885
-0.001259134
-0.003521937
-0.01128152
-0.01519467
-0.01276955
-0.01221103
-0.01040913
-0.005491119
-0.005971971
-0.01410078
-0.02054557
-0.01570814
-0.007607719
-0.002054241
0.003923905
0.009086716
0.009331692
0.007504573
0.005201082
0.005269583
0.008069374
0.01122766
0.01793315
0.0202441
0.02010661
0.01984886
0.02094132
0.01923587
0.01293662
0.007477755
0.006842696
0.004961297
0.001299135
0.001162281
0.0009678289
0.0002170686
-0.004730564
-0.006561974
-0.00194412
0.001438596
0.000741954
-0.0006413185
-0.001711791
-0.001595788
-0.0007731405
-0.002030782
0.001982062
0.004608163
0.004416968
0.006016958
0.006539585
0.005498303
0.003754118
0.003915788
0.002591798
0.0008136514
0.002074901
0.005086902
0.006452132
0.005482482
0.003111977
-0.0002270466
-0.0001581638
0.001343992
0.002842048
0.002435857
1.86782e-05
-0.0008664104
-0.004001401
-0.006401301
-0.008909774
-0.01080918
-0.01151975
-0.01175061
-0.008864506
-0.005005969
-0.002963724
-0.003588151
-0.005544509
-0.007000009
-0.005275017
-0.004595211
-0.005717422
-0.006744612
-0.007529416
-0.006986155
-0.005877395
-0.005064926
-0.004948657
-0.004709369
-0.002478133
-0.001072364
0.000561229
0.003262384
0.003628778
0.003109227
0.002958433
0.002439278
0.001143335
-0.0003441094
-0.002325776
-0.003216893
-0.003551931
-0.003347075
-0.00229684
-0.001067756
-0.0008550061
-0.001153248
-0.0005245104
-0.0001655341
-0.0002836653
0.0001992904
0.0001258357
-0.001350577
-0.001859748
-0.001401705
-0.001266555
-0.001358779
-0.001563976
-0.002206395
-0.002864462
-0.002926384
-0.002214508
-0.001182556
-3.582692e-06
0.0004390591
0.0003119944
0.0001184701
0.0001938067
0.0004663135
0.000575578
0.0008905866
0.0007572285
0.0005760018
0.0006266922
0.0006426342
0.0005367362
0.0005041184
0.0005150223
0.0006165367
0.0004954228
0.0005371936
0.0007949166
0.0009880407
0.001279725
0.001342037
0.001312942
0.001452178
0.001436478
0.00140217
0.001305925
0.0009958402
0.0008631245
0.000905993
0.0009712555
0.001026775
0.0009761405
0.0007370274
0.0005910857
0.0005611104
0.0004751637
0.0004299979
0.0004349365
0.0004780896
0.000503005
0.0005355411
0.0004989821
0.0004826301
0.000485522
0.0004562834
0.0004471937
0.0004071648
0.0003956731
0.0004071792
0.0004255192
0.0004111358
0.0003883724
0.0004031739
0.0004027609
0.0004051479
0.0004004662
0.0003853839
0.0003779641
0.0003702508
0.0003603975
0.0003451487
0.0003350533
0.0003213044
0.0003028033
0.0002818053
0.0002642397
0.0002457979
0.0002309288
0.0002183699
0.000204964
0.0001929254
0.0001800999
0.0001677547
0.0001548043
0.0001416133
0.0001288217
0.0001165021
0.0001046477
9.26078e-05
8.054139e-05
6.851833e-05
5.653249e-05
4.467621e-05
3.299074e-05
2.145623e-05
1.003708e-05
-1.293068e-06
-1.255037e-05
-2.374716e-05
