0.002133561
0.00213129
0.002128981
0.002126622
0.002124215
0.002121761
0.00211927
0.002116716
0.002114141
0.0021115
0.002108787
0.00210599
0.002103216
0.00210038
0.002097461
0.002094566
0.002091596
0.002088317
0.002085098
0.002082208
0.002079241
0.002075723
0.002071753
0.002068612
0.002066977
0.002066146
0.002064323
0.002060521
0.002055278
0.002050579
0.002050057
0.002050997
0.002048539
0.002039535
0.00202658
0.002017143
0.002018821
0.002031308
0.002032304
0.002017348
0.002010135
0.002017252
0.002025666
0.002017038
0.001992984
0.001972483
0.001962273
0.001958296
0.001970576
0.001991763
0.002000409
0.001997174
0.001993891
0.001985637
0.001970756
0.00196527
0.00197074
0.001978118
0.001986418
0.001987194
0.001954081
0.001918477
0.001916295
0.001922204
0.001913021
0.001902322
0.001894618
0.001884837
0.001887785
0.001887474
0.001853123
0.001804587
0.001772821
0.001776941
0.001886379
0.002026635
0.002037603
0.00197938
0.001975731
0.002010042
0.002028525
0.002026724
0.002049098
0.002112128
0.002137719
0.002076025
0.001902848
0.001839474
0.002015717
0.002192749
0.002109321
0.001782808
0.001558507
0.001580759
0.001710615
0.001788442
0.001794781
0.00175252
0.001715003
0.001717525
0.00176768
0.001828902
0.001869634
0.001896969
0.001930811
0.001977094
0.002028809
0.002079237
0.00212821
0.002163784
0.002107793
0.001988204
0.00188621
0.001815494
0.001742089
0.001645491
0.001533853
0.001421915
0.001313685
0.001204374
0.001089744
0.0009703602
0.0009070232
0.001026427
0.001234541
0.001393743
0.001502308
0.001597856
0.001558365
0.001417596
0.001305449
0.001244273
0.001178967
0.001077568
0.001010627
0.001122444
0.00132952
0.001493037
0.001604201
0.001675512
0.00162938
0.001527921
0.001463502
0.001432894
0.001389107
0.00131521
0.001228432
0.001146936
0.001096887
0.00120126
0.00140699
0.001579535
0.001664388
0.001534339
0.001291505
0.001114708
0.001103922
0.001369712
0.001721977
0.001970318
0.002147593
0.002363902
0.002604129
0.002581657
0.0023492
0.002160462
0.002074538
0.001993885
0.001851593
0.001667152
0.001436946
0.0011239
0.0009134234
0.001122044
0.001531373
0.001817453
0.001970775
0.001945065
0.001591953
0.001165688
0.0008464071
0.0004705978
0.0002963612
0.0007836212
0.001493225
0.001995862
0.002443404
0.002907739
0.003078032
0.002757963
0.001884277
0.0009410475
0.0002787465
-6.091883e-05
0.0001589466
0.0006315255
0.0009135591
0.000971713
0.0009227613
0.0009396671
0.00106475
0.0011683
0.0008834311
0.0002271162
-0.0004049379
-0.0006467061
-0.0003932475
-0.000101349
-4.408382e-05
-9.061078e-05
-4.820895e-05
0.000104135
0.000277599
0.0004139744
0.0005210401
0.0003818103
-0.000259996
-0.001037806
-0.001621557
-0.001943589
-0.002022143
-0.001715199
-0.001272922
-0.0009585051
-0.0007260321
-0.0004288392
-3.462962e-05
0.0003907565
0.0007934024
0.001175202
0.001472273
0.001223038
0.0006056152
0.0001108814
-7.367134e-05
7.596815e-05
0.0002586567
0.0002698651
0.000198038
0.0001895903
0.000220412
-0.0001143791
-0.000521754
0.0001076498
0.001397036
0.002436819
0.003090979
0.003613699
0.003552173
0.003085057
0.00276975
0.002677351
0.002557944
0.002278453
0.001788668
0.001064969
0.0003822266
0.0003335863
0.0008424371
0.001261734
0.001384958
0.001431531
0.001257847
0.000674295
3.43444e-05
-0.0004438457
-0.0008633842
-0.001367864
-0.001962443
-0.00251223
-0.001969482
0.0001179726
0.002343707
0.003854313
0.004164349
0.00293781
0.001567552
0.0009038026
0.0005633407
0.0006586941
0.001478561
0.002340006
0.002768204
0.002815523
0.002581418
0.001689786
-5.177964e-05
-0.001869048
-0.003370316
-0.004725928
-0.005093468
-0.003945302
-0.002649766
-0.001989426
-0.001567312
-0.0008522838
0.0001767538
0.001127959
0.0009363256
-0.0003279989
-0.001490407
-0.002136763
-0.002676673
-0.00347613
-0.004248731
-0.003512037
-0.001677918
-0.0001405346
0.0008178808
0.001339011
0.000913649
0.0001068661
-0.0003595452
-0.0005583294
-0.0008348169
-0.0005573236
0.0007595815
0.002157821
0.002340337
0.000807577
-0.0009263649
-0.001888187
-0.002480744
-0.003356284
-0.004591566
-0.004988301
-0.003384716
-0.001195008
0.0003010969
0.001199012
0.000928211
-0.001242161
-0.003696946
-0.005067449
-0.004626756
-0.00323141
-0.002419611
-0.002318326
-0.002164493
-0.001557794
-0.0007054729
5.679222e-05
0.0003551283
0.0001602354
-2.727645e-05
1.941185e-05
0.0001411549
0.0001616644
8.292092e-05
-9.926586e-08
0.0002208744
0.001003451
0.001915647
0.002230335
0.001230502
-0.0002418355
-0.001244366
-0.001861396
-0.002592608
-0.003604838
-0.004115983
-0.002678829
-0.0002966606
0.001531342
0.002760943
0.003936452
0.00473068
0.002690989
-0.001289009
-0.004855778
-0.006925816
-0.007256454
-0.005765456
-0.004013192
-0.003071444
-0.002457525
-0.001435513
-2.199184e-05
0.001324404
0.001720229
0.0009340468
8.444489e-05
-0.0002515047
-0.0003992756
-0.0007660329
-0.001363481
-0.001982513
-0.002112354
-0.0009652784
0.0007254505
0.002001763
0.002777681
0.002326794
-0.0003204263
-0.003635933
-0.005817816
-0.006030683
-0.004334732
-0.001858909
-0.0001352677
0.0005613781
0.0002699572
-0.0004364784
-0.0007414316
-0.0006924142
-0.0007683261
-0.001148578
-0.001690271
-0.002741906
-0.00414102
-0.004582923
-0.003335269
-0.001621429
-0.0005522384
7.314298e-05
0.0008813447
0.001835913
0.002333584
0.001424228
-0.0005837206
-0.00242512
-0.003932189
-0.004516776
-0.003273323
-0.001623881
-0.0007190447
-0.000233561
0.0005253014
0.001368995
0.001332597
0.0007176882
0.0002875436
0.0001562022
1.393471e-05
-0.0003130223
-0.0007378364
-0.0007511475
6.912909e-05
0.0009730893
0.0007124859
-0.001145948
-0.003186696
-0.004520113
-0.005164763
-0.003837539
-0.001371123
0.000508718
0.001673422
0.002681943
0.002503725
0.0006090924
-0.001405956
-0.00270233
-0.00376932
-0.005193599
-0.006809713
-0.007141143
-0.006061614
-0.005016677
-0.004605868
-0.004366571
-0.003968063
-0.00446719
-0.006083634
-0.007711882
-0.00885985
-0.009805759
-0.01076474
-0.01142203
-0.01088076
-0.00948011
-0.007623474
-0.005764986
-0.004069394
-0.00235429
-0.0004757002
0.001512866
0.003493292
0.005421352
0.007326757
0.009204534
0.01091116
0.01143098
0.01002754
0.006390756
0.002036915
-0.001453472
-0.004221474
-0.006772859
-0.009092243
-0.01062087
-0.010525
-0.008795135
-0.007061228
-0.006002961
-0.005223708
-0.005218915
-0.005931124
-0.006255727
-0.004840405
-0.002155051
0.0001437131
0.00167189
0.003066227
0.003947982
0.00401504
0.005277878
0.007839525
0.01024678
0.01181436
0.01255129
0.01118535
0.007068455
0.001847013
-0.002584794
-0.006339686
-0.01027728
-0.01271191
-0.01210204
-0.008993302
-0.004536966
0.001558675
0.0108148
0.01824956
0.01874892
0.01383026
0.008699548
0.005959041
0.005867028
0.005199703
0.001808749
-0.003711634
-0.009347114
-0.01370903
-0.01483821
-0.01395124
-0.01163796
-0.008101477
-0.005716411
-0.004916997
-0.004190184
-0.002715291
-0.0009705439
-0.0003945535
-0.001761878
-0.005269419
-0.008866085
-0.01031103
-0.008676252
-0.005292024
-0.002097916
0.0009161709
0.004940322
0.009113983
0.01197456
0.01124621
0.007307567
0.002619594
-0.002098648
-0.007018789
-0.01061294
-0.0114555
-0.009554684
-0.005089391
0.001380227
0.008481032
0.01021212
0.003771931
-0.005185812
-0.01145265
-0.01427609
-0.01332274
-0.01039744
-0.00728561
-0.005734031
-0.005438191
-0.00621358
-0.006738677
-0.005815389
-0.004690853
-0.004384121
-0.003320041
-0.0006668277
0.00302724
0.006308729
0.008726079
0.009578014
0.007790409
0.00523691
0.003495314
0.003004262
0.00426114
0.004591468
0.001600722
-0.005493212
-0.01292095
-0.01691431
-0.0158565
-0.01307966
-0.01173102
-0.01252318
-0.01405395
-0.01243093
-0.006620528
0.001906264
0.009179553
0.01205093
0.01255663
0.01244474
0.01223805
0.01138661
0.007818457
0.0009584072
-0.007139911
-0.01290656
-0.01509213
-0.01200073
-0.006345758
-0.001964224
0.0002752173
0.0006350849
0.0004991397
0.0003860443
0.001179972
0.002750816
0.004120116
0.00487304
0.00522857
0.004947739
0.003825078
0.001853871
0.000200098
0.0003911693
0.002422747
0.005129495
0.00569231
0.003440592
-0.0005891132
-0.00442934
-0.007265816
-0.009114379
-0.01069026
-0.01240231
-0.01420453
-0.01553687
-0.0146487
-0.0112385
-0.006366321
-0.003168768
-0.003721518
-0.004932816
-0.003888983
0.0007915298
0.006723917
0.009099257
0.006291873
0.001174463
-0.003154442
-0.006187283
-0.008225681
-0.009866185
-0.01148823
-0.01221311
-0.01142564
-0.01003451
-0.006655031
-0.001108528
0.004588886
0.009688692
0.01351466
0.01517865
0.01376028
0.008468478
0.0008106362
-0.006570638
-0.01286575
-0.01735253
-0.01622523
-0.009931004
-0.001694004
0.007417069
0.0151557
0.02098885
0.02268583
0.02014082
0.01287903
0.00137455
-0.01035109
-0.0168413
-0.01782699
-0.01574055
-0.01092044
-0.00517551
7.164481e-05
0.003277137
0.00394288
0.002304568
-0.0009738052
-0.004950841
-0.008609347
-0.01175899
-0.01387793
-0.01376842
-0.01259349
-0.01130606
-0.00905006
-0.005851111
-0.002609041
0.0003691085
0.003328882
0.005342676
0.003988773
0.00103582
-0.0006407888
-0.001030816
-0.002533349
-0.005848634
-0.01007724
-0.01504596
-0.0201737
-0.02413595
-0.02623696
-0.02624135
-0.02321593
-0.01715835
-0.008263629
-0.002023576
-0.000102894
-0.0001028739
0.0003960535
0.002611226
0.00562154
0.008054763
0.006833706
0.002259413
-0.002301626
-0.004756159
-0.005686237
-0.006588959
-0.007901076
-0.008936855
-0.008810053
-0.007860377
-0.007328498
-0.007240849
-0.006925565
-0.006066712
-0.005668418
-0.007634295
-0.0100864
-0.01027502
-0.006240754
0.0002711502
0.007797703
0.01407229
0.01424248
0.008846415
-0.001715175
-0.01301157
-0.01987623
-0.02188841
-0.02120699
-0.0199789
-0.01897504
-0.01842234
-0.01863569
-0.01830575
-0.01664156
-0.01403532
-0.01083303
-0.006760741
-0.002009857
0.003222675
0.008840609
0.01481288
0.02138808
0.02497522
0.02264253
0.01591615
0.009350429
0.005053059
0.005195917
0.008981563
0.0116429
0.01112945
0.00793231
0.004734404
0.00310265
0.002148878
0.001074976
0.0006649618
0.000170275
-0.0009966122
-0.0002577828
0.002832934
0.007203252
0.01203703
0.01735554
0.02366004
0.03070665
0.03651812
0.03831722
0.03581666
0.02673227
0.007534104
-0.01524837
-0.03117657
-0.03549865
-0.03154939
-0.02439635
-0.01678939
-0.01216542
-0.01501586
-0.02255977
-0.03084956
-0.03511804
-0.03311708
-0.0293788
-0.02700266
-0.02543494
-0.02280157
-0.01742589
-0.01036669
-0.003277023
0.002048405
0.004704714
0.006590747
0.008710969
0.01012986
0.01014522
0.008419313
0.006453923
0.005659344
0.005676586
0.006054281
0.007539862
0.01208011
0.02014133
0.02931731
0.03775893
0.04273222
0.04203805
0.03581639
0.02588807
0.01283916
0.0007992684
-0.007893154
-0.01049116
-0.00684905
-0.000750802
0.005784297
0.01272935
0.01732265
0.01971816
0.01866567
0.01218371
0.003433413
-0.003557486
-0.007432836
-0.01004355
-0.01289354
-0.01542437
-0.01615195
-0.01426667
-0.01138964
-0.009293575
-0.01078649
-0.01463003
-0.0181154
-0.02055971
-0.0218443
-0.0215655
-0.02111966
-0.02191939
-0.02646673
-0.03313532
-0.03876333
-0.04236044
-0.04387754
-0.04356974
-0.04167323
-0.03698704
-0.0248987
-0.008374098
0.008526712
0.02379101
0.03486496
0.03784526
0.03396822
0.02687367
0.01865782
0.009813135
0.00105832
-0.004776731
-0.004286474
0.0004210087
0.006184355
0.01183595
0.01830509
0.02576735
0.03334901
0.04108928
0.04958219
0.05923077
0.07034706
0.08051434
0.08768637
0.09258497
0.09566579
0.09725638
0.09740756
0.09780313
0.09969734
0.1037724
0.1086998
0.1133749
0.1161409
0.1167952
0.1181291
0.1210643
0.1240188
0.1258532
0.1265413
0.1254112
0.1227601
0.1193855
0.1163935
0.1148236
0.1141105
0.1130865
0.1095469
0.1022543
0.08841832
0.06927453
0.0490091
0.02853685
0.008844124
-0.006917462
-0.02107782
-0.03523598
-0.04810954
-0.05802087
-0.06365011
-0.06400791
-0.0600656
-0.05524936
-0.05136497
-0.05019085
-0.05151767
-0.05644622
-0.06304501
-0.06838694
-0.06947887
-0.06564608
-0.05999158
-0.05447116
-0.05277086
-0.05824191
-0.06815959
-0.0796593
-0.0925431
-0.1064754
-0.1151737
-0.1185006
-0.1176371
-0.1153453
-0.111796
-0.1062091
-0.09803477
-0.08865507
-0.07506315
-0.05130624
-0.02300856
0.003088419
0.028644
0.04944374
0.06268977
0.07247942
0.0840078
0.09685681
0.107673
0.1155387
0.1204701
0.1242464
0.1273409
0.129893
0.1308548
0.128131
0.1194184
0.106108
0.08841953
0.06352396
0.03913597
0.0214217
0.003903056
-0.01602107
-0.03433811
-0.05151591
-0.06887769
-0.08295193
-0.09037011
-0.09108068
-0.08658027
-0.07828399
-0.06466302
-0.04846535
-0.03594034
-0.02732839
-0.01997616
-0.01321624
-0.007388928
-0.00337472
-0.003011516
-0.006999625
-0.01245416
-0.01655755
-0.01869465
-0.01833714
-0.01557376
-0.008685273
0.001647927
0.0135167
0.02600098
0.03970635
0.0545277
0.07259731
0.09220637
0.1074081
0.116035
0.1181969
0.1171274
0.1161642
0.1151218
0.1139312
0.1130126
0.1127318
0.1111749
0.1077712
0.1032448
0.09793982
0.0911984
0.08250336
0.07173966
0.05911293
0.04563892
0.03168682
0.01621386
-0.0006950603
-0.01602092
-0.02959259
-0.04009267
-0.04484992
-0.04718301
-0.05029753
-0.05551959
-0.06260279
-0.07045239
-0.07688548
-0.08168064
-0.08601241
-0.09014525
-0.09378433
-0.09655047
-0.09798452
-0.09779914
-0.09570993
-0.09510396
-0.09839145
-0.1046624
-0.1123711
-0.1201136
-0.1234204
-0.1180554
-0.1045786
-0.08506666
-0.05835625
-0.02736277
0.002768062
0.03007943
0.05197108
0.06838494
0.08014034
0.08311202
0.07723274
0.06812428
0.05994821
0.05653229
0.06000204
0.0686262
0.08154178
0.09800675
0.1149845
0.1264308
0.1286257
0.1209088
0.1002631
0.07230133
0.04364374
0.01713154
-0.003090855
-0.01433682
-0.01859688
-0.02122911
-0.02136963
-0.01844496
-0.01312715
-0.006200923
-0.0002046567
0.002427373
0.001790477
-0.003974891
-0.01227146
-0.02337104
-0.03564614
-0.04623499
-0.05537885
-0.06153294
-0.06149142
-0.05797764
-0.05328941
-0.0470351
-0.03782718
-0.02565123
-0.01197855
-8.824929e-05
0.007493424
0.01130485
0.01343167
0.01450479
0.01372912
0.0124677
0.01158256
0.01026135
0.004655611
-0.006489474
-0.02039715
-0.03509993
-0.04972377
-0.06002348
-0.06500342
-0.06764577
-0.06742118
-0.06541464
-0.06176878
-0.05737661
-0.0548884
-0.05610187
-0.06176562
-0.07047317
-0.08050898
-0.09059644
-0.09948474
-0.1065385
-0.1122715
-0.1157741
-0.1151533
-0.1116158
-0.1053001
-0.09812409
-0.09096548
-0.08493326
-0.08267979
-0.08396607
-0.08789527
-0.09172448
-0.09535726
-0.09941407
-0.1006817
-0.09826183
-0.09345526
-0.0886091
-0.08457011
-0.08088731
-0.07624142
-0.0699535
-0.06166252
-0.05076846
-0.04091178
-0.03422871
-0.02880822
-0.02342205
-0.02034879
-0.02157987
-0.02626712
-0.03288238
-0.03959695
-0.04339536
-0.04403141
-0.04134084
-0.03678592
-0.03176726
-0.02792187
-0.02582696
-0.0260292
-0.02855654
-0.02987711
-0.02813582
-0.02247728
-0.01317759
-0.0004475584
0.01378449
0.02854413
0.0432519
0.05590474
0.06577861
0.07593021
0.08822513
0.1012129
0.1130828
0.1231355
0.1306178
0.1371541
0.1432601
0.1477392
0.148016
0.1414336
0.1197794
0.08668035
0.05106339
0.02208201
0.006531291
0.003668127
0.004030716
0.001080767
-0.006796395
-0.01783055
-0.0311137
-0.0470975
-0.06494371
-0.08293979
-0.09977567
-0.1154491
-0.1329176
-0.1514444
-0.1675512
-0.1778651
-0.1861984
-0.1957841
-0.2046202
-0.2092158
-0.2089383
-0.2046098
-0.1963343
-0.1816021
-0.1589456
-0.123164
-0.07899559
-0.03612316
0.003049329
0.03896129
0.06902217
0.09190444
0.1113392
0.1300071
0.1482516
0.1632705
0.1737418
0.1817116
0.18978
0.1979919
0.2055494
0.2119619
0.2177213
0.2214504
0.2188189
0.2057026
0.1823638
0.1511016
0.1193042
0.07897196
0.03602585
-0.00342887
-0.0398106
-0.08609366
-0.120439
-0.138028
-0.1595522
-0.1786459
-0.1853371
-0.1851267
-0.184575
-0.1840689
-0.1821248
-0.1782135
-0.1736018
-0.1692763
-0.1649436
-0.1608301
-0.1591115
-0.158826
-0.1584111
-0.1565488
-0.1519404
-0.144962
-0.1360479
-0.1248001
-0.11253
-0.1016943
-0.09192063
-0.07632965
-0.05337464
-0.0278315
-0.006491983
0.005998457
0.01223189
0.01815534
0.0250079
0.03100996
0.03341447
0.03365096
0.03441952
0.03695855
0.04071363
0.0448766
0.04988623
0.05759544
0.06681249
0.07501938
0.08281603
0.09274885
0.1038564
0.1134153
0.1214684
0.1292649
0.1363379
0.1399343
0.1403525
0.135174
0.1231374
0.1048067
0.0819137
0.05048734
0.01275518
-0.01847056
-0.04112217
-0.05435972
-0.05718906
-0.05116826
-0.03576591
-0.01388845
0.007461316
0.02287638
0.03287483
0.03662001
0.03436562
0.02673252
0.01618474
0.005527835
-0.002249178
-0.006829841
-0.006468098
-0.003404346
-0.001222683
-0.001180007
-0.003907929
-0.009501581
-0.01984726
-0.03715768
-0.05576403
-0.0690203
-0.07274046
-0.07050882
-0.0664101
-0.06287575
-0.05997347
-0.05673827
-0.05276173
-0.04895795
-0.04593865
-0.04386854
-0.0429423
-0.04486407
-0.04866357
-0.05192448
-0.05464344
-0.05867953
-0.06392988
-0.06917441
-0.07527659
-0.08442345
-0.09746035
-0.1144412
-0.1342748
-0.1527817
-0.1668791
-0.1724692
-0.1712837
-0.1699786
-0.1660357
-0.1554409
-0.1418551
-0.1290666
-0.1196957
-0.1181223
-0.1212507
-0.1245633
-0.1259914
-0.1246932
-0.123774
-0.1252389
-0.1282812
-0.1286964
-0.1210275
-0.1033387
-0.07564762
-0.0436068
-0.01460174
0.01181671
0.03953322
0.06631613
0.08742571
0.09656564
0.09338065
0.07999328
0.05822135
0.02995485
-0.00169884
-0.03000722
-0.05254138
-0.07205382
-0.08842417
-0.1011383
-0.112434
-0.1241177
-0.1359582
-0.1456271
-0.150867
-0.1516453
-0.1516231
-0.152643
-0.1542065
-0.1552174
-0.1555139
-0.1559192
-0.156094
-0.1537419
-0.1478801
-0.1387266
-0.1226305
-0.09810381
-0.07517412
-0.06102999
-0.05414163
-0.05116395
-0.04660594
-0.04065483
-0.0386213
-0.03952643
-0.03694041
-0.02995531
-0.02358931
-0.02391347
-0.02947268
-0.03530745
-0.03911988
-0.04198906
-0.04678648
-0.05274297
-0.0565217
-0.05802682
-0.05871226
-0.05878335
-0.05734635
-0.05342382
-0.04907931
-0.04586645
-0.04286263
-0.03875309
-0.03333172
-0.02757685
-0.02336846
-0.02075806
-0.01877147
-0.01653977
-0.0139779
-0.01247815
-0.01284894
-0.01441212
-0.0149977
-0.01143346
-0.004098223
0.007598002
0.02206269
0.03872343
0.05616535
0.06987676
0.07691958
0.07878334
0.07542013
0.06870936
0.06054075
0.05028826
0.03640475
0.02161063
0.01178752
0.006506446
0.00241022
-0.001425901
-0.002692977
0.0002966427
0.007932221
0.01919278
0.0372346
0.06218995
0.08808835
0.1122096
0.1360315
0.1589645
0.1738222
0.1808155
0.1832885
0.1823794
0.1774907
0.1672875
0.1552713
0.1457571
0.1395913
0.1357056
0.1340138
0.1331021
0.1328882
0.1352477
0.1394004
0.1434674
0.1443674
0.1405112
0.1306456
0.1153112
0.09455638
0.0683695
0.04124035
0.01725222
-0.009335957
-0.03953907
-0.06482121
-0.07735416
-0.07625361
-0.0678876
-0.05669782
-0.04399125
-0.03059959
-0.01591714
0.001264934
0.01904764
0.03778342
0.06077561
0.08603939
0.1102326
0.1298574
0.1452314
0.157272
0.1651278
0.1693674
0.1731984
0.17727
0.1808605
0.1842415
0.1830656
0.1783898
0.1742311
0.1695873
0.1617089
0.1504757
0.1382262
0.1265412
0.1143154
0.09788875
0.07714207
0.05538164
0.03784906
0.02433929
0.01242259
0.005590848
0.00672709
0.01488527
0.02843591
0.04274888
0.05624534
0.06993679
0.0828428
0.09194283
0.09702648
0.1002634
0.1014238
0.09899592
0.09418965
0.08975827
0.08716218
0.0851606
0.08225479
0.07800222
0.0727018
0.06696659
0.06199697
0.05889258
0.05775854
0.0582361
0.05931938
0.06074754
0.06324753
0.06705287
0.07056715
0.07285347
0.07312327
0.07097042
0.06397701
0.05065648
0.03261563
0.01514064
0.002109434
-0.009760066
-0.02469427
-0.04260499
-0.05906761
-0.07209275
-0.0844901
-0.09763666
-0.1104596
-0.1215949
-0.1296514
-0.1344869
-0.1330633
-0.1224976
-0.1018429
-0.07469345
-0.04913831
-0.03193596
-0.01796728
-0.003687547
0.01410282
0.03975638
0.0716284
0.09656202
0.107459
0.1127061
0.1200774
0.1295493
0.1367267
0.1404911
0.1422883
0.1447034
0.1482286
0.1510237
0.1518506
0.1500505
0.1476833
0.1488126
0.1522185
0.153853
0.1545696
0.1576541
0.1625142
0.1671012
0.1705143
0.1728601
0.1738568
0.173195
0.170371
0.1667761
0.1630207
0.1580976
0.1517284
0.1432042
0.1342398
0.127651
0.1229014
0.1163878
0.1067101
0.09493706
0.08000885
0.06377054
0.04713519
0.02682466
0.002344578
-0.01891124
-0.02827121
-0.03019867
-0.03075373
-0.03027293
-0.02517787
-0.0177496
-0.01103866
-0.005175177
0.0009516557
0.007331149
0.01331344
0.01754916
0.02021845
0.02285183
0.02620231
0.02991118
0.03199615
0.03150493
0.0289934
0.02533119
0.02123711
0.01963775
0.02077338
0.02183572
0.02017002
0.01357007
0.00432215
-0.004168957
-0.009970035
-0.010982
-0.006249624
0.0008946522
0.008731608
0.02077154
0.03974711
0.05726955
0.0703273
0.08017223
0.09014383
0.1016664
0.1134079
0.123174
0.1291947
0.1313407
0.1284399
0.121945
0.1143028
0.1042546
0.09089922
0.07644396
0.06253746
0.04839545
0.03550124
0.02557604
0.01622689
0.004542934
-0.0100135
-0.0260987
-0.04293835
-0.05728462
-0.06692247
-0.07439247
-0.08109511
-0.08579736
-0.08496821
-0.07988372
-0.06997121
-0.05370666
-0.02988829
0.001367691
0.03336399
0.0623583
0.08650767
0.1062381
0.1148723
0.1130711
0.1075589
0.09848921
0.08270966
0.06242269
0.03939269
0.01641333
-0.004324867
-0.0229405
-0.03728093
-0.04727316
-0.05511858
-0.06057179
-0.0616328
-0.06175813
-0.06008256
-0.04950823
-0.02753662
0.001474509
0.03352029
0.06145767
0.07971814
0.09499793
0.1070189
0.1138571
0.1142013
0.1091113
0.1006487
0.09124013
0.08286512
0.07522426
0.06682751
0.057336
0.04894767
0.04282108
0.03858682
0.03540751
0.03215715
0.02930408
0.03158498
0.03819892
0.04457791
0.04933672
0.05441268
0.06227046
0.0737938
0.08590662
0.09658225
0.1057709
0.1089509
0.1078898
0.1050194
0.09720952
0.08106745
0.05734591
0.036015
0.01729909
-0.001908207
-0.02113491
-0.03685357
-0.04814702
-0.0570135
-0.06416023
-0.06533033
-0.05744968
-0.04146639
-0.01797153
0.00720462
0.0278434
0.04458253
0.06155528
0.07479541
0.0803987
0.07731182
0.06987881
0.05979679
0.04542327
0.02916191
0.01605511
0.007428919
0.0004602647
-0.007013026
-0.01703466
-0.02851669
-0.03876169
-0.04872113
-0.06219787
-0.08086703
-0.1007168
-0.1171511
-0.129762
-0.1371776
-0.1420316
-0.1464781
-0.1479585
-0.1418235
-0.128439
-0.1121882
-0.096926
-0.08134163
-0.06395822
-0.04617037
-0.03155132
-0.02260276
-0.0168401
-0.0108984
-0.006762166
-0.004910421
-0.005990982
-0.01437807
-0.03137642
-0.04845929
-0.05974893
-0.06542144
-0.06477301
-0.05975121
-0.0549293
-0.05115686
-0.04813676
-0.04513919
-0.04202127
-0.03989094
-0.04090125
-0.04323671
-0.04308056
-0.03868635
-0.02932592
-0.01220715
0.007009493
0.0202026
0.02455925
0.02160027
0.0136437
0.004662686
-0.002690149
-0.007215093
-0.01032769
-0.01347639
-0.01762107
-0.0234441
-0.03258985
-0.04411426
-0.05484107
-0.06769778
-0.08774393
-0.1069607
-0.1229243
-0.1397787
-0.1563288
-0.1695357
-0.1753383
-0.1766968
-0.1784848
-0.1805624
-0.1792543
-0.1738882
-0.1658432
-0.154915
-0.1383196
-0.1156052
-0.09106258
-0.06921397
-0.0480576
-0.02475711
-0.003933437
0.007266778
0.01119932
0.01391883
0.01492662
0.01361948
0.01112636
0.006856037
0.0005462277
-0.005176473
-0.01030905
-0.01672858
-0.02415642
-0.03252282
-0.04345715
-0.05005199
-0.04726195
-0.03959558
-0.0306872
-0.01853137
0.002442511
0.02794315
0.05088933
0.06630763
0.07765149
0.08471173
0.08409257
0.07176419
0.04633916
0.01615903
-0.01093757
-0.03084678
-0.04370698
-0.05409489
-0.06179237
-0.06525249
-0.06308699
-0.05836281
-0.05371086
-0.04820598
-0.04081438
-0.03152806
-0.02470647
-0.02296018
-0.02475457
-0.02872036
-0.03579164
-0.04728384
-0.06009463
-0.06943878
-0.0752169
-0.07765301
-0.07496972
-0.06870657
-0.06146673
-0.0528913
-0.04009043
-0.02282448
-0.002933176
0.01476426
0.02874423
0.04021349
0.04802656
0.04980908
0.04370694
0.02985701
0.01509587
0.003855494
-0.003159969
-0.004500806
-0.002288166
0.002558504
0.009213172
0.01772069
0.02613999
0.03220294
0.03475781
0.0336995
0.02851997
0.02010977
0.01118597
0.0009168549
-0.01271072
-0.02925239
-0.04505037
-0.05736855
-0.06676697
-0.0750002
-0.08158837
-0.08395289
-0.08246879
-0.07835792
-0.07466793
-0.07262868
-0.07260712
-0.07513981
-0.08121969
-0.08926262
-0.09694461
-0.102483
-0.1056395
-0.1071214
-0.1079259
-0.1074528
-0.1028511
-0.09304104
-0.07755659
-0.06108795
-0.04553024
-0.03109932
-0.02157852
-0.01487734
-0.0114504
-0.01289338
-0.01807215
-0.02609799
-0.03381089
-0.03908271
-0.04190902
-0.04295374
-0.04192753
-0.03804915
-0.03185577
-0.02421471
-0.0165963
-0.01369672
-0.01434363
-0.0138019
-0.01110669
-0.008153494
-0.005628852
-0.001849094
0.00504439
0.01396833
0.02247959
0.02997728
0.03670794
0.0433734
0.05013099
0.05591374
0.05952801
0.06135009
0.06222611
0.06366528
0.06562012
0.06685845
0.06783902
0.0695683
0.07179827
0.07281664
0.0700823
0.06526893
0.06034986
0.05680304
0.05470407
0.05308951
0.05198068
0.05269113
0.05517737
0.05858611
0.06282518
0.06753217
0.07034998
0.07007577
0.06659058
0.05890584
0.04599082
0.03316312
0.0234113
0.01542157
0.007767665
0.001902254
-0.001625337
-0.004103671
-0.005934322
-0.006361691
-0.00655262
-0.008187523
-0.01278825
-0.01964017
-0.02758913
-0.03570095
-0.04323172
-0.04899804
-0.05278044
-0.05186093
-0.0473336
-0.04038417
-0.03071099
-0.01814811
-0.005115761
0.003200596
0.007100906
0.00634494
0.00389114
0.002705
0.001837139
0.00041245
0.0007754506
0.002936249
0.005245949
0.005613633
0.003911123
-0.0004797484
-0.007089945
-0.01497883
-0.02158323
-0.02490756
-0.02438937
-0.02087649
-0.01469502
-0.006748457
0.001615045
0.009724402
0.01795304
0.02629434
0.03267021
0.03683293
0.0370387
0.03438561
0.03027696
0.02442272
0.01643539
0.00812198
0.0006636311
-0.006076652
-0.01183676
-0.01644731
-0.01967687
-0.0210597
-0.02128189
-0.02232122
-0.02426054
-0.02593603
-0.02684616
-0.02683129
-0.02590642
-0.02367594
-0.02002851
-0.01522062
-0.009083623
-0.0008273791
0.008891017
0.01878842
0.02757207
0.03496849
0.04037039
0.04348781
0.04379479
0.04282583
0.04173241
0.0415362
0.0421116
0.04284538
0.04312332
0.04289642
0.04057329
0.0350082
0.02888704
0.01991716
0.007236332
-0.006002357
-0.01576806
-0.02363769
-0.03225201
-0.03949416
-0.04382527
-0.04456914
-0.04143052
-0.03475731
-0.0250021
-0.01201127
0.003685047
0.01736531
0.02793455
0.0363915
0.04172501
0.04331842
0.04333169
0.04285845
0.04304616
0.04381633
0.04445706
0.04538191
0.04684832
0.04740687
0.04432636
0.03867641
0.03386575
0.03075877
0.02834059
0.02588527
0.02381687
0.02256782
0.02218762
0.02316936
0.02590002
0.03069446
0.03770916
0.04657571
0.05570753
0.06447512
0.07119659
0.07414538
0.07584197
0.07594582
0.07379882
0.06968605
0.06506362
0.06040153
0.05493061
0.04901324
0.04304542
0.03485911
0.02453011
0.01331714
-0.001657614
-0.02440194
-0.04944738
-0.0673846
-0.08393114
-0.0981206
-0.1058165
-0.1093908
-0.1081281
-0.1015246
-0.08961126
-0.07574286
-0.06280462
-0.0516868
-0.04335319
-0.038803
-0.03595903
-0.03375748
-0.03224122
-0.03205195
-0.03396932
-0.03750098
-0.04194776
-0.04652367
-0.05079389
-0.05436874
-0.05659893
-0.05646916
-0.05447185
-0.05222927
-0.05068352
-0.04975561
-0.04936708
-0.04939721
-0.04962048
-0.04784452
-0.04153427
-0.03073396
-0.01780685
-0.00510398
0.00629773
0.01637668
0.02458561
0.02828824
0.02904914
0.02879271
0.02786485
0.02567594
0.02245324
0.01893396
0.0159004
0.01311231
0.00989122
0.006073146
0.001743716
-0.003944661
-0.01179691
-0.02199033
-0.0360417
-0.05206423
-0.06580666
-0.07427577
-0.07867556
-0.07970767
-0.07694647
-0.07062406
-0.05726858
-0.03420612
-0.006016391
0.02361744
0.04721508
0.06405177
0.07907128
0.09391091
0.1046292
0.110025
0.1127532
0.1153101
0.1173301
0.1177999
0.1171413
0.1163876
0.1159457
0.1157295
0.1162067
0.116575
0.11505
0.111372
0.1055041
0.0930346
0.07572074
0.05862871
0.04236675
0.02741189
0.01612578
0.00945195
0.008148969
0.009616768
0.01393259
0.02061728
0.02857412
0.03703087
0.04561247
0.0536662
0.06119201
0.06823155
0.07435645
0.07885037
0.08130929
0.0818502
0.08173582
0.08085355
0.0774757
0.07146669
0.0635583
0.05279774
0.04081531
0.0323961
0.02773585
0.02423855
0.02133845
0.02016682
0.01997565
0.01976526
0.01920851
0.01717443
0.01305236
0.006763039
-0.000288869
-0.00707708
-0.01366031
-0.01954181
-0.02357457
-0.02524306
-0.02442878
-0.02029165
-0.01342752
-0.005125678
0.002922181
0.00921859
0.01377661
0.01616711
0.01623885
0.0124539
0.00468904
-0.006927216
-0.01867132
-0.02805244
-0.03502677
-0.03817311
-0.03786831
-0.03317796
-0.02192324
-0.006134409
0.006885039
0.01616804
0.02341646
0.0280506
0.0308742
0.03154676
0.0295943
0.02727784
0.02656462
0.02814726
0.03061748
0.03242443
0.03163147
0.02833676
0.02232351
0.0141835
0.0007619967
-0.01292369
-0.02875124
-0.04702906
-0.06302978
-0.07598532
-0.08698643
-0.09629272
-0.1028731
-0.1078805
-0.1129995
-0.117779
-0.1211312
-0.1227405
-0.1222238
-0.1188324
-0.1134313
-0.1072148
-0.09892548
-0.08818151
-0.07834069
-0.07122033
-0.06659298
-0.0638263
-0.06147736
-0.05923809
-0.05762582
-0.05588049
-0.05265296
-0.04766796
-0.04178771
-0.03595872
-0.03102853
-0.02739091
-0.0241786
-0.02093795
-0.01829312
-0.01637569
-0.01488764
-0.01314474
-0.01079439
-0.007758763
-0.003793934
0.001736827
0.007273157
0.01139846
0.01445735
0.0171489
0.01837321
0.01781081
0.01601765
0.01372225
0.01084539
0.006670316
0.0009433284
-0.006040221
-0.01214249
-0.01660376
-0.02039299
-0.02390353
-0.02681557
-0.02874514
-0.0294508
-0.0291894
-0.0288596
-0.02930045
-0.03141474
-0.03518077
-0.03872142
-0.04178732
-0.04560051
-0.05039036
-0.05500875
-0.05779908
-0.05828805
-0.05685409
-0.05315906
-0.04786623
-0.04119068
-0.03203988
-0.0204286
-0.01054734
-0.00315569
0.003504194
0.008521802
0.01109652
0.01075976
0.009007029
0.00736916
0.005422946
0.002674394
3.471835e-05
-0.002486489
-0.005646973
-0.009171181
-0.01283791
-0.01725234
-0.02189476
-0.02604566
-0.02995671
-0.03220944
-0.03059964
-0.02576657
-0.01982589
-0.01340919
-0.00688776
-0.000806912
0.005142428
0.01116693
0.01623487
0.01958784
0.02111339
0.01944103
0.01231278
0.002214693
-0.008083663
-0.01856404
-0.02630872
-0.02932493
-0.03106521
-0.03370794
-0.03563646
-0.03599844
-0.03560372
-0.03515896
-0.03486906
-0.03547388
-0.036623
-0.03749532
-0.03827782
-0.0393429
-0.03977224
-0.0391258
-0.03765295
-0.0356171
-0.0330331
-0.03050244
-0.02913727
-0.02974789
-0.03209339
-0.03566171
-0.0389885
-0.0411408
-0.04206616
-0.04276282
-0.04305047
-0.04116036
-0.03763211
-0.03382738
-0.03083501
-0.02842996
-0.02584912
-0.0228321
-0.01959796
-0.01590557
-0.01138703
-0.005854943
-0.0005056144
0.003359598
0.005492649
0.00627274
0.006167613
0.005457056
0.004561915
0.00442473
0.005522389
0.007638414
0.009772901
0.01113815
0.01177893
0.01206287
0.01197982
0.01138483
0.01024329
0.007602901
0.00259104
-0.005821015
-0.01764822
-0.03035302
-0.0390021
-0.04457099
-0.04988163
-0.0536178
-0.05411311
-0.05169985
-0.04822818
-0.04446982
-0.04101029
-0.03757225
-0.03263238
-0.02705233
-0.02270063
-0.0179782
-0.01079365
-0.0004614844
0.01082389
0.02092695
0.02884527
0.03503273
0.04022748
0.04421044
0.04686843
0.04857619
0.04934009
0.04891408
0.04810871
0.04668851
0.0447302
0.04252192
0.038576
0.0323633
0.02482054
0.01733292
0.01038492
0.004078244
-0.001387046
-0.005586272
-0.008935825
-0.0118309
-0.01407749
-0.0155907
-0.01657449
-0.01746577
-0.01913492
-0.02304442
-0.02960946
-0.03770857
-0.04450217
-0.04943715
-0.05370752
-0.05778431
-0.06139722
-0.06408431
-0.06493924
-0.06328282
-0.05845576
-0.05160506
-0.04402113
-0.03650263
-0.02901199
-0.02230514
-0.01675895
-0.01332743
-0.01129289
-0.009777773
-0.008666315
-0.008260494
-0.009211985
-0.01266253
-0.0171863
-0.02184278
-0.02709722
-0.03461847
-0.04183991
-0.04569212
-0.04668472
-0.04680249
-0.0469465
-0.04716897
-0.04716815
-0.04689629
-0.04704806
-0.04729906
-0.04606531
-0.0447762
-0.0449478
-0.04383985
-0.04077408
-0.03888979
-0.03867365
-0.03843977
-0.03713658
-0.03490579
-0.03199404
-0.02972845
-0.02878259
-0.0280172
-0.0271354
-0.02746177
-0.02924586
-0.03214181
-0.03590151
-0.04004342
-0.04373324
-0.04706079
-0.05035781
-0.05289031
-0.05439563
-0.05513145
-0.0549619
-0.05326519
-0.05033572
-0.04615464
-0.04046559
-0.03405616
-0.02919684
-0.02675118
-0.02641733
-0.02723051
-0.02813459
-0.02975768
-0.0334146
-0.03802701
-0.04217089
-0.0454749
-0.04772897
-0.04881637
-0.04884166
-0.04837
-0.04776893
-0.04683758
-0.04528774
-0.04312477
-0.04066903
-0.03832662
-0.03558015
-0.03167262
-0.02735725
-0.02326589
-0.01860683
-0.01339387
-0.008510341
-0.004672393
-0.00238277
-0.002510533
-0.004720924
-0.007818059
-0.01150505
-0.01632927
-0.02055275
-0.02374262
-0.02685461
-0.02923486
-0.02985063
-0.02894533
-0.02819138
-0.02877426
-0.02965999
-0.02977988
-0.02925129
-0.02842368
-0.02724795
-0.02592212
-0.02437785
-0.02159756
-0.01758963
-0.01266244
-0.007464441
-0.002299429
0.003255064
0.009198007
0.01475937
0.02009351
0.02579078
0.03137754
0.0360544
0.03885529
0.04043555
0.04152674
0.0417828
0.04024066
0.03743363
0.03441754
0.03171514
0.02884641
0.02554289
0.02304481
0.02193517
0.0218871
0.02193748
0.02183337
0.02202159
0.02260344
0.02328373
0.0238823
0.02443428
0.02501977
0.02564978
0.02629361
0.02740896
0.02955887
0.032848
0.03696459
0.03975627
0.04013869
0.03803444
0.03468912
0.03192645
0.02977225
0.02743598
0.02545906
0.02506143
0.02535051
0.02552027
0.02667948
0.0281254
0.02733238
0.02460399
0.0214583
0.01775215
0.0134632
0.00906534
0.004762076
0.0004456972
-0.003974026
-0.008522533
-0.01285236
-0.01527967
-0.0162465
-0.01728532
-0.01887508
-0.02053378
-0.02192045
-0.02336484
-0.02535046
-0.02752526
-0.02900053
-0.02876246
-0.02669269
-0.02273386
-0.01810721
-0.01370341
-0.009568901
-0.005964542
-0.003523141
-0.002671499
-0.003511312
-0.005463484
-0.00572584
-0.005593335
-0.008383582
-0.01125401
-0.01215958
-0.0100372
-0.005736268
0.0005747215
0.008630389
0.01814275
0.02767592
0.03650581
0.04453307
0.05209457
0.05900128
0.06455444
0.06718024
0.06718935
0.06497799
0.06050078
0.05414114
0.04703515
0.03923868
0.03040686
0.020783
0.01226985
0.005547841
0.0004577359
-0.004159345
-0.008845538
-0.01129364
-0.01080785
-0.009192844
-0.007501262
-0.005131329
-0.002455266
8.183277e-05
0.002794877
0.005269915
0.006800508
0.008835118
0.01216349
0.01623499
0.01996002
0.02278484
0.02419992
0.02391212
0.02174226
0.01855361
0.01509495
0.01074051
0.005556698
0.002122609
0.000239486
-0.00164
-0.003319077
-0.00407549
-0.003845803
-0.002530081
-0.0001029487
0.003223566
0.006809986
0.009580276
0.01083314
0.01004399
0.007270126
0.003499275
2.923739e-05
-0.003710769
-0.008743018
-0.01506336
-0.02076673
-0.02411868
-0.02622008
-0.02881758
-0.03260563
-0.03668309
-0.03997674
-0.04136446
-0.04132617
-0.04023234
-0.03779134
-0.03380933
-0.02868073
-0.02297453
-0.01733005
-0.01282662
-0.01032489
-0.008422579
-0.006226719
-0.004845877
-0.004377376
-0.003819712
-0.00293633
-0.002186455
-0.001924795
-0.001408301
5.65769e-05
0.002650808
0.006227016
0.01078471
0.01582295
0.02093119
0.02507623
0.02807307
0.02978981
0.03095885
0.03220769
0.03365812
0.0351164
0.03628744
0.03720476
0.03802731
0.03841316
0.03799756
0.03661657
0.0346611
0.03224391
0.02971141
0.02720978
0.0240488
0.02026581
0.01644281
0.01281336
0.009379498
0.006344359
0.003966399
0.002160432
4.683293e-07
-0.00298327
-0.006729271
-0.01026035
-0.01292599
-0.01467307
-0.01508111
-0.01354793
-0.01216316
-0.01197275
-0.01159534
-0.01030345
-0.00864594
-0.006756046
-0.004493367
-0.002493668
-0.0008909793
0.0006799149
0.002469247
0.004301364
0.005425779
0.006173682
0.007560003
0.009678987
0.01195258
0.01360484
0.01463274
0.01548825
0.01626573
0.01674479
0.01657018
0.01554048
0.01351646
0.01125295
0.009386203
0.00745428
0.00490762
0.003081251
0.002479213
0.002036672
0.001875684
0.002585063
0.003190629
0.002866369
0.001538656
0.0004132848
0.0003870609
0.001743248
0.003318647
0.00393619
0.005191864
0.008543209
0.01273789
0.01595994
0.01706146
0.01742754
0.01850706
0.02041766
0.02235537
0.0236623
0.02451637
0.02538934
0.02686877
0.02881561
0.0304248
0.03062309
0.0286199
0.02461241
0.01935131
0.01324405
0.006435808
-0.0008250029
-0.007199906
-0.01227005
-0.01633993
-0.01965579
-0.02241938
-0.02486369
-0.0264417
-0.02676954
-0.02630232
-0.02567445
-0.02535926
-0.02535372
-0.02536425
-0.02469453
-0.02314043
-0.02086404
-0.01861007
-0.0168399
-0.01552029
-0.01447349
-0.01376534
-0.0131812
-0.0124066
-0.01062275
-0.007659465
-0.002923023
0.003101287
0.00959113
0.0157342
0.02135092
0.02550351
0.02766884
0.02891274
0.0300427
0.03073983
0.0305801
0.02959892
0.02859488
0.02795443
0.02741612
0.02643896
0.02461839
0.02142094
0.01717676
0.01285936
0.009510464
0.007328327
0.005904639
0.004272295
0.001880399
-0.000310347
-0.001319562
-0.0004458279
0.001244642
0.002523255
0.004190785
0.007247602
0.01091537
0.01429584
0.0173517
0.02071813
0.02473315
0.02933596
0.03379364
0.03690829
0.03867694
0.03941683
0.0395057
0.03926744
0.03888581
0.03801679
0.03633812
0.03491319
0.03459087
0.03545469
0.0364773
0.03698543
0.03718591
0.03721582
0.03654488
0.0344707
0.03014237
0.02283594
0.01356966
0.004560664
-0.003705318
-0.01171899
-0.01913985
-0.02474123
-0.02793253
-0.029186
-0.02980151
-0.03021863
-0.03046811
-0.03053562
-0.03033023
-0.02993538
-0.02950443
-0.02896853
-0.02826195
-0.02771651
-0.02736136
-0.02679771
-0.02589516
-0.02486524
-0.0241753
-0.0235138
-0.02182078
-0.01879202
-0.01448294
-0.009358833
-0.003926826
0.001614735
0.007522309
0.01425656
0.02057281
0.02534486
0.02861903
0.03116111
0.03313937
0.03357859
0.03148849
0.0284623
0.02593831
0.02451782
0.02394563
0.02417234
0.02593932
0.02899959
0.0320617
0.03474414
0.03747887
0.03947647
0.03999192
0.03966336
0.0392544
0.03911382
0.03984356
0.04159971
0.04335524
0.04488005
0.04701582
0.04962761
0.05196113
0.05345059
0.05436048
0.05515843
0.0557603
0.05573876
0.05501258
0.05388563
0.05243948
0.050678
0.0486637
0.04694404
0.04547151
0.04347804
0.04096041
0.03831662
0.0354776
0.03240158
0.02940004
0.02679575
0.02460252
0.02264473
0.02050869
0.01753706
0.01431994
0.01151407
0.008520837
0.005453239
0.003006713
0.0004021816
-0.002888404
-0.006348188
-0.009591652
-0.0126033
-0.0144517
-0.01473912
-0.01376874
-0.01225904
-0.01043199
-0.009416654
-0.009545351
-0.01087369
-0.01262943
-0.01395179
-0.01360178
-0.01185666
-0.009700209
-0.007278634
-0.004046196
-0.0002916325
0.003663858
0.008581494
0.01400226
0.01780929
0.02043733
0.0233753
0.02631816
0.0282908
0.0293265
0.03009191
0.0307965
0.03085081
0.03007449
0.03015297
0.03162165
0.0334087
0.03437868
0.03433431
0.03419645
0.03428354
0.03312592
0.03158635
0.03170015
0.03266085
0.03313134
0.03333347
0.03383573
0.03469573
0.03567141
0.03655984
0.03706085
0.03723036
0.03716369
0.03703819
0.03690694
0.03645458
0.03527792
0.03297107
0.0303498
0.02821537
0.02652802
0.02485345
0.02309549
0.02125376
0.01942865
0.01811864
0.01722913
0.0164088
0.01619433
0.01696079
0.01758875
0.01766654
0.01796725
0.01815962
0.0171854
0.0150423
0.01238124
0.009576651
0.006836839
0.004224596
0.001991993
0.0007030415
0.001275107
0.002929188
0.004698471
0.005728447
0.006202513
0.006786567
0.008136413
0.01054618
0.01361703
0.01675272
0.0195323
0.02196108
0.02393237
0.02527542
0.02592077
0.02559763
0.02450908
0.02339873
0.02212389
0.02012951
0.01858345
0.01831899
0.01908112
0.02041186
0.02240305
0.02405642
0.02494345
0.02538645
0.02554515
0.0251408
0.02384218
0.0215684
0.01883284
0.01594591
0.01289509
0.01055941
0.009175144
0.008456904
0.008082132
0.00803817
0.00819285
0.008322234
0.007863135
0.007166485
0.006897483
0.006766023
0.006305191
0.005311269
0.003999005
0.002610198
0.001389634
0.0005171994
0.0008919068
0.002222622
0.003651941
0.004802685
0.005971074
0.006850129
0.007090651
0.007355421
0.008228556
0.009370099
0.01029396
0.01126779
0.01283316
0.01471072
0.01636192
0.01704321
0.01658473
0.0145022
0.01135178
0.007896487
0.004426511
0.000972227
-0.002321668
-0.004811529
-0.006373823
-0.006761834
-0.005730369
-0.004975478
-0.005950742
-0.005848503
-0.003971108
-0.002105239
-0.000824514
0.0003620226
0.001009978
0.001336703
0.002088894
0.002803058
0.002890375
0.003276714
0.004326943
0.005209917
0.005670906
0.006078084
0.006637692
0.006855049
0.005732904
0.003479768
0.0006812372
-0.001468455
-0.003084341
-0.005510041
-0.008450689
-0.01084852
-0.01214775
-0.01252949
-0.01222087
-0.01159916
-0.01076116
-0.008959819
-0.006333285
-0.004183966
-0.00257081
-0.000455581
0.00230295
0.005087917
0.007350429
0.009067691
0.01033768
0.01116225
0.01141587
0.01165154
0.01230352
0.01231518
0.01083627
0.007743925
0.003928726
6.785941e-05
-0.003720205
-0.007493153
-0.01117646
-0.0147061
-0.01816589
-0.02183066
-0.02539684
-0.02829225
-0.03021146
-0.03145357
-0.0317124
-0.03092904
-0.02910713
-0.02673872
-0.02427145
-0.02150434
-0.01820236
-0.01497365
-0.01260177
-0.01197419
-0.01206153
-0.01176921
-0.01163962
-0.01181274
-0.01158213
-0.01186738
-0.0135231
-0.01637908
-0.01938523
-0.02206786
-0.0252067
-0.0286774
-0.03086813
-0.03206959
-0.03330754
-0.03412016
-0.03396453
-0.03288249
-0.03172343
-0.03089883
-0.03004453
-0.02799055
-0.02520322
-0.02377805
-0.02323081
-0.02197293
-0.02042822
-0.01937572
-0.01847735
-0.01779842
-0.01784882
-0.01800238
-0.01774547
-0.01731254
-0.01703091
-0.01666143
-0.01577569
-0.01467859
-0.01374471
-0.01305546
-0.01255122
-0.01229954
-0.01213587
-0.01183689
-0.01093698
-0.009503946
-0.00795465
-0.006638734
-0.005663231
-0.004975401
-0.004403506
-0.003827016
-0.003182693
-0.002434478
-0.001549056
-0.0004542162
0.00105445
0.002828176
0.004624314
0.006717484
0.009272974
0.01144302
0.01298801
0.01418147
0.01502938
0.01543198
0.01571158
0.01589603
0.01557533
0.0145971
0.01321258
0.01207736
0.01119981
0.01004848
0.009375657
0.009786854
0.009695298
0.008531222
0.007501439
0.007342859
0.00770274
0.007798109
0.007307523
0.006136065
0.004162584
0.001366714
-0.002044623
-0.005646308
-0.009234108
-0.01310293
-0.0173651
-0.02170003
-0.02505465
-0.0270161
-0.02849101
-0.02995402
-0.0309556
-0.03079757
-0.02944057
-0.02762922
-0.0257704
-0.02378372
-0.0214689
-0.01872052
-0.01569163
-0.01250641
-0.008767788
-0.005092252
-0.002445376
-0.0003221063
0.001743189
0.002473791
0.002056401
0.001607091
0.001161488
0.0001649357
-0.001505233
-0.00321374
-0.004360521
-0.004958566
-0.005163874
-0.004723202
-0.004075925
-0.003849061
-0.003474084
-0.002379726
-0.001062707
-0.0003981915
-0.0007681191
-0.001399445
-0.001676744
-0.001389907
-0.0008745743
-0.0004129754
0.000427634
0.002027309
0.003927093
0.005612958
0.006937416
0.007972962
0.008675532
0.00844359
0.007386973
0.005702641
0.00347925
0.0008044215
-0.001895393
-0.00462471
-0.00765405
-0.01065347
-0.01329226
-0.01524746
-0.01628886
-0.01619076
-0.01514965
-0.01358246
-0.01134017
-0.008402526
-0.004956215
-0.001334091
0.002207202
0.004844748
0.006940682
0.009406096
0.01194849
0.01338982
0.01381095
0.01377501
0.01347813
0.01301472
0.01241022
0.01130904
0.009637479
0.008428745
0.007615915
0.006232949
0.003504112
-0.0003223308
-0.004621579
-0.00861333
-0.01205252
-0.01509772
-0.01783247
-0.02002807
-0.02151118
-0.02253692
-0.02354318
-0.02445777
-0.02496025
-0.02521286
-0.02513065
-0.02401067
-0.02208656
-0.01977214
-0.0169373
-0.01388642
-0.01167767
-0.009875659
-0.007596804
-0.005399401
-0.003897722
-0.003238204
-0.002728548
-0.001777383
-0.001038757
-0.001014417
-0.001449207
-0.001855802
-0.002021369
-0.00142362
-8.630009e-05
0.001456421
0.002805038
0.003911938
0.004325259
0.004069961
0.00371084
0.003410474
0.002854953
0.001883356
0.0007513261
-9.930545e-05
-0.0006351855
-0.001040507
-0.001298158
-0.001545038
-0.002075547
-0.003135814
-0.004494593
-0.004727459
-0.003896026
-0.002998721
-0.002110433
-0.0006879238
0.001440305
0.003526589
0.00484842
0.006102426
0.007891464
0.009504947
0.01048374
0.01103366
0.01158338
0.01223618
0.01288457
0.01349185
0.01440645
0.01534923
0.0155692
0.01574276
0.01667027
0.01786116
0.01880017
0.01959638
0.0208039
0.02254832
0.02457853
0.02634381
0.02791796
0.03045144
0.03370635
0.03665383
0.03952581
0.04288978
0.04620031
0.04917853
0.05207592
0.05472065
0.05673327
0.05770015
0.05791257
0.05748838
0.05657985
0.05521721
0.0529186
0.04953127
0.0451589
0.04022237
0.03516721
0.03037536
0.02611801
0.02234165
0.01849985
0.01452676
0.01078465
0.007395721
0.004192909
0.001017879
-0.001948571
-0.004407676
-0.005820227
-0.006370133
-0.00643191
-0.005951214
-0.004907988
-0.003553864
-0.002399062
-0.001799705
-0.001737705
-0.001756494
-0.001237796
-0.0003398286
0.0004853506
0.001049411
0.00126466
0.0007961596
-7.388019e-06
-0.000633725
-0.0007422124
-0.0007765787
-0.001276425
-0.001907871
-0.002268096
-0.002689125
-0.003464253
-0.004603626
-0.006192705
-0.008140485
-0.0101464
-0.01146314
-0.01196015
-0.01307262
-0.01474879
-0.0158174
-0.01629168
-0.01682273
-0.01787297
-0.01939328
-0.02120239
-0.02303856
-0.0250641
-0.02781414
-0.03032286
-0.03173561
-0.03292112
-0.03411991
-0.0341195
-0.0333583
-0.03284819
-0.03236153
-0.03171436
-0.03118451
-0.03066377
-0.03002795
-0.02969799
-0.0298054
-0.03000374
-0.02921712
-0.02899076
-0.03009949
-0.03108301
-0.03084401
-0.03013702
-0.0298121
-0.0293503
-0.0281635
-0.02726631
-0.02717447
-0.02730935
-0.02746105
-0.02776248
-0.02767921
-0.02749725
-0.02821117
-0.02956705
-0.03078258
-0.0315376
-0.03227525
-0.03346441
-0.03489285
-0.03612108
-0.03687875
-0.03709487
-0.03687756
-0.03645615
-0.03576807
-0.0345046
-0.03292187
-0.03142426
-0.03042248
-0.02983862
-0.02931002
-0.02868892
-0.02808361
-0.0273704
-0.02652973
-0.025878
-0.02540702
-0.02451467
-0.02330026
-0.02231084
-0.02179521
-0.02149018
-0.02040754
-0.01858324
-0.01667095
-0.0146295
-0.01209613
-0.009289534
-0.006427347
-0.003354079
6.025649e-05
0.003878349
0.008134355
0.01254502
0.01626766
0.01911386
0.02095824
0.02148808
0.02070559
0.01947203
0.01805079
0.01564441
0.01244855
0.009189379
0.006168447
0.00321944
0.0001604369
-0.003049349
-0.006423825
-0.01009637
-0.01391699
-0.01740802
-0.01994313
-0.02208507
-0.02449802
-0.02674681
-0.02805313
-0.02784137
-0.02673394
-0.02551725
-0.02451996
-0.02343201
-0.02183528
-0.01977192
-0.01755849
-0.01559421
-0.01381917
-0.01171359
-0.009413844
-0.007414818
-0.005456567
-0.003091429
-0.0001073716
0.002993105
0.005589383
0.008029495
0.01083101
0.01386592
0.01677354
0.01936128
0.02144326
0.02273923
0.02323194
0.02317802
0.02227929
0.02086981
0.01947582
0.01789068
0.01575078
0.01416841
0.01357531
0.01312391
0.01225874
0.01119007
0.01049801
0.01007953
0.009142293
0.007248513
0.004581484
0.001549722
-0.001748541
-0.005462454
-0.008998853
-0.01171288
-0.01317328
-0.01448768
-0.01656022
-0.01804603
-0.01821252
-0.0179622
-0.01800098
-0.01822284
-0.01837292
-0.0185635
-0.01924147
-0.02008058
-0.020688
-0.02165751
-0.02305741
-0.02396821
-0.02405999
-0.02370138
-0.02326746
-0.02264603
-0.02146338
-0.02008834
-0.01903709
-0.01814034
-0.01713253
-0.01609701
-0.01516254
-0.01428999
-0.01289311
-0.01101764
-0.009747374
-0.009444106
-0.009706046
-0.009399855
-0.008069332
-0.005976316
-0.003917538
-0.002373832
-0.0007136225
0.001634868
0.004323759
0.006886624
0.00922081
0.01097474
0.01168841
0.01200851
0.01255335
0.01328694
0.01372763
0.01359144
0.0133178
0.01337221
0.01423934
0.01553194
0.01665668
0.01772675
0.01911555
0.02084216
0.02262118
0.02421208
0.0254063
0.02616653
0.02650144
0.02665422
0.02710844
0.02775473
0.02822164
0.02828831
0.02810635
0.02794574
0.02782852
0.02761373
0.02741266
0.02727779
0.02705564
0.02683336
0.02672587
0.02600354
0.02430306
0.02187248
0.01938977
0.01701603
0.01385554
0.01006122
0.006570275
0.004109394
0.00226358
-6.308436e-05
-0.002301167
-0.003124517
-0.002966281
-0.002754838
-0.002664126
-0.002527804
-0.002256657
-0.001911647
-0.002032518
-0.002871139
-0.003786921
-0.004338661
-0.004205536
-0.003653722
-0.003290997
-0.002931702
-0.001717593
5.495298e-05
0.001669791
0.00299957
0.003847769
0.003877962
0.003750929
0.003961225
0.004341184
0.004581535
0.004618986
0.004257976
0.003446058
0.002638113
0.002044085
0.001511451
0.0008761557
6.191378e-05
-0.001463548
-0.003603306
-0.005559829
-0.006956631
-0.007908014
-0.008171874
-0.008060142
-0.008018156
-0.008270235
-0.008877483
-0.01030273
-0.01230064
-0.0145049
-0.01692947
-0.01972657
-0.02283701
-0.02554597
-0.02721145
-0.02876604
-0.03053062
-0.0313895
-0.03129976
-0.03101081
-0.03104373
-0.03130195
-0.03155179
-0.03161417
-0.0315378
-0.03169344
-0.03231777
-0.03345547
-0.03434257
-0.034449
-0.03389314
-0.03302501
-0.03200018
-0.03062346
-0.02873111
-0.02636555
-0.0237743
-0.02130771
-0.0192573
-0.01779826
-0.01670772
-0.01574657
-0.01515601
-0.01521805
-0.01603343
-0.01727682
-0.01869108
-0.0206451
-0.02259432
-0.02356544
-0.02362716
-0.02336712
-0.02303467
-0.02239136
-0.0211206
-0.01991052
-0.01923132
-0.01912983
-0.01972878
-0.02135039
-0.02367598
-0.02611988
-0.02823965
-0.03012666
-0.03188762
-0.03283825
-0.03283458
-0.03177627
-0.02976358
-0.02696758
-0.02320672
-0.01860657
-0.0138192
-0.009318788
-0.005152492
-0.001314251
0.00208531
0.004636422
0.006459449
0.00825437
0.01022327
0.01209575
0.01385064
0.01566426
0.01785884
0.01988637
0.02098862
0.02172049
0.02257968
0.02273114
0.02188681
0.02045085
0.01883874
0.01707231
0.01529488
0.01372332
0.01256072
0.01204736
0.01204484
0.01241396
0.01345964
0.01559989
0.01816327
0.02061651
0.02343874
0.02663406
0.02958096
0.03169637
0.03304335
0.03451263
0.03610175
0.03680018
0.036932
0.03735224
0.0378445
0.0380837
0.03835722
0.03879714
0.03926928
0.03951099
0.03968413
0.04032999
0.04090439
0.04052299
0.03932615
0.03796516
0.0368149
0.0355942
0.0338291
0.03121869
0.02808609
0.02501922
0.02176117
0.01787899
0.01362251
0.009637711
0.006317139
0.003445543
0.0007745386
-0.001607813
-0.004204001
-0.007284515
-0.009867846
-0.01281879
-0.01772913
-0.02227882
-0.02488061
-0.02658832
-0.02831813
-0.029877
-0.03081001
-0.03122899
-0.0313737
-0.03103433
-0.03000392
-0.02847109
-0.02662645
-0.02418699
-0.02161891
-0.01944593
-0.0175205
-0.0155141
-0.01332049
-0.01098796
-0.008547154
-0.006078682
-0.003643661
-0.001441263
0.0004848137
0.002045713
0.003108688
0.003676607
0.003920164
0.00399191
0.004001906
0.003583714
0.002425925
0.0005233194
-0.001711426
-0.004113264
-0.006509542
-0.008753506
-0.01064238
-0.01233904
-0.0140447
-0.01546027
-0.01643091
-0.01716562
-0.01782848
-0.01832222
-0.01846155
-0.01822631
-0.01768828
-0.01723231
-0.01718295
-0.017619
-0.01832497
-0.01906188
-0.02003622
-0.02144428
-0.02291914
-0.0238116
-0.02336289
-0.02251734
-0.02230269
-0.0225125
-0.02257005
-0.02235631
-0.02186236
-0.0210979
-0.02001934
-0.01853343
-0.01651119
-0.01446776
-0.01288068
-0.01203073
-0.01192124
-0.01130988
-0.008768039
-0.00717369
-0.006707691
-0.006018735
-0.004989134
-0.0039804
-0.003059268
-0.002020811
-0.0008394229
0.0001888464
0.001024413
0.001831323
0.002546434
0.002844565
0.001778008
-6.873616e-05
-0.001486993
-0.002065868
-0.002398753
-0.003389339
-0.004593156
-0.004981112
-0.004366022
-0.003552788
-0.003553942
-0.003951679
-0.00392347
-0.003653805
-0.003404261
-0.002243572
-0.0001898379
0.002020315
0.003871542
0.005522315
0.007393186
0.009445543
0.01124175
0.01216973
0.01210826
0.01158783
0.01109027
0.01056157
0.009862103
0.008965834
0.007736825
0.006738125
0.006699129
0.007790574
0.009778471
0.01195183
0.0142017
0.01690835
0.01965948
0.02200257
0.0240179
0.02589457
0.0276078
0.02920906
0.03066574
0.03129856
0.03107066
0.03069933
0.03057095
0.03054177
0.03061487
0.0306593
0.03026107
0.02908657
0.02698913
0.02503065
0.02346261
0.02125558
0.01836399
0.01546574
0.01333557
0.01197024
0.01022606
0.008241475
0.007079947
0.006869743
0.006904905
0.006383211
0.005955143
0.006650694
0.007614382
0.008140513
0.009188113
0.01061063
0.01137259
0.01176569
0.01239451
0.01293757
0.01336433
0.01402704
0.01443737
0.01421929
0.01409643
0.01438359
0.01472258
0.01433339
0.01302319
0.01162535
0.0105648
0.009614295
0.008739303
0.007663394
0.005587657
0.001900631
-0.001983836
-0.003324178
-0.003680128
-0.005167456
-0.0070414
-0.00845898
-0.009571426
-0.009712005
-0.00894981
-0.008569409
-0.008741183
-0.008741889
-0.008521034
-0.008377651
-0.008421928
-0.008810382
-0.009710512
-0.01067915
-0.01143559
-0.01214764
-0.01287118
-0.0134834
-0.01421129
-0.0150001
-0.0153211
-0.01506505
-0.0144763
-0.01357468
-0.01230405
-0.01075269
-0.009319
-0.008043228
-0.006223999
-0.004000278
-0.001996212
0.0003865958
0.003724305
0.007162424
0.01001874
0.01224105
0.01404103
0.01533596
0.01622588
0.01680149
0.01696879
0.0165343
0.01524924
0.01336898
0.01134532
0.009461154
0.007193196
0.004143609
0.0007888421
-0.001744767
-0.002682717
-0.002697858
-0.002661139
-0.002509789
-0.001910957
-0.0007892979
0.000749834
0.002583691
0.004370123
0.005712988
0.006132572
0.006747239
0.008253081
0.008700015
0.007897921
0.007416079
0.008277159
0.009996719
0.0105819
0.01000125
0.009554808
0.009462929
0.009121471
0.008217911
0.006652392
0.003928181
0.0007222827
-0.002144334
-0.00459924
-0.007394625
-0.01096363
-0.01356784
-0.01454326
-0.01502577
-0.01501237
-0.01400174
-0.01326857
-0.01328913
-0.0131268
-0.01226718
-0.01090643
-0.008649546
-0.005838217
-0.003823253
-0.002581143
-0.001462187
-0.0009630858
-0.001280269
-0.001772225
-0.001930617
-0.001719295
-0.001408671
-0.001257742
-0.001656229
-0.002005013
-0.001513876
-0.000915332
-0.0009168468
-0.001552171
-0.00217764
-0.002285525
-0.001984355
-0.001669758
-0.001636551
-0.002322751
-0.00410091
-0.006127237
-0.007767596
-0.009165887
-0.01047373
-0.011666
-0.01287095
-0.01390977
-0.0142551
-0.01417795
-0.01415337
-0.01409695
-0.01383004
-0.01331241
-0.01299074
-0.01313939
-0.01337991
-0.01383301
-0.01539526
-0.01718586
-0.01798882
-0.01752215
-0.01658428
-0.01559645
-0.01456674
-0.01329463
-0.01132179
-0.008964656
-0.006862026
-0.004663753
-0.001983639
6.936985e-06
0.0009194426
0.001574937
0.002291547
0.002694387
0.002995582
0.003425654
0.003767904
0.00411444
0.004770833
0.00519784
0.004979985
0.004610319
0.004007693
0.00254543
0.0002741651
-0.002534831
-0.005766665
-0.009388542
-0.01332063
-0.01660367
-0.01890272
-0.0206764
-0.0223056
-0.02352424
-0.02300829
-0.02079981
-0.01720651
-0.01350084
-0.01045176
-0.007604487
-0.004475394
-0.001447077
0.0007808551
0.001864044
0.002692651
0.003853763
0.005059163
0.00604947
0.007001866
0.008437371
0.01056386
0.01315518
0.01609932
0.01957942
0.02342161
0.02739519
0.03097133
0.03381381
0.03522176
0.03568026
0.03681672
0.03804761
0.03784673
0.03723304
0.03731936
0.03776402
0.03783566
0.03728744
0.03628441
0.03519646
0.03435539
0.03334413
0.0315988
0.02955173
0.02759882
0.02548642
0.02297772
0.0200292
0.01629749
0.01218416
0.008255397
0.004033666
-0.000413096
-0.003868039
-0.006411008
-0.008783278
-0.01097632
-0.01270933
-0.0137899
-0.01392273
-0.0133592
-0.01260532
-0.0116266
-0.0101089
-0.00889585
-0.008527898
-0.007989671
-0.006840652
-0.005528181
-0.004176439
-0.00258978
-0.0007567647
0.001092224
0.002593672
0.003513735
0.00368431
0.003386575
0.002987553
0.00261182
0.001604747
-0.0006372016
-0.002691727
-0.003487509
-0.003181111
-0.003076771
-0.003844767
-0.004212616
-0.003416808
-0.001690073
0.0005494683
0.00325637
0.005708658
0.007635529
0.0100331
0.01267523
0.0155029
0.0196769
0.02323315
0.0250919
0.02634113
0.02794178
0.0295968
0.03041752
0.0301841
0.029734
0.02951437
0.0292224
0.0291025
0.02938934
0.02914038
0.0285497
0.02886369
0.02948856
0.02935719
0.0287364
0.02807345
0.02713582
0.0259653
0.02476295
0.02341722
0.02191976
0.02039461
0.01868371
0.01659476
0.01406958
0.01150572
0.009304092
0.007599771
0.006196391
0.00427471
0.002238202
0.001023949
-5.638427e-05
-0.001541508
-0.002851857
-0.003951112
-0.005349336
-0.007410368
-0.009716335
-0.01138554
-0.01237649
-0.01313228
-0.01365095
-0.01330984
-0.01117481
-0.008060367
-0.004942009
-0.001996402
0.00105821
0.004274442
0.007299813
0.009442226
0.01012457
0.009515745
0.008894618
0.008436675
0.007147854
0.00555832
0.004565145
0.003545701
0.002084581
0.0007365192
-0.0005716218
-0.002285253
-0.004531526
-0.006767224
-0.00847908
-0.009831009
-0.0109967
-0.01135369
-0.01109447
-0.01088291
-0.01087824
-0.01077766
-0.01015201
-0.009537932
-0.01003608
-0.01051338
-0.009778954
-0.008944243
-0.008605267
-0.007995451
-0.00685618
-0.005520936
-0.004075189
-0.002767117
-0.002293236
-0.002709568
-0.003900812
-0.005688008
-0.008090028
-0.01135213
-0.01441133
-0.0164083
-0.01783487
-0.01951438
-0.02175278
-0.02365292
-0.02377584
-0.02253113
-0.02104353
-0.01973072
-0.01849338
-0.01752775
-0.01636081
-0.01446739
-0.01248288
-0.01098882
-0.01008709
-0.009465331
-0.008901508
-0.008198574
-0.007314313
-0.006151896
-0.004646236
-0.002560543
-0.001065345
-0.001001723
-0.001556062
-0.002307521
-0.004009047
-0.006184361
-0.008056675
-0.01008176
-0.01208531
-0.01254278
-0.01231531
-0.012711
-0.01274252
-0.0118654
-0.0104984
-0.008771481
-0.00657019
-0.004148273
-0.001610995
0.001558081
0.00471646
0.006793211
0.008524363
0.01070633
0.01247355
0.01327012
0.01362225
0.01386006
0.01365786
0.01263065
0.01108935
0.009806112
0.008895274
0.008057718
0.007175581
0.006392784
0.005920262
0.005879761
0.006256602
0.005963061
0.004856157
0.004039418
0.003865643
0.003963373
0.0043057
0.004955075
0.005801743
0.007065637
0.009122018
0.01136541
0.01331294
0.01524616
0.01727452
0.01902433
0.02060257
0.02230791
0.02414383
0.02563782
0.02603681
0.025611
0.02477614
0.02353525
0.02192527
0.02026464
0.01819729
0.0151788
0.01220699
0.009985238
0.008211623
0.006886172
0.006103842
0.005007124
0.003625041
0.00284113
0.002376353
0.001572191
0.0006993421
-0.0001434294
-0.001249771
-0.002480669
-0.0034892
-0.00364491
-0.003115306
-0.002392734
-0.001663076
-0.0008192097
-0.0001259575
0.0004510839
0.001213829
0.002472955
0.004213166
0.006052004
0.0074457
0.007694486
0.007413513
0.007366146
0.007242826
0.006539589
0.005208069
0.003641596
0.002101551
0.00047146
-0.001172953
-0.002308796
-0.002789015
-0.00274066
-0.001905839
-0.0007244938
8.933114e-05
0.0003929936
0.0004442791
0.000364502
-8.9365e-06
-0.000922942
-0.001915712
-0.002554942
-0.003041881
-0.003562558
-0.00389466
-0.003503062
-0.002257312
-0.0007353204
0.0006307819
0.001717003
0.002504348
0.002758745
0.001844849
9.645613e-05
-0.001253085
-0.002011607
-0.002673067
-0.003229663
-0.003434151
-0.003179139
-0.002816698
-0.002635903
-0.002506112
-0.002593758
-0.003638548
-0.005220761
-0.006844939
-0.008379538
-0.009937712
-0.0116469
-0.0132599
-0.01446475
-0.01503709
-0.01529466
-0.01542097
-0.01481395
-0.01339001
-0.01182785
-0.01034484
-0.008594204
-0.006371257
-0.003911044
-0.001714117
0.0003737123
0.002925155
0.005340399
0.006990514
0.00857825
0.01033618
0.01140211
0.01126938
0.009980305
0.009171663
0.009097008
0.008177559
0.006869852
0.006336827
0.005836861
0.0047504
0.003586858
0.002748138
0.002080016
0.001045891
-0.0001838354
-0.0007224134
-0.0007260792
-0.0007416742
-0.000486881
0.0001649603
0.001080526
0.001957659
0.002546722
0.002344907
0.001901163
0.002246118
0.003361924
0.004668624
0.005908197
0.007052825
0.007876267
0.008537325
0.009323823
0.01053325
0.0117286
0.01188347
0.0116724
0.0121729
0.0126181
0.0122891
0.01155328
0.0107964
0.009972182
0.009489773
0.009543694
0.009933522
0.01000902
0.009542862
0.009214289
0.009264964
0.009186766
0.008744632
0.008096305
0.007283808
0.006327197
0.005338613
0.00424024
0.00296252
0.001768375
0.0006626193
-0.0006326044
-0.00222795
-0.004064276
-0.006220496
-0.008314353
-0.009877612
-0.01118107
-0.01269984
-0.01464973
-0.01655399
-0.0179486
-0.01843618
-0.01819679
-0.01773688
-0.01761761
-0.01785914
-0.01762018
-0.01676595
-0.0160502
-0.01565941
-0.01520392
-0.01405441
-0.01210383
-0.009586221
-0.00681877
-0.003778128
-0.0005707847
0.002659244
0.005743955
0.008622834
0.01111367
0.01270682
0.01331314
0.01395772
0.01499475
0.01587382
0.01630023
0.01645418
0.01686055
0.01756308
0.0181089
0.01790181
0.01663384
0.01530231
0.01443171
0.01349858
0.01200125
0.0100475
0.008258064
0.006564378
0.004254528
0.001696992
-0.000431635
-0.002095956
-0.00357282
-0.004855835
-0.005536357
-0.00566154
-0.005554198
-0.005998185
-0.007085442
-0.007298095
-0.006735429
-0.006618563
-0.006821057
-0.006610467
-0.005154116
-0.003103833
-0.001539135
-0.0008118165
-0.0006249323
-0.0005870912
-0.0005745904
-0.0008225181
-0.001095494
-0.001095732
-0.001018745
-0.0008413651
-0.0003116257
-2.591124e-05
-0.0004124318
-0.0009722754
-0.001026245
-0.0004042106
-0.0001924139
-0.0008218168
-0.0005733111
0.0007806983
0.002089061
0.002710171
0.002897779
0.003143368
0.003494562
0.003562991
0.003243821
0.002746742
0.002406098
0.00224754
0.00212119
0.002036294
0.002063982
0.002045772
0.002351643
0.003510327
0.004894968
0.005825262
0.005928776
0.005666071
0.005474575
0.005271656
0.004902676
0.004823786
0.005090772
0.005410023
0.00571638
0.006189028
0.007071793
0.007842665
0.007515451
0.007024393
0.007348255
0.00736593
0.006640401
0.005867216
0.005350794
0.004893924
0.004824377
0.005043654
0.004761228
0.004051706
0.003432339
0.002959693
0.0023032
0.001120868
-0.000349796
-0.00169963
-0.002542549
-0.003035053
-0.003384738
-0.003757347
-0.004229854
-0.005017873
-0.005636468
-0.005459619
-0.005029552
-0.004887743
-0.004692248
-0.004081507
-0.003117867
-0.00239103
-0.002100741
-0.00217154
-0.002767201
-0.003950234
-0.005109786
-0.006254078
-0.007860326
-0.009584133
-0.01103639
-0.01227047
-0.01320721
-0.01373579
-0.01393575
-0.01378183
-0.01303983
-0.0118623
-0.01046743
-0.008660557
-0.006668685
-0.005039122
-0.003977865
-0.00326661
-0.002323305
-0.001032997
0.0003149723
0.001179505
0.001391937
0.001147386
0.0007218523
0.000328474
0.0001166849
9.427736e-05
0.0001754816
0.0002783526
0.0004570662
0.0008624112
0.001545317
0.002413866
0.003135291
0.003472193
0.004069365
0.005291909
0.006294957
0.006763616
0.007102469
0.007639442
0.008242366
0.008296149
0.007621392
0.006417433
0.005202716
0.004137205
0.003004018
0.001542213
-0.0002695087
-0.001649875
-0.002296644
-0.002614915
-0.003197418
-0.004081097
-0.004501482
-0.004495755
-0.004691881
-0.005403608
-0.00651301
-0.007780225
-0.009088628
-0.01045056
-0.01159079
-0.01265497
-0.01428917
-0.01592779
-0.01685549
-0.01741358
-0.0180468
-0.01875249
-0.01973411
-0.0210768
-0.0222541
-0.02312427
-0.0239287
-0.02456128
-0.02487437
-0.02486726
-0.02446224
-0.02361905
-0.02242535
-0.02094205
-0.01920134
-0.01796265
-0.01761564
-0.01718863
-0.01629857
-0.01559926
-0.01505027
-0.01427317
-0.01363312
-0.01318132
-0.01251705
-0.01187537
-0.01154965
-0.01094129
-0.009719075
-0.008064348
-0.006594416
-0.005400043
-0.003533674
-0.001364802
-6.881156e-06
0.0006961339
0.001304481
0.001735129
0.001889285
0.001899596
0.002221538
0.002958125
0.004077103
0.005429474
0.006910537
0.00821649
0.009285539
0.01030473
0.01159678
0.01330301
0.01493599
0.01614697
0.01696712
0.01756117
0.01793866
0.01852889
0.01940298
0.0201204
0.02025504
0.01988408
0.01969268
0.01974242
0.01947637
0.01873873
0.01775435
0.01662975
0.01561329
0.01493236
0.01426717
0.01347603
0.0128738
0.01233276
0.01160237
0.0109008
0.01031174
0.009687031
0.009031768
0.008292131
0.006845317
0.005015518
0.003519763
0.001997977
0.0001823719
-0.001396827
-0.002221098
-0.002328556
-0.002207378
-0.001838777
-0.0008396173
0.0002548283
0.001028524
0.001645703
0.002187844
0.002407179
0.001867999
0.0007267725
-0.0004246175
-0.001881345
-0.004066128
-0.006419224
-0.008258917
-0.009379176
-0.01013747
-0.01081015
-0.01131106
-0.0115441
-0.01159771
-0.01195382
-0.01271597
-0.01358879
-0.01449789
-0.01542901
-0.01565843
-0.01553422
-0.01580821
-0.01547236
-0.01395679
-0.01166919
-0.009592598
-0.008275688
-0.007025116
-0.005303262
-0.00362376
-0.002407292
-0.001717903
-0.001378444
-0.001290273
-0.001643402
-0.00232675
-0.003079105
-0.003727363
-0.004308972
-0.004988644
-0.00571567
-0.006286974
-0.006490759
-0.006365863
-0.005846211
-0.005304382
-0.005240931
-0.00587628
-0.006667503
-0.006655515
-0.006106679
-0.005687888
-0.005320334
-0.004823001
-0.004449564
-0.004274856
-0.004207056
-0.004128468
-0.004269014
-0.005168738
-0.006147398
-0.006454531
-0.006272913
-0.006160816
-0.006452378
-0.006550498
-0.006067819
-0.005982208
-0.006426244
-0.00662822
-0.006542446
-0.006571688
-0.006701334
-0.006616646
-0.005924819
-0.004889378
-0.003957292
-0.003448784
-0.003176527
-0.002898148
-0.002383476
-0.001771671
-0.002118083
-0.003029039
-0.003378993
-0.003404079
-0.003870478
-0.00520814
-0.006936126
-0.00844129
-0.009392764
-0.009955949
-0.01039934
-0.01085448
-0.01120554
-0.01122852
-0.01081197
-0.009889403
-0.008671134
-0.007263253
-0.005687394
-0.004191971
-0.003314184
-0.002872312
-0.002481276
-0.001809759
-0.0009843743
-0.0005392204
-0.001078705
-0.00283912
-0.004342356
-0.004891624
-0.005213323
-0.006134524
-0.007582065
-0.00854057
-0.008930544
-0.009422048
-0.009904998
-0.009859103
-0.008924244
-0.007791878
-0.007442428
-0.007701139
-0.008000722
-0.008430466
-0.009026145
-0.009577409
-0.009519331
-0.008831322
-0.009046191
-0.01008231
-0.01055774
-0.01009491
-0.00926861
-0.008624085
-0.008288431
-0.008265912
-0.00875042
-0.009662501
-0.009771687
-0.009036682
-0.008207881
-0.007690695
-0.007325544
-0.00684316
-0.006349646
-0.006266046
-0.006115135
-0.005390095
-0.004469193
-0.003876445
-0.003854051
-0.004273029
-0.005037605
-0.005600597
-0.005811047
-0.006019803
-0.006433317
-0.006945111
-0.007379054
-0.007639158
-0.007777228
-0.00799934
-0.008284932
-0.008423423
-0.008465127
-0.008635486
-0.009311908
-0.01019927
-0.01070178
-0.01069171
-0.0104594
-0.01049723
-0.01072672
-0.01070978
-0.0104673
-0.01027919
-0.01028682
-0.01035893
-0.01032102
-0.0101519
-0.009940451
-0.009832273
-0.009880491
-0.01009894
-0.01050705
-0.01106992
-0.01151986
-0.01189916
-0.0125736
-0.01325647
-0.0135711
-0.01375293
-0.01403153
-0.0143073
-0.01431675
-0.01399559
-0.01359739
-0.01338209
-0.01349454
-0.01361559
-0.01352725
-0.01371088
-0.01438755
-0.01525029
-0.0159712
-0.01645415
-0.01645408
-0.01609856
-0.01551347
-0.01484364
-0.01418287
-0.0137392
-0.01339631
-0.01274429
-0.01201554
-0.01152505
-0.01070926
-0.009507279
-0.008724048
-0.008060367
-0.006852032
-0.006590912
-0.007730568
-0.008762988
-0.008753623
-0.007873197
-0.006819553
-0.005883285
-0.004879624
-0.003655114
-0.002235965
-0.0008343616
0.0005351087
0.002337195
0.00418678
0.005344849
0.006143543
0.00711804
0.008322097
0.009595721
0.0109467
0.01207962
0.01276005
0.0129134
0.01264583
0.01208723
0.01155379
0.01124872
0.01128924
0.01133128
0.01092972
0.01057914
0.01081615
0.01146521
0.01201915
0.01207297
0.01227755
0.01310652
0.01338719
0.01278366
0.01239051
0.0123932
0.01224139
0.01178214
0.01148726
0.01206648
0.01318833
0.01424563
0.0152122
0.01636602
0.01780739
0.01903449
0.0196836
0.01989326
0.01995527
0.0200434
0.02005606
0.01980446
0.01932366
0.01874073
0.01809708
0.01751879
0.01702683
0.01615293
0.01484512
0.01359159
0.01275913
0.01224118
0.01151181
0.01045123
0.009277058
0.00850179
0.008233686
0.007715181
0.007158708
0.007388958
0.007968428
0.008231075
0.008077675
0.008057636
0.008801181
0.009919909
0.01073258
0.0107363
0.01045625
0.01066184
0.01116298
0.01139296
0.01102761
0.01058494
0.01085438
0.0116318
0.01230477
0.01244772
0.01248717
0.0131329
0.01389517
0.01411994
0.01415221
0.01438314
0.01469047
0.0147107
0.01428475
0.01323972
0.01174093
0.01021576
0.008588596
0.006635145
0.004628611
0.003057578
0.002175496
0.001484972
0.0006861405
0.0001342342
-0.0001375121
-0.0004177736
-0.0005388975
-0.0002450396
0.0003982739
0.000949397
0.001105723
0.00146461
0.002404715
0.00318736
0.003428714
0.003292926
0.003390161
0.003968411
0.00459274
0.004935036
0.00501747
0.005186656
0.005619539
0.00611757
0.006483138
0.006673192
0.006601232
0.006333062
0.006694314
0.007736802
0.00862463
0.009189986
0.00981274
0.01062094
0.01150051
0.01235481
0.01316587
0.01394792
0.01465888
0.0153219
0.01609291
0.01689729
0.01756133
0.01822265
0.0189322
0.01924326
0.01918186
0.01910418
0.01920199
0.01935683
0.01923157
0.01879145
0.01821368
0.01773388
0.01735627
0.01680315
0.01615978
0.01570873
0.01514256
0.01417947
0.01314988
0.01237815
0.01186974
0.0113593
0.01055958
0.009223835
0.008086062
0.007157397
0.006113541
0.005304593
0.004883177
0.004501325
0.004179811
0.004200272
0.00499408
0.006322625
0.007379822
0.008305873
0.009739458
0.01154011
0.01329481
0.01489965
0.01638554
0.0177177
0.01864763
0.01903817
0.0191729
0.01937
0.01970888
0.02027461
0.02099916
0.02099919
0.02007128
0.01880175
0.01783672
0.01719177
0.01625268
0.01484398
0.01324042
0.01161272
0.0099511
0.008475351
0.007124254
0.005680546
0.00419442
0.002626208
0.0006887882
-0.0005841912
-0.000478159
-0.0001669989
-0.0005103901
-0.001327619
-0.002048406
-0.002454334
-0.002572573
-0.002801255
-0.0034895
-0.003409666
-0.00216677
-0.0009008627
-0.0005126937
-0.0009732455
-0.00104691
-0.000458042
-0.0007030806
-0.002044031
-0.003564278
-0.004398137
-0.004857725
-0.00594291
-0.00764422
-0.009216653
-0.009573975
-0.009150726
-0.008919084
-0.009099415
-0.009351056
-0.009524337
-0.009628588
-0.009594701
-0.009388661
-0.009077253
-0.008924924
-0.008931901
-0.008851922
-0.008839835
-0.009133518
-0.009674548
-0.01022133
-0.01050705
-0.01047818
-0.01029048
-0.01038755
-0.0106618
-0.01048813
-0.01006317
-0.009856049
-0.009703671
-0.009455385
-0.00936756
-0.009482312
-0.009644453
-0.009745382
-0.009882683
-0.01024142
-0.01038627
-0.009988138
-0.009553837
-0.009414999
-0.009408261
-0.00948327
-0.009701955
-0.009880868
-0.01001423
-0.0103511
-0.01082916
-0.01122503
-0.01132106
-0.01109442
-0.01058342
-0.009964203
-0.009409224
-0.009365019
-0.009766675
-0.01009077
-0.01042995
-0.01105391
-0.01136348
-0.01114783
-0.01090514
-0.01090866
-0.0111156
-0.01207647
-0.0136505
-0.01482948
-0.01546205
-0.01594098
-0.01599009
-0.01569964
-0.01540321
-0.01501336
-0.01436228
-0.01376123
-0.01310345
-0.01178227
-0.01028962
-0.009227048
-0.00792796
-0.006073663
-0.004291077
-0.002947005
-0.001935052
-0.0009349408
0.0001399692
0.001007285
0.001255098
0.0007633924
0.0008923057
0.001989006
0.002642845
0.002484683
0.002188193
0.00167204
0.0008208748
0.000157595
-9.936019e-05
-8.970752e-05
9.88808e-05
0.0003242362
0.0002975276
7.265134e-06
-0.0004130952
-0.0005306378
-0.0004308539
-0.0007366388
-0.001169963
-0.001073736
-0.0006389535
-0.0003440731
-0.0003646879
4.38198e-05
0.001535674
0.002586829
0.002494242
0.002317226
0.002810481
0.00377211
0.004320375
0.004344373
0.004565824
0.005165131
0.005855722
0.006681324
0.007569259
0.007697958
0.007208153
0.006803087
0.006724035
0.006756212
0.00682941
0.007002499
0.007364954
0.007936929
0.008569075
0.00883822
0.008529399
0.007639947
0.006536149
0.005499677
0.004596428
0.003590334
0.002304564
0.00104433
0.0001270779
-0.0003192793
-0.0003800674
-0.0002517678
-0.0004275521
-0.0007344808
-0.0005532315
-0.0001116041
9.169644e-05
7.969843e-05
0.0002050689
0.0007823547
0.001493422
0.001886495
0.002451277
0.00383597
0.005041458
0.005561635
0.006180414
0.006731379
0.006303143
0.004894286
0.003421403
0.002939565
0.00288843
0.002379911
0.001873015
0.002028774
0.002917468
0.00386278
0.004407004
0.004888397
0.005530396
0.006008103
0.006183545
0.006071675
0.00541346
0.004465913
0.004072954
0.003928092
0.003288211
0.002415159
0.001817635
0.001593072
0.001617605
0.001744305
0.001604418
0.000927436
-0.0005305636
-0.002323652
-0.004096796
-0.005764391
-0.006923808
-0.007771634
-0.008710274
-0.009490766
-0.009798837
-0.009995694
-0.01041494
-0.01103214
-0.01141826
-0.01141932
-0.01152291
-0.01188514
-0.01220954
-0.01198736
-0.01132219
-0.01089536
-0.01088604
-0.01099831
-0.01062205
-0.009615244
-0.008575627
-0.007725321
-0.006786809
-0.005600008
-0.004233386
-0.002870128
-0.001564303
-0.0002599667
0.00082202
0.001508096
0.001889216
0.002210162
0.002745434
0.003207153
0.003178626
0.002831996
0.002540493
0.002493654
0.002726487
0.003203503
0.004028415
0.004992816
0.005494422
0.005895226
0.006804839
0.007546456
0.007646403
0.00749982
0.007529995
0.007724134
0.007784044
0.007640984
0.00750126
0.007328678
0.006961411
0.006811353
0.006946337
0.006836435
0.006316237
0.005558914
0.004845328
0.004310413
0.003994482
0.003578555
0.00289001
0.002389758
0.002085884
0.001291285
0.0001534136
-0.0007749987
-0.001228881
-0.001378865
-0.001283252
-0.001259387
-0.001499324
-0.001775527
-0.001896277
-0.00188837
-0.001860638
-0.001788165
-0.001288307
-0.0005386521
-3.753733e-05
0.0001867171
0.0003906016
0.0007205147
0.00115553
0.001701057
0.002553839
0.003735404
0.004520967
0.00503422
0.006419947
0.008332897
0.009772566
0.01053492
0.01093498
0.01103946
0.0111127
0.01143503
0.01177215
0.01182623
0.01145278
0.01116649
0.01152675
0.01229794
0.01296172
0.01267428
0.01186533
0.01149027
0.01146481
0.01128619
0.01113164
0.01096254
0.01027696
0.008849851
0.007076859
0.006451382
0.00677731
0.006889373
0.006551539
0.006251521
0.006246638
0.006135919
0.005448388
0.00472388
0.004464941
0.004477808
0.004718165
0.005395056
0.005268559
0.003863378
0.00372955
0.004819296
0.005043145
0.004061539
0.002857117
0.002559647
0.003331965
0.00479338
0.005927658
0.006412296
0.006770593
0.007234915
0.007335298
0.006997443
0.00645665
0.005717804
0.004685882
0.003348401
0.002491277
0.00245298
0.002137818
0.001117772
-7.414992e-05
-0.0005247815
-0.0002695144
-8.893834e-05
-0.0006326364
-0.001972914
-0.002970052
-0.003280921
-0.00403898
-0.005157971
-0.005600198
-0.005398161
-0.005256104
-0.005976915
-0.007257151
-0.008421057
-0.009307106
-0.01000103
-0.01033976
-0.01048697
-0.01060089
-0.01046441
-0.01019205
-0.01041407
-0.01088538
-0.01104448
-0.01101057
-0.01104465
-0.01106083
-0.01109719
-0.0112852
-0.011463
-0.01152234
-0.01156741
-0.01154934
-0.01134058
-0.01129128
-0.01145026
-0.01106269
-0.01027832
-0.009798943
-0.009479663
-0.008950481
-0.008566299
-0.008389773
-0.008128587
-0.00779886
-0.007552279
-0.00732192
-0.007093222
-0.006970111
-0.006504412
-0.005413899
-0.004331235
-0.003777571
-0.003848633
-0.003838528
-0.003325344
-0.002923835
-0.003072353
-0.003586609
-0.003935387
-0.003923284
-0.003826423
-0.003801179
-0.003687913
-0.003564046
-0.003631338
-0.003779718
-0.003793807
-0.003546791
-0.003338111
-0.003444137
-0.003461205
-0.003203869
-0.003216707
-0.003667318
-0.004247026
-0.004335571
-0.003971248
-0.003862806
-0.004336013
-0.005248335
-0.006254557
-0.006768657
-0.005925101
-0.004825385
-0.00479748
-0.005232186
-0.00528799
-0.00532204
-0.005740028
-0.006540914
-0.007802775
-0.009283412
-0.01038911
-0.01129486
-0.01244269
-0.01348102
-0.01392533
-0.01358075
-0.01313128
-0.01316673
-0.01352356
-0.01368827
-0.01328314
-0.01271651
-0.01241489
-0.01181317
-0.01063685
-0.009359799
-0.008403447
-0.007804136
-0.007456712
-0.007279126
-0.00692277
-0.006341413
-0.005688231
-0.005164326
-0.004840881
-0.004876714
-0.005033973
-0.00468487
-0.004163333
-0.004114098
-0.0043067
-0.004344215
-0.004250199
-0.004457022
-0.005310475
-0.006405323
-0.007144981
-0.007123334
-0.006906194
-0.007093904
-0.007654458
-0.008240119
-0.008699539
-0.008633581
-0.007654745
-0.006772051
-0.00665191
-0.006608996
-0.006019513
-0.004835539
-0.003894891
-0.003731034
-0.004116523
-0.004462813
-0.004248154
-0.004072616
-0.004515642
-0.004985384
-0.005022537
-0.004851377
-0.004937553
-0.005448292
-0.005862749
-0.00563263
-0.004422464
-0.003164956
-0.002751494
-0.002800031
-0.002626092
-0.001968544
-0.001139787
-0.0004880309
-0.0004702966
-0.001067594
-0.001232041
-0.0007441432
-0.0001320377
-0.0001820233
-0.0008828145
-0.0007248991
0.0001575229
0.0002976285
1.877122e-05
0.000309964
0.0008941044
0.001350679
0.001912455
0.00239896
0.002374971
0.001975966
0.001602293
0.001620652
0.001883277
0.002108505
0.00230431
0.002597761
0.003100873
0.003823235
0.00472607
0.005570272
0.006180987
0.006337146
0.006503627
0.007445215
0.008248906
0.008003022
0.00750628
0.007517989
0.007935592
0.008276298
0.008345958
0.008287241
0.008240763
0.008041007
0.008015542
0.00865327
0.009449361
0.009848451
0.009510314
0.008908262
0.00860301
0.008527746
0.008429663
0.008541285
0.008783198
0.008841922
0.008661171
0.008450737
0.008788937
0.009509427
0.01005783
0.01018187
0.01003655
0.009930067
0.009916211
0.009858186
0.009744002
0.009650618
0.009445081
0.008797347
0.007271242
0.005909821
0.005576369
0.005585007
0.005161723
0.004203125
0.003177415
0.002375832
0.001599248
0.0009988913
0.001371642
0.002026745
0.001945636
0.001563966
0.001549465
0.001876794
0.002371038
0.003088601
0.004037478
0.004957835
0.004948951
0.004621616
0.005149233
0.005866753
0.005837295
0.005299702
0.004698852
0.00387458
0.00296437
0.002210696
0.001547111
0.000979673
0.0007816235
0.0001723025
-0.001299038
-0.002104739
-0.001910869
-0.001572947
-0.001021216
5.67923e-05
0.0004015638
-0.0002208626
-0.001204262
-0.001870793
-0.002144874
-0.002450419
-0.003008178
-0.003688121
-0.004260492
-0.004673621
-0.005091132
-0.005475526
-0.005521966
-0.005616822
-0.00612856
-0.006504947
-0.006393157
-0.006019874
-0.005832374
-0.005983712
-0.006056681
-0.00582642
-0.005481229
-0.005129794
-0.004642837
-0.003819145
-0.002677531
-0.001164937
0.0005639294
0.002342004
0.003573977
0.004028846
0.004528331
0.005434203
0.006338076
0.006805848
0.006695471
0.005959006
0.004760204
0.003331363
0.002358868
0.00236311
0.002530389
0.002335448
0.002202313
0.002093361
0.001564902
0.0008871468
0.0004791249
0.0004664831
0.0003712643
-0.0002135337
-0.0009543424
-0.00152528
-0.002009294
-0.00225425
-0.002080117
-0.001483344
-0.0008273923
-0.0007476541
-0.001077569
-0.001372273
-0.001321479
-0.0009733601
-0.0004642043
-0.0002536541
-0.0006887907
-0.001376692
-0.001918153
-0.002313425
-0.002533917
-0.002424376
-0.0021684
-0.001944007
-0.001650685
-0.001326613
-0.001180061
-0.001422481
-0.00189686
-0.002110747
-0.002084226
-0.002148752
-0.002403207
-0.002663404
-0.002537367
-0.002078062
-0.001548297
-0.0009731309
-0.0004012364
-0.0004132689
-0.0007588925
-0.0007917567
-0.0005867042
-0.0005372137
-0.0008470191
-0.001741573
-0.003404757
-0.00474527
-0.00513432
-0.00536798
-0.006127707
-0.00727899
-0.007968631
-0.00798439
-0.007751571
-0.007598143
-0.007503632
-0.007502331
-0.007565016
-0.007538417
-0.007345411
-0.007017226
-0.006829447
-0.006832175
-0.006444882
-0.005518318
-0.004348408
-0.003627687
-0.003501136
-0.003121992
-0.002002526
-8.405044e-05
0.001551126
0.002183528
0.002145785
0.002059795
0.002248513
0.0024699
0.002423591
0.002392247
0.002487509
0.002326401
0.001672182
0.0006235135
0.0004739489
0.001385496
0.002124339
0.0021179
0.001696194
0.001496079
0.001714337
0.002207202
0.002537301
0.00245753
0.00223106
0.002079795
0.001906476
0.001604371
0.00116791
0.000745038
0.000422094
0.0001794062
-0.0001250489
-0.0006076014
-0.001309489
-0.002051655
-0.002515575
-0.002764143
-0.003001921
-0.003163154
-0.003307638
-0.003792108
-0.004161757
-0.00394464
-0.003462235
-0.003226977
-0.003544508
-0.004025011
-0.004294776
-0.004581072
-0.005141254
-0.005933736
-0.006794682
-0.007607207
-0.008144023
-0.008617897
-0.009455373
-0.01011786
-0.01017636
-0.01062075
-0.01160866
-0.01243913
-0.01274936
-0.01272733
-0.01281185
-0.01292669
-0.01269481
-0.01205034
-0.01123134
-0.01094332
-0.01101646
-0.01083393
-0.01044905
-0.01016968
-0.009834241
-0.009398115
-0.009052826
-0.008943787
-0.00904344
-0.009220404
-0.009330792
-0.00927983
-0.009104443
-0.008946767
-0.009227237
-0.009787645
-0.01019183
-0.0104752
-0.01075664
-0.01036754
-0.009568107
-0.009248385
-0.009499481
-0.009863299
-0.009973997
-0.009748935
-0.009069289
-0.008143357
-0.007252226
-0.006720185
-0.00638756
-0.005939001
-0.005041994
-0.003640992
-0.001803903
5.653637e-05
0.00120062
0.002307038
0.004345459
0.006258235
0.007008392
0.007185296
0.007356115
0.007350917
0.007363135
0.007629456
0.008130564
0.008339492
0.00779769
0.006855247
0.005979183
0.00566893
0.005900351
0.006410242
0.006512401
0.005956183
0.00503394
0.004154387
0.00345433
0.003076028
0.002874339
0.002409852
0.001901226
0.001827746
0.001731461
0.001365658
0.00121699
0.001297346
0.001243497
0.0008911716
0.0003174269
-0.0004129395
-0.000922037
-0.0009761963
-0.0006196713
-0.0004779461
-0.001147513
-0.001318366
-0.0006823594
-0.0008081182
-0.001799064
-0.002629145
-0.002225888
-0.0008680701
0.0003791287
0.0008801239
0.0006993864
0.0005838121
0.0009399133
0.001915572
0.002869481
0.003181397
0.00336426
0.003947472
0.004928063
0.005655752
0.005642264
0.00572749
0.00637212
0.00687124
0.006743043
0.006153721
0.005893276
0.006124555
0.006226025
0.006119008
0.006194926
0.006207601
0.006032452
0.006328249
0.006935346
0.007152676
0.006833176
0.006316571
0.005755795
0.004875422
0.003433217
0.002436902
0.002209672
0.001930881
0.00140118
0.001010479
0.0009621845
0.001152136
0.001398782
0.001316941
0.0008557627
0.0009866128
0.001743218
0.001965055
0.00139558
0.000572279
-0.0002188555
-0.0008071958
-0.0007578662
-0.0006602917
-0.001028676
-0.001025731
-0.0006192765
-0.0003563878
0.0001615854
0.0009341803
0.001506179
0.001908451
0.002436728
0.003383468
0.004525967
0.005482731
0.005773334
0.005401855
0.005356867
0.005773474
0.006138991
0.006973944
0.008409593
0.009395198
0.009652726
0.009695213
0.01012908
0.01089567
0.01144117
0.01138778
0.01075863
0.01035694
0.01030231
0.009798576
0.008993414
0.008537798
0.008202012
0.007736608
0.007477626
0.007651581
0.00813376
0.008561042
0.008587032
0.007847571
0.00729517
0.007639591
0.007972311
0.007890936
0.007839803
0.007386186
0.006205919
0.005604074
0.005627384
0.005332683
0.005173093
0.005520798
0.005767711
0.005789849
0.005943337
0.006219954
0.006409981
0.006404279
0.006285385
0.006191992
0.006417847
0.006882224
0.007172853
0.007341682
0.007628093
0.007853224
0.007796985
0.007387897
0.006599751
0.005575498
0.005083233
0.004744183
0.00367271
0.002432462
0.00171209
0.001444706
0.0009696557
-8.278485e-05
-0.001029695
-0.001459548
-0.001694343
-0.002109279
-0.002664781
-0.002873621
-0.002796033
-0.002879122
-0.003200965
-0.003552163
-0.003758192
-0.003997805
-0.004507018
-0.004951997
-0.005199518
-0.005822524
-0.006566545
-0.006757269
-0.006968198
-0.00748614
-0.007608374
-0.007717204
-0.008468639
-0.009491385
-0.01018492
-0.01026354
-0.009956379
-0.009617955
-0.009724903
-0.01000604
-0.009882655
-0.009092628
-0.008058885
-0.007767989
-0.008029809
-0.008058161
-0.007725581
-0.007354861
-0.007097252
-0.007010151
-0.00714198
-0.007415905
-0.007574855
-0.007637898
-0.007156035
-0.006585029
-0.005803154
-0.005216157
-0.005393129
-0.005850626
-0.006024386
-0.005884552
-0.00594643
-0.006577944
-0.007333905
-0.007986901
-0.008924926
-0.00954973
-0.009300384
-0.008900395
-0.008824636
-0.00884029
-0.008729681
-0.008527266
-0.008372702
-0.008028481
-0.006849009
-0.005364196
-0.004313589
-0.00375334
-0.00315738
-0.001958551
-0.0005725087
0.0004265427
0.001001009
0.001471256
0.002101717
0.002840987
0.003499368
0.003795489
0.003799152
0.003872315
0.004462208
0.005456046
0.005512736
0.003864845
0.001991552
0.002101163
0.002670719
0.002299291
0.001424507
0.001009385
0.001169589
0.001340612
0.001023297
0.0001338576
-0.000724207
-0.0009558254
-0.0002267223
5.090956e-05
-0.00101527
-0.001897408
-0.001916151
-0.001772685
-0.001961251
-0.002377938
-0.002861837
-0.003281235
-0.003533559
-0.003281562
-0.002746357
-0.002699304
-0.002608087
-0.001581325
-0.0007995944
-0.0009329516
-0.001099856
-0.000811794
-0.0003223444
0.0002403332
0.0006689082
0.0005009969
0.000362571
0.0008607537
0.001431589
0.001734292
0.002090336
0.002553587
0.002978402
0.003529289
0.004219186
0.004896575
0.005431984
0.005769124
0.005855627
0.005577712
0.00471845
0.004027949
0.004079215
0.004343985
0.004308243
0.003921013
0.003435109
0.003002299
0.002670368
0.002434912
0.002526604
0.002693198
0.002569961
0.002700199
0.003107925
0.002843306
0.002061154
0.001461032
0.001170694
0.0009036308
0.00042659
-0.0002565286
-0.0007889918
-0.0009024227
-0.0008197822
-0.0007387487
-0.0004836211
-0.000230154
-0.0003347532
-0.0005408595
-0.0005607005
-0.0005312456
-0.0006207048
-0.0007731259
-0.0005360254
0.0001177626
0.0007108894
0.0006675663
-0.0001711937
-0.0003435999
0.0005880129
0.001406387
0.0012381
0.0002202438
-0.0004447677
-0.0002334795
0.0004997041
0.001125102
0.001396084
0.0008432701
-0.0002751328
-0.001037091
-0.001118497
-0.0008624557
-0.0006885689
-0.0007026232
-0.001066493
-0.001548101
-0.001787727
-0.001464539
-0.0008172036
-0.0005384022
-0.0006017176
-0.0005555332
-0.000371435
-0.0001634662
0.0001657942
0.000334307
-4.976423e-06
-0.0004482373
-0.0006078989
-0.0005128075
-0.000494307
-0.0007401316
-0.001240451
-0.001990243
-0.002741535
-0.00342989
-0.004246621
-0.004826508
-0.004890501
-0.005081328
-0.005706392
-0.006401415
-0.006541313
-0.006166881
-0.006655144
-0.007528459
-0.007293443
-0.006308362
-0.0054778
-0.004873018
-0.004216495
-0.003417307
-0.002550776
-0.001701268
-0.0008866173
-0.0001323952
0.0004770371
0.0009936428
0.001374073
0.001632621
0.001827802
0.001996396
0.002119381
0.002155412
0.002236783
0.002502972
0.002452595
0.001785285
0.00104879
0.0004139227
-0.0003865731
-0.0008360058
-0.0007840768
-0.0008997536
-0.001398072
-0.001968607
-0.002317183
-0.002410024
-0.002287179
-0.002115855
-0.001953591
-0.001619608
-0.001062424
-0.0003816574
0.0002084995
0.0005870709
0.001039789
0.001641716
0.001870411
0.001637694
0.00127218
0.001295714
0.001605595
0.001335684
0.0006611264
0.0003344681
0.0001761945
-0.0001106991
-5.163728e-06
0.0003429114
0.0003372467
9.650308e-05
-8.337172e-05
-0.0004265673
-0.0007524396
-0.0006223817
-0.0001961108
0.0002018894
0.0005058821
0.0008229055
0.001171096
0.001067708
0.000450431
-0.0002651792
-6.931916e-05
0.001660153
0.002763657
0.002266997
0.001435994
0.001307989
0.001739883
0.002030506
0.00198115
0.002087145
0.002385681
0.002522508
0.002610963
0.002829356
0.003076032
0.002998769
0.002354719
0.001607073
0.001168711
0.00130001
0.001638883
0.001741847
0.001530149
0.001296434
0.001375365
0.001499054
0.001271228
0.0009747334
0.0008933997
0.0009266933
0.000828296
0.0005486863
0.0006646382
0.001200196
0.001449772
0.001363308
0.001285586
0.000898117
0.0003356418
0.0005415806
0.001237584
0.001630002
0.001457538
0.001032656
0.0006694857
0.0004964788
0.0004966227
0.0006931048
0.001099728
0.001729071
0.002394636
0.002940728
0.003325688
0.003612218
0.00374618
0.003755669
0.003699641
0.003499994
0.003181206
0.002999239
0.003130763
0.003586428
0.004013507
0.004243305
0.004452609
0.004773505
0.005160309
0.00553585
0.005918811
0.006558908
0.007348654
0.007449428
0.006950044
0.006496753
0.006300673
0.006104385
0.005550402
0.004970002
0.004869984
0.004803053
0.004467509
0.004467456
0.004785614
0.00488627
0.004622359
0.004238466
0.004236526
0.00430398
0.003837628
0.003221999
0.002916255
0.002954441
0.003050236
0.003026406
0.002996791
0.003069413
0.003185512
0.003314556
0.003523273
0.00400205
0.0046526
0.004958416
0.004882158
0.004724146
0.004765401
0.005036224
0.005569751
0.00604806
0.00601847
0.005796822
0.005814243
0.005973485
0.006043156
0.00596542
0.005833731
0.005731874
0.005687731
0.005652898
0.005566649
0.005362179
0.005067875
0.004937605
0.005058038
0.005436642
0.005832851
0.006071868
0.006152335
0.006139359
0.006026625
0.005867196
0.005717086
0.005618224
0.005546644
0.005450085
0.005325194
0.005200507
0.005093554
0.005030253
0.005222671
0.005605016
0.005666069
0.005301268
0.004736209
0.00421657
0.003753158
0.003224198
0.002630576
0.002079217
0.001755722
0.001578803
0.001237185
0.0006875066
0.0001266865
-3.481876e-05
7.41436e-05
-0.0001376908
-0.0005716685
-0.0008379792
-0.0009276453
-0.0009741908
-0.0009577143
-0.0007600083
-0.0004058027
-0.0004048832
-0.0008226181
-0.001206567
-0.001171909
-0.0007906341
-0.0005478956
-0.0005326528
-0.0004676864
-0.0003213501
-0.0002097024
1.422504e-05
0.0002646157
0.0001224563
-9.177768e-05
4.308196e-05
0.0003045803
0.0003991443
0.0003117145
0.0002221512
0.0002423823
0.0004175442
0.0006717189
0.0008817004
0.0009130635
0.0006787611
0.0002439206
-0.0001483554
-0.0001904385
-0.0002177281
-0.0005745656
-0.001018652
-0.001272905
-0.001314116
-0.001178736
-0.0009130121
-0.0006861759
-0.0005565058
-0.0004925204
-0.0005027954
-0.0005823191
-0.0005135482
-0.0002929015
-0.0001553274
-0.0001517262
-0.0001806643
-0.000188819
-0.0001813047
-0.0001584454
-0.000129825
-0.0001129482
-0.0001998678
-0.0003441402
-0.000358791
-0.0002718465
-0.0002158795
-0.0002772823
-0.0003758416
-0.0003501456
-0.0003078432
-0.0004276179
-0.0005890344
-0.0006703658
-0.0007162498
-0.0007516547
-0.0007654435
-0.0008126964
-0.0009217657
-0.001078737
-0.001223119
-0.00132193
-0.001368004
-0.00140349
-0.001493229
-0.001577708
-0.001589138
-0.001562169
-0.00152395
-0.001436765
-0.001394444
-0.001467728
-0.001550349
-0.001587646
-0.001632733
-0.001650098
-0.001604182
-0.001618132
-0.001710747
-0.001802238
-0.001837029
-0.001832765
-0.001854668
-0.00187731
-0.001828707
-0.00171138
-0.001577038
-0.001456779
-0.001334216
-0.00118583
-0.001041895
-0.0009406883
-0.0009251339
-0.00092156
-0.0008383837
-0.0007032345
-0.000579638
-0.0005190896
-0.0004996686
-0.0004870451
-0.0004656907
-0.000439846
-0.0004105589
-0.0003919071
-0.0004038703
-0.0004002231
-0.0003444088
-0.0002664437
-0.0002114013
-0.0002001799
-0.0002165613
-0.0002384572
-0.0002491228
-0.0002611384
-0.0003025018
-0.0003755494
-0.0004661863
-0.0005709109
-0.0006793898
-0.0007804244
-0.0008556877
-0.0009012345
-0.0009367865
-0.0009893166
-0.001068456
-0.001139906
-0.001177281
-0.001177963
-0.00119588
-0.001268163
-0.001315184
-0.001316415
-0.00135186
-0.001395597
-0.00138794
-0.001346927
-0.001318573
-0.001322399
-0.001317906
-0.001277846
-0.001235157
-0.001211698
-0.001199251
-0.001175749
-0.001135565
-0.001096365
-0.001063038
-0.00102319
-0.00099069
-0.0009775506
-0.000960922
-0.0009336763
-0.0009096169
-0.0008963277
-0.000889388
-0.0008801505
-0.0008681157
-0.0008584423
-0.0008533675
-0.0008512405
-0.0008500564
-0.0008450942
-0.0008298919
-0.0008151404
-0.0008108385
-0.0008144211
-0.0008165241
-0.000811576
-0.0007969148
-0.0007761446
-0.0007649503
-0.0007634539
-0.0007622156
-0.0007582494
-0.0007543476
-0.0007511667
-0.0007473156
-0.0007405806
-0.0007328902
-0.0007258097
-0.0007152686
-0.0007035922
-0.0006973519
-0.0006950345
-0.0006921793
-0.0006878151
-0.0006838549
-0.0006819404
-0.0006815149
-0.0006816757
-0.0006842848
-0.0006888764
-0.0006922237
-0.0006957179
-0.000700412
-0.0006990939
-0.0006929115
-0.0006880045
-0.0006879614
-0.0006910249
-0.0006912984
-0.0006887253
-0.0006872248
-0.0006880764
-0.0006900121
-0.0006924142
-0.00069389
-0.0006933525
-0.0006921893
-0.0006916088
-0.0006915815
-0.0006911275
-0.0006897142
-0.0006890118
-0.0006898555
-0.0006904371
-0.0006891046
-0.0006860076
-0.0006846042
-0.0006854095
-0.0006853579
-0.0006834926
-0.0006810283
-0.0006788271
-0.0006770081
-0.0006755993
-0.0006741324
-0.0006722411
-0.0006698573
-0.0006674184
-0.000665492
-0.0006634761
-0.0006608608
-0.0006582949
-0.0006561163
-0.0006539606
-0.0006516023
-0.0006491589
-0.0006468456
-0.0006446533
-0.0006424104
-0.0006400571
-0.0006376958
-0.0006355327
-0.0006335907
-0.0006317685
-0.0006301665
-0.0006288899
-0.0006274651
-0.0006258378
-0.0006246289
-0.0006238121
-0.0006229664
-0.0006219794
-0.0006211149
-0.0006205621
-0.0006199494
-0.0006190347
-0.0006179593
-0.0006169476
-0.0006160599
-0.000615309
-0.0006146491
-0.0006139352
-0.0006131839
-0.0006124954
-0.0006118993
-0.0006113368
-0.0006107239
-0.0006100963
-0.0006095259
-0.0006090296
-0.0006085534
-0.0006080113
-0.0006074522
-0.0006069551
-0.0006064949
-0.000606033
-0.0006055691
-0.00060512
-0.0006046931
-0.0006042876
-0.0006039045
-0.0006035503
-0.0006032225
-0.0006029146
-0.0006026243
-0.0006023527
-0.0006020979
-0.0006018613
-0.0006016467
-0.0006014611
-0.0006013042
-0.0006011684
-0.0006010469
-0.0006009394
-0.0006008521
-0.0006007876
-0.0006007467
-0.0006007257
-0.0006007222
-0.0006007366
-0.0006007699
-0.0006008222
-0.0006008925
-0.0006009798
-0.0006010848
-0.0006012082
-0.0006013497
-0.0006015088
-0.0006016855
-0.00060188
-0.0006020922
-0.0006023222
-0.00060257
-0.0006028354
-0.0006031185
-0.0006034192
-0.0006037374
-0.0006040731
-0.0006044263
-0.0006047968
-0.0006051848
-0.00060559
-0.0006060126
-0.0006064523
-0.0006069092
-0.0006073831
-0.0006078741
-0.0006083821
-0.000608907
-0.0006094487
-0.0006100072
-0.0006105825
-0.0006111744
-0.0006117829
-0.0006124079
