0.0006316856
0.0006281464
0.0006239332
0.0006190777
0.0006135683
0.0006073793
0.0006004348
0.0005926341
0.0005837966
0.0005737188
0.0005628956
0.0005523643
0.0005419903
0.000531367
0.000521135
0.0005121145
0.0005039305
0.0004976049
0.0004944298
0.0004901455
0.0004846181
0.0004830769
0.0004879153
0.0004972758
0.000504283
0.0005033217
0.0004914521
0.0004772802
0.0004635681
0.0004399013
0.000412528
0.0003942416
0.0003818098
0.0003815906
0.0004144325
0.0004918836
0.0005819987
0.0006124441
0.0005911596
0.0005677374
0.0005794928
0.0005976112
0.0005781265
0.0005504733
0.0005369298
0.0005022587
0.0004131182
0.0002707248
0.0001068152
-3.929049e-05
-0.0001420999
-0.0002052901
-0.0002229223
-0.000150461
9.678708e-06
0.000219054
0.0004057391
0.0005423134
0.0006073081
0.0006647752
0.0007576433
0.0007925518
0.0007704276
0.0007719945
0.0007532801
0.0006807676
0.0006138171
0.0005326418
0.000408219
0.0003897252
0.0004764194
0.0005427887
0.0005276773
0.0004942355
0.0005520355
0.0006855888
0.0008142071
0.0008598235
0.0007868353
0.0005608561
0.0001118656
-0.0005312537
-0.001242874
-0.001855046
-0.002289221
-0.00249508
-0.002508427
-0.002336707
-0.001916389
-0.001303724
-0.0007005961
-0.0001785997
0.0002934325
0.0006350915
0.0008518167
0.0009568608
0.0008870256
0.0006305935
0.0004170575
0.0002679447
3.942001e-05
-0.000178719
-0.0002983062
-0.0003886195
-0.0005266196
-0.0007152242
-0.0009253523
-0.001145792
-0.001391069
-0.001681701
-0.00195172
-0.001786385
-0.001245565
-0.0006693373
-0.0001619536
0.0003510616
0.0007016559
0.0009362215
0.001243128
0.001325108
0.0009210302
0.0004291696
8.600793e-05
-0.0002636785
-0.0006244801
-0.0008410456
-0.0007281269
-0.0004570455
-0.0002954335
-0.0002594985
-0.0002864246
-0.0005799965
-0.001065402
-0.001475729
-0.001504027
-0.001181057
-0.001268172
-0.001793631
-0.002221103
-0.002345761
-0.002264172
-0.001803717
-0.001149024
-0.0006471964
-0.000372803
-0.0002078746
-1.193986e-05
0.0002543418
0.0005678187
0.0007555113
0.0007579836
0.0008763437
0.001130873
0.001245769
0.001250184
0.001319015
0.001425975
0.001492575
0.001481672
0.001184722
0.0005162355
-0.0001599091
-0.000676763
-0.001159282
-0.001655668
-0.002022849
-0.001805787
-0.001182734
-0.0006175836
-0.0003095033
-0.0001466429
0.0001107727
0.0002074659
-0.0005881806
-0.001758837
-0.002510731
-0.00281992
-0.002992378
-0.003093826
-0.002927915
-0.002369336
-0.001755208
-0.001280546
-0.0008926469
-0.0007357238
-0.0009199029
-0.001111303
-0.001115309
-0.0009684571
-0.0007411697
-0.0004984281
-0.0005590461
-0.0009282026
-0.001497274
-0.00224829
-0.003117947
-0.003539595
-0.003460045
-0.00308046
-0.00268549
-0.002391307
-0.002227073
-0.002110113
-0.002003737
-0.001744044
-0.001211756
-0.0003103427
0.0008738165
0.002217843
0.003299762
0.003388601
0.002709131
0.001885916
0.001485784
0.001368071
0.0009695524
0.0004016033
0.0001775744
0.0002879606
0.0004456429
0.000327077
-8.675977e-05
-0.000784369
-0.001494623
-0.001973866
-0.00211738
-0.002006529
-0.00149631
-0.0007575792
-0.0001207751
9.062276e-05
-0.0001746538
-0.0007126146
-0.001270702
-0.001357406
-0.0008963456
-6.240635e-05
0.000772129
0.001483316
0.001976255
0.002305724
0.00253229
0.002710174
0.00284744
0.003034591
0.003336901
0.003680428
0.004018814
0.004436844
0.004731411
0.004581835
0.003950915
0.002916165
0.001431359
-0.0002085655
-0.001224555
-0.001651179
-0.001829431
-0.001788045
-0.001583401
-0.001801836
-0.002419713
-0.003025679
-0.003515636
-0.00405895
-0.004746338
-0.005269997
-0.004987501
-0.004061914
-0.002884894
-0.001779769
-0.0007370784
0.0003779687
0.00160062
0.002644174
0.002973042
0.002898359
0.002827184
0.002833473
0.002798125
0.002595871
0.002205644
0.001801178
0.001521163
0.001523564
0.001735569
0.002006072
0.002120265
0.00201478
0.001718297
0.001268708
0.0006726848
-0.0001361439
-0.001234404
-0.002193354
-0.002839904
-0.003477823
-0.00422192
-0.004843902
-0.005071984
-0.004867899
-0.004301344
-0.003461737
-0.002212041
-0.0007589124
0.0004840488
0.001307864
0.001822975
0.002499669
0.00325644
0.003435025
0.00301677
0.002321582
0.00166106
0.001043649
0.0002215197
-0.0007686686
-0.001683802
-0.002399604
-0.002978322
-0.003416679
-0.003485602
-0.002928874
-0.001929501
-0.00073699
0.0002564451
0.0009553723
0.001341695
0.001685779
0.002156177
0.002433529
0.002247747
0.001158275
-0.0004371754
-0.001762338
-0.001824333
-0.0007778071
0.0007195853
0.002250175
0.00379652
0.004947689
0.00545089
0.005871694
0.006327522
0.006206698
0.005624311
0.00505139
0.00449668
0.003786114
0.002838966
0.001711424
0.0004974595
-0.0004715874
-0.001141652
-0.001720839
-0.002231453
-0.00250655
-0.002571831
-0.002533037
-0.002297542
-0.002015779
-0.001954834
-0.002072257
-0.002218649
-0.00227387
-0.002054318
-0.00118702
0.0001266796
0.001586434
0.002925285
0.004051123
0.004548312
0.00480047
0.005598784
0.006463866
0.006683634
0.006478679
0.006203834
0.005767421
0.005209319
0.00464768
0.003888006
0.002794767
0.001416521
-0.0001433379
-0.001864603
-0.003928205
-0.006071571
-0.007449221
-0.007852829
-0.007647295
-0.007177107
-0.006417217
-0.005223321
-0.004172417
-0.003935895
-0.004011413
-0.003806284
-0.003184492
-0.002355333
-0.001309748
-1.34925e-05
0.001460562
0.002696563
0.00358017
0.004168611
0.004522501
0.004588397
0.004354526
0.004039239
0.004045981
0.004159065
0.00394432
0.003239193
0.002204402
0.001015366
-1.827818e-05
-0.0007477991
-0.001267256
-0.001945078
-0.003199511
-0.004591262
-0.005601527
-0.006280036
-0.006735701
-0.006846376
-0.00666312
-0.006276554
-0.005394483
-0.004312864
-0.003603562
-0.003188498
-0.002652326
-0.001444226
0.0001728191
0.001633336
0.002624478
0.003255076
0.003938882
0.004715753
0.005215415
0.005110569
0.004409617
0.003354449
0.002220771
0.001153644
0.0004842688
0.0002721479
0.0003142086
0.000104921
-0.0006946332
-0.001756583
-0.002663123
-0.003245042
-0.003562662
-0.003707602
-0.003636711
-0.003225568
-0.002361538
-0.001389041
-0.0006313855
-0.0001329783
0.0002785229
0.000784204
0.001193702
0.001194121
0.0008562951
0.0004530056
0.0001755852
-0.0001399997
-0.0006070839
-0.0007837654
-0.0006305625
-0.0004302599
-8.213951e-05
0.0006030498
0.001380232
0.001854997
0.00162017
0.001019682
0.0005679182
0.0006325365
0.0009784703
0.001292845
0.001267955
0.000889286
0.0006061478
0.0008258359
0.001637083
0.002425569
0.002823856
0.003016582
0.003084649
0.002845276
0.002468869
0.00213783
0.001849713
0.001675146
0.001770457
0.002158566
0.00276744
0.003295056
0.003537102
0.003453927
0.003022152
0.002085871
0.0001793258
-0.002451586
-0.005188467
-0.006996858
-0.007656641
-0.007569288
-0.007625239
-0.008231028
-0.009240197
-0.0103209
-0.01134644
-0.01198081
-0.01225545
-0.0125474
-0.01262024
-0.01180285
-0.009574828
-0.006355767
-0.002849684
7.990746e-05
0.001843881
0.002771297
0.003211568
0.003408386
0.003478007
0.00342962
0.003464395
0.003720419
0.003897245
0.004027183
0.004413985
0.004921482
0.005312207
0.005574156
0.005565289
0.005054454
0.004365867
0.003772774
0.003191396
0.002909622
0.003366222
0.003791913
0.003688474
0.003419493
0.003278205
0.003161974
0.003073441
0.002921475
0.002404243
0.001700268
0.001068568
0.0001670396
-0.0007706716
-0.0006068321
-2.043697e-05
-0.0001092048
-0.0006130275
-0.001112074
-0.001712719
-0.002426981
-0.003244452
-0.004382047
-0.005672308
-0.006765766
-0.007683581
-0.008376109
-0.008384505
-0.00765955
-0.006406612
-0.004320991
-0.001710664
0.0001695339
0.001283908
0.002188687
0.002786622
0.002997239
0.003351376
0.00378071
0.003819127
0.003648317
0.003638028
0.003897317
0.004382288
0.005059147
0.00535347
0.005065597
0.004515528
0.003896738
0.00313038
0.002815093
0.003192598
0.00390975
0.004704085
0.005556644
0.006092638
0.00609816
0.005558922
0.00452986
0.003124886
0.00185109
0.0008444472
-1.972522e-05
-0.0004223588
-0.000317719
-7.839826e-05
-2.149732e-05
-0.0001937969
-0.0002298337
-9.621688e-05
-0.000234287
-0.0007690939
-0.001585132
-0.002538985
-0.003370953
-0.003621762
-0.00328825
-0.002662494
-0.00211196
-0.001787023
-0.001811224
-0.001950172
-0.001936842
-0.001558057
-0.0009598662
-0.0002911404
0.0004533213
0.001325058
0.00225262
0.003047811
0.00343731
0.003637428
0.003877217
0.003789722
0.003394015
0.003081951
0.003029811
0.003128965
0.003163174
0.003064436
0.002902251
0.002974648
0.00339321
0.003824298
0.003941162
0.003623636
0.002812966
0.001806726
0.001197833
0.0009310332
0.0007465137
0.001051636
0.002103155
0.00371043
0.005272429
0.006297396
0.005963575
0.004517591
0.003139536
0.00205971
0.0009460137
0.0004569132
0.0004545231
0.0001829713
-0.0003471135
-0.0007646574
-0.001228061
-0.001720075
-0.001974897
-0.001927579
-0.001673218
-0.000981507
-8.210001e-05
0.000581716
0.001013094
0.001353123
0.001372913
0.0009961199
0.0003393923
-0.0002634113
-0.0006027049
-0.0005885031
-0.0004346883
-0.0003082605
-0.0003198646
-0.0006651915
-0.001763387
-0.003423819
-0.005192224
-0.006557956
-0.007337317
-0.007541406
-0.007558536
-0.007611199
-0.007958491
-0.008774885
-0.01014552
-0.01156189
-0.01251635
-0.01266492
-0.01211201
-0.01108495
-0.009565828
-0.00732294
-0.004109314
-0.0005095895
0.002846271
0.005093812
0.005920271
0.005953343
0.005962769
0.006109649
0.006335251
0.006625545
0.006922031
0.007014
0.006515361
0.005449593
0.004075587
0.00267989
0.001536587
0.0008751524
0.00085585
0.001446347
0.002591389
0.004050618
0.005742548
0.007885108
0.01038088
0.01162143
0.011362
0.01005931
0.008409976
0.006702582
0.00494409
0.003138074
0.001348673
-0.0007888662
-0.003127194
-0.004793599
-0.005137091
-0.004238059
-0.002671822
-0.00102367
0.0005306476
0.001388992
0.001151599
0.0002424233
-0.0009541506
-0.002562463
-0.004723962
-0.007301896
-0.01000551
-0.01262724
-0.0150239
-0.01659319
-0.01716415
-0.01685948
-0.01558442
-0.01316292
-0.01014468
-0.007046627
-0.003861262
-0.0007108813
0.0020179
0.003783135
0.004646923
0.004599526
0.004371754
0.004765213
0.005316382
0.005447564
0.005391015
0.005361178
0.005256723
0.005269667
0.005475919
0.005637797
0.005608032
0.005426342
0.005254688
0.004663255
0.002556129
-0.00011126
-0.002096427
-0.003798972
-0.005653711
-0.007421262
-0.009040937
-0.01049401
-0.011571
-0.01213868
-0.01208718
-0.01162529
-0.01099024
-0.01025901
-0.009581967
-0.009097144
-0.0084966
-0.007574305
-0.006407481
-0.005373568
-0.004742215
-0.004387363
-0.003897379
-0.002796527
-0.001510757
-0.0006708957
-0.0004583191
-0.0006804152
-0.001235182
-0.001870427
-0.002428075
-0.002917454
-0.0033987
-0.003868213
-0.004303279
-0.004704442
-0.005132722
-0.005338123
-0.004704193
-0.003051719
-0.000681876
0.001753296
0.003876545
0.005537045
0.007038891
0.008552702
0.00979252
0.01068921
0.01169439
0.01315154
0.01507869
0.0168788
0.01832833
0.01981246
0.02122241
0.02170317
0.02075066
0.01851698
0.01543232
0.01246826
0.01017252
0.007917444
0.005412152
0.00304927
0.0009295226
-0.0009623262
-0.00242948
-0.003643918
-0.004809641
-0.005682914
-0.006026427
-0.005774839
-0.004989423
-0.003768749
-0.002238821
-0.0006218721
0.0006715318
0.001671837
0.002522924
0.003059214
0.003179732
0.003000801
0.002921793
0.003169845
0.003756112
0.004400171
0.004640074
0.004623047
0.00468895
0.004800855
0.004800526
0.004664471
0.004166909
0.003146454
0.00171183
0.0001928077
-0.001110948
-0.001541372
-0.001146056
-0.0004387444
0.0002172878
0.0007278073
0.000662341
1.95359e-05
-0.0009586004
-0.002246396
-0.004454938
-0.006828417
-0.008332071
-0.009211353
-0.009783966
-0.009638242
-0.009285197
-0.009346633
-0.00980795
-0.01053675
-0.01137498
-0.01142795
-0.01068392
-0.009733865
-0.00908631
-0.00871843
-0.008558716
-0.008727842
-0.009495194
-0.01094049
-0.01245583
-0.01285426
-0.01173393
-0.009480751
-0.006460147
-0.003093818
-0.0002272822
0.002121358
0.004133436
0.00494898
0.004381441
0.002805175
0.000716914
-0.001659815
-0.003938386
-0.005855832
-0.007261598
-0.007840595
-0.007657814
-0.006712033
-0.005474666
-0.004561845
-0.00455817
-0.00510204
-0.005160401
-0.004558453
-0.00359738
-0.002019408
1.168954e-05
0.001581486
0.002752827
0.004039453
0.005012434
0.00532591
0.005247438
0.005022287
0.004623472
0.004617543
0.005267259
0.006321566
0.007336517
0.008125896
0.008456658
0.008287893
0.007707522
0.007328085
0.007554646
0.008297334
0.008934238
0.00899455
0.008513018
0.007673963
0.006634313
0.005791293
0.00555014
0.005902224
0.006553383
0.007259616
0.007883538
0.008366115
0.008591594
0.008569799
0.00842268
0.008228286
0.007947087
0.007392623
0.006403294
0.004777489
0.001860941
-0.002060012
-0.005744174
-0.008837716
-0.01182456
-0.01520821
-0.01794438
-0.01902446
-0.01877573
-0.0178648
-0.01589325
-0.01324059
-0.01054569
-0.007646034
-0.004549563
-0.001985678
-0.0002839571
0.0004323264
-0.0001726999
-0.001995862
-0.004585308
-0.007605023
-0.01099582
-0.01461288
-0.01756074
-0.01915016
-0.01921822
-0.01819963
-0.01576492
-0.01217998
-0.008050545
-0.003897037
0.0001758311
0.003838456
0.00712569
0.01024649
0.01319662
0.01583915
0.01818292
0.02020498
0.02170358
0.02244327
0.0222145
0.02023302
0.01700531
0.0134368
0.009363612
0.004802305
0.0004132501
-0.004166093
-0.008405062
-0.01094211
-0.01237341
-0.01381374
-0.01554094
-0.01701635
-0.01781513
-0.01784352
-0.01734614
-0.0161686
-0.01374429
-0.009835999
-0.004798539
0.0005364093
0.005677121
0.01026924
0.01393987
0.01658679
0.01819033
0.01882191
0.01865706
0.01801719
0.01709958
0.01593013
0.01454954
0.0132825
0.01245829
0.01175122
0.01072175
0.009102264
0.006604562
0.003270945
-9.213048e-07
-0.002560055
-0.004435561
-0.005698977
-0.006107978
-0.005204497
-0.003225235
-0.0007549681
0.001980553
0.004404138
0.0058337
0.006571451
0.007020055
0.007308636
0.007343741
0.007010134
0.006338399
0.005431677
0.004329607
0.003212968
0.002155241
0.0008066443
-0.0008631452
-0.002661322
-0.004826981
-0.007350254
-0.009741781
-0.01181686
-0.01364575
-0.01490869
-0.01556483
-0.01564812
-0.0144516
-0.01176597
-0.008030793
-0.003845948
0.0007367592
0.005537001
0.01038305
0.01504803
0.01935553
0.02253161
0.02471647
0.02650381
0.02769152
0.02787962
0.02769608
0.02738444
0.0265093
0.0246557
0.02171452
0.01744528
0.01153852
0.004067468
-0.003795529
-0.011595
-0.01900726
-0.02548402
-0.03140461
-0.03600854
-0.03773913
-0.03638209
-0.03311437
-0.02796743
-0.02141615
-0.0139329
-0.007078759
-0.002346053
0.0005423356
0.002212651
0.002924718
0.003027549
0.00359983
0.005421077
0.008502161
0.01286628
0.01814582
0.02341952
0.02788775
0.03059581
0.03158034
0.03071221
0.02783571
0.02349555
0.01893099
0.01480339
0.0108136
0.006480622
0.001957189
-0.002671665
-0.007828822
-0.01275799
-0.01670219
-0.01960408
-0.02173032
-0.02308499
-0.02296985
-0.02133706
-0.0185485
-0.01507185
-0.01108731
-0.007540015
-0.004723991
-0.002507281
-0.001004747
-0.000611196
-0.0009030468
-0.001322912
-0.001724366
-0.001587147
-0.0001405293
0.002610724
0.006117844
0.01054898
0.01502778
0.01827185
0.02038354
0.02182413
0.02208503
0.02048245
0.01656512
0.01120198
0.00526034
-0.001588741
-0.008997234
-0.01568234
-0.0207181
-0.02447744
-0.02726108
-0.02838296
-0.02823168
-0.0275197
-0.02600749
-0.0235615
-0.02007932
-0.01585624
-0.01120587
-0.007525318
-0.00515807
-0.003601432
-0.002246287
-0.001128896
-0.000303945
0.0004230258
0.001822062
0.00436066
0.008195092
0.01291113
0.01832626
0.02325212
0.02693361
0.02907889
0.03012238
0.03026375
0.0298814
0.0293217
0.02849469
0.02709724
0.02480048
0.02176902
0.01835408
0.0148834
0.01160627
0.008739551
0.00667614
0.00577329
0.006491946
0.00820487
0.01038354
0.01286673
0.01544412
0.01693707
0.01693633
0.01484445
0.0104356
0.004107813
-0.004146034
-0.01267075
-0.01986629
-0.02560095
-0.02986247
-0.03237167
-0.03247033
-0.03052245
-0.02672768
-0.02197816
-0.01694002
-0.01155882
-0.006185667
-0.001881472
0.001921602
0.0063795
0.01119223
0.01547506
0.0190831
0.02136184
0.02271976
0.02384839
0.02531776
0.0272522
0.02972065
0.03229083
0.03399238
0.03461433
0.03413737
0.03196545
0.0280747
0.02305476
0.01769466
0.01238616
0.007339432
0.00309368
-0.0002508726
-0.004186172
-0.009381231
-0.01538362
-0.02092539
-0.02544317
-0.02905313
-0.03160348
-0.03278112
-0.032111
-0.03010961
-0.02749488
-0.02450974
-0.02122476
-0.01838151
-0.01606896
-0.01401282
-0.0118147
-0.009336081
-0.006574597
-0.003802235
-0.001911019
-0.0008892531
-0.0002037899
0.0002015598
7.242887e-05
-0.0003220029
-0.0005929147
-0.0006083841
-0.0007121099
-0.001287403
-0.003059019
-0.006158665
-0.01030688
-0.01400593
-0.01603862
-0.01561179
-0.01406753
-0.01255387
-0.01132799
-0.01005063
-0.008681804
-0.007394148
-0.006446342
-0.005976226
-0.005989942
-0.005988204
-0.005657852
-0.00502555
-0.004055529
-0.002241377
8.029217e-05
0.00239019
0.004826218
0.007637215
0.01030255
0.01291006
0.01627641
0.02021345
0.02410593
0.02719533
0.02899402
0.0296232
0.02921807
0.02762802
0.02461551
0.01999629
0.01428964
0.008165227
0.002290925
-0.003448062
-0.009314404
-0.01470215
-0.01856399
-0.02062568
-0.021261
-0.0205066
-0.01790155
-0.01411491
-0.009814189
-0.00570668
-0.001858815
0.001733341
0.005012386
0.007423114
0.008937043
0.009540678
0.009430352
0.008784775
0.007316186
0.005151594
0.003098699
0.001538754
0.0003038245
-0.0007208365
-0.001528314
-0.002145126
-0.002634216
-0.003032903
-0.003580935
-0.004447506
-0.005695343
-0.007687462
-0.01092933
-0.01463084
-0.01788985
-0.02030481
-0.02180077
-0.02247292
-0.0224503
-0.02151166
-0.01915908
-0.01576649
-0.01174896
-0.007424067
-0.002899345
0.001060031
0.00422456
0.006349864
0.007230862
0.006683163
0.005193583
0.002998425
0.0001913249
-0.002826578
-0.005184946
-0.005740656
-0.004233364
-0.001503596
0.001590045
0.00421083
0.006048768
0.006522109
0.005955625
0.004666125
0.003235464
0.001990969
0.001408104
0.00127705
0.001181289
0.001250005
0.001799373
0.002811985
0.004130268
0.005692599
0.007727295
0.01052614
0.0130955
0.01467646
0.01538268
0.01569067
0.01558688
0.01490782
0.01327039
0.01052528
0.00678777
0.002086035
-0.002969522
-0.007695616
-0.01181465
-0.01544422
-0.01862801
-0.02138456
-0.02372385
-0.02556664
-0.02643265
-0.02540947
-0.02312684
-0.02039425
-0.01751206
-0.01435438
-0.01144464
-0.009209805
-0.008567719
-0.009196417
-0.0106405
-0.01275307
-0.0153705
-0.01734153
-0.01826639
-0.01805411
-0.01756316
-0.01740413
-0.01713028
-0.01630253
-0.01485234
-0.01306699
-0.0110327
-0.00923832
-0.008186629
-0.007683723
-0.007574114
-0.008443382
-0.009943706
-0.01119637
-0.01183548
-0.01206114
-0.01218388
-0.01229756
-0.01242098
-0.01233383
-0.0117972
-0.01071832
-0.009045707
-0.006544199
-0.003644547
-0.0009505579
0.001514469
0.003944303
0.005913664
0.006680277
0.006346961
0.005594037
0.00498574
0.005040461
0.006201754
0.008673849
0.01246671
0.01700279
0.02179774
0.02635795
0.03042333
0.03262639
0.03263027
0.02967828
0.0194476
0.0009430636
-0.002951067
0.005008832
0.0117338
0.012694
0.01196607
0.01311557
0.01586937
0.01806621
0.0181599
0.01577625
0.01192468
0.007618218
0.003185614
-0.0006179647
-0.002942933
-0.004476941
-0.005747563
-0.00607256
-0.005044194
-0.002833186
-0.0003100658
0.002082677
0.00415353
0.006081614
0.008207672
0.009972106
0.0104989
0.009609666
0.007353464
0.003304729
-0.002840562
-0.01120629
-0.02000014
-0.02746004
-0.03339613
-0.03810078
-0.04153982
-0.04308102
-0.04241806
-0.04020947
-0.03690696
-0.03294305
-0.0284527
-0.02417006
-0.02088345
-0.0179974
-0.01484851
-0.01125021
-0.007434756
-0.0033622
0.0006750938
0.004086157
0.006665473
0.008358906
0.00949615
0.01021554
0.01056051
0.01041907
0.00934968
0.007665726
0.00586125
0.003869419
0.001936967
0.0005350427
-0.0006337509
-0.001847761
-0.002613789
-0.002290425
-0.0005467631
0.002463774
0.006423918
0.009778687
0.01207971
0.01372737
0.01452903
0.01372123
0.01134287
0.007918833
0.005229912
0.003900009
0.003490027
0.003162943
0.002641837
0.002072359
0.001862847
0.002240611
0.002799758
0.003106136
0.002715669
0.0009524298
-0.002799861
-0.007293516
-0.0112307
-0.01410426
-0.01602408
-0.01719846
-0.01780159
-0.01819105
-0.0186528
-0.01911976
-0.01953053
-0.02040112
-0.02187422
-0.02348022
-0.02447693
-0.02451961
-0.02335062
-0.02103976
-0.01696735
-0.01168537
-0.006134322
-0.001053121
0.003385955
0.006067827
0.006790149
0.005354703
0.002397027
-0.001101817
-0.004801311
-0.008455837
-0.01158979
-0.01349389
-0.01380166
-0.01223443
-0.009235547
-0.004974838
-0.0005018023
0.00350305
0.006420169
0.008541747
0.01076907
0.01342365
0.01626508
0.01863238
0.02026604
0.02120518
0.02145607
0.02073726
0.01894305
0.01638975
0.01432516
0.01316389
0.0125565
0.01211182
0.01190809
0.01216747
0.0128763
0.01390085
0.01511152
0.01656256
0.01857684
0.02099067
0.02346777
0.02569985
0.02740261
0.02776319
0.02685073
0.02516304
0.02278709
0.01939188
0.0153336
0.01121282
0.007299711
0.00397951
0.001542608
0.0003344667
0.0004522647
0.001673416
0.003373997
0.004676462
0.004254746
0.002374118
-0.0004119689
-0.003587173
-0.006694188
-0.009268025
-0.0111648
-0.01262454
-0.01393732
-0.01536957
-0.0170186
-0.01865138
-0.02014232
-0.02157377
-0.02255462
-0.02267636
-0.02172278
-0.02023138
-0.01865537
-0.01753827
-0.01740263
-0.01846928
-0.02014879
-0.02134667
-0.02142663
-0.02052459
-0.01895236
-0.0166487
-0.01327901
-0.009006599
-0.004019573
0.001098397
0.00596082
0.009869366
0.01272157
0.01415863
0.01452043
0.01398253
0.01340249
0.01352683
0.01477828
0.0169666
0.02042599
0.02448126
0.02833937
0.03114637
0.03265829
0.03315059
0.03256803
0.03029827
0.02634743
0.0212082
0.01558811
0.01038405
0.006096759
0.002974012
0.0007516564
-0.0007808591
-0.001889421
-0.002625761
-0.00319299
-0.003588381
-0.003691465
-0.004020132
-0.004905807
-0.005733231
-0.00585344
-0.005072226
-0.003325858
-0.0005879121
0.002601914
0.005687581
0.008427123
0.01065317
0.01206998
0.0128145
0.01288472
0.01166662
0.009620514
0.007757332
0.007022519
0.007264353
0.008226046
0.00946169
0.01066603
0.01188673
0.01325732
0.01470226
0.01596717
0.01674391
0.01712483
0.01720283
0.01670618
0.01532551
0.01275976
0.009437879
0.005765419
0.001348433
-0.003994814
-0.01005055
-0.01601054
-0.02076384
-0.02346919
-0.02415625
-0.02348443
-0.02077676
-0.01652883
-0.01193769
-0.007628974
-0.003512198
9.977027e-05
0.002820194
0.004752003
0.006188573
0.007399039
0.0086156
0.009958363
0.0114897
0.01304737
0.01399729
0.01415777
0.01334005
0.01160871
0.009168556
0.006317332
0.003288404
0.0002762179
-0.001779529
-0.002418296
-0.001717408
-0.0002030661
0.001680289
0.003093359
0.003872798
0.003943493
0.003099148
0.00107608
-0.001186152
-0.002977532
-0.004299404
-0.005129393
-0.005327478
-0.004639781
-0.003096141
-0.001036212
0.000632658
0.001193532
0.001013724
0.0005943397
-0.0006967639
-0.003488482
-0.007798569
-0.0118588
-0.01544826
-0.01970828
-0.02415797
-0.02798684
-0.03113903
-0.03362138
-0.03508557
-0.03408844
-0.03131815
-0.02810268
-0.02447895
-0.01956802
-0.01353706
-0.007074634
-1.484852e-05
0.007558776
0.01361844
0.01682636
0.01729255
0.01666231
0.01568458
0.01368624
0.01076146
0.008027347
0.006199642
0.00502529
0.004088339
0.003294575
0.002741847
0.002374023
0.001516543
-3.60015e-05
-0.002326276
-0.005035155
-0.007770505
-0.009825161
-0.01090319
-0.01091842
-0.009763033
-0.00772582
-0.005037971
-0.002086203
0.0007849616
0.003571794
0.006399648
0.009441231
0.0126882
0.01617988
0.01969709
0.02289934
0.02583246
0.02861403
0.03088403
0.03160612
0.03051773
0.02860339
0.02652286
0.02427187
0.02175395
0.0190627
0.0163175
0.01378692
0.01195853
0.01089007
0.01032487
0.0100482
0.00990165
0.009363437
0.008393181
0.007254944
0.006200314
0.005185284
0.003883013
0.00212935
1.040694e-05
-0.001813968
-0.003163214
-0.004459721
-0.005687005
-0.00655745
-0.00703428
-0.007571897
-0.00880398
-0.01069819
-0.01274426
-0.0138829
-0.01352277
-0.01148824
-0.008220965
-0.00435392
-8.325264e-05
0.004314038
0.008288767
0.01149044
0.01364508
0.01466776
0.01431424
0.01186986
0.007370213
0.00138289
-0.003646206
-0.007127612
-0.01004845
-0.0125021
-0.01388537
-0.0135997
-0.01184518
-0.009176635
-0.006127691
-0.003056896
-0.001146296
-0.0009018064
-0.002244051
-0.004208753
-0.006185281
-0.008142301
-0.009737378
-0.01064506
-0.01105033
-0.01120588
-0.01089103
-0.009965399
-0.008513563
-0.006441883
-0.003920919
-0.001515131
0.0004723059
0.001948555
0.002615204
0.002592698
0.002212153
0.00159688
0.0007013655
-5.684044e-05
-0.0004019979
-0.0003398588
0.0004430119
0.002170017
0.004646787
0.007436674
0.009816572
0.01117848
0.01113148
0.009233361
0.00516481
0.0001347691
-0.005105387
-0.01036268
-0.01475704
-0.01774287
-0.01940357
-0.01997776
-0.01975379
-0.01841325
-0.01696449
-0.01644256
-0.01688583
-0.01803133
-0.02002121
-0.02228456
-0.02421644
-0.02560733
-0.02627965
-0.0259726
-0.02559581
-0.02554316
-0.02516111
-0.02402389
-0.02208989
-0.01921865
-0.01557123
-0.01111297
-0.006310103
-0.001791907
0.002073762
0.005084339
0.007401909
0.009059058
0.009930548
0.01049958
0.01149021
0.01315549
0.01537099
0.01830143
0.02207212
0.02657477
0.030944
0.03443106
0.03674756
0.03795285
0.03836354
0.03784062
0.03574041
0.03176309
0.0263305
0.02089334
0.01542333
0.009736562
0.005369469
0.002785451
0.001439701
0.001332465
0.001992552
0.002934811
0.003730605
0.004125686
0.003729463
0.002654895
0.001142813
-0.001127884
-0.004338739
-0.007445148
-0.009683952
-0.01097625
-0.0107154
-0.009184862
-0.00655775
-0.003357753
1.698633e-05
0.003655511
0.007547095
0.01091885
0.01331209
0.0142125
0.0135799
0.01159756
0.008061608
0.003209833
-0.002525688
-0.008076207
-0.01248766
-0.01527249
-0.01658382
-0.01683593
-0.01622098
-0.01516325
-0.01405588
-0.01355103
-0.01396813
-0.01542163
-0.01707844
-0.01805138
-0.01717191
-0.01432827
-0.009861654
-0.004836964
0.0002173803
0.004163508
0.006741332
0.007357828
0.005858549
0.002065131
-0.004410373
-0.01278417
-0.02106756
-0.02806353
-0.03367345
-0.03769186
-0.039397
-0.03827157
-0.0338149
-0.02713921
-0.01898777
-0.01063374
-0.002817089
0.002862373
0.006436688
0.008404187
0.008987848
0.008415933
0.00718867
0.005818727
0.005329483
0.005906085
0.007708387
0.01052613
0.0140025
0.0176064
0.02107394
0.0237269
0.02533931
0.02599047
0.02581026
0.02468382
0.02259576
0.01944488
0.01512702
0.01103113
0.007606942
0.004299107
0.001610188
9.813779e-06
-0.000641485
-0.0005734024
0.0001546073
0.001454837
0.003265313
0.005827196
0.007965948
0.008698261
0.008446256
0.007710725
0.006264536
0.003692752
2.528276e-05
-0.003889118
-0.006514388
-0.007292893
-0.007033826
-0.006492521
-0.005927471
-0.005243057
-0.004326826
-0.00311945
-0.001880566
-0.001136573
-0.001158098
-0.001961217
-0.003923944
-0.006781373
-0.01002826
-0.01318865
-0.01613941
-0.01884203
-0.02085621
-0.02185806
-0.0219952
-0.02143065
-0.02004293
-0.01781894
-0.0148779
-0.0119893
-0.009299098
-0.006369916
-0.003830855
-0.002356546
-0.001547028
-0.001125181
-0.001527412
-0.002912627
-0.004913702
-0.006496843
-0.007153174
-0.006915072
-0.005710612
-0.003338745
-0.0001660346
0.003169517
0.006354429
0.009451763
0.01242532
0.01462313
0.01586804
0.01608455
0.0156283
0.0148707
0.01417953
0.01361993
0.01309498
0.01248749
0.0117819
0.01095009
0.009848817
0.008172017
0.006058091
0.003786832
0.001447949
-0.0007830864
-0.002706488
-0.004644946
-0.006844206
-0.009227637
-0.01159115
-0.01354183
-0.01445303
-0.01466929
-0.0146258
-0.01412848
-0.01312389
-0.01207429
-0.01149537
-0.01154583
-0.01253841
-0.01451753
-0.01717581
-0.01935005
-0.02061486
-0.02122123
-0.02141342
-0.02095387
-0.01912247
-0.01606985
-0.01277597
-0.009603772
-0.006267241
-0.003382182
-0.001502101
-5.315779e-05
0.001407849
0.002717624
0.003698962
0.004377211
0.004654488
0.004455404
0.003749364
0.002765052
0.001822503
0.001615307
0.002080616
0.002768734
0.003407369
0.004176395
0.005638064
0.007703938
0.009919503
0.0118556
0.01348687
0.01509804
0.01649702
0.01685958
0.01641649
0.01581007
0.01512175
0.01422373
0.01310662
0.01191267
0.01080321
0.009897444
0.008869032
0.007400753
0.005394463
0.002903546
-9.520039e-05
-0.003378576
-0.006665435
-0.009670127
-0.01158946
-0.01186478
-0.01025147
-0.007712374
-0.005208341
-0.002966662
-0.0007362585
0.001483635
0.003458293
0.004951388
0.006085861
0.006964938
0.00741273
0.00714807
0.005817953
0.003844648
0.001678911
-0.0009654056
-0.003810824
-0.006143961
-0.007644115
-0.008311482
-0.0079148
-0.006795314
-0.00539504
-0.003899221
-0.002524628
-0.001758983
-0.001583513
-0.001820367
-0.002845311
-0.004304419
-0.00553565
-0.007094791
-0.009221747
-0.01053049
-0.01071961
-0.01045979
-0.00998665
-0.009242421
-0.008390926
-0.007327991
-0.005913084
-0.00430179
-0.002882727
-0.002169606
-0.002324651
-0.003416299
-0.004716415
-0.005713739
-0.006412928
-0.007067508
-0.007751112
-0.0082564
-0.008232677
-0.007402868
-0.005886985
-0.003987104
-0.00156569
0.001128743
0.00363386
0.005914888
0.00809966
0.009927547
0.01126652
0.01228568
0.01304246
0.01354704
0.01426909
0.01522878
0.01590166
0.01675399
0.01830847
0.01964996
0.02033324
0.02095813
0.02165156
0.02213237
0.02255077
0.02303367
0.02345582
0.02408181
0.0252033
0.02677329
0.02851821
0.03035213
0.03188569
0.03281265
0.0329367
0.03235631
0.03131445
0.0300265
0.02852115
0.02667656
0.0247837
0.02327561
0.02206913
0.02092606
0.01981536
0.01869515
0.0174214
0.01548882
0.01284112
0.009600654
0.005407587
0.0006284303
-0.003629502
-0.007118105
-0.01010114
-0.01246186
-0.01442623
-0.01617041
-0.01713177
-0.01717557
-0.01658971
-0.01584744
-0.01510379
-0.01423988
-0.01297476
-0.01114844
-0.009418486
-0.008092432
-0.006688577
-0.005193391
-0.004077669
-0.003451358
-0.003123509
-0.003277648
-0.003800763
-0.004348428
-0.004471708
-0.004143009
-0.003608117
-0.002846835
-0.001537244
0.0003459444
0.00263084
0.005250852
0.007987748
0.01066282
0.01303126
0.01488385
0.0158212
0.01573362
0.01465046
0.01289744
0.01034485
0.00678407
0.003093266
0.0001826408
-0.001319265
-0.002079248
-0.002885282
-0.003464036
-0.003523214
-0.00349386
-0.00377456
-0.004473282
-0.00567712
-0.007201565
-0.008627819
-0.00993176
-0.01125189
-0.01230927
-0.01299788
-0.01336435
-0.01313751
-0.01228636
-0.01079041
-0.008889134
-0.00680718
-0.004257984
-0.001087902
0.001745714
0.003855646
0.005388798
0.006669508
0.007652678
0.008000713
0.007560648
0.006320242
0.004422647
0.002060403
-0.0003521195
-0.002741138
-0.005194061
-0.007018857
-0.007972105
-0.008511714
-0.008702098
-0.008366893
-0.007839296
-0.007457007
-0.007390912
-0.007528279
-0.007748511
-0.008103468
-0.008517034
-0.008828866
-0.008982102
-0.009039998
-0.009275448
-0.00971682
-0.0102137
-0.01064839
-0.0109814
-0.01097531
-0.01054573
-0.009676289
-0.008189348
-0.00615274
-0.00363432
-0.000785681
0.002245199
0.004939305
0.006932732
0.008018741
0.008597291
0.008924593
0.008986478
0.008682639
0.007881516
0.006877815
0.006037621
0.005075743
0.003731274
0.002538364
0.00165524
0.0008136563
0.0001536867
-9.475282e-05
0.0001596806
0.0009307773
0.002160849
0.003680128
0.00533091
0.00692801
0.008306337
0.009324624
0.01005056
0.01062604
0.01099242
0.01099583
0.01047719
0.009226653
0.007204543
0.004380926
0.000806325
-0.003280024
-0.006932548
-0.009861744
-0.01232687
-0.01457002
-0.01653239
-0.0179679
-0.01894618
-0.0196496
-0.02000195
-0.02014853
-0.02032844
-0.02027242
-0.01968168
-0.01860007
-0.01711837
-0.01517532
-0.01304273
-0.01090642
-0.008729738
-0.006498986
-0.004532508
-0.0030071
-0.001929099
-0.001210431
-0.0007629333
-0.0008272529
-0.001219964
-0.001519852
-0.001278774
-0.000386792
0.0008944151
0.002364394
0.004063551
0.005740681
0.007184862
0.008315781
0.009213877
0.01000683
0.01063527
0.01098128
0.01088807
0.01041815
0.009791056
0.008789925
0.007142558
0.004891193
0.002445377
0.0001739766
-0.001461723
-0.00251582
-0.003155511
-0.003708592
-0.004393342
-0.004984271
-0.0053345
-0.005596927
-0.005830029
-0.005909319
-0.005666736
-0.005138396
-0.004491992
-0.003956984
-0.003667689
-0.003607463
-0.003672665
-0.003779127
-0.003625676
-0.002968474
-0.002521932
-0.002639881
-0.002912592
-0.003088636
-0.003337619
-0.003817833
-0.004339142
-0.004455932
-0.004314725
-0.004236703
-0.00407578
-0.003809929
-0.00385237
-0.004449786
-0.00569889
-0.007451842
-0.009433185
-0.011379
-0.01326229
-0.01513228
-0.01681294
-0.01819189
-0.01917523
-0.01924929
-0.0184218
-0.01690604
-0.01486723
-0.01230447
-0.009536282
-0.006754878
-0.003845884
-0.0006694546
0.00280506
0.006072139
0.008618223
0.01048302
0.01185706
0.01272866
0.01319691
0.01368256
0.01437035
0.0151253
0.0158123
0.01622728
0.01619852
0.01551578
0.01325576
0.01020441
0.007267514
0.003986818
0.0002228145
-0.003680756
-0.007504084
-0.01026953
-0.0108639
-0.009545434
-0.006944838
-0.004237792
-0.00162257
0.001588671
0.005344367
0.009054488
0.01202334
0.01409459
0.0157175
0.01709855
0.01802797
0.01848683
0.01854279
0.01836599
0.01804646
0.01754633
0.01665323
0.01513749
0.01334802
0.01160637
0.009892709
0.008155142
0.00641349
0.004659552
0.00300784
0.001590242
0.0001665314
-0.001425495
-0.003113405
-0.004905766
-0.006887273
-0.008656321
-0.010023
-0.01117864
-0.01209233
-0.01255609
-0.01231465
-0.01163218
-0.01079986
-0.009947671
-0.009083969
-0.008319998
-0.007742671
-0.007400062
-0.00736562
-0.00763677
-0.007983809
-0.008164291
-0.007929059
-0.007410816
-0.006824946
-0.006161005
-0.005424297
-0.004831506
-0.004305865
-0.003629237
-0.002666143
-0.001452385
0.0002169126
0.002210912
0.004227555
0.005916043
0.007202894
0.008271839
0.009155514
0.009661118
0.009943609
0.0102397
0.01051588
0.01064938
0.01058458
0.01015365
0.009184743
0.007358391
0.004983706
0.002555469
0.0003742089
-0.001611405
-0.003509746
-0.00527447
-0.006681403
-0.007054666
-0.006489915
-0.005461953
-0.004068863
-0.00218686
-0.0003982304
0.001066989
0.002421985
0.003801678
0.005070193
0.005857938
0.006281864
0.006650971
0.007073454
0.007566674
0.008543344
0.009889949
0.0111933
0.01217998
0.0128364
0.01308221
0.01309502
0.01303395
0.01250004
0.01144565
0.01039824
0.00942016
0.008209964
0.006369861
0.00415564
0.002274303
0.0009113853
-0.0002770325
-0.001617418
-0.002654664
-0.00293164
-0.002527889
-0.001552303
0.0002109906
0.002406555
0.004587186
0.006622989
0.0083521
0.009234798
0.009292362
0.008621699
0.007337018
0.005492067
0.003104619
0.000983286
-0.0005494722
-0.002052402
-0.003498833
-0.004481072
-0.004845122
-0.004644258
-0.00385556
-0.00246934
-0.0006592244
0.0007730335
0.001669235
0.002248057
0.002528117
0.002314039
0.001242349
-0.0003384604
-0.001836507
-0.00291537
-0.003560728
-0.003706256
-0.003423733
-0.002605215
-0.0009240175
0.00141701
0.003715592
0.005833809
0.007996747
0.009760087
0.01092608
0.01168026
0.01210465
0.01203692
0.01145079
0.01054087
0.009558914
0.008701825
0.007955199
0.006980197
0.005807061
0.004715675
0.003722492
0.002646052
0.001336139
0.0002699566
-0.0001341692
4.002376e-05
0.0002408078
9.039616e-05
-0.0001398678
-0.0001942035
-0.0004007674
-0.0008135472
-0.001207258
-0.001759558
-0.002788338
-0.004531825
-0.006306003
-0.007457527
-0.007863752
-0.008104684
-0.008653764
-0.009289815
-0.00977792
-0.01027796
-0.01054181
-0.01033533
-0.01006319
-0.009889985
-0.009520461
-0.008329312
-0.006348481
-0.004173312
-0.002092648
1.195209e-05
0.001873522
0.003382374
0.004668555
0.005801838
0.006701266
0.007349167
0.00788054
0.008493659
0.008977154
0.009119181
0.00914302
0.009131785
0.008795167
0.008080841
0.007173219
0.006317478
0.005653134
0.00517276
0.004407674
0.003267817
0.002160119
0.001027847
-0.0003013551
-0.001488412
-0.002557532
-0.003737849
-0.004953133
-0.006122767
-0.00728703
-0.008438997
-0.009564444
-0.01067284
-0.01158368
-0.0121454
-0.01234375
-0.012406
-0.01252433
-0.01268813
-0.01283651
-0.01300659
-0.01329815
-0.01377556
-0.01450437
-0.01515746
-0.01533215
-0.01514512
-0.01487443
-0.01445045
-0.01371927
-0.01264047
-0.01148037
-0.01040984
-0.009384729
-0.008347254
-0.007340015
-0.006475024
-0.005715423
-0.004876095
-0.003949419
-0.003108471
-0.002785619
-0.002763095
-0.002548991
-0.00214177
-0.001785877
-0.001596766
-0.001614465
-0.001908137
-0.002542138
-0.003441411
-0.004601211
-0.005719491
-0.006370979
-0.006232004
-0.005638613
-0.005353853
-0.005672672
-0.006501331
-0.007289369
-0.007817295
-0.008264248
-0.008775621
-0.009387994
-0.01001467
-0.01020094
-0.009808076
-0.00906095
-0.007916867
-0.006086968
-0.004395003
-0.003347312
-0.002856265
-0.002598753
-0.002478584
-0.002465105
-0.002549892
-0.002735954
-0.002963673
-0.003163879
-0.003404402
-0.003636437
-0.003613829
-0.003289892
-0.002730523
-0.002226352
-0.001884056
-0.001583049
-0.00119642
-0.0007154782
-0.0001990002
0.0002940714
0.0006862318
0.001020695
0.00136654
0.001619331
0.001738174
0.001828258
0.001921034
0.001928657
0.001635889
0.001125909
0.0007695368
0.0005032419
1.369924e-06
-0.0009487131
-0.002150346
-0.003205645
-0.004164445
-0.005211294
-0.006069591
-0.006552073
-0.00669267
-0.006615924
-0.006321541
-0.00573202
-0.005006241
-0.004374173
-0.004002018
-0.003892584
-0.003846786
-0.003878541
-0.004165494
-0.004549851
-0.004850422
-0.005095862
-0.00518262
-0.004925198
-0.004654009
-0.004560174
-0.004333491
-0.004012722
-0.003930772
-0.004008889
-0.004090119
-0.004400991
-0.004814112
-0.004994453
-0.005150417
-0.005382497
-0.005333407
-0.005133683
-0.005111973
-0.00495616
-0.004503594
-0.004099371
-0.003857466
-0.003660388
-0.003678748
-0.004082001
-0.004903446
-0.005583263
-0.005552489
-0.004778109
-0.003660698
-0.00259417
-0.001810032
-0.001444924
-0.001718206
-0.002427844
-0.00291994
-0.003146028
-0.003451275
-0.003868071
-0.00424883
-0.004548486
-0.004845694
-0.005183227
-0.005260026
-0.004966254
-0.004488789
-0.004015563
-0.003565469
-0.003255531
-0.003061793
-0.002711448
-0.002117417
-0.001382202
-0.0007500226
-0.000222218
0.0005776711
0.001444342
0.00188161
0.002218994
0.002793823
0.003034852
0.002893322
0.002832857
0.002868567
0.002768259
0.002510523
0.002195637
0.001870812
0.001511568
0.001119542
0.000899881
0.000731088
0.0003348192
-0.0001431715
-0.0004567496
-0.0004825445
-0.000446411
-0.0005895192
-0.000593666
-0.000152142
0.0005834021
0.001508195
0.002744068
0.004254362
0.005973073
0.007935592
0.009917067
0.01133514
0.01243999
0.01369607
0.01474624
0.01533187
0.01571639
0.01610704
0.01646278
0.01679966
0.01714047
0.0174235
0.01761062
0.01770416
0.01767005
0.01746977
0.01713119
0.0165824
0.01566932
0.01438874
0.0128969
0.01126737
0.009587382
0.007967268
0.00654898
0.00538961
0.004527052
0.003954276
0.003678995
0.003853215
0.004350276
0.00501469
0.005696301
0.006309377
0.006660876
0.006530062
0.005616376
0.004070138
0.002363775
0.001631097
0.001813361
0.002160872
0.002055577
0.001580078
0.0009550883
0.0005377554
0.00054523
0.0005612697
0.0002386814
-0.0004065197
-0.001075244
-0.001614977
-0.002170776
-0.002834029
-0.003523653
-0.003985435
-0.00421213
-0.004460598
-0.004746251
-0.004884916
-0.0048526
-0.004736081
-0.00456309
-0.004113114
-0.003225157
-0.001861127
-0.0004621303
8.356287e-05
5.663393e-05
0.0001655585
0.0006836661
0.001364513
0.001927292
0.002376046
0.002820335
0.003127474
0.003271651
0.00328532
0.00307401
0.002577273
0.001956905
0.001283824
0.0005084734
-0.0001450028
-0.0006100776
-0.001091527
-0.001500034
-0.001692879
-0.001963588
-0.002444
-0.003055779
-0.003722748
-0.00440759
-0.004907684
-0.005306192
-0.005835592
-0.006536786
-0.007311843
-0.008086003
-0.008492137
-0.008295534
-0.007615291
-0.006654754
-0.005244353
-0.003720423
-0.002442223
-0.001146094
0.0002150709
0.001121925
0.001486624
0.001593333
0.001716711
0.001882101
0.001990409
0.002135663
0.002467736
0.003038775
0.003608543
0.003930545
0.004166932
0.004490571
0.0047485
0.004957567
0.005274635
0.005448484
0.005427855
0.005575543
0.005859411
0.006005347
0.006047806
0.006055843
0.00589021
0.005662188
0.005476359
0.004943963
0.004132471
0.003467381
0.002846319
0.001967424
0.0008329643
-7.737458e-05
-0.0003071824
-6.099484e-05
6.287988e-05
-0.0005435122
-0.001665359
-0.002850785
-0.003984701
-0.005074
-0.006057506
-0.006857518
-0.007427376
-0.00770452
-0.007847127
-0.008022698
-0.008291729
-0.008480341
-0.008312426
-0.007979373
-0.007703773
-0.007149495
-0.00620698
-0.005045077
-0.003582889
-0.001750114
-0.0001758777
0.0008866313
0.001637214
0.002262398
0.00277655
0.003476763
0.00423349
0.004692686
0.004967374
0.005220563
0.005059735
0.004545169
0.00404365
0.003488298
0.002704952
0.001709039
0.0005462851
-0.0007395659
-0.001956187
-0.003137926
-0.004444363
-0.005750504
-0.006854754
-0.007626276
-0.008082412
-0.00823609
-0.007825678
-0.007031225
-0.006221763
-0.005493646
-0.004787702
-0.004340784
-0.004245133
-0.004451387
-0.004893595
-0.005426725
-0.005803557
-0.005981238
-0.006001067
-0.005941927
-0.005716501
-0.005067233
-0.004343136
-0.00394567
-0.003817277
-0.003633926
-0.003184961
-0.002727538
-0.002476108
-0.002108186
-0.001498741
-0.0008080617
-0.0001308242
0.0005814417
0.001526233
0.002755443
0.004194768
0.005584948
0.006866526
0.008282318
0.009735173
0.01091915
0.01198229
0.01307827
0.01379294
0.0140583
0.01412239
0.01409819
0.01387507
0.01326676
0.01259245
0.01217152
0.01186133
0.01138658
0.01060132
0.01008482
0.01028663
0.01093468
0.01147192
0.01157308
0.01137643
0.01109955
0.01078248
0.01034273
0.009719118
0.009061164
0.008469465
0.007891951
0.007237495
0.006474876
0.005691933
0.005011928
0.004557093
0.004267255
0.004033547
0.003811523
0.003636863
0.003615283
0.004182492
0.005427816
0.006326927
0.006512924
0.006243496
0.006081845
0.006286468
0.006895254
0.00755838
0.007977334
0.008368515
0.008972949
0.009594152
0.009962022
0.009990347
0.009859423
0.009722732
0.009775153
0.009921768
0.009980809
0.01008495
0.01029683
0.01026924
0.009980835
0.009635097
0.009062193
0.00813339
0.006959464
0.005693339
0.004358612
0.002852735
0.001278067
-0.000173195
-0.001548565
-0.002827397
-0.003740451
-0.004628258
-0.00592886
-0.007059021
-0.007760884
-0.008612111
-0.009455989
-0.009821362
-0.009787321
-0.009534116
-0.009026927
-0.008430473
-0.007886833
-0.007470706
-0.007150374
-0.006180295
-0.005890612
-0.005518509
-0.005048552
-0.004354767
-0.003305338
-0.00227411
-0.001457171
-0.0005932641
0.0003252669
0.001053091
0.001738375
0.002538598
0.003139234
0.003343875
0.003211752
0.003044881
0.002977775
0.002927955
0.002770092
0.002502693
0.00245034
0.00268673
0.002927679
0.003084032
0.003265154
0.003059224
0.002211615
0.001399682
0.001152364
0.001459073
0.001868672
0.002113728
0.001893304
0.001463756
0.001239948
0.001040059
0.0005512325
-9.258658e-05
-0.0007497949
-0.00152677
-0.002351674
-0.003048155
-0.003412181
-0.00360835
-0.003901068
-0.004218672
-0.004369734
-0.00421816
-0.004001823
-0.004246562
-0.004606252
-0.004515637
-0.004500803
-0.004993113
-0.005831698
-0.006655209
-0.007278228
-0.007464407
-0.007301269
-0.007059515
-0.006742701
-0.00617046
-0.005403798
-0.004562112
-0.003649319
-0.00268627
-0.001715635
-0.0006349521
0.0006009747
0.001678969
0.002472531
0.003050375
0.003451089
0.003618306
0.003697439
0.003764246
0.00361955
0.003314487
0.003091256
0.002840844
0.002397683
0.002011592
0.001822502
0.001684298
0.00150572
0.001308856
0.001018183
0.0006760866
0.0004852358
0.0002443102
-0.0003663361
-0.001087344
-0.001703244
-0.002382824
-0.003258002
-0.004320757
-0.005417936
-0.00644939
-0.007406023
-0.008304759
-0.009160055
-0.01003876
-0.01089605
-0.01156365
-0.0119828
-0.01221568
-0.01230775
-0.0123186
-0.01237179
-0.01228463
-0.01176722
-0.01082523
-0.009711018
-0.008633345
-0.007532599
-0.006274767
-0.005072997
-0.00411878
-0.003290867
-0.002471129
-0.001695027
-0.0009906704
-0.0003459214
0.0002338038
0.0007590437
0.001356979
0.001883966
0.001953467
0.002010108
0.002653306
0.003348415
0.003625453
0.003680215
0.003664873
0.003302436
0.002771755
0.002373017
0.002015414
0.001677538
0.001662014
0.00188389
0.002120354
0.002377766
0.002723219
0.003131542
0.003514249
0.003769922
0.003771304
0.003498794
0.003088629
0.002626817
0.00204314
0.001449362
0.00103648
0.0006291684
4.983346e-05
-0.0006141692
-0.001166266
-0.001516674
-0.001784404
-0.002067525
-0.002360353
-0.002619104
-0.002821162
-0.003010594
-0.003218757
-0.003367831
-0.003439763
-0.003529733
-0.003620192
-0.003617637
-0.003535448
-0.003411489
-0.003194506
-0.002867181
-0.002404529
-0.001852567
-0.001254866
-0.000730344
-0.0003276732
-0.0001120575
3.12673e-05
0.0002579375
0.0003611324
0.0001716462
-4.299238e-06
-8.478283e-06
-6.930976e-05
-0.0002854341
-0.0005502193
-0.0007054334
-0.0007299128
-0.0007723189
-0.0008724671
-0.0009430063
-0.0009889267
-0.001048693
-0.0009988998
-0.0007837477
-0.0003570436
5.960512e-05
0.0002193198
0.0002112944
0.0001886937
0.0001707612
0.0001258382
8.400617e-05
1.273376e-05
-0.0001429796
-0.000338129
-0.0005295622
-0.0007865748
-0.001097338
-0.001395068
-0.001729663
-0.002128499
-0.002385483
-0.002499078
-0.002621442
-0.002730632
-0.002740401
-0.002686795
-0.002622976
-0.002549909
-0.002433433
-0.002257297
-0.002006209
-0.001741276
-0.001589717
-0.001504702
-0.001389017
-0.001264233
-0.001140705
-0.0009408052
-0.0006699773
-0.000368627
-8.41242e-05
0.0001650965
0.0003517621
0.0005156748
0.0007187863
0.0008844308
0.0009443568
0.0009701407
0.001009903
0.001029784
0.0009962702
0.0009069604
0.0008213624
0.0007633004
0.0007033456
0.0005939947
0.0004173361
0.0002687538
0.000198049
0.0001750385
0.0001583989
0.0001360437
8.900598e-05
2.974881e-05
-6.337051e-06
-3.172746e-05
-7.492108e-05
-0.0001089436
-0.0001209621
-0.0001366906
-0.0001492835
-0.0001416969
-0.000123791
-0.0001068445
-9.033073e-05
-7.313835e-05
-5.515375e-05
-3.045174e-05
-1.055893e-06
2.339927e-05
4.373182e-05
6.553679e-05
8.871896e-05
0.0001085923
0.0001202018
0.0001312692
0.0001483095
0.0001586955
0.0001597362
0.000163731
0.0001772006
0.0001978898
0.0002271789
0.0002622288
0.0002955154
0.0003286789
0.0003673171
0.0004090979
0.0004465428
0.0004731951
0.0004958527
0.0005216055
0.0005450192
0.0005624703
0.0005779481
0.0005929638
0.0006058572
0.0006170926
0.0006276377
0.0006370488
0.0006453675
0.0006531058
0.0006599799
0.0006655909
0.0006696551
0.0006727306
0.0006755086
0.0006770891
0.0006770077
0.0006766956
0.0006761312
0.000674165
0.0006714872
0.0006689258
0.0006658471
0.0006619136
0.0006575305
0.0006528923
0.0006478789
0.0006423032
0.0006364555
0.0006308054
0.0006250535
0.0006187468
0.0006116522
0.0006039426
0.0005958486
0.0005873987
0.0005785978
0.0005695818
0.0005604189
0.0005510947
0.0005416273
0.0005320318
0.0005222896
0.0005124039
0.0005023864
0.0004922066
0.0004818618
0.0004713877
0.0004607897
0.0004500623
0.0004392246
0.0004282904
0.0004172604
0.0004061304
0.0003949026
0.0003835859
0.0003721891
0.0003607183
0.0003491751
0.000337561
0.0003258788
0.0003141313
0.0003023208
0.0002904498
0.0002785206
0.0002665355
0.0002544964
0.0002424055
0.000230265
0.0002180769
0.0002058431
0.0001935658
0.0001812468
0.0001688882
0.0001564917
0.0001440595
