-0.0005403956
-0.0005354706
-0.0005305322
-0.0005255799
-0.0005206171
-0.0005155797
-0.0005103455
-0.0005049358
-0.0004996064
-0.0004947615
-0.0004907638
-0.0004876048
-0.0004849566
-0.0004824426
-0.0004812432
-0.0004853262
-0.0004913999
-0.0004928524
-0.0004921347
-0.0004942145
-0.0004996068
-0.00050569
-0.0005101275
-0.000512368
-0.0005137516
-0.0005139752
-0.0005077165
-0.0004863068
-0.0004279371
-0.0003593861
-0.0003309712
-0.0003269856
-0.0003099264
-0.0002655366
-0.0002280794
-0.0002407454
-0.0003095489
-0.0003852733
-0.0003889373
-0.0003526657
-0.0003330469
-0.0002879114
-0.0002276169
-0.0002099541
-0.0001782765
-7.089225e-05
0.0001101072
0.0002363338
0.000225623
0.0001375251
0.0001017224
0.0001813856
0.0002528579
0.0002391591
0.0001939656
0.0001159422
-9.140055e-06
-2.394733e-05
1.683968e-06
-0.0001249963
-0.0002784942
-0.0003804008
-0.0005930254
-0.0006207935
-0.0002478477
-0.0001471423
-0.0002746421
-6.607248e-06
0.0003668675
0.0003419484
-3.146715e-05
-0.0003253252
-0.000291788
-0.000222584
-0.0002698033
-0.0002119976
-2.357685e-05
0.000146755
0.0001650952
0.0001137152
0.0001095237
3.408826e-06
-0.0002607893
-0.0005081871
-0.0006805832
-0.0007750653
-0.00044419
-1.774104e-05
-8.29705e-05
-0.0002766377
-0.0001947777
9.879828e-06
3.530279e-05
-0.0001758665
-0.0004303351
-0.000383467
0.0001621188
0.0006899091
0.0007333352
0.0001727293
-0.0003682924
-0.0004634475
-0.0004425086
-0.0005760826
-0.0007642752
-0.0009101892
-0.001016522
-0.001109062
-0.001045263
-0.0007389474
-0.0003736946
-0.0001953172
-0.0004158994
-0.0007565599
-0.0009023739
-0.0007874177
-0.0003218199
0.0009530791
0.002344146
0.003132444
0.003662052
0.004116817
0.003873089
0.003238598
0.002743589
0.00177422
0.0001821539
-0.00112212
-0.001828979
-0.002287046
-0.002693906
-0.003044356
-0.003391439
-0.003523952
-0.003179038
-0.002675489
-0.002319835
-0.002143382
-0.002035217
-0.001947165
-0.001918545
-0.001998361
-0.0021425
-0.002292132
-0.002437993
-0.002561008
-0.002585669
-0.002541389
-0.002503278
-0.002551432
-0.002500044
-0.001935567
-0.001354318
-0.001184479
-0.0003339875
0.001311832
0.002299798
0.002385909
0.002241546
0.002348985
0.002714229
0.003541825
0.004473024
0.005007523
0.005219712
0.005246329
0.00530588
0.005481277
0.005445478
0.004807016
0.003500417
0.001959929
0.0007971247
-0.0001392173
-0.001253862
-0.002561968
-0.003800427
-0.004821378
-0.005650677
-0.006360001
-0.006955306
-0.007436877
-0.007835749
-0.008277311
-0.008590522
-0.008285864
-0.006994664
-0.004938403
-0.003482351
-0.003041774
-0.003022078
-0.002921214
-0.002850917
-0.002676272
-0.002260768
-0.001603367
-0.0008460248
-7.630018e-05
0.0002825796
0.0002321697
0.0003538806
0.001649367
0.003522957
0.004000967
0.003526584
0.003579341
0.004206441
0.004702674
0.004644322
0.004541689
0.005008773
0.005097749
0.004092429
0.003061641
0.002643318
0.002513548
0.002250656
0.00182857
0.001265395
0.0007058668
0.0006255318
0.0007896796
0.0006551727
0.0003231259
0.0001160317
6.130357e-05
1.027981e-05
-0.0001566857
-0.0004791695
-0.0009600461
-0.001554541
-0.002160987
-0.002292857
-0.00214701
-0.00230201
-0.002136868
-0.0006775607
0.001269924
0.002674698
0.002866295
0.002424451
0.002080576
0.001547421
0.0003967219
-0.0005321158
-0.0009378162
-0.00118681
-0.00171702
-0.002587211
-0.003245652
-0.003482095
-0.003587878
-0.003956157
-0.004722765
-0.005521607
-0.006112691
-0.006642865
-0.006990902
-0.006528786
-0.005502563
-0.004377651
-0.003025394
-0.001243836
3.433153e-05
0.0004044341
-0.0001495488
-0.001024585
-0.00169969
-0.001707259
-0.001069413
-0.0005467167
-0.0004158594
-0.000375808
-0.0002571665
-0.0006363213
-0.001445902
-0.002172432
-0.002711438
-0.003292965
-0.003862469
-0.004249232
-0.004500305
-0.004294528
-0.002779238
-0.0006393294
0.001136227
0.002139803
0.002571878
0.002593558
0.002390311
0.00239026
0.00241925
0.002072367
0.001901731
0.002422988
0.003310072
0.004193187
0.005256994
0.006173489
0.006352815
0.006158737
0.00596125
0.005112567
0.003612846
0.002565657
0.002231402
0.002194434
0.001959784
0.001547601
0.001453901
0.001667036
0.00180328
0.002233161
0.003285594
0.004069152
0.004703357
0.006770668
0.009035875
0.009372779
0.008518277
0.007850957
0.007565217
0.007168699
0.006357238
0.004930594
0.003018911
0.001528928
0.0007110529
0.0001743836
-0.0007686773
-0.002227156
-0.003569215
-0.004121422
-0.003692629
-0.003316218
-0.003543108
-0.003639013
-0.003428088
-0.003619144
-0.004130647
-0.004478475
-0.004577031
-0.004620786
-0.004727813
-0.004912171
-0.00506415
-0.004522918
-0.003217387
-0.001498732
-2.4102e-05
0.000809208
0.001510511
0.002516132
0.003730189
0.004886261
0.005795652
0.005744638
0.004850507
0.004080354
0.003738086
0.003388858
0.002187237
0.0003622635
-0.0009183529
-0.001532737
-0.002019032
-0.002227022
-0.001954569
-0.001400213
-0.0009109007
-0.000627176
-0.0005622036
-0.0005033013
0.0001586285
0.001039449
0.001352457
0.001076427
0.0007467249
0.001832207
0.004286251
0.006641224
0.008126286
0.008171434
0.007455505
0.006584689
0.005806669
0.005072393
0.00439623
0.003646278
0.002629989
0.00129751
-0.0001538605
-0.001012289
-0.001477119
-0.002235545
-0.002339188
-0.0009490238
0.00074623
0.001538467
0.0009807528
0.0002214345
0.0002840504
0.001363449
0.002687502
0.002900049
0.002399339
0.002368856
0.002920767
0.003562293
0.004254239
0.004792523
0.004676759
0.004727108
0.005745243
0.007441272
0.008929121
0.009294612
0.008330443
0.006504827
0.004858964
0.003581273
0.002214395
0.0005822147
-0.001098622
-0.002514711
-0.003506806
-0.004079832
-0.004731312
-0.005570468
-0.006154949
-0.006415803
-0.006597984
-0.006831251
-0.007134876
-0.007561796
-0.007668611
-0.007150323
-0.006303387
-0.005590005
-0.005184961
-0.004428123
-0.002900341
-0.001200348
0.0001945517
0.001341119
0.002212756
0.002543417
0.002441193
0.002016939
0.001063401
-0.0003511185
-0.001964622
-0.003426252
-0.004674551
-0.005714269
-0.006363009
-0.006564592
-0.006795438
-0.007219247
-0.007537947
-0.006949657
-0.005539706
-0.004209589
-0.003334279
-0.002673224
-0.001939744
-0.001052214
0.0003186204
0.001502853
0.00115304
0.0006165324
0.001359817
0.00217439
0.002311782
0.002335821
0.002699679
0.003369277
0.004268793
0.005472174
0.007339635
0.008736882
0.008719266
0.007870062
0.007476962
0.008092447
0.00870088
0.008645481
0.008348721
0.008679447
0.009730824
0.009957315
0.009067824
0.008385837
0.008040385
0.007247396
0.005256689
0.002734124
0.001091723
0.0006735252
0.0009613479
0.001141306
0.001336807
0.002199511
0.003845633
0.005913797
0.007452146
0.007924257
0.007319717
0.006065905
0.004293164
0.002076148
-0.0003656194
-0.002793013
-0.004742136
-0.005938007
-0.006196828
-0.0059812
-0.005704998
-0.005321855
-0.004995007
-0.005019348
-0.004537144
-0.003414112
-0.003349718
-0.003938346
-0.003820972
-0.002632744
-0.0009991361
0.0003767756
0.0008804293
0.0005546775
0.0003778283
0.0008215161
0.001739591
0.002805213
0.003869573
0.004693796
0.00538791
0.006326081
0.007299505
0.007919495
0.008753794
0.009984304
0.01093656
0.01122879
0.01085743
0.009904025
0.008559706
0.007041797
0.005386512
0.003486629
0.001129844
-0.001240787
-0.002966792
-0.003808063
-0.003977759
-0.003651252
-0.003625855
-0.004273969
-0.004667452
-0.004203505
-0.002999697
-0.001068975
0.001523394
0.003736665
0.005227857
0.006457807
0.007219173
0.006718393
0.005364735
0.003937856
0.00274132
0.001211727
-0.0008599853
-0.002038412
-0.002426466
-0.003139452
-0.003671809
-0.003475331
-0.002918548
-0.002571444
-0.002676779
-0.003400326
-0.004389239
-0.004387179
-0.003241307
-0.001429933
0.0002816333
0.001541221
0.003042934
0.005123911
0.006417989
0.006665664
0.006489054
0.005964519
0.004983659
0.004516378
0.004383252
0.003701934
0.003343231
0.004173422
0.005180481
0.005673745
0.00591379
0.00561799
0.004419998
0.00268809
0.001236297
0.0005079922
4.353082e-05
-0.0006650804
-0.001705255
-0.002809097
-0.003811538
-0.004874734
-0.005886898
-0.006569744
-0.007118707
-0.007675568
-0.007707241
-0.007116446
-0.006200542
-0.005280555
-0.004434856
-0.003697726
-0.002943001
-0.00202869
-0.0006855506
0.0009517885
0.001437675
0.001194729
0.00167664
0.00291191
0.004236167
0.005461106
0.006720035
0.007242592
0.007454715
0.009224799
0.01119185
0.01151025
0.01128089
0.0113419
0.01065314
0.009449875
0.008526348
0.007451461
0.00611419
0.004976627
0.004124582
0.003283157
0.002044211
0.0008657876
0.0005457227
0.001443197
0.002780827
0.003214643
0.00254419
0.001170511
-0.0001320023
-0.001271268
-0.002770802
-0.004317399
-0.00540308
-0.006246639
-0.007015026
-0.007426483
-0.006696449
-0.004989038
-0.003254302
-0.00214861
-0.00169875
-0.0009029807
0.0008095407
0.003277642
0.005231592
0.005073406
0.003795522
0.002874678
0.00216108
0.0007162632
-0.001925686
-0.004915545
-0.007953325
-0.01188704
-0.01598546
-0.01936805
-0.02221064
-0.02461679
-0.02653452
-0.02844494
-0.03011064
-0.03090126
-0.03145322
-0.03200207
-0.03161273
-0.03009804
-0.0277236
-0.02498165
-0.02210781
-0.01884908
-0.01507136
-0.01069465
-0.005815168
-0.0004606575
0.004802152
0.009573356
0.01334564
0.01636045
0.01927753
0.02153375
0.02208537
0.02178427
0.02143573
0.02036351
0.01889135
0.0180724
0.01775511
0.01725686
0.01626485
0.01516459
0.01433512
0.01355688
0.01228713
0.00997537
0.007301951
0.004965689
0.002051968
-0.002063204
-0.006054539
-0.009219826
-0.01177607
-0.01315566
-0.01377024
-0.01430016
-0.01370951
-0.01163812
-0.008854532
-0.006168151
-0.003782001
-0.001943138
-0.0007632885
5.25043e-05
0.0006342579
0.0008495116
0.000846349
0.00088866
0.001354792
0.002258803
0.003359992
0.004033712
0.003750377
0.00234041
0.0001065773
-0.002624907
-0.00524523
-0.007399289
-0.008881918
-0.009694141
-0.009800543
-0.00967885
-0.009484314
-0.008832298
-0.007654429
-0.006195054
-0.005439726
-0.005564587
-0.006076875
-0.005852668
-0.003995426
-0.0006182283
0.00334357
0.007135803
0.0104772
0.01305799
0.01524548
0.01712949
0.01735624
0.01558312
0.01276756
0.009539438
0.005885416
0.002171325
-0.00164744
-0.00576173
-0.009308464
-0.01190355
-0.01374944
-0.01495517
-0.01563945
-0.01601042
-0.01613612
-0.01580909
-0.01460265
-0.01263057
-0.01004802
-0.007090446
-0.003736903
-0.0009423054
0.0006484208
0.001634257
0.00268472
0.003989409
0.004786092
0.004283047
0.003037463
0.001818173
0.0007681709
-0.0002018722
-0.001267382
-0.003103169
-0.005528014
-0.007891452
-0.009773701
-0.01114792
-0.01194759
-0.01191085
-0.01059316
-0.008691355
-0.007061062
-0.006106683
-0.005279949
-0.004175975
-0.003677567
-0.003998563
-0.003877166
-0.002766057
-0.0009367459
0.001617524
0.004727224
0.00801767
0.01123822
0.01429446
0.01725274
0.02007214
0.02250751
0.02432095
0.02435089
0.02304957
0.02153309
0.01974687
0.01740082
0.0148088
0.01225544
0.009604558
0.006052
0.002354528
-5.585572e-05
-0.000948155
-0.001162271
-0.001461894
-0.002187052
-0.003135541
-0.003601726
-0.003733016
-0.004124439
-0.003999426
-0.003037381
-0.004003293
-0.006870121
-0.009500532
-0.01102961
-0.01189303
-0.01230299
-0.01292796
-0.01412572
-0.01545691
-0.01609505
-0.01565753
-0.01542203
-0.01603831
-0.01585506
-0.01427619
-0.012002
-0.008944815
-0.004625881
0.0004521838
0.005315799
0.009299954
0.01223401
0.01396701
0.01566714
0.01778599
0.01844646
0.01692079
0.01432912
0.01170287
0.008977315
0.005395215
0.001338268
-0.002360195
-0.005650874
-0.008264134
-0.009545515
-0.009450841
-0.008412409
-0.006681952
-0.004631081
-0.002383002
7.48393e-05
0.002776882
0.005688973
0.00859317
0.01117824
0.01274267
0.01306895
0.01286758
0.01295121
0.01401224
0.01494363
0.01445545
0.0131044
0.01238384
0.01354164
0.01529967
0.01615172
0.01604821
0.01558357
0.01461669
0.01350565
0.01227861
0.008806313
0.00324763
-0.002533332
-0.007707049
-0.01210352
-0.01581572
-0.0190467
-0.02166881
-0.02332511
-0.02460328
-0.02550904
-0.0249134
-0.02338209
-0.02193539
-0.02017405
-0.01783661
-0.01514932
-0.01246667
-0.00997376
-0.008082271
-0.006722383
-0.005501619
-0.004553615
-0.004356087
-0.004880391
-0.005589961
-0.00587818
-0.005951065
-0.006268267
-0.006933755
-0.007988518
-0.009712989
-0.01047762
-0.009218866
-0.007603412
-0.0062762
-0.004261338
-0.001192291
0.002670829
0.007220603
0.01225896
0.01729042
0.02130342
0.02348183
0.02437368
0.02417961
0.02132934
0.01618137
0.01020505
0.004750173
-0.0004065218
-0.005630039
-0.008247988
-0.007602015
-0.004880345
-0.001213221
0.003524985
0.009329209
0.01565802
0.02088501
0.02480447
0.02772065
0.03015714
0.03018841
0.02795073
0.02499526
0.02165378
0.01755962
0.01274456
0.006719379
-0.000529126
-0.007947684
-0.01358601
-0.01745197
-0.02051202
-0.02300098
-0.02484368
-0.02618895
-0.0260025
-0.02368747
-0.02056516
-0.01778884
-0.01531776
-0.01323882
-0.01167005
-0.009861397
-0.007764439
-0.006232554
-0.004931787
-0.003029619
-0.001152418
0.0001519032
0.001230874
0.002039917
0.002100869
0.001839624
0.001788675
0.002022478
0.0020011
0.001556577
0.001769209
0.002230355
0.001171385
-0.001285941
-0.003976439
-0.006202299
-0.008009553
-0.009794847
-0.01220155
-0.01494479
-0.0172647
-0.01852065
-0.01872165
-0.01797835
-0.01613325
-0.01308418
-0.008857579
-0.004227585
-0.0007603371
0.001431143
0.002856508
0.003647238
0.00340379
0.001796749
-0.0008915775
-0.004361239
-0.008181361
-0.01202733
-0.01573291
-0.01863972
-0.02077604
-0.02242761
-0.02310311
-0.02272934
-0.02193814
-0.02070529
-0.01845266
-0.01595012
-0.0136909
-0.01061668
-0.006541276
-0.002190661
0.001441814
0.004188786
0.006662272
0.00895641
0.01040791
0.01105132
0.01116665
0.01091173
0.01053899
0.01054126
0.01110837
0.01202898
0.0127161
0.01308553
0.01341353
0.0140333
0.01474483
0.01404801
0.01168002
0.008178778
0.003356608
-0.002877356
-0.009570673
-0.01473513
-0.01890062
-0.02356159
-0.02772319
-0.03044511
-0.03164433
-0.03072453
-0.02793483
-0.02434885
-0.02089399
-0.01762691
-0.01448842
-0.011579
-0.009275929
-0.008186432
-0.009171865
-0.01145871
-0.01410138
-0.01746231
-0.02085161
-0.02333262
-0.02536854
-0.02707464
-0.02805595
-0.03019849
-0.03395237
-0.03745474
-0.03953694
-0.04059741
-0.04142471
-0.04237696
-0.04316432
-0.04263662
-0.04031459
-0.03635451
-0.03089063
-0.02339589
-0.0147406
-0.005690832
0.003307862
0.01257798
0.02176963
0.02823008
0.03218577
0.03322041
0.03188459
0.02908108
0.02619724
0.02374793
0.02170374
0.02104814
0.02217548
0.02266911
0.02159173
0.01978015
0.01763206
0.0152275
0.01291436
0.01102394
0.009563348
0.008295212
0.00784803
0.009232009
0.01218619
0.01579298
0.02004297
0.02495309
0.03052623
0.03599292
0.04056418
0.04380264
0.04566365
0.0460253
0.04502857
0.04309357
0.04027722
0.03641479
0.03201111
0.02896162
0.02803161
0.02736086
0.02614143
0.02521161
0.02483324
0.02505988
0.02644194
0.02774773
0.0274353
0.02558665
0.02311143
0.02034416
0.01625873
0.01008011
0.002889292
-0.004638461
-0.01372108
-0.0234273
-0.03251378
-0.04077684
-0.04601873
-0.04764582
-0.04635912
-0.04329811
-0.03830099
-0.03064891
-0.02169453
-0.0132395
-0.005287164
0.002622919
0.01004393
0.01713833
0.02413829
0.0309787
0.03691818
0.04194057
0.04515079
0.04638215
0.04595069
0.04275616
0.03744703
0.0312579
0.02440162
0.01638418
0.007834553
-0.0001773645
-0.007069897
-0.01277451
-0.01712631
-0.01987878
-0.02057934
-0.01960018
-0.01747023
-0.01527728
-0.01337811
-0.01153075
-0.009937236
-0.009554352
-0.0097602
-0.009567391
-0.009445846
-0.01040862
-0.01235613
-0.0146453
-0.01697846
-0.01904546
-0.020683
-0.02184249
-0.02272409
-0.02325148
-0.02261399
-0.02037084
-0.01694916
-0.01290851
-0.007808423
-0.001693985
0.005158672
0.01183733
0.01794252
0.02339057
0.02806117
0.03113747
0.03275323
0.03371403
0.03457547
0.03523516
0.03610688
0.03755344
0.03899405
0.03980511
0.03960192
0.03866845
0.03723845
0.03413641
0.02910259
0.02354388
0.01800709
0.01116525
0.002395882
-0.007796318
-0.01823153
-0.02795269
-0.03601119
-0.04179863
-0.04599928
-0.049273
-0.05137298
-0.05210319
-0.05173673
-0.05115223
-0.05054193
-0.04927864
-0.04707812
-0.04420022
-0.04084931
-0.03698231
-0.03173933
-0.02565557
-0.01988756
-0.01473892
-0.009934675
-0.005426594
-0.0013958
0.002198341
0.005477843
0.008079782
0.009473702
0.009096784
0.007734793
0.006314775
0.005119869
0.004109991
0.003653811
0.004060893
0.005118588
0.005561093
0.004951711
0.003296874
0.001231989
-0.0008110278
-0.002851821
-0.004570454
-0.005232786
-0.00363427
-8.806666e-05
0.004878003
0.009875459
0.01345668
0.01619026
0.01875196
0.02118607
0.0230188
0.02415883
0.02469772
0.02457217
0.02453013
0.0258075
0.02829297
0.03113354
0.03337486
0.03489246
0.03513376
0.0343188
0.0324513
0.02995292
0.02711892
0.02350352
0.01889524
0.01324891
0.005708112
-0.003759672
-0.01362453
-0.02134927
-0.02767951
-0.03440339
-0.03978912
-0.04287635
-0.04434403
-0.04525291
-0.04554704
-0.04418345
-0.04174415
-0.0394918
-0.03736561
-0.0343175
-0.03039752
-0.02618265
-0.02135757
-0.01552905
-0.009621559
-0.004257474
0.0001655711
0.003728622
0.005674034
0.006540039
0.007183028
0.00799365
0.008959758
0.0103861
0.01210233
0.01477969
0.01893379
0.02328711
0.02713725
0.03112397
0.03502945
0.03733501
0.0379522
0.03740055
0.03657439
0.03564781
0.03446675
0.03315518
0.0319693
0.03007966
0.02687144
0.02271646
0.01762546
0.01107469
0.004162693
-0.002506773
-0.00915223
-0.01443688
-0.01806799
-0.02065266
-0.02268438
-0.02437099
-0.02578399
-0.02715382
-0.02872498
-0.03008813
-0.03096032
-0.03112473
-0.03056871
-0.02923503
-0.0263236
-0.02139769
-0.01551558
-0.00981297
-0.005765278
-0.002755085
-0.0001106238
0.002512376
0.005053778
0.007478973
0.009830828
0.01116921
0.01087799
0.008964651
0.005957754
0.002476538
-0.001070535
-0.004539628
-0.007347788
-0.009698407
-0.01213586
-0.01476206
-0.01731569
-0.01958206
-0.02146826
-0.02295167
-0.02424053
-0.02529088
-0.02530384
-0.02418133
-0.02188375
-0.01851538
-0.01390437
-0.008667997
-0.003282882
0.001387315
0.005120822
0.0087305
0.01254813
0.01574999
0.01816106
0.01970487
0.02062307
0.02084531
0.02023722
0.01883512
0.01660801
0.01363916
0.0101724
0.006342309
0.002163031
-0.002237406
-0.006481238
-0.01022522
-0.0135116
-0.01642441
-0.01873756
-0.02023746
-0.02104715
-0.02187944
-0.02286783
-0.02353452
-0.02343332
-0.02237248
-0.02036452
-0.01746165
-0.01395365
-0.009918167
-0.004485468
0.001607955
0.006703225
0.01104255
0.01566205
0.0210725
0.02740818
0.03290642
0.03593117
0.03804597
0.04072542
0.0433609
0.04486857
0.04501436
0.04444319
0.04396823
0.04415298
0.04515097
0.04640174
0.04744795
0.04729497
0.04539021
0.04131807
0.03537693
0.02820686
0.02104526
0.01247385
0.001518546
-0.009057851
-0.01824446
-0.02599411
-0.03192806
-0.03658901
-0.03742274
-0.03372909
-0.02754332
-0.02178828
-0.01706639
-0.01224415
-0.007238041
-0.002619095
0.0002011066
0.001240742
0.001538427
0.002236785
0.003796802
0.005963271
0.008464393
0.01111762
0.01385895
0.01636868
0.01859221
0.02051324
0.02236911
0.02428264
0.02583679
0.02694346
0.02806153
0.02879592
0.0283451
0.02711573
0.02575039
0.02475132
0.02397067
0.02309062
0.02242576
0.02236622
0.02280634
0.02269161
0.02104332
0.01756396
0.01254505
0.007582783
0.003357656
-0.0004071892
-0.003045232
-0.004676715
-0.005794526
-0.006152529
-0.005868145
-0.006182816
-0.007576811
-0.009757261
-0.01200724
-0.01411854
-0.01633797
-0.01821352
-0.01933906
-0.02021217
-0.02085111
-0.02032841
-0.01783664
-0.01357633
-0.008738102
-0.003881522
0.001509025
0.007688231
0.01406732
0.01973849
0.02368307
0.02638587
0.02787832
0.02813641
0.0268021
0.0242261
0.02096749
0.01725883
0.01354822
0.01025356
0.007965195
0.006773227
0.006561035
0.006621542
0.006525777
0.006198552
0.005783065
0.005142287
0.002991605
-0.0009900763
-0.006020244
-0.01108037
-0.01589767
-0.02056251
-0.02425973
-0.02614717
-0.02452009
-0.01987422
-0.01475626
-0.01078957
-0.007770809
-0.004801871
-0.001978522
-0.0007182246
-0.001937039
-0.005002796
-0.008354088
-0.0111645
-0.01357768
-0.0159557
-0.01824102
-0.02042997
-0.02261471
-0.02500249
-0.02762695
-0.03045526
-0.03353462
-0.0366993
-0.03948686
-0.04119031
-0.04166693
-0.04166904
-0.04121557
-0.03962178
-0.03691609
-0.03342579
-0.0294133
-0.0250854
-0.0208492
-0.01678634
-0.01283518
-0.009692448
-0.008254258
-0.007908462
-0.008171903
-0.009896367
-0.01272403
-0.01555937
-0.01781676
-0.01927774
-0.01929387
-0.01791653
-0.01570076
-0.01347411
-0.01141956
-0.009580722
-0.008486701
-0.008791856
-0.009917878
-0.01127123
-0.0124592
-0.01341244
-0.01418267
-0.01507747
-0.0158217
-0.01548021
-0.01401538
-0.01169652
-0.008891346
-0.005875861
-0.002779224
0.0005614294
0.004477448
0.008249238
0.01099286
0.01305874
0.0150019
0.01690567
0.01896926
0.02173399
0.02452222
0.02644613
0.02760309
0.02835887
0.02851808
0.02804577
0.02708732
0.02591087
0.02452674
0.02268
0.02037278
0.01771276
0.01451045
0.01095681
0.007625339
0.004481733
0.001053344
-0.003096274
-0.007512549
-0.01176056
-0.01637193
-0.02115002
-0.02522133
-0.02711485
-0.02619474
-0.02240444
-0.01675942
-0.009594246
-0.0004980802
0.009982984
0.01929791
0.02718217
0.03374531
0.03951847
0.04536331
0.05119525
0.05551198
0.05774742
0.05701493
0.05402974
0.04962389
0.04362082
0.03609087
0.0274472
0.01973362
0.01337595
0.007386919
0.001812778
-0.002711735
-0.005658837
-0.007194457
-0.00812775
-0.009391396
-0.01138355
-0.01394135
-0.01680142
-0.01945174
-0.02144269
-0.02240986
-0.02261681
-0.02261897
-0.02186261
-0.01933054
-0.01631867
-0.01398989
-0.01187656
-0.00898399
-0.004687497
0.0003586342
0.005494843
0.01008132
0.01407305
0.01755729
0.02048591
0.022989
0.02520672
0.02706535
0.02828906
0.02859741
0.02728487
0.02400978
0.019599
0.01540364
0.0121458
0.01028539
0.009298901
0.00871291
0.009667044
0.01299229
0.01693649
0.02000697
0.02199489
0.02300965
0.02263177
0.02091841
0.01775269
0.01233395
0.005227466
-0.002177869
-0.008962363
-0.01447636
-0.01857271
-0.0213195
-0.02281066
-0.02296539
-0.0232431
-0.02424189
-0.02500883
-0.02565359
-0.0271593
-0.02885344
-0.02974874
-0.02950328
-0.02847732
-0.02674881
-0.02455385
-0.02217112
-0.01980544
-0.01758197
-0.01575219
-0.01400359
-0.01193197
-0.009362794
-0.00640996
-0.002708969
0.001780849
0.007217845
0.01259859
0.01695575
0.02026626
0.02248594
0.0230426
0.02150095
0.0186275
0.01548759
0.01245489
0.009766738
0.007355304
0.004975183
0.001788209
-0.002390428
-0.006288156
-0.009074006
-0.01092287
-0.01193846
-0.0118984
-0.009536765
-0.004968087
0.0006697114
0.00565193
0.009899082
0.01445805
0.01933733
0.02209675
0.02221944
0.0198564
0.01525152
0.00848279
0.0005140466
-0.007718046
-0.0148549
-0.01965385
-0.02235307
-0.02369965
-0.02372445
-0.0227444
-0.02085484
-0.01821466
-0.01514924
-0.01323911
-0.0124566
-0.01192201
-0.01168628
-0.01249525
-0.01352013
-0.01408524
-0.01453934
-0.01514099
-0.01578731
-0.01650906
-0.01721145
-0.01757876
-0.01751203
-0.01714321
-0.0165634
-0.01617805
-0.0168572
-0.01830164
-0.01957783
-0.01932088
-0.01780267
-0.01560074
-0.01308861
-0.01037801
-0.008056635
-0.006292725
-0.005304719
-0.004224761
-0.001669445
0.001633628
0.004502604
0.007220098
0.01000752
0.0109244
0.009908326
0.008236577
0.006248606
0.003503313
0.0005664224
-0.001719726
-0.003204568
-0.004232493
-0.004865535
-0.004761242
-0.004281029
-0.003935283
-0.003597189
-0.00242035
-0.0004326063
0.001939902
0.004633671
0.00797348
0.01140471
0.01419773
0.01515479
0.01496675
0.01474406
0.01474395
0.01473144
0.01530614
0.01665771
0.0182665
0.01951178
0.02022722
0.02078105
0.02136111
0.02135131
0.0203962
0.01852251
0.01595588
0.01298393
0.009823881
0.00621754
0.0016999
-0.004754779
-0.01203209
-0.01824614
-0.02290791
-0.02596137
-0.0273927
-0.02722328
-0.02581366
-0.02262774
-0.01819726
-0.01351731
-0.009574883
-0.006412157
-0.004443531
-0.003274545
-0.002552778
-0.001757299
-0.0006631868
0.0004808857
0.001072606
0.000300067
-0.001358083
-0.003207508
-0.005632366
-0.009065157
-0.01355208
-0.01843622
-0.02273428
-0.02563133
-0.02632316
-0.02524955
-0.02236237
-0.01790849
-0.01219652
-0.005769404
0.001135212
0.007210812
0.01174423
0.01481803
0.01727047
0.02043612
0.02400371
0.02670017
0.02799323
0.02828667
0.0278956
0.0267274
0.02447105
0.02098555
0.01636843
0.01071867
0.004281797
-0.002195284
-0.007513418
-0.01257036
-0.01813578
-0.02293181
-0.02665926
-0.0298727
-0.03223711
-0.03408238
-0.0359614
-0.0366641
-0.03577086
-0.03390253
-0.03197496
-0.03028019
-0.02743672
-0.02270729
-0.01786646
-0.01394257
-0.01052088
-0.007572977
-0.005678872
-0.003340863
0.0005377189
0.005358786
0.01033275
0.01595753
0.0219882
0.02740219
0.03107634
0.03225338
0.03215137
0.03155322
0.03006715
0.02783028
0.02551832
0.02390181
0.02285005
0.02163999
0.01999369
0.01812704
0.01616205
0.01355883
0.009713269
0.005746512
0.002663019
0.0006276976
-1.279177e-05
0.0008995269
0.002680709
0.004541981
0.006262382
0.007520637
0.008183063
0.008639543
0.009061281
0.009283384
0.009303205
0.009333911
0.009874693
0.01043343
0.009860178
0.008267901
0.006295041
0.003748528
0.000429291
-0.003627037
-0.007966495
-0.01207641
-0.01593724
-0.02097446
-0.02796148
-0.03581223
-0.0412471
-0.04386851
-0.04512992
-0.04519558
-0.04372329
-0.03929265
-0.03259866
-0.02528696
-0.01897321
-0.0137244
-0.008438093
-0.002822215
0.002010859
0.005522306
0.007544247
0.008830996
0.009856547
0.01049474
0.01054515
0.01004076
0.009109499
0.007821405
0.006446654
0.00512432
0.003573693
0.001653909
-0.0005454015
-0.002794838
-0.004892749
-0.006635141
-0.007766937
-0.008072853
-0.006927206
-0.004569078
-0.001537056
0.001871324
0.005719187
0.009498732
0.0129524
0.01598537
0.01840171
0.01995376
0.02121105
0.02251389
0.02349072
0.02388174
0.02355197
0.02301276
0.02254821
0.02125236
0.01913406
0.01695621
0.01530926
0.01439725
0.01455094
0.01543714
0.01658431
0.0177944
0.01896821
0.01972163
0.02026207
0.02095435
0.02201205
0.02317443
0.02394108
0.02422197
0.02405601
0.02305977
0.02115739
0.01859657
0.01536063
0.01175176
0.00909939
0.006770779
0.003365077
-0.001003085
-0.005903537
-0.01135449
-0.01615377
-0.02032315
-0.02488791
-0.03019436
-0.03490295
-0.03751149
-0.0388843
-0.03989874
-0.03988174
-0.03834101
-0.03503573
-0.03042952
-0.02533863
-0.02041832
-0.01576392
-0.01141306
-0.006502234
-0.0003303004
0.004760326
0.00716969
0.008242252
0.009483433
0.01117774
0.01253892
0.01283651
0.01201287
0.01072903
0.009694704
0.007994599
0.00498647
0.002561976
0.001511764
0.001128297
0.0007208697
0.0003489392
0.0004454476
0.0009969719
0.001648563
0.001187165
-0.0004744838
-0.002207691
-0.003623342
-0.005158373
-0.007231437
-0.00935466
-0.01102368
-0.01251259
-0.01405109
-0.01542203
-0.01590094
-0.0152151
-0.01346952
-0.01103687
-0.00797145
-0.005319311
-0.003514564
-0.002506555
-0.002089235
-0.002272526
-0.002685294
-0.003050868
-0.002910931
-0.002230362
-0.001139684
0.0003428007
0.002236953
0.004998475
0.007917705
0.009566116
0.01050005
0.01160304
0.01163266
0.0105599
0.009420219
0.008509579
0.007614158
0.00729213
0.007271492
0.006959759
0.007456652
0.009213069
0.0114697
0.01347074
0.01508727
0.01619883
0.01675262
0.0171496
0.01715781
0.01612391
0.0142676
0.01198776
0.009190893
0.006292907
0.003788497
0.00201002
0.0009069536
0.0003530906
-0.0004205695
-0.001740576
-0.003331055
-0.004212318
-0.003994378
-0.00332183
-0.00260046
-0.001578572
-0.0002765842
0.001103469
0.002646919
0.004390147
0.006146196
0.007525322
0.008202711
0.008292627
0.008032882
0.007474689
0.007341065
0.007876561
0.007476731
0.005891154
0.003972888
0.001983517
0.0001771556
-0.0002021499
0.000376191
0.0009090243
0.001020344
0.001239297
0.002351315
0.004228529
0.006262436
0.006692449
0.005487288
0.004336359
0.003930881
0.003504353
0.002482723
0.001142249
-0.0001733389
-0.001313875
-0.002231342
-0.002653309
-0.002782446
-0.003639074
-0.004620494
-0.004453368
-0.003932018
-0.003699677
-0.002955949
-0.00200462
-0.001692962
-0.001242902
-0.0005104831
-0.0009049869
-0.00180305
-0.00196687
-0.001699362
-0.001768113
-0.002485119
-0.003667957
-0.005054404
-0.006469119
-0.008096708
-0.01019641
-0.01236529
-0.0141532
-0.01538229
-0.01649189
-0.01773752
-0.01848827
-0.01867895
-0.01875174
-0.01888718
-0.01896148
-0.01881849
-0.01819952
-0.01707489
-0.0158802
-0.01485278
-0.01393843
-0.01298792
-0.01191914
-0.01039941
-0.0083691
-0.006037639
-0.003522647
-0.0006556879
0.002645609
0.0060707
0.008678956
0.01077243
0.01326019
0.01518356
0.01552776
0.01505174
0.01460231
0.01424504
0.01359223
0.01257879
0.01199911
0.01217262
0.01286016
0.01356161
0.01410257
0.01429497
0.01431399
0.01440442
0.01454644
0.01475438
0.0156997
0.01705238
0.01795463
0.0180441
0.01771876
0.01736374
0.01678921
0.01562818
0.01440423
0.01342721
0.01233187
0.01091073
0.009342584
0.008055429
0.007561762
0.008156558
0.008972607
0.009425316
0.009805454
0.01089538
0.01310202
0.01533276
0.01706109
0.0194233
0.02207564
0.02368685
0.02472507
0.02598542
0.0269897
0.02762516
0.02838156
0.02880055
0.0283178
0.02719864
0.02577256
0.02396708
0.02198387
0.01986122
0.01728733
0.01444513
0.01160433
0.008424845
0.004979389
0.00172221
-0.0008436339
-0.002872576
-0.004646426
-0.005855394
-0.006318239
-0.006209238
-0.005779802
-0.005125923
-0.00427304
-0.003248562
-0.00217521
-0.001484746
-0.001333465
-0.001122583
-0.0006703834
-0.0004432689
-0.0007264541
-0.001404693
-0.002268841
-0.003164396
-0.004027954
-0.004572579
-0.004738325
-0.004444624
-0.003956296
-0.003546972
-0.003008541
-0.002189694
-0.001220945
-0.0004815814
-0.0001893996
0.0003784859
0.001467271
0.002302673
0.002378228
0.001710361
0.0004046074
-0.001084643
-0.001958594
-0.001853976
-0.001050306
-0.0003446439
0.0002204655
0.001349696
0.002987645
0.004586725
0.005549373
0.005829262
0.005643289
0.005557708
0.005723224
0.005340385
0.00421195
0.002768802
0.001609293
0.0008276298
7.605696e-05
-0.0007962709
-0.001680874
-0.002773253
-0.003954756
-0.004605609
-0.004235799
-0.002935783
-0.001293424
0.0004417446
0.002689196
0.004902225
0.006171831
0.006572808
0.00657057
0.00621897
0.005298181
0.003472506
0.0009415108
-0.001420911
-0.002819751
-0.003945711
-0.005158507
-0.005621634
-0.005791875
-0.006574743
-0.007153308
-0.007263492
-0.008119254
-0.008966141
-0.008712735
-0.008403362
-0.00861956
-0.008747466
-0.008843595
-0.009256837
-0.009441051
-0.009671223
-0.01069281
-0.01159812
-0.01179331
-0.0119675
-0.01212365
-0.01161539
-0.01104789
-0.01084508
-0.01051567
-0.009636692
-0.008182763
-0.006624413
-0.005296735
-0.004420285
-0.004356686
-0.005418604
-0.006419231
-0.006856476
-0.007547128
-0.00884718
-0.01032784
-0.01115237
-0.01126666
-0.01088805
-0.01070427
-0.01095229
-0.01072896
-0.009832845
-0.008761416
-0.007355061
-0.005350835
-0.003557341
-0.002101294
-0.0003298904
0.00158299
0.003092106
0.003908911
0.004011417
0.003290324
0.002413015
0.00195886
0.002069162
0.00215429
0.001245286
-0.0006666765
-0.002861062
-0.004104334
-0.004547345
-0.005066416
-0.006185834
-0.007680812
-0.009133375
-0.01032259
-0.01122429
-0.01124367
-0.01082562
-0.0115876
-0.01300776
-0.0138205
-0.01401036
-0.0135751
-0.01148256
-0.008770404
-0.006822621
-0.005754545
-0.004893318
-0.004056872
-0.002947067
-0.001299072
-0.0002243483
-0.0001702135
-0.0005566078
-0.001045104
-0.00189175
-0.00318111
-0.00453567
-0.005334421
-0.005651007
-0.005732166
-0.005455228
-0.004986089
-0.004988192
-0.0053212
-0.005572864
-0.006122655
-0.007350697
-0.009252682
-0.01148375
-0.01378366
-0.01593445
-0.01818659
-0.02079477
-0.02281973
-0.0235953
-0.02314292
-0.02243251
-0.02191937
-0.02068429
-0.01844273
-0.01608477
-0.01405098
-0.01209741
-0.01024366
-0.008720252
-0.007863852
-0.007619767
-0.007626982
-0.007629796
-0.007688361
-0.008247159
-0.009427673
-0.01096277
-0.01195848
-0.01209663
-0.01240574
-0.01304977
-0.01331998
-0.01322747
-0.01304991
-0.01241733
-0.01143874
-0.01052869
-0.009180375
-0.007061766
-0.005483527
-0.004574922
-0.003283553
-0.001715175
-0.0007141316
-0.0002869288
-7.506184e-05
-7.215498e-05
-0.0004595252
-0.001394989
-0.002259874
-0.002923162
-0.004073883
-0.005665188
-0.007192173
-0.008375207
-0.009356063
-0.01024989
-0.01087093
-0.01088282
-0.009467567
-0.007275522
-0.005408135
-0.003606125
-0.001181945
0.001877698
0.005101657
0.007904883
0.01008028
0.01169712
0.01339654
0.01540508
0.0170558
0.01793132
0.0181562
0.01812341
0.0178933
0.01742901
0.01679525
0.01615815
0.01525144
0.01373933
0.01234109
0.01154501
0.011139
0.01078027
0.01038987
0.009960037
0.009413214
0.00849615
0.007173383
0.005644544
0.00440138
0.003226913
0.001635057
0.0001564589
-0.0007260895
-0.001104611
-0.001478659
-0.002075503
-0.002673115
-0.003082417
-0.003363145
-0.003774411
-0.004494008
-0.005329907
-0.00607335
-0.006678524
-0.007016276
-0.007030272
-0.006882219
-0.006695265
-0.006496999
-0.006241399
-0.005862069
-0.005230214
-0.004491058
-0.004034646
-0.003536434
-0.002430977
-0.0008203031
0.000859652
0.002342062
0.00333773
0.003601704
0.003699925
0.003985962
0.004130345
0.003726255
0.002414157
0.0008373933
-0.0002073218
-1.365667e-06
0.0004633376
-0.0001173868
-0.001486297
-0.002788856
-0.003275342
-0.003747699
-0.005245723
-0.006318044
-0.005908006
-0.004535692
-0.003117515
-0.001772204
-0.000275895
0.001460398
0.003029991
0.004348304
0.005576169
0.006387042
0.006479396
0.005895113
0.004726884
0.002891121
0.0007565691
-0.00131697
-0.003270879
-0.005452367
-0.00809385
-0.01040595
-0.01204381
-0.0135063
-0.0151697
-0.01675491
-0.01701031
-0.01688845
-0.01811249
-0.01941897
-0.01940733
-0.01756377
-0.0151794
-0.01358387
-0.01289533
-0.0122253
-0.01022084
-0.00780108
-0.006642976
-0.005922302
-0.004175625
-0.0005183378
0.003949397
0.007951377
0.011092
0.01373072
0.0163225
0.01889348
0.0209333
0.0219128
0.02165295
0.02138259
0.02166931
0.02123885
0.02041925
0.02062813
0.02123318
0.02136054
0.02124419
0.02135994
0.02167972
0.02128017
0.02021911
0.01973457
0.02008472
0.02055034
0.01997727
0.0182815
0.01602094
0.01419946
0.01276885
0.01075993
0.008376486
0.006410429
0.005316768
0.004733541
0.004231267
0.003737751
0.003334337
0.002988766
0.002926591
0.003271979
0.003688474
0.003920975
0.003947468
0.003912863
0.003863921
0.00356542
0.00298704
0.002258616
0.001465742
0.0007042437
0.0001546569
-0.0003871266
-0.001194886
-0.002165423
-0.003079477
-0.003866054
-0.004813141
-0.006079726
-0.007290029
-0.00818605
-0.008797521
-0.009228306
-0.009650858
-0.01030414
-0.01112779
-0.01178761
-0.01137213
-0.01016682
-0.009053108
-0.009029462
-0.009950848
-0.0095963
-0.008397246
-0.008306
-0.008260384
-0.007125484
-0.005548073
-0.003934121
-0.001921636
2.349817e-05
0.001483343
0.00293269
0.004979368
0.008041199
0.01077875
0.01206003
0.01184586
0.01114458
0.01120627
0.01147033
0.01085603
0.008992012
0.006661707
0.004628531
0.002780494
0.0007814172
-0.001222604
-0.001653522
-0.0004084814
0.000883429
0.001167973
0.0008183843
0.001193762
0.002447949
0.003517432
0.003334697
0.002156931
0.002331493
0.003351471
0.003066877
0.002081892
0.001579322
0.001372709
0.0007947541
-0.0003143811
-0.001526161
-0.002223968
-0.002172334
-0.002422266
-0.003512801
-0.005021438
-0.006590623
-0.00815876
-0.009234054
-0.01003516
-0.01106853
-0.01191783
-0.01278029
-0.0138469
-0.01329177
-0.01227493
-0.01239541
-0.01271951
-0.01266567
-0.01282475
-0.01339697
-0.01413957
-0.01484516
-0.01527839
-0.01549035
-0.01627375
-0.01741966
-0.01812856
-0.01836292
-0.01840153
-0.01818592
-0.01803128
-0.01816814
-0.01818287
-0.01788117
-0.017435
-0.01749163
-0.0182071
-0.01844316
-0.01824414
-0.01852823
-0.01909234
-0.01921395
-0.01845123
-0.01748237
-0.01691116
-0.01637951
-0.01562913
-0.0148374
-0.01418152
-0.01367488
-0.01324934
-0.01298693
-0.01305085
-0.01334227
-0.01365478
-0.01386584
-0.0142893
-0.01513799
-0.01607996
-0.01687163
-0.01758392
-0.01841589
-0.01929492
-0.01987622
-0.02009229
-0.0200748
-0.01980186
-0.01921853
-0.01826843
-0.01668432
-0.01440336
-0.01229016
-0.01069844
-0.009455762
-0.008240409
-0.006542925
-0.004144424
-0.001661893
0.0004953355
0.002486778
0.004585068
0.006890946
0.009711278
0.01284528
0.01558284
0.01776912
0.01961749
0.02118946
0.02239428
0.02347076
0.02428593
0.02414023
0.02326211
0.0222604
0.02133393
0.02009218
0.01816777
0.01617877
0.01448958
0.01273353
0.0109067
0.009213901
0.007400401
0.005800938
0.004997351
0.004282739
0.003146913
0.001971322
0.001061752
0.0003350986
-0.0004499329
-0.001082321
-0.0008603702
0.0001392827
0.001341546
0.001903293
0.002034415
0.00272737
0.003854219
0.004676563
0.005054903
0.005489338
0.006578461
0.007572183
0.007426829
0.006323653
0.00486685
0.003128349
0.0009729379
-0.001591285
-0.004210996
-0.006669243
-0.008958678
-0.01101508
-0.01297559
-0.01516046
-0.01679316
-0.01723658
-0.01706842
-0.01661707
-0.0155309
-0.01370346
-0.01118493
-0.007996526
-0.004747729
-0.002232595
-2.425939e-05
0.002558797
0.005156615
0.00706915
0.007655534
0.007931099
0.00944576
0.0110643
0.01135864
0.01116907
0.01125876
0.01110113
0.0111582
0.01201573
0.0127755
0.01289179
0.01276108
0.012592
0.01251804
0.01394078
0.01611078
0.01695514
0.01647002
0.01586116
0.01594368
0.01618844
0.01546112
0.01388711
0.0123007
0.01152289
0.01120738
0.01066531
0.01036893
0.01081268
0.01096633
0.01046268
0.009775886
0.009426758
0.009391396
0.009085333
0.008459916
0.007931048
0.007552094
0.007009744
0.005659312
0.00413306
0.003449057
0.003165156
0.002582585
0.001705379
0.0008753007
0.0002822572
5.613865e-05
1.828226e-05
-0.0002087627
-0.0004822046
-0.0004602024
-0.0003931792
-0.000458551
-0.0004079175
-0.0001318978
0.0002913752
0.0006654093
0.0008915137
0.0008017583
0.0007093259
0.001005578
0.001310534
0.001284192
0.0009596796
0.0007362875
0.000891219
0.001041249
0.0009356511
0.0008362165
0.000791175
0.000643244
0.0008515922
0.001504672
0.001965034
0.002326661
0.003177601
0.004273431
0.005154188
0.005652565
0.005945925
0.006078778
0.005853733
0.00516065
0.004178885
0.003279253
0.002663743
0.001976593
0.000999181
0.0001534923
-0.0007399635
-0.002149153
-0.0030065
-0.003012041
-0.003723183
-0.005053907
-0.005679527
-0.005501934
-0.005090061
-0.00458495
-0.00424252
-0.004316556
-0.004573986
-0.004965691
-0.00593363
-0.007044227
-0.007669669
-0.008215595
-0.009151864
-0.01038715
-0.01117279
-0.01114376
-0.01069735
-0.01033201
-0.01032654
-0.01033703
-0.009570727
-0.007703199
-0.006147279
-0.005685957
-0.005078234
-0.003589661
-0.001483539
0.0002701621
0.001125531
0.001908009
0.003219301
0.004392772
0.005202727
0.006076224
0.007217865
0.008482781
0.009509691
0.01012121
0.01035864
0.01076552
0.01160821
0.01264791
0.01341242
0.01367412
0.01381182
0.01414085
0.01463356
0.01502056
0.01511029
0.01493155
0.01458697
0.01404549
0.01291541
0.01107053
0.009219566
0.007853844
0.00688018
0.005551894
0.003670321
0.001677356
-0.0003522854
-0.00249597
-0.004040503
-0.00520857
-0.006762794
-0.008638483
-0.01042422
-0.01199679
-0.01328892
-0.01432569
-0.01539346
-0.0166387
-0.01794614
-0.0187784
-0.01898458
-0.01880888
-0.01841837
-0.01777226
-0.01666915
-0.01511961
-0.01337009
-0.01159851
-0.009740529
-0.007285887
-0.004361336
-0.001799444
0.0003340337
0.002469172
0.004757778
0.00696502
0.008556924
0.009686837
0.01074839
0.01168813
0.01223916
0.01217866
0.01204518
0.0124675
0.01308056
0.01345167
0.01389426
0.01440336
0.01465551
0.01502304
0.01569179
0.01611523
0.01610495
0.01586744
0.01538704
0.0149563
0.01534892
0.01532396
0.01338925
0.01148659
0.01082937
0.01071251
0.01020571
0.009198417
0.007994833
0.006842082
0.005835125
0.005702573
0.006126729
0.005645468
0.004735496
0.004429562
0.004081468
0.003622537
0.003747288
0.004096394
0.004125235
0.003663869
0.003033847
0.002555835
0.002485177
0.002562016
0.002175619
0.001309981
0.0005749968
0.001551368
0.003385034
0.003979457
0.004073934
0.005019035
0.005477367
0.0052745
0.005576137
0.00631676
0.006797998
0.006393861
0.0055023
0.00480289
0.00459543
0.004566373
0.004213506
0.003287524
0.002005253
0.001166535
0.0007504624
0.0002618703
2.828781e-05
0.0002694439
0.0006316916
0.001119741
0.001993773
0.002401287
0.002200294
0.002428209
0.003221195
0.003974847
0.004107907
0.003770156
0.003515029
0.00375845
0.004412552
0.004904992
0.005079598
0.00516996
0.005097095
0.004664067
0.003925849
0.003057748
0.002119193
0.00113325
0.0001235287
-0.0008607089
-0.001752593
-0.002509096
-0.003055878
-0.003362157
-0.003429303
-0.003508667
-0.003907256
-0.004915613
-0.005956594
-0.006381102
-0.005732382
-0.004822629
-0.004773913
-0.005577996
-0.006551142
-0.006881988
-0.006548243
-0.005971415
-0.005909536
-0.00644736
-0.007113135
-0.007155787
-0.006165199
-0.004687625
-0.003410733
-0.002655694
-0.001993416
-0.001023017
-3.992704e-05
0.0008298561
0.002032351
0.003616926
0.005366582
0.006964371
0.008316075
0.009461724
0.01056074
0.01157918
0.01186672
0.01161485
0.01198923
0.01279454
0.0131232
0.01277058
0.01214782
0.01158397
0.01116165
0.01075872
0.01003142
0.0088711
0.007379969
0.005907155
0.004623242
0.003383505
0.001981914
0.0003971937
-0.0009724104
-0.002058009
-0.003239739
-0.004510525
-0.005660698
-0.006707977
-0.007107035
-0.006525742
-0.005580563
-0.004811333
-0.004158136
-0.003500993
-0.002853594
-0.002181954
-0.001461926
-0.0007082316
-0.0003219685
-0.0004753469
-0.0005614501
-0.000126639
0.0007771686
0.001321164
0.001220923
0.001523497
0.002364062
0.002896907
0.002850384
0.002671366
0.003257893
0.004361035
0.005206606
0.005788778
0.006530935
0.00769919
0.009001213
0.01000578
0.01096464
0.01210048
0.01253936
0.01243562
0.01273783
0.01347034
0.01407812
0.01417204
0.01397505
0.01385024
0.01407567
0.01457011
0.01475855
0.01453472
0.01420958
0.01416124
0.01427467
0.0138016
0.01275954
0.01167784
0.01088669
0.01003635
0.01024088
0.00841497
0.007152356
0.005808361
0.004189622
0.002757819
0.001343252
-0.0001106246
-0.001071635
-0.001389568
-0.00140885
-0.001961251
-0.003183656
-0.004600878
-0.005149477
-0.004651396
-0.004854212
-0.005915967
-0.006648655
-0.00684716
-0.006937819
-0.0068496
-0.006457956
-0.005798816
-0.005337493
-0.005323716
-0.005627888
-0.005742841
-0.005146093
-0.004164931
-0.003298835
-0.002642857
-0.001956252
-0.001032251
-0.0002152111
5.265575e-05
-0.0001108407
-0.0004485529
-0.000788573
-0.001020958
-0.001098227
-0.001242824
-0.001681613
-0.002823629
-0.004074465
-0.004614765
-0.004949969
-0.005746766
-0.00690928
-0.007779475
-0.007923061
-0.007608121
-0.00713581
-0.006524664
-0.005714122
-0.004580491
-0.003132816
-0.00139366
0.0004566078
0.002253974
0.003824501
0.005121105
0.005995138
0.006585861
0.007030654
0.007489145
0.007920078
0.007925512
0.007437854
0.00664832
0.00584711
0.005069539
0.003974768
0.002571453
0.001183817
0.0004094679
9.809428e-05
-0.0007853851
-0.001967322
-0.002465159
-0.002496269
-0.002621609
-0.002755997
-0.002814344
-0.002913776
-0.002930099
-0.002791414
-0.002883181
-0.003245426
-0.003646444
-0.004090315
-0.004688274
-0.005351573
-0.006057115
-0.006953178
-0.007836674
-0.008459877
-0.008789
-0.009110798
-0.00971353
-0.01035808
-0.0107628
-0.01103177
-0.0112993
-0.01150347
-0.01173936
-0.0121003
-0.01242388
-0.01239725
-0.01164099
-0.01065717
-0.009953292
-0.009044206
-0.007726367
-0.006845781
-0.006204487
-0.004984873
-0.00394641
-0.003836459
-0.003807569
-0.003516608
-0.003823985
-0.004395202
-0.00438154
-0.00435044
-0.004863773
-0.005752824
-0.006774547
-0.007915989
-0.008675475
-0.008982962
-0.009355401
-0.009972879
-0.01061978
-0.01109006
-0.01137743
-0.01153868
-0.01154566
-0.01117789
-0.01061378
-0.01012047
-0.009870021
-0.009724798
-0.009297202
-0.008809999
-0.008907312
-0.009337581
-0.009565151
-0.009473859
-0.009385772
-0.009682446
-0.009841783
-0.009212993
-0.008448575
-0.008100872
-0.007898296
-0.007503361
-0.006915886
-0.006275231
-0.005697342
-0.005444441
-0.005065157
-0.003964216
-0.002927353
-0.002582884
-0.002170776
-0.001233629
-0.0002660144
0.0004161741
0.0009632544
0.001533875
0.002097692
0.002417091
0.002522603
0.00283728
0.003285553
0.003414096
0.003346589
0.003365672
0.003119831
0.002491786
0.001862988
0.001350215
0.0007946936
0.0003190068
-2.758726e-05
-0.0005092371
-0.001192405
-0.001926834
-0.002412423
-0.002645592
-0.002840537
-0.003037898
-0.003123707
-0.00316926
-0.003147826
-0.002413844
-0.001107462
0.0002914121
0.001439702
0.002318229
0.003051024
0.003682041
0.004170347
0.004502884
0.004684505
0.004783341
0.004840897
0.004737642
0.004410015
0.003975806
0.003574194
0.00329823
0.003021754
0.002611311
0.002200202
0.001902953
0.001584722
0.001295866
0.001202166
0.001104502
0.0007962904
0.0002246114
-0.0002892246
-0.0004539813
-0.0004069172
-0.0003820235
-0.0005887602
-0.0008846614
-0.001022405
-0.001075323
-0.001187794
-0.001242392
-0.001199684
-0.001132796
-0.001214508
-0.001454694
-0.001513314
-0.001370896
-0.001247592
-0.001229626
-0.001252468
-0.001265167
-0.001253405
-0.001204956
-0.001182156
-0.001219646
-0.00109902
-0.0008230912
-0.000759593
-0.0008427738
-0.0007872154
-0.0007462472
-0.0008588079
-0.001014575
-0.001114461
-0.001169382
-0.00122191
-0.001289703
-0.001379643
-0.001440103
-0.001427534
-0.001420681
-0.001462483
-0.001515703
-0.001523215
-0.001468014
-0.001406883
-0.001371343
-0.001336771
-0.001286784
-0.00123086
-0.001200788
-0.001200408
-0.001178105
-0.001135526
-0.001109574
-0.001112841
-0.001131403
-0.001140037
-0.001134706
-0.001121592
-0.00107457
-0.0009967762
-0.000921303
-0.0008668237
-0.0008275077
-0.0007701481
-0.0006951264
-0.000646508
-0.0006125246
-0.0005560902
-0.0004883281
-0.0004291001
-0.0003700957
-0.0003068547
-0.0002444821
-0.0001843325
-0.0001253553
-7.066522e-05
-1.901435e-05
3.524932e-05
8.824771e-05
0.0001347955
0.0001793715
0.0002244868
0.0002651586
0.000301803
0.000338161
0.0003730937
0.0004051038
0.0004365482
0.0004679483
0.0004988894
0.0005314388
0.0005652555
0.0005977909
0.0006292043
0.0006609942
0.0006946216
0.0007293668
0.0007636175
0.0007974539
0.0008313801
0.0008645515
0.0008970289
0.0009297918
0.0009627442
0.0009953508
0.001027557
0.001059477
0.001091096
0.001122393
0.001153387
0.001184102
0.001214538
0.001244683
0.001274543
0.001304129
0.001333453
0.001362471
0.001391121
0.001419464
0.001447525
0.001475216
0.001502519
0.001529458
0.001556041
0.001582263
0.001608137
0.001633628
0.001658701
0.001683353
0.001707588
0.001731403
0.001754788
0.001777735
0.001800243
0.001822308
0.001843921
0.001865079
0.001885775
0.001906006
0.001925766
0.001945051
0.001963855
0.001982173
0.002000002
0.002017337
0.002034174
0.002050508
0.002066335
0.00208165
0.002096451
0.002110732
0.00212449
