0.0003544541
0.0003540254
0.0003536643
0.0003533486
0.0003530845
0.0003528684
0.0003527088
0.0003525992
0.0003525394
0.0003525283
0.0003525641
0.0003526232
0.000352692
0.0003528229
0.0003530677
0.0003534872
0.0003541417
0.0003547728
0.0003548381
0.0003544524
0.0003540555
0.0003544073
0.0003555956
0.0003571795
0.0003576412
0.0003557979
0.0003519368
0.000348077
0.0003462804
0.0003473013
0.0003510195
0.0003544392
0.0003560026
0.000356441
0.0003581874
0.0003613178
0.0003593271
0.0003528114
0.0003485944
0.0003505372
0.0003571106
0.0003601736
0.0003616902
0.0003707902
0.0003812806
0.0003815105
0.0003620288
0.000338418
0.0003336243
0.0003530069
0.0003874119
0.0004070027
0.0004035532
0.0003811743
0.0003502206
0.0003178631
0.0002999852
0.0003135169
0.0003692941
0.000416701
0.0004132731
0.0003407488
0.0002648272
0.0002595611
0.0003006225
0.00033717
0.0003428453
0.000335165
0.0003380587
0.0003546508
0.0003737562
0.0003846236
0.000385315
0.0003729828
0.0003377429
0.0002820287
0.0002550185
0.0002710238
0.0003224476
0.0003691813
0.0003850898
0.0003693526
0.0003577785
0.0003882015
0.0004199577
0.0004061976
0.0003602575
0.0003293441
0.0003527868
0.0004098459
0.0004536495
0.0004061748
0.0003062496
0.0002457371
0.0002397064
0.0002536835
0.0002889294
0.0003363717
0.0003726187
0.0003309347
0.00021008
0.0002265274
0.0003644587
0.0004181229
0.0003954716
0.0003944144
0.0002912552
9.723369e-05
-3.712228e-05
-0.000105528
-0.0001612747
-7.020891e-05
0.0001787574
0.0005231143
0.0007880762
0.0008844963
0.0008656683
0.0007587795
0.0004895607
0.0001982969
4.545826e-05
9.637795e-05
0.000271967
0.0004367288
0.0003981205
0.0001037832
-0.0003178372
-0.0006136812
-0.000430261
2.990058e-05
0.0004072694
0.0005215656
0.000472774
0.0003983531
0.0003033479
0.0001068461
2.582231e-05
0.0001378001
0.0002445392
0.000178026
-5.725329e-05
-0.0001549142
-2.807669e-05
0.0001015659
0.0001837135
0.0003490818
0.0005356653
0.0006609391
0.0007536689
0.0008124369
0.0007801977
0.0006897598
0.0005866602
0.0004236041
0.0001128506
-0.0003649539
-0.0006285033
-0.0005668161
-0.0004718495
-0.0004078164
-0.0002021086
-6.468846e-05
-0.0001147524
-0.0001309118
-2.905496e-05
7.599081e-05
0.0001087183
0.0001036491
0.0001450723
4.326626e-05
-0.0004278412
-0.0007266596
-0.00051709
0.0002011358
0.0009277366
0.001221859
0.001051835
0.0006043141
0.0002029336
-0.0002433258
-0.0009698185
-0.001233736
-0.0007517103
3.82131e-06
0.0005766004
0.0009038863
0.0008802047
0.0004790266
0.0001799241
1.704967e-05
-0.000351904
-0.0006851261
-0.0006281618
-0.0001861346
0.00044232
0.001159295
0.001510946
0.001226998
0.0004301766
-0.0001629817
1.125227e-05
0.0004375342
0.0005893804
0.0005609607
0.0004090168
-0.0002468993
-0.001139367
-0.001751542
-0.001631131
-0.001090694
-0.0006069722
-0.0001499009
0.000449521
0.0006367755
0.0002497357
-0.0006167806
-0.001276197
-0.001237701
-0.0003802412
0.0006584067
0.001283929
0.001407597
0.001143117
0.0001872057
-0.001107023
-0.002098856
-0.001997037
-0.000839003
-0.0005203973
-0.001456392
-0.002631909
-0.002946482
-0.002373256
-0.001809729
-0.00157372
-0.0012918
-0.000882567
-0.0004677614
0.0001099456
0.0006809818
0.0007472732
0.0006616112
0.0009060248
0.001186733
0.001237388
0.001125085
0.001011623
0.0008732178
0.0002746462
-0.000712818
-0.001727243
-0.002162746
-0.00190624
-0.001856868
-0.002195255
-0.002362292
-0.001966083
-0.001112053
-0.0003558746
-1.051642e-05
-0.0001840141
-0.0007052406
-0.001311781
-0.001456499
-0.00104743
-0.0001222447
0.0001272082
-0.001027738
-0.002708574
-0.00368785
-0.003561623
-0.002821258
-0.001829369
-0.0006128742
0.0007057877
0.001883957
0.002585948
0.002633602
0.001890416
0.001109468
0.001360358
0.002162512
0.002519443
0.001767978
0.0004229181
-0.0008856249
-0.001548477
-0.001412158
-0.000664679
0.0002371435
0.001152805
0.00198649
0.002575721
0.002403636
0.001974027
0.002318373
0.003481793
0.004895919
0.006085931
0.006513796
0.005143882
0.002008419
-0.002072538
-0.005731707
-0.007706241
-0.007300521
-0.005578099
-0.003844611
-0.002679304
-0.00202627
-0.001828814
-0.001657504
-0.001357313
-0.0009991403
-0.0004677565
0.0004258337
0.0009848726
0.00109946
0.002108579
0.003856393
0.005114766
0.005047433
0.003811211
0.002409508
0.0004282873
-0.003339162
-0.007647955
-0.01081289
-0.01200642
-0.01156368
-0.009987779
-0.007222788
-0.003964259
-0.001107645
0.0009105799
0.001917305
0.002617475
0.003396142
0.003921589
0.004133919
0.00413197
0.003138375
0.001018183
-0.001434642
-0.002996251
-0.003352972
-0.003192876
-0.003003716
-0.002749658
-0.002619388
-0.002761883
-0.002786258
-0.002284828
-0.0008549481
0.001723874
0.004976576
0.006502206
0.005995015
0.004213077
0.002195942
0.0003515581
-0.001118435
-0.002230204
-0.002969116
-0.003299567
-0.003203941
-0.003210068
-0.003494954
-0.003792431
-0.003076774
-0.0009717398
0.001361658
0.002613733
0.002286891
-0.0004428618
-0.005637917
-0.01042831
-0.01221688
-0.01006614
-0.004783597
0.001356812
0.005695911
0.007875692
0.008561088
0.008916783
0.009132355
0.009351559
0.009545406
0.009620233
0.009263956
0.008127227
0.005122085
0.0009983423
-0.002684752
-0.004641877
-0.005079118
-0.004717943
-0.003765828
-0.002094514
-0.0001831871
0.001506988
0.002640153
0.002961512
0.002235584
0.001876161
0.002627917
0.003933134
0.004590642
0.003839256
0.00097914
-0.00300543
-0.00578449
-0.005743629
-0.003296922
-0.0006737466
0.001325973
0.003752779
0.005494203
0.005141126
0.003243236
0.001187378
0.0001800208
0.0002262229
0.001528354
0.003163619
0.004329448
0.004894614
0.005076879
0.004812043
0.003583211
0.000752232
-0.002535001
-0.005051869
-0.006256096
-0.005047035
-0.001249711
0.002421909
0.003902155
0.002172251
-0.0009902886
-0.003680568
-0.004813921
-0.004980949
-0.00454577
-0.003165684
-0.0008187064
0.0005420312
0.0004817108
-0.0003043789
-0.0005223039
0.0003073282
0.001780768
0.002789921
0.00224757
0.0001939959
-0.002562317
-0.004522434
-0.004960748
-0.003986613
-0.002808556
-0.002092447
-0.002388399
-0.003017017
-0.003072211
-0.002643387
-0.002195367
-0.001630873
-0.0006729044
0.0007613492
0.001676846
0.001516646
0.001071534
0.001422851
0.002912656
0.004244115
0.004250354
0.001683272
-0.002170329
-0.005254333
-0.005924139
-0.004964111
-0.00416295
-0.004365506
-0.005241516
-0.00518813
-0.003579231
-1.323878e-06
0.004198142
0.007444678
0.008672607
0.007821924
0.005296109
0.002490985
0.0005038124
-0.0004397231
-0.0008088017
-0.0009293026
-0.000499809
0.001075984
0.00293628
0.004224623
0.004399406
0.004115964
0.004181526
0.004599884
0.004837675
0.004029645
0.002457356
0.0008840594
-0.0004672971
-0.001652093
-0.002465381
-0.002880322
-0.002883871
-0.002619084
-0.002115979
-0.001192562
8.170277e-05
0.00152287
0.002454057
0.002574183
0.00199589
0.001338653
0.0008152012
-0.0005436402
-0.002517832
-0.003171788
-0.00141294
0.002167829
0.005928675
0.008654164
0.009256642
0.008416505
0.006749835
0.004469793
0.001716146
-0.001065121
-0.002533732
-0.002036519
-6.65528e-06
0.002242973
0.002893385
0.002440091
0.001922973
-0.0005418246
-0.004962652
-0.007990922
-0.007780247
-0.00531287
-0.003027344
-0.001726847
-0.000637151
0.0001555807
0.0001833972
0.0002695083
0.0009314292
0.001833136
0.0008146556
-0.002892464
-0.006033064
-0.006595429
-0.004335719
-0.001394902
0.0006739757
0.001970363
0.00334129
0.004966228
0.005445079
0.003972379
0.0019563
0.0007212603
0.0007480034
0.001241127
0.001333072
0.0002406291
-0.00162324
-0.00371987
-0.005399428
-0.006240587
-0.005372008
-0.003932286
-0.003565907
-0.00378464
-0.003500188
-0.002598854
-0.00164506
-0.001042643
-0.0006148375
-0.0001595094
-0.0001513774
-0.0004361099
-0.0003289411
0.0006486398
0.002372777
0.004172075
0.005517895
0.006097171
0.005606029
0.003908395
0.0008969684
-0.002297269
-0.004399442
-0.005128875
-0.005319977
-0.005880041
-0.006008383
-0.004377679
-0.001854305
0.0004433766
0.002796581
0.005018315
0.006280961
0.005707708
0.003146623
-0.000201394
-0.002958392
-0.004455429
-0.003878003
-0.001774174
0.0007628827
0.002239593
0.001656571
-0.0005717442
-0.003960054
-0.008231132
-0.0118274
-0.01285458
-0.01008675
-0.004909211
-7.812245e-07
0.003584329
0.006432063
0.009538003
0.01274885
0.01429197
0.01369434
0.01074055
0.005571079
-0.0007478242
-0.005395276
-0.007299025
-0.006586011
-0.004060187
-0.0007593435
0.002318551
0.004491755
0.005393966
0.005646157
0.005930458
0.006407451
0.006453364
0.005366293
0.002774668
-0.0009623493
-0.005232862
-0.008017255
-0.008324206
-0.007186283
-0.005541144
-0.003341224
-0.001138798
0.0002036964
-0.0003002784
-0.002095763
-0.00352059
-0.003207038
-0.0005794403
0.003737416
0.007937029
0.009690962
0.008815633
0.005815527
0.00249339
-0.0004589128
-0.003746445
-0.007300506
-0.01031784
-0.01154917
-0.01111506
-0.008929357
-0.004385011
0.002125532
0.00677992
0.008613781
0.008628773
0.007699698
0.005260758
0.002102907
-0.0005383092
-0.001760419
-0.002102119
-0.00228017
-0.001884452
-0.0006986054
0.0005319315
0.0009130659
0.0003954421
-6.80125e-06
0.0005528659
0.002626579
0.00536747
0.007668125
0.007839666
0.005283101
-6.436449e-06
-0.004441783
-0.00578371
-0.006392271
-0.006752002
-0.004704428
-0.0002865097
0.005076514
0.00831084
0.009320894
0.009322235
0.008658192
0.006355143
0.002718321
-0.001390546
-0.005545472
-0.00917585
-0.01170638
-0.01185602
-0.009229138
-0.004058333
0.0009780731
0.004493807
0.006706367
0.007711175
0.006357232
0.003927728
0.002152097
0.001598904
0.001598548
0.001464028
0.001064726
0.0005758127
-0.0002643415
-0.001091413
-0.001054903
-0.0002415166
0.0006070846
0.0002610784
-0.001179878
-0.003181407
-0.004115595
-0.003328623
-0.002535537
-0.002440229
-0.002004588
-0.001148115
-0.00058206
-0.0008178293
-0.001467656
-0.002031115
-0.001998235
-0.001320709
-0.0006453864
-0.0003219742
-0.000248827
-0.0006123773
-0.001357068
-0.000909597
0.0005538038
0.001584195
0.001017468
-0.000861487
-0.001989326
-0.001844045
-0.001222769
-0.0006634428
-4.39753e-05
0.0008217271
0.001806515
0.002607123
0.0029786
0.002982597
0.003177696
0.003696249
0.004332657
0.005531854
0.007712155
0.01080967
0.01365666
0.01414444
0.01199359
0.007589917
0.002764596
-0.001119146
-0.003468038
-0.004764326
-0.005589152
-0.006216896
-0.006649348
-0.006842289
-0.007473818
-0.008863707
-0.009850091
-0.008937053
-0.005273019
0.0005691774
0.006711194
0.009589187
0.00940862
0.007489782
0.005803311
0.005187749
0.005914037
0.007095643
0.00716186
0.004740103
3.295398e-05
-0.00470734
-0.007233144
-0.006772462
-0.00429579
-0.0007709263
0.001620256
0.002465887
0.002271032
0.002384305
0.003329527
0.004122441
0.003378132
-0.000111274
-0.004446475
-0.007291404
-0.00691981
-0.004777814
-0.002437576
-0.0007521831
0.0004332723
0.001896939
0.003427197
0.003667328
0.00248901
0.000650675
-0.001427387
-0.003251737
-0.00363647
-0.003117359
-0.002941811
-0.004557803
-0.007133943
-0.00807068
-0.006181239
-0.002515767
-0.000198553
-0.0006288161
-0.003749932
-0.006945411
-0.008386123
-0.007621004
-0.005877977
-0.004827963
-0.005224104
-0.006493486
-0.00679297
-0.004903187
-9.370097e-05
0.005068989
0.008292824
0.008987438
0.008243771
0.006019519
0.003230503
0.001154849
-0.0001422192
-0.001539876
-0.003840342
-0.00622908
-0.007439523
-0.006978298
-0.005630437
-0.004543531
-0.003171594
-0.000170098
0.004262441
0.008758698
0.01113352
0.01092289
0.008718031
0.005655729
0.002099761
-0.0009280158
-0.004033054
-0.008495239
-0.01345316
-0.01693986
-0.0170106
-0.01357727
-0.007829657
-0.001313846
0.004460383
0.007139964
0.007629718
0.007460155
0.00747878
0.007384151
0.007287287
0.006316218
0.003308706
-0.001810164
-0.00741231
-0.009530846
-0.008171021
-0.005244906
-0.003497251
-0.003236902
-0.003035185
-0.001740717
0.0006722235
0.003520816
0.00610628
0.006545942
0.004984189
0.002039403
-0.00211388
-0.007299517
-0.01181715
-0.01385717
-0.01234632
-0.007687542
-0.00183217
0.002535556
0.004403958
0.002560497
-0.002119904
-0.007777665
-0.01126687
-0.01180436
-0.01021966
-0.007571527
-0.003947566
-0.000528039
0.001832456
0.00245661
0.002036582
0.0008747557
-0.00220015
-0.006887335
-0.01084397
-0.01204923
-0.01050629
-0.006969125
-0.003073077
-0.001474088
-0.001585763
-0.001803176
-0.002060719
-0.002908239
-0.004678338
-0.007871095
-0.01270419
-0.01594245
-0.01553751
-0.01162375
-0.006178326
-0.0007796556
0.002023885
0.00258106
0.003149681
0.004676243
0.00646827
0.006953396
0.005282775
0.0006807746
-0.006221381
-0.01412513
-0.01800008
-0.0156069
-0.00602088
0.006470967
0.01441027
0.01729597
0.01586928
0.0111841
0.00458967
-0.001488427
-0.005673687
-0.006878958
-0.006189853
-0.00495396
-0.004802629
-0.005989482
-0.007778696
-0.008137899
-0.005525538
-0.0004980734
0.005724008
0.01030929
0.01173484
0.009267361
0.005315249
0.001833263
0.000831968
0.002568166
0.006532902
0.01017185
0.008827446
0.003025878
-0.002540464
-0.005888621
-0.007865732
-0.006998369
-0.004618371
-0.003378807
-0.003965471
-0.005105708
-0.003685929
0.001051401
0.007871302
0.01296645
0.01375926
0.01086174
0.005544776
-0.0007869018
-0.005294943
-0.006560153
-0.005702856
-0.005139452
-0.007557266
-0.01220804
-0.01664136
-0.01765831
-0.01542263
-0.008957952
0.0006385363
0.01059482
0.01523686
0.01333543
0.009726841
0.00709333
0.005974908
0.005236507
0.004058633
0.002377689
3.528444e-05
-0.005842794
-0.01471869
-0.0230848
-0.02622405
-0.02464041
-0.0194663
-0.01401205
-0.01027036
-0.008039845
-0.005639576
-0.001476686
0.003136408
0.006137125
0.006485938
0.004418788
0.0008733814
-0.001995227
-0.002557535
-0.0006014091
0.002792798
0.00317618
-0.0005156825
-0.00627437
-0.01000286
-0.01079627
-0.009386577
-0.007499582
-0.006015136
-0.004764013
-0.003547118
-0.004041859
-0.007026939
-0.01194437
-0.01517233
-0.01508532
-0.01017277
-0.001672197
0.008484234
0.01478816
0.01487741
0.01015297
0.003564419
-0.002117546
-0.00681697
-0.01128258
-0.01320239
-0.01109125
-0.004914219
0.002977732
0.01010357
0.01258192
0.01174025
0.00777436
0.002195285
-0.0026911
-0.005356716
-0.006995558
-0.009143303
-0.01173565
-0.01352481
-0.01241129
-0.007644099
0.0005368487
0.009060079
0.01183743
0.009081898
0.00390875
0.000973582
0.001679295
0.003549443
0.004549094
0.004629675
0.004537259
0.004780218
0.006196853
0.00865827
0.01126123
0.01298983
0.01344755
0.01351815
0.01402754
0.01515502
0.01681749
0.01884306
0.01861869
0.0157265
0.01036815
0.001588859
-0.007135811
-0.01276224
-0.01493646
-0.01384777
-0.0103737
-0.003382535
0.005237944
0.01230121
0.01540179
0.01451349
0.01125191
0.006110933
-0.001469628
-0.0082111
-0.01147151
-0.01137446
-0.01046427
-0.009876088
-0.009951858
-0.01109905
-0.01462869
-0.02048158
-0.02749527
-0.03336766
-0.03658325
-0.03675534
-0.03461082
-0.03061131
-0.02641036
-0.02185802
-0.01467651
-0.00490399
0.005870497
0.01683153
0.02761212
0.03383612
0.03086546
0.01829157
-0.003154937
-0.02490774
-0.03665423
-0.04294292
-0.04118886
-0.02891846
-0.01526707
-0.005856997
0.0008633915
0.006259777
0.01065907
0.01329102
0.0136046
0.01029852
0.004078444
-0.00289543
-0.005425806
-0.004691437
-0.005327534
-0.008949033
-0.01378643
-0.01684436
-0.01730001
-0.01592871
-0.01285485
-0.007236506
0.001954263
0.01208762
0.01912313
0.02194625
0.02203295
0.02109142
0.01996685
0.01894516
0.02221542
0.03118941
0.0444164
0.05574554
0.06066208
0.06201397
0.06350405
0.06486384
0.06371325
0.06041247
0.05414607
0.0446933
0.03590571
0.02883521
0.02152797
0.01183984
0.002662733
-0.005247724
-0.01073466
-0.01073583
-0.007607905
-0.004436102
-0.004176413
-0.00874843
-0.01505284
-0.019987
-0.02305713
-0.02631843
-0.03187789
-0.04261752
-0.05556137
-0.06757407
-0.07717376
-0.08083709
-0.08110861
-0.08034561
-0.07853067
-0.07468632
-0.06765067
-0.05651917
-0.04036589
-0.02461414
-0.01365319
-0.01005159
-0.01361105
-0.02108542
-0.03329468
-0.04802619
-0.0570556
-0.05673239
-0.05099961
-0.04125695
-0.02381728
0.002564578
0.03110831
0.05624527
0.07575252
0.0864388
0.08667382
0.0762236
0.04910456
0.01649116
-0.00754018
-0.01445436
-0.0104658
-0.0004442295
0.01670424
0.03931675
0.06611947
0.08786018
0.1022117
0.1104455
0.1122827
0.1051066
0.08203209
0.04273863
0.001751985
-0.03840408
-0.06540858
-0.06898494
-0.05380435
-0.02667522
-0.002554953
0.004819514
0.003258912
0.001751072
0.002916482
0.002954244
0.0006172795
-0.001984178
-0.007639181
-0.01897421
-0.03431535
-0.0465494
-0.04920633
-0.04412645
-0.03377655
-0.01923285
-0.003428125
0.008077138
0.01369547
0.01570802
0.01590522
0.01582914
0.01576686
0.01869452
0.02572837
0.04013392
0.05765386
0.07003186
0.07072334
0.06146696
0.04690091
0.02904151
0.01170848
-0.004688345
-0.02118875
-0.03626345
-0.04558415
-0.04810885
-0.042746
-0.03215741
-0.02061402
-0.009949226
-0.002737908
0.002476891
0.006562429
0.01002699
0.01082818
0.006890602
0.0008749148
-0.003932167
-0.005997041
-0.005843198
-0.004696091
-0.004640377
-0.006563587
-0.01099571
-0.01829889
-0.02789984
-0.03669004
-0.04211986
-0.04414065
-0.04227008
-0.03375952
-0.02056351
-0.01082644
-0.009172815
-0.01375765
-0.02107505
-0.02636951
-0.02905228
-0.03134606
-0.03659915
-0.04508764
-0.05287629
-0.05717675
-0.05834094
-0.0560687
-0.04928844
-0.03644413
-0.02075001
-0.006295114
0.003406435
0.008123041
0.01201317
0.01672178
0.02315546
0.03383873
0.04709065
0.06065684
0.0690473
0.06757106
0.05766975
0.04549884
0.03621676
0.03012504
0.02892637
0.03261416
0.03961969
0.04932594
0.05652584
0.05644186
0.04626754
0.03085554
0.01694886
0.009945409
0.01125309
0.01927599
0.03369642
0.05028731
0.06123783
0.06382034
0.05842943
0.04632699
0.03213976
0.01854451
0.006160941
-0.003012039
-0.005707216
-0.006987093
-0.01441642
-0.03059665
-0.05338515
-0.07687185
-0.09251979
-0.09698841
-0.09251408
-0.07961051
-0.05764034
-0.02576311
0.01427906
0.04557103
0.05717466
0.05414306
0.04251701
0.02915821
0.01621206
0.002783057
-0.005324515
-0.005455732
0.0001055277
0.005037853
0.006428096
0.006607567
0.008020244
0.01114382
0.01579196
0.02326745
0.03201374
0.03863896
0.04140054
0.0409249
0.03802802
0.03367428
0.0278904
0.01987826
0.01031716
-0.0006735559
-0.01390362
-0.02585797
-0.03310082
-0.0376381
-0.04392101
-0.05565844
-0.06974556
-0.08192316
-0.08895687
-0.09098021
-0.08902991
-0.08123863
-0.06821818
-0.05213039
-0.03858612
-0.02920377
-0.02281278
-0.01858766
-0.01511048
-0.01069436
-0.005713864
-0.001312736
0.000226581
-0.006120742
-0.01926467
-0.03381408
-0.04071809
-0.03379491
-0.01203161
0.02124013
0.06144832
0.09695601
0.121205
0.1311597
0.1253934
0.1072665
0.08189963
0.05610801
0.04061145
0.03885669
0.04576255
0.05167137
0.05048602
0.04327301
0.03714779
0.02782349
0.005665888
-0.01500892
-0.02005425
-0.009682735
0.01019143
0.03114871
0.052142
0.0714408
0.07959697
0.07511858
0.0583714
0.03447063
0.00911719
-0.01836387
-0.04617712
-0.0632529
-0.06661939
-0.06469864
-0.06562333
-0.06891336
-0.07315237
-0.07700595
-0.07884979
-0.07821269
-0.07558569
-0.06964984
-0.05905509
-0.04057358
-0.01376918
0.01785652
0.04381039
0.05008279
0.03613338
0.01225961
-0.02378536
-0.05726153
-0.07801836
-0.08266161
-0.07532748
-0.05784538
-0.02730491
0.006364342
0.02714193
0.03893463
0.0433297
0.04061356
0.03453449
0.02230396
0.00283932
-0.02148525
-0.0379715
-0.04057301
-0.03191414
-0.01742678
0.0005085084
0.01514474
0.01853006
0.01118001
-0.002656659
-0.01825152
-0.02751438
-0.02741047
-0.02118673
-0.01225825
-0.004099372
-0.0001057749
-0.00291866
-0.01155686
-0.01927692
-0.02267687
-0.02370169
-0.02132911
-0.01158551
0.007864251
0.0303482
0.04405468
0.05187466
0.05814443
0.05803141
0.04789214
0.02539636
-0.00500882
-0.03950394
-0.06839798
-0.08795346
-0.0971655
-0.09571739
-0.0873158
-0.07881301
-0.07262858
-0.06577534
-0.05312909
-0.03473322
-0.01500617
0.002971393
0.02064238
0.0417082
0.06419717
0.07947077
0.08404173
0.08173996
0.07489775
0.05992975
0.03981537
0.01809912
0.002380892
-0.0001422287
0.004540058
0.009267349
0.0156179
0.02529546
0.03707832
0.04681528
0.04984025
0.04514574
0.03576817
0.02236997
0.009696073
0.005041678
0.009902527
0.02316693
0.0373699
0.04696908
0.04911559
0.03950866
0.0179637
-0.005301327
-0.02390894
-0.03037427
-0.02416405
-0.01016168
0.007739586
0.02364367
0.02998661
0.02388059
0.00947054
-0.005077621
-0.01541755
-0.02340577
-0.0317031
-0.03990375
-0.04689935
-0.05256688
-0.05763213
-0.06115747
-0.06067933
-0.0566113
-0.05237013
-0.04912139
-0.04296009
-0.03438939
-0.02782408
-0.02479368
-0.02429916
-0.02220361
-0.01685836
-0.009404015
0.0004018082
0.009874053
0.01711072
0.0253348
0.0367069
0.04759708
0.05645831
0.06493744
0.0700036
0.06962284
0.0659829
0.06036304
0.05698754
0.05723968
0.05913789
0.05900759
0.05504416
0.04829985
0.04162224
0.03804231
0.03886017
0.04444337
0.05169524
0.05782347
0.05958455
0.05542418
0.04898902
0.0434775
0.03944057
0.03637163
0.03422943
0.03437341
0.03692522
0.04221985
0.04684709
0.04811371
0.04604894
0.03920102
0.03029835
0.02433103
0.0236199
0.02707544
0.03157531
0.03503574
0.0374585
0.03952114
0.04108992
0.04250729
0.04414108
0.04643089
0.04872225
0.05001312
0.04843098
0.04334681
0.03679923
0.0322366
0.03191282
0.03609299
0.04278937
0.05132904
0.0578241
0.05495517
0.04485617
0.02887848
0.01055308
-0.006004656
-0.01862985
-0.02554868
-0.02851612
-0.02640388
-0.02015572
-0.007791785
0.006947131
0.01898271
0.0271738
0.02813281
0.02391913
0.01942896
0.01667444
0.01886311
0.03003883
0.04639982
0.0605514
0.07098851
0.0767023
0.07795835
0.0791049
0.08193852
0.08509401
0.08712871
0.08760518
0.08620543
0.0814218
0.0727174
0.06046895
0.04662158
0.03417123
0.02437418
0.01963555
0.02167873
0.02598706
0.02840719
0.0274899
0.0189159
0.003203074
-0.01697576
-0.03283306
-0.03993624
-0.03891041
-0.03413648
-0.02557746
-0.01112596
0.003181234
0.01053573
0.008350018
-0.004126004
-0.02439534
-0.04375582
-0.06039444
-0.0768698
-0.09361525
-0.1066942
-0.1126481
-0.1139146
-0.1102286
-0.09788591
-0.07554464
-0.04502746
-0.01088347
0.02572864
0.05699397
0.07981512
0.09879872
0.107559
0.1020881
0.0854051
0.06155247
0.03613296
0.0172159
0.005143043
-0.001231195
-0.003907888
-0.006127624
-0.00909218
-0.0136157
-0.02109874
-0.03007505
-0.03751003
-0.04192541
-0.0441867
-0.04617076
-0.04945271
-0.0542315
-0.05983095
-0.06263421
-0.06072323
-0.05414159
-0.04562328
-0.03713744
-0.02914834
-0.02092788
-0.01285604
-0.006904884
-0.004763296
-0.007847964
-0.01213622
-0.01492407
-0.0139951
-0.009134962
-0.003097338
0.002090936
0.00560636
0.008476165
0.01146674
0.01438601
0.01572059
0.01377874
0.008736919
0.00416783
0.003257567
0.005702819
0.0124376
0.02165144
0.03021399
0.03676272
0.04168061
0.04578059
0.04591534
0.04159641
0.02947033
0.01112021
-0.005352411
-0.01129872
-0.007209394
0.002668272
0.01591308
0.03116729
0.04800928
0.05966015
0.06237961
0.05790798
0.04954582
0.03993039
0.02843969
0.01764176
0.01007408
0.006204113
0.005569247
0.007790233
0.01297099
0.01976124
0.02464424
0.02537062
0.01806293
0.002604154
-0.01978786
-0.04371052
-0.06350307
-0.07506373
-0.07740601
-0.07176982
-0.06388045
-0.05724161
-0.05404325
-0.0547327
-0.05513775
-0.05197732
-0.04436922
-0.03459301
-0.02562464
-0.019618
-0.01720245
-0.01610604
-0.01490913
-0.01321438
-0.0108828
-0.006865819
-0.002693444
-0.0004349064
-0.001826643
-0.01122548
-0.02635736
-0.04187329
-0.05222891
-0.05518588
-0.05326681
-0.05068214
-0.04615649
-0.03750811
-0.02794055
-0.0198889
-0.01525411
-0.01654751
-0.02216695
-0.02973584
-0.03755852
-0.04486418
-0.0505329
-0.05187951
-0.04604506
-0.03031429
-0.005708053
0.02322581
0.04197254
0.04595509
0.03723254
0.01941295
0.001867866
-0.01667829
-0.03538386
-0.05109476
-0.06141507
-0.06287217
-0.05917736
-0.05748626
-0.06149566
-0.0693683
-0.0789463
-0.08852422
-0.09340826
-0.09040166
-0.07804619
-0.05932736
-0.03433423
-0.007128661
0.01161824
0.01910976
0.0161802
0.006275481
-0.009133713
-0.02455329
-0.03692183
-0.04476727
-0.04357868
-0.03005194
-0.01110241
0.006774122
0.01889153
0.01990642
0.01208636
0.001891543
-0.004325877
-0.0039072
0.001237728
0.009063567
0.01489181
0.01358082
0.003114422
-0.01229812
-0.02723258
-0.03569242
-0.03521001
-0.02404418
-0.003208938
0.02082803
0.04013485
0.0514037
0.05621224
0.05557785
0.04918379
0.03854644
0.0247038
0.007910822
-0.01477482
-0.03728096
-0.0529844
-0.06059233
-0.06151749
-0.06056581
-0.05925955
-0.05790243
-0.05784519
-0.05980414
-0.06336485
-0.06682486
-0.06915429
-0.06762808
-0.06197088
-0.05405961
-0.04528569
-0.03841189
-0.03766091
-0.04439226
-0.05347853
-0.06281795
-0.07181218
-0.07823242
-0.08127548
-0.07960874
-0.07530149
-0.07200422
-0.06950175
-0.06649566
-0.0637443
-0.0604735
-0.05479682
-0.04479528
-0.03144478
-0.01512601
0.007326554
0.03881784
0.07003932
0.09699974
0.1160373
0.1264914
0.127967
0.1149669
0.08828689
0.05811756
0.02767506
-0.003403112
-0.02852256
-0.04167402
-0.04622212
-0.04577803
-0.04381567
-0.03835289
-0.02693626
-0.01090966
0.007634016
0.02822461
0.04971485
0.07058261
0.08646722
0.09383499
0.09483903
0.09356823
0.09176625
0.08598605
0.07484551
0.06127206
0.04670168
0.03006494
0.01017929
-0.01494993
-0.04014725
-0.05877654
-0.0680044
-0.07188739
-0.07701371
-0.08489578
-0.09232836
-0.09685361
-0.09681153
-0.09297712
-0.0773819
-0.046489
-0.01411575
0.009016781
0.02238604
0.02877165
0.02924531
0.02409804
0.01569163
0.007557906
0.0004477066
-0.006824287
-0.01536306
-0.02573304
-0.03795069
-0.04733633
-0.05353653
-0.05968606
-0.06800708
-0.07938957
-0.09251917
-0.1018955
-0.104649
-0.1029352
-0.09486573
-0.07363809
-0.04326808
-0.01478495
0.01313649
0.04285068
0.07056779
0.08701448
0.09281818
0.09297427
0.08892309
0.08090918
0.0634974
0.03850492
0.01108884
-0.01053688
-0.02240966
-0.02321206
-0.01725084
-0.007601475
0.003825942
0.01448615
0.02209532
0.02813688
0.03390515
0.03809265
0.03496384
0.02143523
-0.001412214
-0.02334166
-0.0348821
-0.03569113
-0.03029545
-0.01670164
0.007676323
0.03785358
0.06441698
0.07725052
0.07907103
0.08001333
0.08541438
0.09182338
0.09524943
0.09543659
0.09168459
0.08209158
0.06909896
0.06004752
0.05789805
0.0585342
0.05875034
0.05952114
0.06431007
0.07219896
0.07993869
0.08323174
0.08281409
0.0813464
0.08004196
0.07795869
0.07227265
0.06197942
0.04758211
0.03191786
0.01059653
-0.01212911
-0.02593206
-0.02986209
-0.0279245
-0.02369081
-0.01748913
-0.006122086
0.007086207
0.01921032
0.03129482
0.04264564
0.05097593
0.05737503
0.06085401
0.06043275
0.0568493
0.04871012
0.03232411
0.0117613
-0.00946947
-0.02981506
-0.04781103
-0.05894361
-0.06011747
-0.05630728
-0.05272625
-0.05025636
-0.04621077
-0.03753159
-0.02393615
-0.00459036
0.01902947
0.04073052
0.05726928
0.06219008
0.05396415
0.03544813
0.009951293
-0.01527628
-0.04275693
-0.07291868
-0.09842969
-0.1187036
-0.1338766
-0.1411211
-0.1407026
-0.1368085
-0.1295654
-0.1128966
-0.08067523
-0.03537384
0.009871246
0.05098987
0.07460636
0.08139183
0.07973306
0.07177786
0.05181288
0.02172374
-0.00680948
-0.0266597
-0.04102398
-0.05162148
-0.06155119
-0.0715831
-0.07761791
-0.07793859
-0.07350755
-0.06385268
-0.04903157
-0.02818583
-0.001575471
0.02683632
0.04906074
0.06210551
0.0604889
0.04276427
0.01121852
-0.02970622
-0.06810563
-0.09870992
-0.1137658
-0.1134812
-0.1032788
-0.0830301
-0.05474009
-0.02778733
-0.008050964
0.00426052
0.01372289
0.0220095
0.02708083
0.02951087
0.03042711
0.03183904
0.03387513
0.03528877
0.03329795
0.02202865
0.001786994
-0.02349583
-0.04950374
-0.06829194
-0.07725986
-0.07982046
-0.07617035
-0.0650864
-0.04738547
-0.02463134
-0.004946612
0.005321675
0.005409579
-0.001892373
-0.01330621
-0.02669627
-0.04050525
-0.05289409
-0.06170362
-0.06740476
-0.06875953
-0.06447369
-0.05446199
-0.0424806
-0.03217545
-0.02305671
-0.01323834
-0.002151257
0.01213298
0.02965786
0.04440303
0.0500899
0.04685973
0.03423613
0.01665601
-0.002263339
-0.02264275
-0.0446232
-0.06193507
-0.07119692
-0.07017763
-0.06057493
-0.04202903
-0.01905877
0.005809258
0.02509957
0.03498334
0.03852709
0.04335091
0.05043062
0.0566144
0.05988807
0.05879447
0.05296523
0.0434619
0.02704394
0.01061374
0.001388701
-0.0002761411
-0.0001656322
-0.006131073
-0.02014673
-0.04064618
-0.05450644
-0.05460704
-0.04145451
-0.01458992
0.0175521
0.04445381
0.05978525
0.06419559
0.06485533
0.06437239
0.06120359
0.05200644
0.03954122
0.02826555
0.0198976
0.01621487
0.01892081
0.02526058
0.03341833
0.04002852
0.04355914
0.0423518
0.0375038
0.03078715
0.02487103
0.02147483
0.01798844
0.0125771
0.00623427
-0.001066509
-0.01004461
-0.02028489
-0.02975967
-0.03695473
-0.04087577
-0.04251929
-0.04168349
-0.03688853
-0.02822446
-0.02034399
-0.01653297
-0.01878297
-0.0243019
-0.03077531
-0.03544936
-0.0373507
-0.03636116
-0.03480139
-0.03376692
-0.03257554
-0.03004398
-0.02473304
-0.01691348
-0.007888676
0.001274483
0.01070182
0.02049646
0.03013356
0.03709139
0.0413683
0.0437204
0.04460999
0.04304832
0.0370687
0.02750066
0.01754885
0.01102802
0.008858013
0.01041721
0.01335631
0.01404436
0.01226249
0.009405478
0.00656157
0.003902571
0.001424649
-0.001112421
-0.003697949
-0.005411496
-0.005273422
-0.001602884
0.004605042
0.01111084
0.01487737
0.01636396
0.01709376
0.01917218
0.02288136
0.024825
0.02238138
0.01213967
-0.007245824
-0.02934757
-0.04596999
-0.0544749
-0.05532308
-0.05189811
-0.04436708
-0.02869081
-0.0008491267
0.03195219
0.05703091
0.06788977
0.06685351
0.06031828
0.0511131
0.04006266
0.02841117
0.01543309
-0.0006328274
-0.01788917
-0.03476742
-0.05012331
-0.06045659
-0.06448383
-0.0629743
-0.05662671
-0.0462989
-0.03011283
-0.01179827
-2.343422e-05
0.003567063
0.0007021056
-0.002029934
-0.0009969827
0.003315874
0.01035579
0.01973449
0.03052491
0.0417353
0.05204834
0.05546355
0.04725216
0.02650035
-0.003329704
-0.03261351
-0.05627787
-0.07510893
-0.0840856
-0.08287985
-0.07467382
-0.06123434
-0.04740386
-0.03453431
-0.02311598
-0.01434057
-0.006209766
0.0008318231
0.004532463
0.000878527
-0.007167018
-0.01115851
-0.009139478
-0.001532628
0.007747837
0.0155874
0.0196404
0.01479009
0.001259203
-0.01639441
-0.03386138
-0.04554185
-0.04733346
-0.04066489
-0.02734633
-0.01152059
0.001668072
0.00774987
0.009964343
0.01472095
0.02303199
0.03341028
0.0436186
0.05298221
0.05864696
0.05548758
0.04332857
0.03157881
0.0197403
0.006876986
-0.002285036
-0.006738152
-0.006225263
0.0003875083
0.01188887
0.02329682
0.0328871
0.03959052
0.04417856
0.04695569
0.04877431
0.05004561
0.05139776
0.05313911
0.05327541
0.04864693
0.04027184
0.03054549
0.01982401
0.01008551
0.005354087
0.007207904
0.01251337
0.01996786
0.02844875
0.03589076
0.03822946
0.03391392
0.02717019
0.02137465
0.01788939
0.01576484
0.01386474
0.0116976
0.009558042
0.006623632
0.002465537
-0.002440975
-0.005415543
-0.004701776
-1.319993e-05
0.00615216
0.01210128
0.0165225
0.01664837
0.01146692
0.005115241
0.0002177871
-0.004955468
-0.01059913
-0.0147647
-0.01753142
-0.019836
-0.02231171
-0.02473766
-0.02550427
-0.02343807
-0.0190707
-0.01485186
-0.01215007
-0.01048981
-0.007937358
-0.003420986
0.003215113
0.01095672
0.01909668
0.02487044
0.02796016
0.03021737
0.03260819
0.03391368
0.03164773
0.02506188
0.01572518
0.006021788
-0.002938039
-0.01031828
-0.01477102
-0.01362434
-0.007300758
0.005488255
0.02130632
0.03345864
0.03957224
0.03961694
0.03406856
0.02620644
0.01865988
0.0108036
0.002363223
-0.004208659
-0.008073944
-0.01014337
-0.01070391
-0.01010292
-0.009673494
-0.01039146
-0.01195408
-0.01230644
-0.009457026
-0.001360085
0.009428992
0.01978402
0.02827682
0.03352551
0.03184153
0.02373915
0.01458857
0.006603381
-0.001622793
-0.01077978
-0.0195977
-0.02570932
-0.02604214
-0.01981673
-0.01090534
-0.003885625
-0.0006630474
0.001199507
0.004081397
0.007897818
0.01180381
0.01718202
0.02420471
0.03159016
0.03586161
0.03659418
0.03368093
0.02686511
0.01790111
0.009394391
0.005294791
0.004911633
0.00829517
0.01325943
0.01686242
0.01891315
0.02060568
0.02199387
0.021971
0.02030504
0.0178584
0.0155903
0.01366122
0.01163479
0.009382992
0.007273693
0.005277043
0.003655519
0.004056017
0.002302542
0.002002534
0.006550467
0.01471423
0.02327591
0.03084035
0.03681572
0.04152848
0.04354604
0.04177851
0.03605196
0.03024205
0.02690684
0.02530617
0.02439875
0.02374229
0.02297611
0.02013348
0.01384246
0.003668748
-0.007831089
-0.01673447
-0.02120694
-0.0230366
-0.02367915
-0.02343093
-0.02270683
-0.02205373
-0.02146282
-0.02065153
-0.01938919
-0.01686159
-0.01357123
-0.01053553
-0.007803939
-0.005060824
-0.003128636
-0.002104278
-0.00169351
-0.001335558
-0.001108157
-0.001219442
-0.00124391
-0.0005081063
0.001716266
0.00605002
0.01104307
0.01556109
0.01832158
0.01752135
0.01321721
0.007017992
0.0002376815
-0.005658063
-0.009135363
-0.01081002
-0.01130919
-0.01107619
-0.01043141
-0.00981376
-0.009214393
-0.008605302
-0.008154024
-0.007779836
-0.00695386
-0.00339965
0.003013039
0.01213356
0.02248649
0.03262737
0.03987341
0.04293994
0.04265848
0.03841683
0.03042422
0.01902757
0.003482196
-0.01516142
-0.02838156
-0.03100696
-0.02808615
-0.02595855
-0.02474528
-0.02287886
-0.01942668
-0.01421462
-0.007025967
0.001968542
0.01156805
0.02150059
0.0318364
0.03922059
0.04245621
0.03900361
0.02699175
0.01054992
-0.004227111
-0.01400512
-0.01835093
-0.01981933
-0.01919163
-0.01738352
-0.01501132
-0.01109963
-0.005169852
0.0008318749
0.005257052
0.007226584
0.007336932
0.005787924
0.003143017
0.0006124399
-2.626384e-05
0.001286448
0.003648078
0.006965716
0.01103674
0.01469245
0.01766736
0.02012521
0.02081377
0.01933289
0.01652526
0.01355991
0.01077507
0.007958943
0.004684714
0.0005252913
-0.004957511
-0.01138674
-0.01615534
-0.01886395
-0.01906999
-0.01753501
-0.01521005
-0.01293631
-0.01125448
-0.01295653
-0.01648088
-0.01834026
-0.01807855
-0.01640352
-0.01017932
0.0004803862
0.01128481
0.01866173
0.02185573
0.01975653
0.01294583
0.0004030928
-0.01431752
-0.02695675
-0.03694198
-0.04501447
-0.0498824
-0.05215716
-0.0524333
-0.05113295
-0.04829205
-0.04171281
-0.03260443
-0.0237968
-0.01623305
-0.01360194
-0.01530428
-0.01906973
-0.02186753
-0.0225434
-0.02297919
-0.02389567
-0.02374267
-0.02028297
-0.01496955
-0.009002468
0.0005574618
0.01214157
0.02212092
0.02887783
0.03314411
0.03616187
0.03827426
0.03793985
0.03537851
0.03194572
0.02752671
0.02147025
0.01501069
0.009597762
0.005708488
0.002680643
-0.0002805393
-0.002943163
-0.003843608
-0.003018103
-0.001991993
-0.001457055
-0.0009247402
2.693636e-05
0.001420668
0.004018727
0.008218325
0.01312476
0.01754422
0.0203456
0.0215522
0.02116447
0.0190713
0.01555304
0.00900829
-6.485571e-05
-0.008117432
-0.01385761
-0.01799916
-0.01914369
-0.01741124
-0.01393078
-0.009528054
-0.00211178
0.006286683
0.01253039
0.01679156
0.02034866
0.01963297
0.01374964
0.004080212
-0.01002596
-0.02647138
-0.03997024
-0.04694701
-0.04961152
-0.05064724
-0.05226224
-0.05404769
-0.05478906
-0.05561217
-0.05770732
-0.05872403
-0.05707667
-0.05104426
-0.04100008
-0.02872379
-0.01752746
-0.009647767
-0.003990562
0.0007715539
0.00417853
0.005364707
0.004289178
0.002632012
0.001555276
0.0007285403
-0.0003470726
-0.001431177
-0.002303012
-0.003177709
-0.005480965
-0.009672379
-0.01499753
-0.01787341
-0.01611681
-0.01009034
-0.002317561
0.005730833
0.01272193
0.01723722
0.01903928
0.0169325
0.01018011
0.001872387
-0.004998119
-0.009728513
-0.0129523
-0.01438759
-0.01408825
-0.01127725
-0.007903858
-0.007558696
-0.01073298
-0.01460248
-0.01832654
-0.02259291
-0.02527005
-0.02619756
-0.02597896
-0.02450962
-0.0221326
-0.01817884
-0.01286615
-0.009174992
-0.008664333
-0.01120986
-0.01475196
-0.01616122
-0.01536544
-0.01401455
-0.01261551
-0.01140724
-0.01174948
-0.01389629
-0.01686524
-0.01850029
-0.01866721
-0.01826069
-0.01808054
-0.01813111
-0.01779215
-0.01677334
-0.01530352
-0.01409052
-0.01346347
-0.01315051
-0.01291642
-0.01286355
-0.0130944
-0.01347513
-0.01316375
-0.01144163
-0.007628417
-0.001479616
0.006645146
0.01591355
0.02423707
0.02511183
0.0148521
0.001744079
-0.007181042
-0.01360651
-0.0200755
-0.02293761
-0.01882831
-0.01164324
-0.005130683
0.0003612785
0.002103518
-0.00135058
-0.007785334
-0.01546347
-0.02309928
-0.02922378
-0.03115598
-0.02956598
-0.02666719
-0.02216315
-0.01226081
0.0002540094
0.007852257
0.01098176
0.009764203
0.005885035
0.001347878
-0.002996364
-0.00657816
-0.008506263
-0.009968042
-0.01226899
-0.01574009
-0.01904834
-0.02008163
-0.0186812
-0.01552641
-0.01280526
-0.01108326
-0.009295156
-0.00689954
-0.004243587
-0.00181841
0.0006842859
0.003909442
0.008206015
0.01318627
0.01658103
0.0182568
0.01932903
0.02027149
0.02083532
0.02096317
0.02133535
0.02094409
0.01745951
0.01292572
0.009428215
0.00529063
-0.002257495
-0.01114245
-0.01647309
-0.01682069
-0.01160871
-0.004230906
0.00193758
0.007197053
0.01109894
0.01335268
0.01226549
0.008691414
0.004552848
0.0008595515
-0.002432741
-0.005223565
-0.007739863
-0.009884359
-0.01047529
-0.009539976
-0.008531561
-0.00817731
-0.00935355
-0.01218919
-0.01492632
-0.0171363
-0.02016546
-0.02422862
-0.02837683
-0.03114882
-0.03237537
-0.03186808
-0.02883077
-0.02265682
-0.0126261
-0.003151165
0.0008771915
0.00207828
0.0003177066
-0.004854059
-0.01300344
-0.02047819
-0.02454009
-0.02382971
-0.01967117
-0.0136793
-0.006129272
0.002110667
0.008010342
0.01166423
0.01313104
0.01087485
0.006707995
0.002135287
-0.002257823
-0.006161384
-0.009299323
-0.01206098
-0.0155528
-0.01997254
-0.02487126
-0.02969296
-0.0341458
-0.03792235
-0.04008125
-0.040217
-0.03878581
-0.03541843
-0.02842951
-0.01848595
-0.007364924
0.003457886
0.01396292
0.02297267
0.0298115
0.03499867
0.03785889
0.03871769
0.03768098
0.03358218
0.02732326
0.0208205
0.01646777
0.01453472
0.01401611
0.01398075
0.01456865
0.01419843
0.01224525
0.009658811
0.006923815
0.003475353
-0.0002856677
-0.004551396
-0.01097404
-0.02084467
-0.03303941
-0.04198171
-0.04479594
-0.04422937
-0.04221993
-0.03831585
-0.03148374
-0.02436549
-0.01873958
-0.01531985
-0.01332029
-0.01283975
-0.01340341
-0.0147704
-0.01700029
-0.01908466
-0.01872858
-0.01511415
-0.007941877
0.001701422
0.01147283
0.01848668
0.02275625
0.02507493
0.02514116
0.02204897
0.01581717
0.007686956
-0.0002103254
-0.007462749
-0.01438245
-0.02033513
-0.02415833
-0.02444923
-0.02115308
-0.01577032
-0.008695714
-0.001976501
0.001931114
0.002482823
0.0004655947
-0.001942827
-0.003068479
-0.001181462
0.003626028
0.01032006
0.01859386
0.02729675
0.03331406
0.03518112
0.03251607
0.02702871
0.01967654
0.01240395
0.006858789
0.003126956
0.001163738
0.0006784068
0.002307463
0.005509219
0.009130826
0.01192758
0.01384022
0.01489218
0.01504588
0.01342415
0.01073485
0.007898842
0.004082207
-0.0004878238
-0.004564091
-0.007164905
-0.008652033
-0.009376156
-0.00948729
-0.008892932
-0.007223734
-0.004265961
-0.0005373068
0.003183649
0.006476248
0.008330266
0.008157968
0.005687984
0.0007631505
-0.006929013
-0.0147895
-0.0209566
-0.02563341
-0.0284036
-0.02787061
-0.02459471
-0.01938908
-0.01314828
-0.00601048
0.000230889
0.005985474
0.01223442
0.01648552
0.01751186
0.01654821
0.01557962
0.0144767
0.01174155
0.007353778
0.001899263
-0.004858059
-0.01279418
-0.02115493
-0.02776175
-0.03142005
-0.03212337
-0.0316131
-0.03064689
-0.02921344
-0.02746715
-0.02578055
-0.02426299
-0.02280281
-0.02095238
-0.01873168
-0.0162654
-0.0117912
-0.004385958
0.003432575
0.008721759
0.009055772
0.006657023
0.003911005
0.002570373
0.002940249
0.005185095
0.009249217
0.0155912
0.02177781
0.02645246
0.03017814
0.03329229
0.0342514
0.03318027
0.03113379
0.02816619
0.02414184
0.01918534
0.0162144
0.01568433
0.01504972
0.01316762
0.01119879
0.0107637
0.01109042
0.01064987
0.008640632
0.005633792
0.001971482
-0.0008563116
-0.001784541
-0.0007351944
0.0008928525
0.00212844
0.002228535
0.001122347
-0.0003654328
-0.001038206
0.000209209
0.002845035
0.006093498
0.01060674
0.01651858
0.02379035
0.02955992
0.03191469
0.03199696
0.03155498
0.03072086
0.02949447
0.02846245
0.02910362
0.03150421
0.03538296
0.0406411
0.04729657
0.05275575
0.05597031
0.05656769
0.05458329
0.05238291
0.05129891
0.04975237
0.04509246
0.03947692
0.03582456
0.03375084
0.03156017
0.02842247
0.0244001
0.01957774
0.0127181
0.004495539
-0.003333931
-0.008794642
-0.01210509
-0.01352367
-0.01291394
-0.009684332
-0.004371522
0.001960106
0.009277789
0.01705243
0.02363588
0.0275769
0.02815856
0.02654043
0.02357644
0.0203989
0.01775191
0.01590281
0.0150523
0.01509308
0.0152851
0.01351114
0.008137942
0.001413529
-0.004239578
-0.00756143
-0.009659886
-0.01000376
-0.008631944
-0.006211527
-0.003826605
-0.001731318
0.0003586729
0.001924638
0.002847411
0.003813513
0.005081395
0.006320164
0.007738199
0.01039837
0.01475783
0.02075638
0.02581499
0.0290213
0.03172215
0.03461003
0.03704979
0.03833373
0.03854586
0.03937164
0.04162323
0.04493402
0.04811732
0.05059646
0.05133839
0.05068479
0.05014221
0.04954907
0.04802592
0.04595239
0.04343767
0.03943446
0.033877
0.02773167
0.02290832
0.0160563
0.007255995
0.001178236
-0.0004663988
0.000118841
0.00170904
0.005441971
0.01162833
0.01881955
0.02527487
0.03037061
0.03417225
0.03662564
0.03666426
0.03422256
0.03052049
0.02647674
0.0220253
0.01666437
0.01105409
0.006284674
0.002227145
-0.001737682
-0.005555815
-0.008844994
-0.01127411
-0.01242775
-0.01252698
-0.01155554
-0.009390906
-0.005904944
-0.001990548
0.001595812
0.004307545
0.005546985
0.00476568
0.003132786
0.001550307
0.0004722797
-0.0006113482
-0.002266803
-0.003540702
-0.003619808
-0.003311235
-0.003690968
-0.005061287
-0.007059956
-0.00976233
-0.01462879
-0.01992406
-0.02338012
-0.02529165
-0.02622542
-0.02659489
-0.02640549
-0.026039
-0.02602777
-0.02654771
-0.02736427
-0.02747062
-0.02589903
-0.02222482
-0.01735126
-0.009955594
-0.002495076
0.001343395
0.002822438
0.00422412
0.005173761
0.00417808
0.0004592848
-0.004147011
-0.007653804
-0.008526468
-0.007458027
-0.004718005
-0.0007735789
0.003954488
0.009285554
0.01435391
0.01712065
0.01792761
0.01782076
0.01743668
0.01679292
0.01724593
0.01838092
0.01802541
0.01633005
0.01492404
0.01449382
0.01449861
0.0139481
0.01222268
0.008671158
0.005458832
0.004390866
0.004541846
0.005371936
0.007686405
0.01106415
0.01485958
0.01855814
0.02178685
0.02385947
0.02429473
0.02320083
0.02092019
0.01815681
0.01617735
0.01527687
0.01492715
0.01458786
0.01425464
0.01403563
0.01296235
0.01039935
0.007070084
0.003624203
0.0001111363
-0.002951182
-0.005579532
-0.009195928
-0.0132669
-0.01666084
-0.02031384
-0.02470905
-0.02871794
-0.03111116
-0.03168857
-0.03055769
-0.02849023
-0.02554542
-0.02214918
-0.01876506
-0.01549223
-0.01211576
-0.008427753
-0.005273786
-0.003717402
-0.003416892
-0.004056413
-0.005681805
-0.007193409
-0.008006351
-0.008167289
-0.007260006
-0.004479764
-0.0005185942
0.003470995
0.006601314
0.008595021
0.009393472
0.009677718
0.009708684
0.009248718
0.008320738
0.007181155
0.006055424
0.005180131
0.005635449
0.00609999
0.004499634
0.002268676
0.0006957554
-0.001173176
-0.002212473
-0.0009576706
0.002424702
0.007325859
0.01380797
0.02064726
0.02655979
0.03016765
0.03040124
0.02777017
0.02409037
0.02114172
0.01879144
0.0160692
0.01268804
0.00981754
0.008671352
0.008496171
0.008979457
0.01095074
0.0147455
0.01869829
0.02193786
0.02379733
0.02361289
0.02238886
0.02050818
0.0184407
0.01625083
0.01318669
0.00916113
0.004662589
0.0002809215
-0.003903364
-0.008101614
-0.01163924
-0.01399068
-0.01567622
-0.01783202
-0.02008965
-0.02010226
-0.01796494
-0.01546801
-0.01336381
-0.01125345
-0.008763466
-0.006497353
-0.004921722
-0.003960381
-0.002547137
0.0001925467
0.003614522
0.006524698
0.008044812
0.008745316
0.009080037
0.007679027
0.004573452
0.001848479
-0.0004472238
-0.003669324
-0.00718705
-0.01002091
-0.0121743
-0.01431705
-0.01651389
-0.01711611
-0.01643959
-0.01606153
-0.01664417
-0.01760427
-0.01819432
-0.01839847
-0.01855929
-0.01856561
-0.01811544
-0.01696964
-0.01560415
-0.01447096
-0.01351739
-0.01264637
-0.01179284
-0.01088138
-0.01010436
-0.009855872
-0.009417629
-0.008080332
-0.005949563
-0.003335439
-0.0002089749
0.002607851
0.004280408
0.005547567
0.006887999
0.007560137
0.006608341
0.003479207
-9.513685e-05
-0.003396076
-0.006802317
-0.009857193
-0.01197401
-0.01291564
-0.01320737
-0.01295024
-0.01093688
-0.006563613
-0.001242588
0.003936258
0.00931664
0.01362759
0.01569801
0.01602474
0.01521844
0.01308085
0.01013286
0.006920352
0.004186986
0.002360697
0.001791384
0.002129233
0.002791342
0.00275263
0.002047919
0.001516005
0.001448472
0.001521165
0.001432738
0.001680963
0.002946246
0.004557206
0.006384302
0.009104283
0.01209309
0.0144415
0.01563454
0.01537284
0.01417318
0.01216051
0.008518539
0.004228199
0.0005193148
-0.002387373
-0.004278904
-0.005136288
-0.004558408
-0.002133373
0.001582397
0.005827162
0.009453584
0.0115604
0.01209427
0.01114364
0.008519486
0.00483402
0.0008166194
-0.002768029
-0.005688505
-0.007910248
-0.009793736
-0.01135469
-0.01198404
-0.01174551
-0.0115053
-0.01161374
-0.01162726
-0.009814824
-0.006475082
-0.004039184
-0.002662848
-0.0009687143
0.001205846
0.003422307
0.00604786
0.008330932
0.009012814
0.007867779
0.00545551
0.003598654
0.003573644
0.004749919
0.006870183
0.00925678
0.01125578
0.0132726
0.01597689
0.01924838
0.0226013
0.02584098
0.0289547
0.03184927
0.03318828
0.03226214
0.03057147
0.02910179
0.0270815
0.02365078
0.01903699
0.01475893
0.01143476
0.008640648
0.005605944
0.002394223
-0.0004784654
-0.002732673
-0.004374948
-0.005450466
-0.0064974
-0.007784856
-0.009138861
-0.01030621
-0.01100562
-0.01146524
-0.01205676
-0.01282037
-0.01358085
-0.01415068
-0.01423293
-0.01332652
-0.01262443
-0.01318593
-0.01450831
-0.01558673
-0.01574124
-0.01502676
-0.01389492
-0.01307403
-0.01270231
-0.01257279
-0.01267328
-0.01315847
-0.01436426
-0.01635449
-0.01811743
-0.01769977
-0.01564127
-0.01360205
-0.01163055
-0.008615971
-0.005064859
-0.001863186
0.0005411595
0.001931337
0.002019872
0.0003360917
-0.003427078
-0.008796795
-0.01518189
-0.02180822
-0.02683789
-0.02897257
-0.03005045
-0.03070463
-0.03083046
-0.03031869
-0.02912416
-0.02743453
-0.02565602
-0.02394191
-0.0222188
-0.0206793
-0.0193933
-0.01827742
-0.01757453
-0.01763056
-0.0178249
-0.01799179
-0.01993806
-0.02384288
-0.02847852
-0.03199393
-0.03359596
-0.03302305
-0.03087862
-0.02710499
-0.02218287
-0.01718601
-0.01345561
-0.01083575
-0.008790762
-0.007004162
-0.005566391
-0.003985806
-0.002140562
-0.0002617055
0.001140998
0.001778099
0.001351907
0.0001680462
-0.001773155
-0.004547015
-0.007726943
-0.009113257
-0.007619316
-0.003416234
0.002791894
0.01073367
0.01862122
0.02510942
0.0292884
0.03157111
0.03175318
0.02957535
0.02513125
0.01828114
0.01077527
0.004138557
-0.001115161
-0.005254885
-0.008056954
-0.009502323
-0.009417861
-0.00706331
-0.002826282
0.002792743
0.00764543
0.01112796
0.01446685
0.0173
0.01804739
0.01731638
0.01618485
0.01519864
0.01416074
0.01124336
0.006184553
0.004123539
0.004650287
0.003565273
0.00178278
0.001475065
0.002689709
0.004669291
0.006691209
0.007127371
0.006624469
0.006982776
0.007766906
0.007785205
0.007416646
0.007157093
0.006735381
0.005512793
0.003429386
0.001968131
0.00175499
0.00114579
-0.0006787971
-0.002927639
-0.004828672
-0.006318175
-0.007277343
-0.007656358
-0.007015558
-0.0055708
-0.003742943
-0.00127462
0.001544403
0.003322168
0.002978494
0.0007106285
-0.002394828
-0.005616607
-0.008496005
-0.01060906
-0.01156297
-0.01008889
-0.00724628
-0.00473778
-0.002553081
0.0002576965
0.004965318
0.01104418
0.0165602
0.02069254
0.02371183
0.02626114
0.02866655
0.03051545
0.03181782
0.03292675
0.03317176
0.03201569
0.03030193
0.02819189
0.02503124
0.02175068
0.01940802
0.0183401
0.01782972
0.01730117
0.01557735
0.01249701
0.008843509
0.005947309
0.00235202
-0.003394528
-0.009986638
-0.01575716
-0.02021366
-0.022487
-0.02321622
-0.02334257
-0.02268972
-0.02100622
-0.01810751
-0.01438333
-0.01036407
-0.007449575
-0.006259995
-0.006000229
-0.005658737
-0.005201749
-0.005581907
-0.007148905
-0.00858955
-0.00926968
-0.009607176
-0.01008526
-0.01054388
-0.00996908
-0.008527108
-0.007028763
-0.005114295
-0.002378473
-0.0004404864
0.0002884292
0.0004706205
0.0002908262
-0.0005325646
-0.002095587
-0.003920837
-0.005573425
-0.007539187
-0.01027309
-0.01337683
-0.01548335
-0.01546845
-0.01403031
-0.01251766
-0.0119261
-0.01171869
-0.01103501
-0.01013903
-0.00946037
-0.008676448
-0.007664468
-0.006639095
-0.005720877
-0.005000539
-0.005190227
-0.006052639
-0.006849772
-0.007237211
-0.0073272
-0.006768544
-0.005575544
-0.004088676
-0.003288651
-0.003318999
-0.00370751
-0.004250788
-0.005185046
-0.006490063
-0.007916115
-0.009143154
-0.009830309
-0.009851804
-0.01055778
-0.01238032
-0.01432011
-0.01450953
-0.011715
-0.007368623
-0.003376415
-0.0006169879
0.002081865
0.005864885
0.009618807
0.01236471
0.0141588
0.01546205
0.0160281
0.0157087
0.01460935
0.01267751
0.01036519
0.008190532
0.006227188
0.004138002
0.000993757
-0.002820894
-0.006132664
-0.00742734
-0.006813912
-0.005438227
-0.003762294
-0.001096017
0.002848064
0.007385848
0.01115403
0.01354066
0.01462907
0.01513444
0.01533516
0.01545867
0.01512566
0.01378266
0.01144059
0.008301458
0.004476901
0.000178724
-0.004430179
-0.00886716
-0.01308399
-0.01745097
-0.02086775
-0.02223873
-0.02141887
-0.01959196
-0.01720659
-0.01431412
-0.01108859
-0.008712859
-0.007572374
-0.007145922
-0.006668135
-0.005917224
-0.004903854
-0.003569003
-0.001563857
0.0009949328
0.003695491
0.005671022
0.006868985
0.007903968
0.008824144
0.009057603
0.008390392
0.007389418
0.006960912
0.007040051
0.007076704
0.006318747
0.004574897
0.001921272
-0.001281521
-0.004728658
-0.007933854
-0.01069145
-0.01288332
-0.01470151
-0.01621124
-0.01677386
-0.01667222
-0.01665457
-0.01728536
-0.01852449
-0.01978594
-0.02136698
-0.02388858
-0.02541927
-0.02515273
-0.02419744
-0.0227347
-0.01974936
-0.01448508
-0.007366593
-0.001835755
0.001664335
0.004975974
0.008408441
0.01118442
0.01367543
0.01596034
0.01716763
0.01688511
0.01502016
0.01236296
0.009308794
0.0053715
0.0005220651
-0.004866843
-0.01056121
-0.01542214
-0.01816795
-0.01927809
-0.01982532
-0.01934194
-0.01787707
-0.01613421
-0.01472129
-0.01367567
-0.01324253
-0.01307954
-0.01268053
-0.01206783
-0.01134716
-0.009731846
-0.007831386
-0.006881895
-0.006523424
-0.005982832
-0.005310852
-0.004895669
-0.004917724
-0.005206831
-0.005403126
-0.004750275
-0.003369036
-0.001874957
-0.001092727
-0.0009537646
-0.0008084796
-0.0002120462
0.0008348969
0.001906592
0.002755683
0.003394442
0.003642459
0.003223451
0.002746449
0.002472025
0.00137218
-0.000498174
-0.002284501
-0.003950169
-0.005814268
-0.007872064
-0.009407368
-0.009764339
-0.009939728
-0.01060589
-0.01122635
-0.01091188
-0.009436702
-0.006787896
-0.003771332
-0.001950125
-0.0008134169
0.0008793746
0.002924677
0.004394004
0.004641898
0.003789079
0.001975928
0.0001415842
-0.001455514
-0.003508293
-0.005790781
-0.007648623
-0.008750992
-0.009094876
-0.008549027
-0.00715039
-0.00509131
-0.002650572
-0.0003410739
0.000856856
0.0005941169
-0.0008204342
-0.003339503
-0.006959759
-0.0113508
-0.01484676
-0.01646887
-0.01685355
-0.01723029
-0.01804361
-0.01921097
-0.02033998
-0.02029436
-0.01868238
-0.0157162
-0.0120789
-0.008216611
-0.003853545
7.06905e-05
0.002174119
0.003284736
0.004265302
0.004246797
0.003088868
0.001194622
-0.001494155
-0.004968614
-0.007926837
-0.009776628
-0.0108371
-0.01190387
-0.01319698
-0.01416151
-0.01409592
-0.01265722
-0.01042615
-0.008055098
-0.005497683
-0.002902808
-0.0006598366
0.001400129
0.00357591
0.006097717
0.008454204
0.0100171
0.0112126
0.01248999
0.01342732
0.0139703
0.01445958
0.01473271
0.01453971
0.01418216
0.01347999
0.01192045
0.01014713
0.008661947
0.006750211
0.004504911
0.002611835
0.0002753131
-0.00254539
-0.004296748
-0.004861058
-0.004930053
-0.004513918
-0.00354432
-0.00236813
-0.0009920057
0.0008665042
0.002766626
0.004179171
0.004862852
0.005086467
0.00496061
0.004393866
0.00349344
0.002496649
0.0008325637
-0.001373667
-0.003496538
-0.005380127
-0.007268408
-0.009336417
-0.01149396
-0.01339292
-0.01489042
-0.01587147
-0.01654465
-0.01722164
-0.01837837
-0.01948253
-0.01972111
-0.0197554
-0.02028056
-0.02072827
-0.02043016
-0.01927755
-0.01768889
-0.01566424
-0.01206113
-0.007294712
-0.002569278
0.002122887
0.007094839
0.01067929
0.01283684
0.014542
0.01583521
0.01619106
0.01509663
0.01310764
0.01166992
0.01112637
0.01077251
0.009238721
0.006469915
0.003458269
0.0008167602
-0.001509744
-0.003286109
-0.004275294
-0.003787312
-0.00219154
-0.0003058129
0.00110037
0.002403981
0.004489496
0.006260792
0.006411942
0.004954268
0.003138534
0.001734548
0.0005822732
-0.0004587631
-0.0001574863
0.001218567
0.002608663
0.003690981
0.004727592
0.005580825
0.006210138
0.006599261
0.006599413
0.006174524
0.005683232
0.005169509
0.00436881
0.003101564
0.001390185
-0.0005558768
-0.002640386
-0.004850995
-0.006416859
-0.007074947
-0.006753425
-0.00623468
-0.006312719
-0.00684924
-0.007255
-0.006948358
-0.006348984
-0.006175764
-0.006467958
-0.007016619
-0.008539863
-0.01038667
-0.01126649
-0.01130979
-0.01155532
-0.01285487
-0.01419771
-0.01422527
-0.01298437
-0.01125121
-0.009379299
-0.007155709
-0.004244535
-0.001596206
0.000280166
0.001686231
0.002815498
0.003376255
0.002965782
0.001910234
0.00116401
1.904008e-05
-0.002923241
-0.0068479
-0.01034853
-0.01295106
-0.0163136
-0.01857991
-0.01850397
-0.01728029
-0.0162741
-0.01566056
-0.01516561
-0.01463903
-0.01427336
-0.01456929
-0.01567175
-0.016959
-0.01820997
-0.01980264
-0.02136297
-0.02236348
-0.02285721
-0.02337622
-0.02432469
-0.02559902
-0.02671494
-0.02635814
-0.02470676
-0.02241446
-0.02000322
-0.01755116
-0.0149982
-0.01215101
-0.008737248
-0.005474039
-0.002996738
-0.001055887
0.0008699599
0.003066425
0.00463717
0.004454935
0.002838549
0.001000972
-1.807868e-05
-0.0009802075
-0.002985849
-0.005236668
-0.006011859
-0.004347925
-0.001405576
0.001333703
0.002957449
0.003769636
0.004268676
0.004544003
0.00409174
0.001754322
-0.00162131
-0.004462946
-0.006578456
-0.008155694
-0.008516327
-0.007581519
-0.005437073
-0.003069398
-0.001137387
-6.926941e-05
0.000185725
-0.0002716876
-0.0008576384
-0.00124413
-0.001404007
-0.001462586
-0.001413301
-0.001107771
-0.0007076302
-0.001145499
-0.002581128
-0.004651259
-0.007181331
-0.009490996
-0.01013048
-0.009927209
-0.01015415
-0.009906808
-0.00847483
-0.006564375
-0.00461701
-0.002403947
-0.0005440273
0.0002573256
-0.0004221537
-0.00140598
-0.001652188
-0.00149413
-0.001302844
-0.0005577842
0.000878895
0.002779057
0.003916073
0.004075728
0.004197289
0.004886658
0.005968855
0.006590471
0.006761505
0.008082113
0.009871857
0.01024808
0.009824888
0.01003379
0.01201471
0.01418459
0.01444121
0.01346924
0.01267679
0.01254451
0.01260199
0.0123851
0.01192977
0.01160008
0.01149765
0.0114091
0.009735595
0.005727788
0.001214146
-0.002120784
-0.004122973
-0.00584875
-0.007514631
-0.006507047
-0.004059029
-0.003431689
-0.004363355
-0.004972527
-0.003989116
-0.002181504
-0.0007344559
0.0005455468
0.002339138
0.004500865
0.006912715
0.009408352
0.01167446
0.01288645
0.01346189
0.01432982
0.01560445
0.01687296
0.01790094
0.01851699
0.01858522
0.01847621
0.0186494
0.01941269
0.0204476
0.02139839
0.02195173
0.02200722
0.02146319
0.02016947
0.01795033
0.01642434
0.01614301
0.01592848
0.01452579
0.01162935
0.008454193
0.005698527
0.002900382
-0.0002446891
-0.003605161
-0.007170722
-0.01037985
-0.01195953
-0.01279963
-0.01406647
-0.01474508
-0.01407925
-0.01188599
-0.009606524
-0.008165714
-0.006043476
-0.002919096
-0.0007605039
0.0002997267
0.001197018
0.0008321524
-0.001141255
-0.003264032
-0.004391423
-0.004760349
-0.005678738
-0.007192997
-0.007944554
-0.007013281
-0.004823793
-0.003329107
-0.003201259
-0.003793135
-0.004037123
-0.003790287
-0.004790738
-0.007146359
-0.008735777
-0.009189608
-0.00951754
-0.009973868
-0.01010606
-0.009473305
-0.00830245
-0.007080353
-0.006571786
-0.006656975
-0.006514498
-0.006125872
-0.006039848
-0.006241128
-0.006348371
-0.006056749
-0.004951133
-0.002726716
-0.001085242
-0.0009618595
-0.002525194
-0.004273323
-0.004889136
-0.004600875
-0.004388664
-0.00465797
-0.005500792
-0.006762802
-0.007858063
-0.00869619
-0.009659423
-0.01074442
-0.01182048
-0.01343014
-0.01541645
-0.01702663
-0.01752108
-0.01699913
-0.0158979
-0.01491219
-0.01432033
-0.0138883
-0.01333144
-0.01256942
-0.01103086
-0.008085579
-0.004931194
-0.002443582
-0.0002348945
0.001789743
0.003127272
0.003692435
0.003663059
0.003481929
0.003303388
0.002897978
0.00233165
0.00194947
0.002433611
0.003452887
0.004306128
0.00502883
0.005934871
0.006650707
0.006986627
0.005814389
0.002512686
-0.0003901875
-0.00165337
-0.002104305
-0.00291526
-0.00417399
-0.005287891
-0.00611139
-0.007034698
-0.007932084
-0.008382302
-0.008481299
-0.008569559
-0.008861575
-0.008865411
-0.007971637
-0.00657267
-0.005090296
-0.002766016
0.0001341277
0.002657481
0.004706602
0.006596052
0.008019044
0.008982052
0.009607607
0.009568107
0.008639365
0.007074705
0.005489856
0.004750176
0.005127668
0.006193757
0.006735509
0.00654642
0.00631164
0.006269241
0.006108573
0.006131509
0.006492086
0.00684837
0.00682028
0.006275242
0.005454525
0.004695585
0.004427962
0.004138527
0.003047651
0.001396142
-0.0002356228
-0.001710626
-0.002651521
-0.002562501
-0.002088188
-0.001885027
-0.002006677
-0.001549549
0.0002129862
0.001048336
-0.0007743354
-0.00460754
-0.008679538
-0.01215246
-0.01475168
-0.01667964
-0.01709278
-0.01583283
-0.01331714
-0.01075179
-0.008363086
-0.004814925
-0.0002539478
0.004010747
0.007312816
0.009815753
0.01104876
0.01133016
0.01239938
0.01439315
0.01627093
0.01746844
0.01806775
0.01756125
0.01625064
0.01479964
0.01349102
0.01138664
0.008245331
0.005017869
0.002474679
0.0005217401
-0.00143118
-0.003210684
-0.00380702
-0.003306309
-0.002232955
-0.001369145
-0.0008794326
-0.00054035
-0.0002034712
-2.048696e-05
-0.00046184
-0.001502573
-0.002777716
-0.003928202
-0.004781807
-0.005144754
-0.004972952
-0.003565256
-0.0006837948
0.003470625
0.007645768
0.01112632
0.01345977
0.01465985
0.01405414
0.01341743
0.01425889
0.01500264
0.01466418
0.01436475
0.01442335
0.01399687
0.01171671
0.008040841
0.0048808
0.00195481
-0.002145219
-0.005896101
-0.007606619
-0.006952841
-0.006028142
-0.006318299
-0.006798574
-0.006209715
-0.004418803
-0.001830389
0.00145015
0.004131569
0.005802613
0.007178445
0.008770229
0.01030669
0.01155244
0.01252045
0.01306446
0.01322202
0.01295033
0.01239545
0.01183027
0.01206014
0.0130419
0.0138963
0.01405511
0.01353374
0.01287606
0.0123884
0.01197276
0.01133611
0.01032306
0.009239001
0.008310941
0.007466753
0.006873358
0.006841576
0.007029435
0.007295018
0.008803251
0.01130796
0.01364124
0.01497372
0.01546644
0.01609192
0.01675273
0.01657989
0.01533175
0.01343267
0.012232
0.0120687
0.01243328
0.01283332
0.01320855
0.01306959
0.01239276
0.01122796
0.009176986
0.006031572
0.002411722
-0.0005269052
-0.002100417
-0.003198329
-0.004524118
-0.005809707
-0.006388456
-0.005928654
-0.005105237
-0.004482978
-0.004292539
-0.004171627
-0.003677636
-0.002887546
-0.002151257
-0.002011643
-0.002224698
-0.00190783
-0.0014149
-0.001158418
-0.000635298
9.557768e-05
0.0006255372
0.0008793674
0.001031186
0.001098343
0.0007796613
-4.044922e-05
-0.0008500014
-0.001392251
-0.001809214
-0.00247967
-0.003482355
-0.004301941
-0.004521509
-0.00382455
-0.003179893
-0.003358837
-0.003731436
-0.003704958
-0.003432681
-0.003146548
-0.002977226
-0.003741236
-0.005211235
-0.005978654
-0.00570443
-0.004917103
-0.004656629
-0.004957576
-0.004939214
-0.004045226
-0.002258619
-0.0001645757
0.001913681
0.004500902
0.007328777
0.009574806
0.01046583
0.009988674
0.009367866
0.008643839
0.006270804
0.003409172
0.001718874
0.0004410925
-0.001238796
-0.002482744
-0.002940781
-0.0029006
-0.002695888
-0.002305144
-0.001215182
0.0004039618
0.002055606
0.003272255
0.004043009
0.004972158
0.006357219
0.008077424
0.009658809
0.01077204
0.01126174
0.01140944
0.01169904
0.01176575
0.01088036
0.009222748
0.007025274
0.003899124
0.001435569
0.000891047
0.001166542
0.001085606
0.0005155694
-6.863332e-05
-0.0004111245
-0.0006473286
-0.0008740111
-0.0009279164
-0.001096405
-0.001529268
-0.001028433
0.000477414
0.001504775
0.001244607
-0.0002192878
-0.002209452
-0.003902242
-0.004464912
-0.004422032
-0.004444678
-0.004317663
-0.00376953
-0.003029402
-0.002372607
-0.001806527
-0.000904889
0.0001710763
0.0005490901
0.0005528584
0.000998218
0.001933135
0.002857259
0.003155492
0.003205628
0.003619995
0.003551835
0.002599461
0.00152301
0.0007941246
0.0002320083
-0.0004562511
-0.00130293
-0.001756713
-0.0008456377
0.0007145844
0.001871349
0.002593586
0.003376053
0.004440469
0.005637025
0.006774444
0.007821827
0.008851166
0.009912757
0.01095025
0.01112097
0.01003491
0.008828016
0.0082626
0.008790261
0.009878347
0.01042809
0.01048096
0.01067461
0.01116308
0.0117181
0.01218039
0.01256824
0.01295931
0.0133838
0.01382248
0.01413996
0.01373055
0.01238287
0.009782929
0.0067803
0.003859468
0.0008972665
-0.001115941
-0.001959052
-0.002073378
-0.001861982
-0.001391742
-0.0002202965
0.001574244
0.003603988
0.005868084
0.008274798
0.00998965
0.0111515
0.01247343
0.01376753
0.01434738
0.01445969
0.01455
0.01458769
0.01388857
0.01188965
0.01014382
0.009582621
0.00959812
0.009482097
0.009082539
0.007738183
0.005976032
0.005619705
0.006504311
0.007352513
0.007282681
0.006735765
0.006667885
0.006686978
0.006162073
0.00617082
0.007166106
0.008261952
0.008766369
0.008867028
0.009435547
0.01042644
0.01078851
0.01013513
0.008892434
0.007668916
0.006492753
0.00503995
0.003536141
0.002405762
0.001972762
0.001956342
0.002122567
0.002520379
0.003060064
0.002653639
0.002078503
0.003490057
0.005473827
0.005907255
0.005276718
0.004970014
0.005474188
0.006209254
0.006522787
0.005856401
0.004877025
0.004676014
0.005286207
0.006055803
0.006209333
0.006131902
0.006832005
0.007786161
0.008005012
0.007154175
0.006103864
0.005798451
0.005588551
0.004746003
0.004244925
0.004383822
0.004409835
0.004142705
0.004245018
0.004754857
0.005259291
0.005546859
0.005678008
0.005700572
0.005601136
0.005361637
0.00499835
0.004716171
0.004928586
0.005426376
0.005749406
0.005280208
0.004348494
0.004047918
0.004360659
0.004519908
0.00366983
0.002556957
0.002702018
0.003554172
0.003891151
0.003534647
0.003368034
0.004377258
0.005979691
0.007231011
0.007917562
0.008413935
0.008904365
0.009553949
0.01034674
0.0107117
0.01021588
0.008608498
0.005900419
0.002423522
-0.0001916025
-0.001234681
-0.001290035
-0.001607803
-0.002944894
-0.004880745
-0.006540248
-0.00641163
-0.005233647
-0.00471421
-0.005253529
-0.006077428
-0.005994012
-0.005139096
-0.004298027
-0.003207766
-0.001522166
-0.001099276
-0.002369527
-0.00366038
-0.004126586
-0.004023359
-0.003913181
-0.00448965
-0.005442424
-0.006041427
-0.005807833
-0.004784642
-0.003293214
-0.001551107
0.000722557
0.002829987
0.004095394
0.004865295
0.005514706
0.005658649
0.005523512
0.005534267
0.005533871
0.005071117
0.003618578
0.001686889
1.963083e-05
-0.0008956745
-0.001183885
-0.001050612
-0.0002310592
0.00128982
0.001536129
0.0002293149
-0.001421911
-0.001752574
-0.0004874997
0.001249829
0.002050708
0.001410096
0.0006202492
0.0006146613
0.001230965
0.001596591
0.001222193
0.001165642
0.002068824
0.00242652
0.002024292
0.001970267
0.002744606
0.003943015
0.004571517
0.004692303
0.005020847
0.00601137
0.007400654
0.007922227
0.007382322
0.006432364
0.005683913
0.005264299
0.005737047
0.006859792
0.007970815
0.008309821
0.008082253
0.008259057
0.008669523
0.00840896
0.007330106
0.006182159
0.006556925
0.007205058
0.005931658
0.004212268
0.003620173
0.00348619
0.00317047
0.002810087
0.001376732
-0.0009274508
-0.00218074
-0.002246629
-0.002028687
-0.001229929
0.0004474758
0.002545518
0.004582769
0.006487569
0.007984704
0.009048089
0.009675604
0.009801975
0.009314979
0.008610391
0.008056925
0.007753059
0.007062466
0.005373483
0.003301367
0.00171451
0.0010664
0.0008495954
0.0006014669
0.0009827308
0.002026283
0.002551893
0.002074735
0.001116589
0.0009240934
0.000991416
-0.0008181566
-0.003322778
-0.00455422
-0.005149
-0.006173277
-0.007474726
-0.008163104
-0.007920984
-0.007486406
-0.007223096
-0.006697374
-0.005802713
-0.004788841
-0.003818808
-0.00274249
-0.001229841
0.000125185
0.0006996902
0.000520966
0.000244634
0.000315196
0.0002517692
-0.0004187827
-0.001413423
-0.002338502
-0.003142105
-0.003568219
-0.003458618
-0.003138008
-0.003062942
-0.003514078
-0.003702442
-0.003080081
-0.002472015
-0.002368488
-0.002497143
-0.002562907
-0.002608425
-0.002908561
-0.003226503
-0.003126997
-0.002855121
-0.002710459
-0.00245443
-0.00179071
-0.0006685772
0.0003933893
0.001038667
0.001164902
0.001563014
0.003000212
0.004292951
0.004483951
0.004450222
0.005234056
0.006949505
0.008071379
0.007778194
0.007093794
0.006552281
0.005693857
0.005074518
0.00522728
0.005531389
0.005491513
0.005244474
0.005104357
0.005031125
0.004756122
0.004163046
0.003466244
0.003220716
0.003598456
0.004463047
0.005384036
0.006110671
0.006427115
0.00660839
0.006991833
0.007362526
0.007532033
0.007742545
0.008030137
0.008226551
0.008509163
0.009107266
0.01050443
0.01202011
0.01266044
0.01290925
0.01339543
0.01362522
0.01281081
0.01075151
0.009450848
0.009390606
0.008747807
0.006908521
0.004630737
0.00313741
0.002570537
0.002284501
0.002073581
0.002063492
0.001619675
0.0005415595
-0.0007096861
-0.001547438
-0.002018636
-0.003410344
-0.005553051
-0.006534085
-0.006864188
-0.007894647
-0.008995928
-0.009701167
-0.01050363
-0.01160111
-0.01280368
-0.01406838
-0.0149983
-0.01514641
-0.01514915
-0.01557036
-0.01629757
-0.01689396
-0.01712889
-0.01701748
-0.01684358
-0.01716857
-0.01770504
-0.01777569
-0.01718779
-0.01625135
-0.01499562
-0.01357404
-0.01220774
-0.01095699
-0.00966294
-0.00791615
-0.006101204
-0.004886458
-0.004059935
-0.003162127
-0.001976496
-0.0007631567
0.0001417502
0.0003382713
-0.0001037614
7.740534e-05
0.001012501
0.001913982
0.002592298
0.003419946
0.00473696
0.00598091
0.006384484
0.005908335
0.005004673
0.004850725
0.0054148
0.005883366
0.005528648
0.00444206
0.003606544
0.003575979
0.004161169
0.004267734
0.003459223
0.001635663
-0.0004244751
-0.001869935
-0.002048255
-0.001584047
-0.002321506
-0.004078
-0.005463597
-0.006032387
-0.006440517
-0.007462788
-0.008975883
-0.01039727
-0.01053853
-0.009411276
-0.008092097
-0.007243373
-0.006726916
-0.006380722
-0.006415488
-0.007370947
-0.008393856
-0.008443951
-0.008025941
-0.007958043
-0.008403894
-0.009090993
-0.009756457
-0.01001356
-0.009888371
-0.009705226
-0.009670974
-0.009667399
-0.009055844
-0.007811518
-0.006794455
-0.006462847
-0.00603942
-0.005147362
-0.004704676
-0.004667041
-0.004249303
-0.003808615
-0.003783932
-0.003937934
-0.004062069
-0.00421135
-0.004148159
-0.003930087
-0.004390233
-0.005113102
-0.005018567
-0.004064492
-0.00283381
-0.001310499
0.0003142474
0.001626275
0.002436711
0.003033065
0.003954507
0.004975612
0.005560079
0.006018411
0.006783938
0.0080886
0.009003969
0.008478192
0.007294691
0.006595965
0.007258434
0.008550077
0.009389231
0.009561756
0.009563852
0.009763713
0.01011427
0.01026573
0.009025056
0.006561046
0.004693883
0.003504643
0.001937917
0.001096226
0.001541115
0.002113966
0.00214519
0.00194757
0.00190605
0.00202413
0.002168646
0.002318232
0.002809783
0.003327571
0.00330229
0.00320512
0.003577123
0.004256219
0.004581558
0.00412946
0.003290019
0.00240279
0.001270206
0.0001798992
-0.0003289186
-0.0005888618
-0.001178404
-0.002866838
-0.004931352
-0.006216065
-0.006897858
-0.007635742
-0.008426304
-0.008898767
-0.008831486
-0.008600441
-0.008529584
-0.008642658
-0.008755316
-0.00875878
-0.008733273
-0.008874054
-0.009746716
-0.01082383
-0.01111558
-0.0103372
-0.009278904
-0.009607774
-0.01053715
-0.01026592
-0.009339114
-0.008810755
-0.008447177
-0.007887268
-0.007165045
-0.006032574
-0.004476056
-0.002709587
-0.001182047
-0.0002201246
0.0002847617
0.0004383399
2.032494e-05
-0.0007935677
-0.001676553
-0.00277114
-0.004160417
-0.004815776
-0.004727807
-0.004672453
-0.005123255
-0.005823985
-0.005833138
-0.004684718
-0.002528598
-0.0008862981
-0.0004892205
-0.0005235565
-0.0004414774
-0.0005072886
-0.0001675475
0.0007921817
0.0005573659
-0.0006926476
-0.001122363
-0.001121162
-0.001829922
-0.002404486
-0.002333781
-0.002045414
-0.001901225
-0.001766674
-0.001103015
-9.766438e-05
0.000640725
0.001092601
0.001545673
0.001959124
0.002168655
0.00197459
0.001700052
0.001688058
0.001914843
0.002278213
0.002930614
0.003338209
0.003161637
0.003483548
0.004691857
0.005949755
0.006281979
0.005692174
0.005422012
0.005823014
0.0061051
0.005901145
0.005540122
0.005749742
0.006446892
0.006771015
0.006073067
0.004595231
0.003850132
0.004493392
0.006237583
0.007957464
0.009067819
0.009731633
0.01028587
0.01073819
0.01058112
0.0092484
0.007454865
0.006004897
0.005091629
0.004057333
0.002420808
0.001009756
0.0005914687
0.001292483
0.002001825
0.001833676
0.001069998
0.0005497408
0.0009170553
0.001209768
0.0003700521
-0.0001740751
0.0003552077
0.0008257159
0.001108583
0.002032437
0.003096395
0.003638736
0.003395875
0.00299165
0.002957666
0.002274003
0.0007563694
-7.96938e-05
-0.0003262913
-0.001061838
-0.00236423
-0.003406085
-0.00388253
-0.004179815
-0.004663233
-0.00528492
-0.005386592
-0.004749275
-0.003298681
-0.00163818
-0.0003654757
0.0009222086
0.002638846
0.004114826
0.004922051
0.004966251
0.004691255
0.004395096
0.003760589
0.00286784
0.002198592
0.001879517
0.001814612
0.00230445
0.003027432
0.003316578
0.003277854
0.003252137
0.00267799
0.00147599
0.0004533848
-0.0005418607
-0.001923571
-0.002753653
-0.002759809
-0.002301927
-0.002120907
-0.002541356
-0.003597386
-0.004904938
-0.005894109
-0.007111134
-0.009050488
-0.01060971
-0.01127452
-0.01125513
-0.01128156
-0.01154011
-0.0109352
-0.009536383
-0.008331205
-0.007829637
-0.007795113
-0.007739314
-0.007689986
-0.008123505
-0.009188986
-0.01054344
-0.01120105
-0.01120826
-0.01116708
-0.01114464
-0.01085064
-0.01019313
-0.009594995
-0.009671403
-0.009984138
-0.009861371
-0.008928896
-0.007696148
-0.00715693
-0.007068525
-0.00676479
-0.006513286
-0.006852927
-0.008008075
-0.008721055
-0.008153054
-0.007295729
-0.006963615
-0.00698555
-0.006891756
-0.006550669
-0.006130558
-0.005747538
-0.005135258
-0.004231093
-0.003328442
-0.002623227
-0.002427541
-0.002493797
-0.001647159
-0.0004520652
-0.0003118153
-0.0010732
-0.001874253
-0.001914229
-0.001441503
-0.001058842
-0.0008539919
-0.0005647279
-0.0001457466
0.0002181739
0.0003678719
0.0004326259
0.0005560969
0.0007790858
0.000978748
0.001024468
0.0007834829
0.0002922053
3.086156e-05
0.0001137849
0.0003204572
0.0006132269
0.001077274
0.001506566
0.001838317
0.002180509
0.002232331
0.001748232
0.00101732
0.0002516473
-0.0006588597
-0.001995678
-0.003861411
-0.005979705
-0.008024052
-0.0098417
-0.01111301
-0.01196877
-0.01298571
-0.01421771
-0.01520591
-0.0149557
-0.01372692
-0.01321433
-0.01373318
-0.0144262
-0.01451667
-0.01408798
-0.01344455
-0.01260356
-0.01136839
-0.01012343
-0.009120195
-0.008211457
-0.007490836
-0.007254771
-0.007128592
-0.006846832
-0.006916783
-0.007299534
-0.007502976
-0.007557564
-0.00775271
-0.008246668
-0.008823984
-0.009235982
-0.009643767
-0.01016014
-0.01020474
-0.00956604
-0.008473123
-0.007548989
-0.007031347
-0.00680452
-0.006301878
-0.005098802
-0.00376824
-0.002793889
-0.001882907
-0.000934496
-0.0003632868
0.0001435393
0.001065642
0.002365164
0.003607449
0.004450666
0.005004835
0.005487261
0.005862578
0.006132039
0.006350855
0.006554439
0.006772329
0.007202297
0.007745447
0.007944862
0.00760885
0.0068583
0.005610025
0.004127059
0.00317196
0.002355072
0.001101746
0.0001031395
-0.0005360452
-0.001517323
-0.00273713
-0.003626818
-0.003736439
-0.003466911
-0.003353705
-0.003399572
-0.003365123
-0.003239964
-0.003017077
-0.0025355
-0.001822826
-0.001046468
-0.0004701375
3.187172e-06
0.0006666826
0.001469587
0.002149519
0.002343572
0.002210182
0.002051306
0.00213517
0.002487981
0.002912078
0.003385314
0.004184597
0.004917223
0.00511159
0.004577611
0.003458954
0.001940376
0.0006463977
-0.0001422743
-0.001025726
-0.002130564
-0.002824158
-0.002449695
-0.001335451
-0.001894652
-0.00394466
-0.005532281
-0.006113437
-0.006364387
-0.006455838
-0.006331611
-0.005783477
-0.004872372
-0.003755078
-0.002260738
-0.0003998539
0.001438465
0.002714116
0.003356804
0.004016404
0.004835944
0.00527077
0.005267779
0.00513611
0.005246742
0.005480937
0.005344274
0.004688514
0.003692714
0.003335826
0.003739986
0.00401516
0.003959355
0.004012319
0.004059469
0.003831629
0.003298987
0.003106238
0.003798466
0.004469259
0.004406213
0.003785229
0.002940355
0.001844767
0.001010686
0.0003717595
-0.0009510706
-0.002318435
-0.002549616
-0.002328056
-0.002577794
-0.00329647
-0.004111208
-0.004929653
-0.005735981
-0.006526941
-0.007275013
-0.007967962
-0.008584325
-0.009155664
-0.009521359
-0.009279503
-0.009054057
-0.009590694
-0.0100877
-0.01005891
-0.01017766
-0.01059674
-0.01089712
-0.01086846
-0.01063208
-0.01033155
-0.009738926
-0.00854962
-0.00756145
-0.007229813
-0.007349729
-0.00739122
-0.007099173
-0.006749853
-0.006504662
-0.005857904
-0.004496507
-0.002575507
-0.001406979
-0.00122563
-0.0007969623
-1.848887e-05
0.0002238863
9.607148e-05
9.425867e-05
7.337156e-07
-0.0002638316
-0.0004680854
-0.0004742253
-0.000251571
0.0004481241
0.001223174
0.001483472
0.001418749
0.001341642
0.0009520078
0.0003148933
-0.00019844
-0.001163385
-0.003012937
-0.004696397
-0.005680423
-0.00621328
-0.006653318
-0.007061457
-0.007363876
-0.007575209
-0.00778593
-0.008094773
-0.008461342
-0.00848003
-0.007761268
-0.005734387
-0.003804765
-0.003146444
-0.002628501
-0.001507483
-0.0005848342
-0.0003102067
-0.0004568012
-0.001075827
-0.001914788
-0.002165639
-0.001850973
-0.001392355
-0.001038778
-0.0007380192
-0.0003897197
-7.380574e-05
5.372763e-05
0.0001164693
0.0003442717
0.0009204652
0.001383052
0.001234386
0.000858792
0.0006688125
0.0004880176
2.84108e-05
-0.0007531824
-0.001440839
-0.001825846
-0.001945212
-0.001952575
-0.001927837
-0.002050047
-0.002382106
-0.003083716
-0.003935742
-0.004611829
-0.005081472
-0.005538718
-0.006192858
-0.006849541
-0.007186136
-0.007254575
-0.007286201
-0.007392004
-0.007505398
-0.00757372
-0.007874804
-0.008440571
-0.008874639
-0.009115586
-0.009395773
-0.009735304
-0.009966259
-0.009804251
-0.009255035
-0.008477355
-0.007848759
-0.007466459
-0.006983523
-0.006428083
-0.006275648
-0.006272733
-0.005953816
-0.005290731
-0.004523211
-0.003681266
-0.002558873
-0.001070675
0.0005219953
0.001945639
0.003000597
0.003733465
0.004206229
0.004827929
0.005514071
0.005570799
0.005066928
0.004402421
0.00358787
0.002658687
0.001971398
0.001496132
0.001045689
0.0007734478
0.0005690046
-0.0007000694
-0.002846059
-0.004852603
-0.006066848
-0.006722016
-0.00728767
-0.008041077
-0.008885646
-0.009431382
-0.009599323
-0.009548389
-0.00942084
-0.00921045
-0.00889861
-0.008541007
-0.008318399
-0.007868979
-0.006722539
-0.0058859
-0.006107657
-0.006607712
-0.006700586
-0.00652125
-0.006857519
-0.007823372
-0.007691878
-0.006449754
-0.005434317
-0.005187578
-0.005316543
-0.005451009
-0.005741376
-0.006812784
-0.008047586
-0.008618213
-0.008475681
-0.008364402
-0.008931188
-0.009582929
-0.009609237
-0.00900691
-0.008255797
-0.007811798
-0.007727613
-0.007896546
-0.008171342
-0.008464407
-0.008730112
-0.009012724
-0.009359926
-0.009712902
-0.009955338
-0.009967448
-0.01010489
-0.0107295
-0.01127374
-0.01144129
-0.01187479
-0.01258542
-0.01305231
-0.01349792
-0.0141022
-0.01415328
-0.01402221
-0.01461747
-0.0151727
-0.01498551
-0.0142285
-0.01325638
-0.01212746
-0.01153296
-0.01177359
-0.01189086
-0.01134482
-0.01025186
-0.008769508
-0.007035984
-0.005794078
-0.00488779
-0.003528227
-0.00199734
-0.0008732069
0.0002761618
0.001641156
0.002628049
0.003263838
0.003941315
0.004561785
0.004961491
0.005202573
0.00559486
0.006366271
0.007051765
0.007323241
0.00754396
0.007901921
0.008226256
0.00861391
0.009174385
0.009580266
0.009314218
0.00762753
0.005329488
0.003349232
0.001304894
-0.0008851941
-0.002711378
-0.003828538
-0.004318341
-0.004876645
-0.005664158
-0.006314739
-0.006431151
-0.006078143
-0.006094617
-0.006758037
-0.00789544
-0.00862235
-0.008627646
-0.009208982
-0.0104721
-0.01132494
-0.0122952
-0.01406405
-0.01482066
-0.01407531
-0.01260999
-0.01162208
-0.01145707
-0.01168934
-0.01188075
-0.01190993
-0.01154925
-0.01054667
-0.009495884
-0.00880106
-0.00828029
-0.00774878
-0.007243984
-0.006477069
-0.005445173
-0.004689868
-0.004045635
-0.002920363
-0.001351933
0.0002844165
0.001463834
0.002263115
0.002973026
0.003806536
0.004717404
0.005304899
0.005530414
0.00578065
0.006115964
0.006391088
0.006838387
0.00742097
0.007648582
0.007446785
0.006993645
0.006452904
0.005866678
0.005161176
0.004548563
0.00432915
0.004253481
0.004115085
0.004316232
0.005125477
0.006413211
0.007120689
0.007051656
0.007201779
0.007835819
0.008466312
0.009454411
0.01111433
0.01218337
0.01270075
0.01400692
0.01579427
0.01704456
0.01752526
0.01774612
0.01825973
0.01894116
0.01936416
0.01928903
0.01892382
0.01864193
0.01838113
0.01781153
0.01676746
0.01551169
0.01464778
0.01414503
0.01366134
0.01343949
0.01341808
0.01231576
0.01034642
0.008749861
0.008622213
0.009499638
0.01010553
0.01012322
0.01000226
0.009797717
0.009486053
0.009420385
0.009261766
0.008409463
0.007452594
0.00679957
0.005609122
0.003795138
0.002041378
0.0009510634
0.0003147768
-0.0005143719
-0.00181501
-0.003457655
-0.004990645
-0.005986863
-0.006045999
-0.005638566
-0.005261056
-0.005216948
-0.005351389
-0.005303293
-0.005418155
-0.006268989
-0.007110005
-0.007429672
-0.007727314
-0.008276482
-0.008823379
-0.00910351
-0.009202848
-0.009481458
-0.009959665
-0.0104043
-0.01059208
-0.01052623
-0.01008495
-0.009280184
-0.008235665
-0.007521995
-0.007203303
-0.006645972
-0.005472229
-0.003797447
-0.002671097
-0.002547287
-0.00248969
-0.001864572
-0.0008118259
-0.0001812656
-0.0003608345
-0.0007660307
-0.0008515891
-0.0005516492
-0.0001033624
0.00027371
0.0001207282
-0.0003649475
-0.0003761308
2.146619e-05
0.0003385047
0.0006674724
0.001095312
0.001286519
0.00122881
0.001154819
0.001263129
0.001517213
0.001793366
0.002085776
0.002489214
0.002945758
0.003366646
0.003731675
0.004278808
0.005204011
0.005903186
0.006129869
0.006393023
0.006940066
0.00760781
0.008401386
0.009244395
0.00958499
0.009411439
0.009066651
0.008733824
0.008458136
0.008581583
0.00859524
0.007687931
0.006046817
0.004409055
0.003561801
0.003305461
0.003122006
0.003056283
0.00313128
0.002937853
0.00263499
0.002624713
0.002820025
0.002898969
0.002662818
0.002447957
0.002641384
0.003117168
0.003405531
0.00302028
0.002261185
0.001562071
0.001084132
0.0006836142
0.0001916011
-0.0002107338
-0.0001490111
0.0007727402
0.002219173
0.003328798
0.004085662
0.004918987
0.005521228
0.005717281
0.005893225
0.006088042
0.005999989
0.005668012
0.005304061
0.005009222
0.004789066
0.004644906
0.004562049
0.004543527
0.004630832
0.005043244
0.006000215
0.006984998
0.007916073
0.009522523
0.01121138
0.0120039
0.01289797
0.0143738
0.01527626
0.01535974
0.01522706
0.01568709
0.01659417
0.01708949
0.01692987
0.01644094
0.01650113
0.01709628
0.01730262
0.01706096
0.0168328
0.01611321
0.01485126
0.01396796
0.0135352
0.01297155
0.01177173
0.01012011
0.00855596
0.007380076
0.006510098
0.005865962
0.005329986
0.004700439
0.004288828
0.004342639
0.004311636
0.003966187
0.00370598
0.003650474
0.003649091
0.003803253
0.004040158
0.004115128
0.00381669
0.003219622
0.002892035
0.002652383
0.001674776
0.000742208
0.0007523513
0.0009018588
0.0009228868
0.00179416
0.003224068
0.004299847
0.004541758
0.004466066
0.004659558
0.005200078
0.005710263
0.005258843
0.004514248
0.004744155
0.005138457
0.004684853
0.003996407
0.00352113
0.00296705
0.00238375
0.001901648
0.001094436
-1.687764e-05
-0.00104772
-0.001878765
-0.002711623
-0.003960898
-0.005353577
-0.006332014
-0.006881264
-0.007122588
-0.006832269
-0.006410995
-0.006356738
-0.006627958
-0.006852439
-0.006729147
-0.006263443
-0.005608014
-0.005563256
-0.006365467
-0.007561596
-0.008249411
-0.008185613
-0.00826316
-0.008915782
-0.009741129
-0.01018951
-0.01012016
-0.009368647
-0.008392192
-0.008257029
-0.008626245
-0.008702942
-0.008692711
-0.008956245
-0.009325745
-0.009401124
-0.009103943
-0.008884548
-0.008795113
-0.008410636
-0.007872611
-0.00748344
-0.006949141
-0.006242691
-0.005714408
-0.005399473
-0.005096444
-0.004651626
-0.004114665
-0.003590874
-0.003309872
-0.003248986
-0.002635526
-0.00173907
-0.001654134
-0.001963604
-0.001853918
-0.001805893
-0.002217432
-0.002985341
-0.003643433
-0.003918361
-0.003738438
-0.003276183
-0.002648166
-0.001793957
-0.0006441594
0.0004747089
0.001158566
0.001231217
0.001076422
0.001015417
0.001364347
0.0018066
0.001877326
0.001851276
0.002212787
0.003385933
0.004826603
0.005832142
0.007032891
0.009046222
0.01107343
0.01201244
0.0108243
0.009076349
0.008387482
0.008435507
0.008411671
0.008224361
0.008053257
0.007999965
0.007816878
0.007316502
0.00651073
0.005841085
0.005473765
0.005226418
0.004895637
0.004536419
0.004831745
0.005831627
0.006834913
0.007637628
0.008535366
0.009396576
0.009977001
0.00986382
0.009362382
0.009075171
0.009539448
0.0101849
0.009624417
0.008303478
0.007406905
0.007459477
0.008069256
0.008734694
0.009613881
0.01125564
0.01344877
0.01541933
0.01633295
0.01627347
0.01548226
0.0144308
0.01327994
0.0118859
0.01094237
0.01092655
0.0109125
0.01015636
0.008609236
0.007383052
0.00718509
0.007583288
0.007526907
0.006180214
0.004858196
0.004808164
0.005445375
0.005785212
0.005627019
0.00540268
0.005385189
0.005353033
0.005071721
0.004512162
0.00372941
0.002800934
0.002099211
0.001235334
-0.0004036577
-0.001833878
-0.002582867
-0.003885035
-0.005555102
-0.006315766
-0.006228762
-0.005990538
-0.005804831
-0.0054976
-0.004992733
-0.004784201
-0.005006998
-0.005291622
-0.005740991
-0.0066351
-0.007884401
-0.009085352
-0.009724021
-0.01030846
-0.0112664
-0.01151427
-0.01104527
-0.01083525
-0.01072746
-0.01017888
-0.009783712
-0.009710726
-0.009470362
-0.009235888
-0.009482137
-0.01045507
-0.01213562
-0.01438399
-0.01567383
-0.01574816
-0.01613942
-0.01714774
-0.017851
-0.01800245
-0.01796147
-0.01787762
-0.0176991
-0.01731686
-0.01652564
-0.01568422
-0.01570739
-0.01615962
-0.01614627
-0.01551772
-0.01462585
-0.0136342
-0.0126485
-0.01174872
-0.01139433
-0.01132612
-0.01048076
-0.00873599
-0.006498195
-0.004202671
-0.002102186
-0.0004449646
0.0008432955
0.001866205
0.003102426
0.004506069
0.005414094
0.005954616
0.006615033
0.007179939
0.007316825
0.006999636
0.006552399
0.00621535
0.006360684
0.006837804
0.007036699
0.00708803
0.007499624
0.008070524
0.00845319
0.008644412
0.009145348
0.01016241
0.01090764
0.01122485
0.01190962
0.01275621
0.01313757
0.01304217
0.01291823
0.01320887
0.01339148
0.01298193
0.01257084
0.01248897
0.01246024
0.01203105
0.01115699
0.01040288
0.009810365
0.008826942
0.007449686
0.005992072
0.004431279
0.003253782
0.003058955
0.002889685
0.002214233
0.002207508
0.002773924
0.002796976
0.002361797
0.002128342
0.002593502
0.003333291
0.003792907
0.004491705
0.005640723
0.006200322
0.006133523
0.006221411
0.006747246
0.007479072
0.008245112
0.008789619
0.008958049
0.009163015
0.009873967
0.01137982
0.0127068
0.0128759
0.01253066
0.01252201
0.0129282
0.01347993
0.01401986
0.01389835
0.01318834
0.01277146
0.01280218
0.0128567
0.01276143
0.01273125
0.01308488
0.01354631
0.01378437
0.01401045
0.01425975
0.01408066
0.01368026
0.01341015
0.0127283
0.0114625
0.01025343
0.009870497
0.01038287
0.01109935
0.01150256
0.01154312
0.0110351
0.009920048
0.008839006
0.008101483
0.007521666
0.007011179
0.00668491
0.006664963
0.006593119
0.006059987
0.005607191
0.005698652
0.005939222
0.005457463
0.003800308
0.002218987
0.001413931
0.0007057383
-0.0004167462
-0.001728759
-0.002537268
-0.002736527
-0.002793689
-0.003177383
-0.003933239
-0.00431423
-0.004018655
-0.003419717
-0.002906681
-0.002499976
-0.00227567
-0.002047077
-0.00135309
-0.0009044628
-0.001400167
-0.002405795
-0.003406015
-0.004392317
-0.005256582
-0.005808621
-0.00581101
-0.005605723
-0.005654996
-0.005650942
-0.005228767
-0.004805808
-0.004574749
-0.004269335
-0.003861547
-0.003559734
-0.003652645
-0.003913524
-0.003898294
-0.003498365
-0.002899745
-0.002369782
-0.002066729
-0.002101507
-0.001914777
-0.001215092
-0.0009667006
-0.001180324
-0.001038662
-0.0002697153
0.0008457522
0.001852087
0.002570004
0.003085906
0.00375663
0.004829307
0.006689063
0.008696364
0.00974462
0.01008914
0.01046265
0.01082268
0.01093889
0.01069764
0.0103214
0.01004326
0.009934983
0.01002611
0.01055061
0.01142376
0.01235108
0.01283712
0.01306741
0.01350958
0.01413218
0.01465107
0.01489687
0.01502505
0.01519784
0.01457688
0.01274915
0.01126833
0.01105747
0.01177368
0.01200373
0.01126396
0.01052454
0.01040513
0.01068045
0.01096589
0.011161
0.01118376
0.01098518
0.0105387
0.009976263
0.009436564
0.009306638
0.009371881
0.009157096
0.008560935
0.007814285
0.007390213
0.006995187
0.006039753
0.004943126
0.00421833
0.004072314
0.003922935
0.003201413
0.002565065
0.002425362
0.002126086
0.001780279
0.002100926
0.002670672
0.002881027
0.002660719
0.002107972
0.001190721
0.0006128072
0.0004879225
6.527766e-05
-0.0006090497
-0.0009509991
-0.00104665
-0.001090949
-0.0008628225
-0.0003571256
0.000316361
0.001133749
0.001986554
0.002606287
0.002923555
0.002965332
0.002914509
0.002906053
0.002979831
0.002947289
0.00265646
0.002481774
0.002568544
0.002595876
0.002677351
0.003136643
0.003287011
0.002813191
0.002242229
0.001959709
0.001916456
0.002100323
0.002317315
0.002138018
0.001853521
0.002012966
0.00277935
0.003849091
0.004859931
0.005118734
0.0041053
0.002986169
0.002595602
0.002645602
0.002634091
0.002482455
0.00240274
0.002474287
0.002517429
0.002457164
0.002374484
0.002468767
0.002762536
0.003098364
0.002886197
0.001930122
0.001148149
0.001025135
0.001305911
0.001671525
0.00203592
0.0020834
0.001864871
0.001792842
0.001818585
0.001792956
0.002628398
0.004206424
0.004996663
0.004724463
0.004162323
0.00385823
0.003746095
0.00364469
0.004226956
0.003560914
0.00291022
0.002417141
0.001998956
0.00189694
0.002277472
0.002720974
0.003047399
0.00351166
0.003805958
0.003570287
0.003000706
0.002277646
0.00127028
0.0002489378
-0.0003926913
-0.0002058348
0.0004103382
0.0009127751
0.001351569
0.001964017
0.002522586
0.003138866
0.004347921
0.005568832
0.006079287
0.005968887
0.00578414
0.005714874
0.005350448
0.004499883
0.003967716
0.003798991
0.00328714
0.002765925
0.002744358
0.002425613
0.001564589
0.0006553064
0.000119392
-8.072285e-05
-0.0002424646
-0.0003541186
-0.0001770428
9.206222e-05
0.0001696235
-0.0002079628
-0.0006082974
-0.0004793691
-0.0001956842
-0.0002118681
-0.0003526832
-0.0004169176
-0.0004580371
-0.0005270246
-0.0005764636
-0.0003689734
0.0001709916
0.0009692058
0.001679608
0.002251738
0.003341295
0.004345035
0.003547852
0.001957369
0.001144602
0.0005657293
-0.0002342569
-0.0008371652
-0.001102133
-0.00113303
-0.000939863
-0.0008088827
-0.001069814
-0.00160585
-0.002222923
-0.002895537
-0.003775355
-0.004917468
-0.005455278
-0.005229827
-0.005163582
-0.005336521
-0.005134199
-0.004897537
-0.005024599
-0.005440447
-0.005805751
-0.005855694
-0.005115835
-0.003677152
-0.001803794
-0.0002491552
0.0003614922
0.0005573762
0.0008523378
0.001052921
0.001275354
0.001929062
0.002803702
0.003596637
0.004287441
0.005108161
0.00622071
0.007224751
0.007801746
0.008064919
0.008123606
0.007875887
0.007222193
0.006254922
0.005773706
0.005819526
0.00586886
0.005627585
0.005142153
0.004212444
0.003162976
0.002499529
0.002241351
0.002139513
0.002355139
0.002743335
0.002983614
0.003170573
0.00336688
0.002935631
0.002313664
0.002422894
0.00282665
0.002844592
0.002300826
0.001868609
0.002200271
0.002931572
0.003369379
0.0026427
0.001007163
-0.0008829084
-0.002737252
-0.004347023
-0.005160058
-0.005695441
-0.006578575
-0.007151245
-0.007158691
-0.007434286
-0.008041714
-0.008445041
-0.00851853
-0.00872018
-0.009692163
-0.01080802
-0.01118217
-0.01105991
-0.01099445
-0.01105965
-0.01102421
-0.01072501
-0.01041587
-0.01033197
-0.01047726
-0.01028168
-0.009533671
-0.009464034
-0.01038701
-0.01126394
-0.01149123
-0.0113374
-0.01129926
-0.01132137
-0.01091097
-0.01050196
-0.01065802
-0.01123752
-0.01184232
-0.01223318
-0.01222266
-0.01182145
-0.01133691
-0.01089632
-0.01042667
-0.01023358
-0.01050378
-0.01065109
-0.01042344
-0.01016774
-0.01040387
-0.01112073
-0.01123909
-0.01052254
-0.00980111
-0.00950538
-0.009416444
-0.009322939
-0.009187584
-0.009023128
-0.008955858
-0.009051731
-0.009186192
-0.009162704
-0.008787003
-0.008464951
-0.008530364
-0.008615667
-0.00847941
-0.008337803
-0.008441967
-0.008842246
-0.009188689
-0.009339876
-0.009502383
-0.009706235
-0.009858258
-0.0100945
-0.01044387
-0.01072209
-0.01080471
-0.01073891
-0.01067921
-0.01067698
-0.01070136
-0.0108822
-0.0112549
-0.0112696
-0.01085843
-0.0105862
-0.01070758
-0.01104018
-0.01138756
-0.01166265
-0.01178144
-0.01195817
-0.01232324
-0.01239773
-0.01200512
-0.01147911
-0.01113088
-0.01095426
-0.01078617
-0.01050315
-0.01005082
-0.009747839
-0.009823026
-0.0101487
-0.01055458
-0.0110074
-0.01126122
-0.01119219
-0.01115902
-0.01129096
-0.01132821
-0.01126519
-0.01121833
-0.01085734
-0.009987687
-0.008710398
-0.007610137
-0.006986481
-0.006506914
-0.005905171
-0.005268247
-0.004756151
-0.004473412
-0.004684394
-0.005366919
-0.006245896
-0.006927124
-0.007218136
-0.007201178
-0.006983679
-0.006503199
-0.005935934
-0.005459926
-0.005008916
-0.004460761
-0.00378907
-0.003354368
-0.003514309
-0.003873652
-0.004073687
-0.004211885
-0.004567923
-0.005239816
-0.005665163
-0.00571794
-0.005951001
-0.006530529
-0.007185277
-0.007307996
-0.006852311
-0.006265059
-0.005731013
-0.005088115
-0.004573107
-0.004337179
-0.00423868
-0.004016058
-0.003580207
-0.003180353
-0.002923832
-0.002539139
-0.001977613
-0.001418196
-0.0009710082
-0.0006176323
-0.000424848
-0.000160473
0.0004059754
0.0005630675
0.0001021355
-0.0001727625
-0.0001252632
-0.0002559312
-0.0005301299
-0.0006295789
-0.0003702738
-4.074225e-05
2.42864e-05
-5.256707e-05
-2.5029e-05
0.0002459987
0.0005578068
0.0006663673
0.0006477696
0.0006275552
0.0004655871
5.866889e-05
-0.0005536543
-0.000846839
-0.0005869637
-0.0002880332
-0.0001910536
-8.543331e-05
6.805562e-05
0.000179465
0.0002891262
0.0002680391
-9.155261e-05
-0.0007237681
-0.001442141
-0.001835796
-0.001989103
-0.002229369
-0.002451539
-0.002416215
-0.0021619
-0.002062101
-0.002396735
-0.00271923
-0.002761332
-0.00319679
-0.003911857
-0.004214579
-0.004163907
-0.004146128
-0.004328678
-0.00453487
-0.004564512
-0.004475853
-0.004421411
-0.004562322
-0.004574447
-0.00404374
-0.00335082
-0.002988975
-0.003377969
-0.003988395
-0.004114728
-0.003882508
-0.003770575
-0.004256192
-0.00488563
-0.004981067
-0.004951729
-0.005289366
-0.005561329
-0.005702383
-0.006086054
-0.006297689
-0.00596169
-0.005610411
-0.005512882
-0.005435616
-0.005279577
-0.005144248
-0.00516441
-0.005234153
-0.005176785
-0.005015579
-0.004775232
-0.004122022
-0.003397024
-0.003199676
-0.003319364
-0.003371154
-0.003377048
-0.00340777
-0.003420212
-0.003470106
-0.003605304
-0.00375969
-0.003845436
-0.003840865
-0.003893961
-0.004058243
-0.004072426
-0.003990506
-0.004070314
-0.004178161
-0.004139618
-0.004153713
-0.004359044
-0.004705105
-0.005044273
-0.005317781
-0.005495836
-0.005654756
-0.005870843
-0.006017548
-0.005980503
-0.005808663
-0.005541047
-0.005150081
-0.004868937
-0.004770724
-0.004344404
-0.003656314
-0.003169122
-0.002874093
-0.00255513
-0.002263771
-0.00205037
-0.001891573
-0.001852133
-0.001927387
-0.001760521
-0.00148995
-0.001639622
-0.00199124
-0.002100611
-0.001943415
-0.001729337
-0.001530028
-0.00154207
-0.001831697
-0.002051885
-0.002041044
-0.001878758
-0.001691342
-0.001519481
-0.00138884
-0.001237843
-0.0009591978
-0.000596794
-0.000272964
-0.0001609597
-0.0001926453
-0.0002234289
-5.913183e-05
0.0003187917
0.0005944949
0.0007392402
0.00107672
0.00142449
0.001486354
0.001366835
0.001321182
0.00151876
0.001715345
0.001699505
0.001679289
0.001769435
0.001791328
0.001671657
0.001489157
0.001336742
0.001245557
0.001233189
0.001259506
0.001285415
0.001308594
0.001353104
0.001437221
0.001522971
0.00158316
0.00167963
0.001809723
0.001882678
0.002031831
0.002374275
0.002755256
0.003023667
0.003142714
0.003217684
0.003316678
0.003400568
0.003411882
0.003329143
0.003242756
0.003241453
0.003356893
0.003513157
0.003590999
0.003584406
0.003542852
0.003509305
0.003516183
0.003609046
0.003690987
0.003659643
0.003592327
0.003579387
0.00364208
0.003686153
0.003630627
0.003576174
0.003588644
0.003593256
0.0035322
0.003425949
0.003400869
0.003459279
0.003419342
0.003314726
0.003307051
0.003368438
0.003411271
0.003440392
0.003444267
0.003391813
0.003377241
0.003436302
0.003489293
0.003497938
0.003489681
0.003489027
0.003495027
0.003493441
0.003461764
0.003391623
0.003352584
0.003368167
0.003396703
0.00339334
0.003350923
0.003332238
0.003366011
0.003389082
0.003375539
0.003349558
0.003310713
0.003261333
0.003234405
0.003231929
0.003233218
0.003216813
0.003187098
0.003182466
0.003194502
0.003189814
0.003189219
0.003217698
0.003253403
0.003256829
0.003210561
0.003137637
0.003064713
0.003038622
0.00305139
0.003067226
0.003037159
0.002961945
0.002917917
0.002916598
0.002915128
0.002904568
0.002896433
0.002866856
0.002829391
0.002816679
0.00281698
0.002806379
0.002774713
0.002741728
0.002727007
0.002710684
0.00267509
0.002636409
0.002624086
0.002649879
0.002666937
0.002647206
0.002612744
0.002590686
0.002585578
0.002573075
0.002540672
0.002511205
0.002495605
0.002486266
0.002473736
0.002456647
0.002437633
0.002419669
0.002403758
0.002395016
0.002394
0.002387748
0.002373987
0.00236002
0.002349274
0.002339694
0.002328962
0.002317114
0.002305789
0.002296659
0.002289273
0.002279695
0.002267794
0.002257206
0.002245634
0.002229513
0.00220742
0.002184206
0.002168113
0.002153839
0.002135198
0.00212165
0.00211395
0.002099061
0.002078201
0.002060081
0.002045349
0.002029382
0.002008914
0.00198499
0.001959509
0.001936521
0.001916656
0.001897495
0.001876373
0.001852813
0.001830057
0.001810098
0.001792522
0.001774079
0.001752857
0.001731915
0.001713486
0.001696911
0.001679678
0.001660607
0.001641626
0.001624134
0.001607745
0.001591195
0.00157406
0.001557709
0.001542339
0.00152658
0.001510916
0.001496484
0.00148145
0.001465039
0.001448656
0.001432486
0.001415599
0.001397744
0.001379866
0.001363918
0.001348916
0.001332814
0.001315113
0.001297253
0.001280949
0.001265486
0.00124955
0.001233273
0.001217369
0.001202148
0.001187274
0.001172423
0.001157403
0.001142258
0.001127016
0.001111581
0.001095906
0.001080552
0.001065703
0.001051201
0.001036679
0.001021944
0.001007078
0.000992236
0.000977487
0.0009627782
0.0009480514
0.0009333018
0.0009185503
0.0009038118
0.0008890927
0.0008743895
0.0008596981
0.0008450181
0.0008303525
0.000815703
0.0008010698
0.0007864527
0.0007718522
0.0007572686
0.0007427121
0.0007281982
0.0007137066
0.000699217
0.0006847332
0.0006702662
0.00065582
0.000641392
0.0006269792
0.00061258
0.0005981966
0.0005838322
0.0005695019
0.0005551981
0.0005408971
0.0005266153
0.0005123757
0.0004981767
0.0004840066
0.0004698596
0.0004557336
0.0004416308
0.000427567
0.0004135418
0.0003995413
0.0003855634
0.0003716136
0.0003576923
0.0003438002
0.0003299405
0.0003161137
0.0003023188
0.0002885562
0.0002748266
0.0002611296
0.0002474665
0.000233839
0.0002202462
0.0002066881
0.0001931656
0.0001796793
0.0001662294
0.0001528162
0.0001394397
0.0001261001
0.0001127978
9.953336e-05
8.630725e-05
7.311977e-05
5.99713e-05
4.686225e-05
3.379301e-05
2.076399e-05
7.775576e-06
-5.171817e-06
-1.807781e-05
-3.0942e-05
-4.376405e-05
-5.654354e-05
-6.928011e-05
-8.197337e-05
-9.462294e-05
-0.0001072284
-0.0001197895
-0.0001323058
-0.0001447768
-0.0001572023
-0.0001695819
-0.0001819152
