0.001735408
0.001378109
-0.000778478
-0.002650494
-0.003325037
-0.003758869
-0.00239445
3.076216e-05
0.000713806
-6.583808e-05
-0.00122493
0.0003475298
0.002612561
0.004239066
0.004906763
0.00364767
0.001936711
-0.0007707962
-0.001809591
-0.002094614
0.0001030355
0.0005421972
0.001293471
0.003286078
0.002909217
0.0009248279
-0.001903109
-0.002918513
-0.002385564
-0.002650264
-0.00235091
-0.002301464
-0.001408486
0.0005340654
5.308894e-05
0.001218385
0.001669674
0.001248856
0.0006995099
-0.000685223
-0.0009183834
-0.0003314709
0.0007562543
0.0006505724
-0.0003180368
-0.001465153
-0.002376656
-0.003336107
-0.004000785
-0.00285497
-0.001017601
-0.0001196598
0.0002346144
0.002904281
0.002500682
-0.0003009446
-0.002126438
-0.002646338
-0.001358805
-0.0009301198
0.001115259
0.002786291
0.002874277
0.002841896
0.002744228
0.002819953
0.002191872
0.001235344
0.0002614694
0.001018529
0.00313626
0.003363926
0.001840244
0.001200897
-0.001100037
-0.003176577
-0.004773725
-0.005954718
-0.007101037
-0.007433403
-0.006473437
-0.006242776
-0.00573264
-0.004203533
-0.00385457
-0.003007855
-0.001317606
0.0008000176
0.004375214
0.005232105
0.00549433
0.004068449
0.001703141
0.000138527
-0.001995253
-0.003261018
-0.003969871
-0.002594869
0.000402947
0.003223277
0.003581321
0.001811639
-0.0004180689
-0.001138182
-0.001075963
-0.001018848
-0.001610459
-0.001296317
-0.0009933996
-0.003032409
-0.003693403
-0.003556763
-0.002146149
0.001011719
0.00367692
0.006496138
0.008155609
0.005843195
0.001867155
0.0008164687
0.0004930374
0.0002144806
-0.0008484618
-0.002658049
-0.003420103
-0.004198482
-0.001596586
0.001368424
0.003397069
0.005094208
0.006686282
0.004975591
0.0006802144
-0.0006908275
-0.0009092748
-0.0006320073
-0.001207465
-0.003954508
-0.004527937
-0.00360095
-0.003764349
-0.003130113
-0.001639082
-0.001069116
-0.001029555
-1.079995e-05
0.00348145
0.005296816
0.004055236
0.002353632
0.0002623819
-0.0009424928
-0.002760392
-0.004555857
-0.005033486
-0.004681861
-0.002636021
0.0001533954
0.004281046
0.007283632
0.006837593
0.00477689
0.002351022
0.001286849
-0.0003352697
-0.002650993
-0.0048688
-0.004248972
-0.001255609
0.002497649
0.004493443
0.004685872
0.004086777
0.002063757
0.001661513
0.001563224
0.00170871
0.002568192
0.003680629
0.005152102
0.005479129
0.005537894
0.003754533
0.001161288
-0.0001304419
0.0003403841
0.0004195258
-0.0005131769
-0.001948744
-0.001498335
-0.0008806509
-0.001159551
-0.0003552153
0.001356916
0.002665123
0.002763606
0.002476525
0.0008838397
-0.00083023
-0.002179144
-0.003579061
-0.005366584
-0.00660841
-0.0068588
-0.005182414
-0.002010713
0.0002470643
0.002086638
0.003634487
0.003248412
0.002888854
0.001952991
0.002138105
0.001191014
-0.00236626
-0.004731158
-0.00503056
-0.003569447
-0.001936977
-0.0008655105
-0.0007640683
0.00136513
0.000708705
-0.002609924
-0.003618257
-0.002841594
-0.000149374
0.0006803219
0.001738495
0.002926202
0.005523547
0.007068248
0.005097005
0.00643464
0.00582305
0.004071097
0.003467659
0.002247119
0.001292795
-0.0002245725
-0.001231943
-0.001732378
-0.0009557766
-0.0003872584
0.0003913764
0.001530068
0.001667115
0.0002782402
-0.001490079
-0.001579482
-0.001641346
-0.001840916
-0.003442988
-0.004524864
-0.003207704
-0.001897686
-0.001603592
-0.001797061
-0.001175553
0.0007403311
0.002573593
0.003979471
0.002064225
-0.001444264
-0.002794435
-0.00302975
-0.0008435882
0.0006142907
0.002087466
0.004581658
0.007383888
0.008168555
0.006625577
0.005676238
0.005486794
0.006180669
0.00709588
0.006862568
0.004498473
0.002086435
0.0002435546
-0.001661549
-0.001816336
-0.000793026
-0.003060239
-0.004594074
-0.004690733
-0.002440374
0.002397721
0.005494675
0.007059584
0.007556553
0.006120617
0.005686317
0.004972537
0.002876653
0.003190006
0.001556176
0.0004466245
-0.0002233104
0.001004972
0.002305672
0.001694889
0.002194883
0.0004865745
-0.001628716
-0.00380929
-0.003459247
0.0004046946
0.0005762331
-0.000308951
0.001480303
0.003345033
0.005043501
0.005411886
0.005146849
0.00481143
0.007795089
0.0109042
0.01216711
0.0110014
0.007623316
0.004747062
0.002455265
0.002340147
0.004706685
0.006530581
0.005189415
0.002963906
-0.001945224
-0.005292738
-0.005786293
-0.005044632
-0.001761132
-0.0002911947
-0.00115298
-0.003735507
-0.004356576
-0.002934588
-0.000302882
0.001779041
0.002839943
0.003708063
0.0029503
0.002169075
-0.0002859723
-0.004521942
-0.007769533
-0.008150928
-0.004847062
0.0008456393
0.00145568
-0.0003863628
-0.000989107
-0.003880733
-0.00536476
-0.005631932
-0.005188165
-0.006741559
-0.008314336
-0.008123534
-0.01001353
-0.01096819
-0.01069989
-0.01119453
-0.01338135
-0.01265201
-0.005676179
0.001242526
0.00169035
-0.0007484279
-0.002949548
-0.00474879
-0.006132893
-0.005159779
-0.002409827
-0.001472416
0.001102092
0.003301239
0.002842265
0.004105049
0.00505061
0.00286069
0.002753608
0.002813804
0.002366039
0.001458251
-0.001379377
-0.003737607
-0.00464744
-0.002989935
-0.00272575
-0.004411807
-0.004185367
-0.002360587
0.0001537102
0.001250206
0.00104518
-0.0007775669
-0.001695576
-0.001475267
-0.002728858
-0.006436572
-0.01337565
-0.02063501
-0.02523624
-0.02355428
-0.02038925
-0.01842985
-0.01772403
-0.01779342
-0.01784853
-0.01863906
-0.01818009
-0.0140889
-0.005530111
0.001021314
0.004137378
0.006795459
0.008177521
0.007564459
0.005749837
0.003616974
0.002547969
0.002932463
0.004942835
0.004266525
-0.0006427844
-0.004711616
-0.004087429
0.0002005963
0.00584828
0.007683204
0.007867765
0.009366086
0.01314207
0.01508612
0.008430559
-0.001540006
-0.008375092
-0.01089048
-0.009429907
-0.008214137
-0.01318467
-0.02058586
-0.02322671
-0.02002297
-0.0165377
-0.01089106
-0.004871099
0.0008979417
0.002419701
-0.00122688
-0.004877543
-0.007511267
-0.008605811
-0.009967602
-0.007031104
-0.0001849531
0.004106097
0.006491787
0.01233119
0.02046866
0.030538
0.04093171
0.04880602
0.05150892
0.04897005
0.04198294
0.03355663
0.02658992
0.02401637
0.02693958
0.02875711
0.02765032
0.01917707
0.009117721
0.005269152
0.006960204
0.01269964
0.02033932
0.02357261
0.02345928
0.0231756
0.01914751
0.01509188
0.01182777
0.01045473
0.01141136
0.01127763
0.008773411
0.005400151
0.00200751
-0.0001815314
0.001539086
0.001603222
-0.002208641
-0.006654947
-0.01013123
-0.008753338
-0.005253846
-0.005953694
-0.009873683
-0.01257987
-0.01596845
-0.02125013
-0.02617993
-0.0301244
-0.02958291
-0.02568562
-0.02108454
-0.01673744
-0.01561047
-0.01768427
-0.01673581
-0.007175485
0.003327316
0.007499996
0.007867055
0.005187375
-0.001294867
-0.004694669
-0.002912872
-0.002807955
-0.002388879
-0.0003408641
0.00240687
0.005369825
0.008428658
0.007529891
0.003352843
-6.022482e-05
-0.001895353
-0.000305323
0.001947707
0.004982056
0.005421525
0.001825873
0.0006935218
0.002967969
0.005668776
0.005886902
0.004008928
-0.0006179464
-0.005142822
-0.009016938
-0.01204445
-0.01264743
-0.01187238
-0.007941465
-0.002742683
-2.45413e-05
-0.00301024
-0.007450459
-0.01425096
-0.01942864
-0.02107202
-0.02013786
-0.01438726
-0.009811705
-0.009889388
-0.01591265
-0.01999792
-0.02079265
-0.01773282
-0.01308382
-0.01290345
-0.01229569
-0.009334801
-0.004193146
0.0001355683
-0.001385418
-0.004062065
-0.001414312
0.00317042
0.005577452
0.005300864
0.005516936
0.008771587
0.01064618
0.01130492
0.0104041
0.00521519
-0.00389766
-0.01715987
-0.02837698
-0.03233781
-0.0300746
-0.02425568
-0.01851426
-0.01548402
-0.01604111
-0.01829752
-0.02048763
-0.02046231
-0.01726071
-0.01327777
-0.01056883
-0.008364782
-0.003846356
3.25295e-05
0.003297376
0.006651981
0.01155087
0.01498299
0.01432288
0.0143941
0.01466524
0.01213241
0.007207673
0.005517358
0.004119782
0.004429685
0.005603529
0.003430753
-0.001683703
-0.00829246
-0.01484512
-0.02157933
-0.02528415
-0.02441019
-0.02145848
-0.02092928
-0.01932092
-0.01816748
-0.01940695
-0.01884409
-0.01879939
-0.02020513
-0.02217798
-0.02449969
-0.02573406
-0.02606267
-0.0256926
-0.02581721
-0.0236754
-0.02054825
-0.01740581
-0.01182659
-0.007920166
-0.006160845
-0.005439883
-0.003618342
0.0004543398
0.004935022
0.008189664
0.01138413
0.01517018
0.0157259
0.01315737
0.01039401
0.008018253
0.007893633
0.006272676
0.006111337
0.009536322
0.0120331
0.01332526
0.01618006
0.01988452
0.02241803
0.02235053
0.02027772
0.01962474
0.02058948
0.02284351
0.0225516
0.02129682
0.02122219
0.02408413
0.02618719
0.02640224
0.02481596
0.02014827
0.01547954
0.01325373
0.01447143
0.01602676
0.01918349
0.01956172
0.01528061
0.01070472
0.007769997
0.008102342
0.007017906
0.005703971
0.003305775
0.0003792209
-0.0003757541
7.083118e-05
0.003444817
0.006462822
0.007952868
0.008273993
0.0112767
0.01300848
0.01491061
0.01505222
0.01194003
0.01024461
0.0083605
0.008133887
0.007250394
0.008764923
0.01076395
0.0107291
0.01093802
0.01365717
0.01895591
0.01909037
0.01528866
0.01338721
0.0119264
0.009737312
0.007073921
0.004297311
0.002780402
0.002807773
0.002685204
0.002738075
0.002840926
0.001528018
7.945031e-05
0.0003098025
0.002278235
0.002993087
0.001151821
-0.002550946
-0.006644372
-0.008282659
-0.007152664
-0.00506387
-0.005101776
-0.00695936
-0.009347345
-0.01213109
-0.01394074
-0.0154658
-0.02006106
-0.02363632
-0.02572341
-0.02698225
-0.02551055
-0.02420716
-0.02438072
-0.02587211
-0.02608138
-0.02593466
-0.0271833
-0.02752414
-0.0254435
-0.02388612
-0.02224918
-0.02286644
-0.024672
-0.02345836
-0.01874101
-0.01146143
-0.004233869
-0.0002988667
-3.484343e-05
7.006024e-05
-3.413576e-05
-0.002747491
-0.007599787
-0.01035394
-0.01037143
-0.008870151
-0.005143225
0.001258142
0.007239269
0.007299296
0.003479244
0.002636571
0.006983661
0.01247111
0.01305542
0.009794327
0.007603217
0.006741167
0.007294877
0.01100753
0.01410614
0.01648055
0.01802264
0.01400369
0.007000229
-0.0008284181
-0.005228844
-0.00433547
-0.002556736
-0.003578921
-0.003133326
-0.0001479304
-0.0004499944
-0.002907318
-0.002930921
-0.001607104
-0.001153347
-0.0004813083
0.00311813
0.005754688
0.004009328
0.003112608
0.004033528
0.005915288
0.007982689
0.01329165
0.01801207
0.02060478
0.02440312
0.0276425
0.03052386
0.03144275
0.03142017
0.03121195
0.03223284
0.03455422
0.03617895
0.03676124
0.03818298
0.04084199
0.04197305
0.04056225
0.03534176
0.02858107
0.0199548
0.01160698
0.008570319
0.006453691
0.004411523
0.003693315
0.006923526
0.01188161
0.01559327
0.01619392
0.0136489
0.01288071
0.01306521
0.01191249
0.005754622
-0.004724981
-0.01408769
-0.01988854
-0.02259779
-0.02371685
-0.02682593
-0.03306131
-0.04037585
-0.04632257
-0.04694285
-0.04223771
-0.03466841
-0.02501014
-0.01503874
-0.004044281
0.005384483
0.01127282
0.01267216
0.01457536
0.0192703
0.02335325
0.02750657
0.02710356
0.02372214
0.02308352
0.02200323
0.01702654
0.009808903
0.007542353
0.01127748
0.01213825
0.007852106
0.003241597
-0.0001183898
-0.000408177
0.001540936
0.0005891701
-0.005710455
-0.0175803
-0.02521715
-0.02695941
-0.02272447
-0.0196248
-0.02422816
-0.0288866
-0.02982204
-0.0263011
-0.01975178
-0.01499052
-0.01241921
-0.01175529
-0.01024476
-0.008933141
-0.008050938
-0.005858036
-0.004133312
-0.0005491285
0.007118116
0.01549732
0.02236692
0.02755047
0.03042984
0.02679651
0.01666476
0.00861074
0.004745868
0.009386778
0.01585552
0.01886546
0.02033621
0.02222413
0.02634791
0.02835008
0.02830919
0.03121815
0.0355857
0.03944223
0.04356091
0.04213895
0.03255494
0.02239464
0.01591041
0.00997087
0.0009040077
-0.009298115
-0.01131269
-0.005289676
0.002340863
0.006537064
0.005804624
0.001213525
-0.006335572
-0.01326757
-0.01830237
-0.01979573
-0.01934598
-0.01847498
-0.01868925
-0.02109449
-0.02325084
-0.02501245
-0.0242516
-0.0195301
-0.01378451
-0.01205364
-0.01317368
-0.0112439
-0.002378134
0.006959895
0.009574087
0.009434278
0.00891503
0.006151782
0.002813256
0.0008578499
0.001565663
0.0004354385
-0.003027526
-0.00661901
-0.01128455
-0.01526976
-0.017727
-0.01550856
-0.007098724
0.001524294
0.006037734
0.01118052
0.01559603
0.01908131
0.02155373
0.02136702
0.01808358
0.01098738
0.003313867
-0.003010189
-0.007629825
-0.01213216
-0.01517691
-0.01492605
-0.01185285
-0.01035859
-0.0121875
-0.01344114
-0.01409501
-0.009746803
-0.001436913
0.002691998
-0.001721592
-0.008922842
-0.01276727
-0.01160961
-0.006655524
-0.0007385519
0.006769622
0.01516724
0.01981737
0.02302012
0.0263157
0.0253283
0.02189085
0.01849523
0.01610941
0.01432334
0.01260766
0.009918905
0.003637704
-0.005781016
-0.01327602
-0.01772632
-0.01904419
-0.02145653
-0.02220933
-0.01625359
-0.00800692
-0.005463076
-0.007393971
-0.008208986
-0.00394746
0.002872226
0.005097832
0.005999479
0.00998765
0.01213574
0.008064885
0.004618273
0.003517663
0.0006004327
-0.005657297
-0.01274633
-0.01632043
-0.01422742
-0.00827983
-0.0003269163
0.004790397
0.008629651
0.009987245
0.01082056
0.01415288
0.01633056
0.01384988
0.002692085
-0.01365242
-0.02409214
-0.02472354
-0.01770188
-0.01013657
-0.008398503
-0.01199708
-0.01847104
-0.02334972
-0.03017762
-0.03798574
-0.04280729
-0.04354783
-0.0402257
-0.03594172
-0.03225342
-0.02696473
-0.02536743
-0.02848252
-0.03156395
-0.03248095
-0.02850705
-0.02476569
-0.02201476
-0.01867325
-0.01487683
-0.01189742
-0.0114935
-0.01159654
-0.01124873
-0.009306654
-0.008906823
-0.009814629
-0.009192437
-0.003835403
0.00209589
0.004225645
0.00216014
-0.0008101051
0.0004669305
0.003416766
0.006425763
0.00442758
-0.0004031424
-0.007522744
-0.01398649
-0.01798182
-0.01960465
-0.01766971
-0.0156705
-0.01379677
-0.01522783
-0.01678536
-0.01704853
-0.0147015
-0.008631479
-0.002333995
0.002648709
0.006151393
0.006449237
0.004480642
0.003684027
0.001728693
0.001446159
0.001414546
0.004565333
0.00955008
0.01253971
0.01582411
0.01981845
0.02410143
0.02660248
0.02371794
0.0155559
0.008540357
0.006843087
0.006786998
0.003261891
-0.001466816
-0.004923583
-0.00539787
-0.0007792962
0.004263598
0.005700793
0.007859127
0.01183816
0.0165312
0.01660159
0.01357834
0.01426379
0.01559797
0.01518182
0.01260022
0.01197702
0.0121433
0.01029813
0.008945639
0.01005235
0.01236982
0.01184455
0.006848602
0.002638064
0.002063826
0.0005073289
-0.001741748
-0.004890465
-0.006068542
-0.008334956
-0.009591573
-0.007506667
-0.006216342
-0.005493137
-0.006771171
-0.008920286
-0.01221792
-0.01434459
-0.01230763
-0.008982396
-0.008305086
-0.01253704
-0.01826737
-0.02218312
-0.02398135
-0.02438728
-0.02441479
-0.0251563
-0.02572033
-0.02319171
-0.01915249
-0.01801719
-0.01876278
-0.01788554
-0.01640958
-0.01316594
-0.01309859
-0.01329643
-0.01372174
-0.01579332
-0.01621761
-0.02034347
-0.0267419
-0.03155115
-0.03411948
-0.03648584
-0.03574529
-0.03176725
-0.02499645
-0.01886009
-0.01568275
-0.01437303
-0.0142914
-0.01392007
-0.01283884
-0.01179126
-0.01078447
-0.008216074
-0.006009772
-0.00343831
-0.001361549
0.0002888536
0.001488416
0.004033359
0.008100142
0.01349802
0.01906013
0.01978743
0.01983644
0.01982628
0.02273639
0.02526501
0.02279257
0.01685929
0.009939652
0.005558799
0.002243846
-0.0005896669
-0.0003723593
0.001417788
0.0008864167
-0.0007965349
-0.0007658862
0.001541403
0.004293411
0.008176602
0.008980412
0.008130803
0.01173145
0.01750062
0.02515475
0.03167465
0.03476325
0.03100767
0.01763552
0.004427593
-0.004881895
-0.01237272
-0.01785823
-0.01951669
-0.01991852
-0.01858124
-0.01380759
-0.0119848
-0.01223465
-0.01126661
-0.008113733
-0.004275417
-0.0003157219
-0.0003360659
-0.004548609
-0.01111939
-0.02032382
-0.02615408
-0.02778194
-0.02562968
-0.02217795
-0.02142819
-0.02169129
-0.02315391
-0.0260425
-0.02723787
-0.0241003
-0.01521501
-0.003999035
0.004865845
0.009863905
0.01430199
0.01896446
0.02445315
0.02799158
0.03098535
0.03337527
0.03635169
0.0377308
0.03777981
0.03969442
0.03947008
0.03815741
0.03563602
0.03355529
0.03242519
0.03185712
0.02887981
0.02406342
0.01996717
0.01837603
0.01902686
0.0186995
0.01707675
0.01777653
0.01663216
0.01391189
0.008872131
0.003598797
0.0003940239
0.0003043304
0.0008011371
0.0008777038
-9.02092e-05
-0.004105882
-0.009125235
-0.01340508
-0.01272774
-0.01140881
-0.009784903
-0.006861515
-0.002942607
-0.001928658
-0.00204181
-0.0001833005
0.002857388
0.003205278
0.001870168
0.003352297
0.005306686
0.005994236
0.005343547
0.002750777
0.002674347
0.007672418
0.01336205
0.0162273
0.01554601
0.01374884
0.01389171
0.01570738
0.01574621
0.01610941
0.01634204
0.01606977
0.01899011
0.02284985
0.02419225
0.02180246
0.02199123
0.02528896
0.02653854
0.02338477
0.01596536
0.009465999
0.004482352
0.002033406
0.00386642
0.006981573
0.007173407
0.007549861
0.009170715
0.01213185
0.0143545
0.01445352
0.0146168
0.0143996
0.01752292
0.0220977
0.02499968
0.02427248
0.0194551
0.01543944
0.0109199
0.00648093
0.003984046
0.001697281
0.001382177
0.001714773
-0.001241111
-0.006450174
-0.00932752
-0.006308243
-0.002020086
0.0005871103
0.002397687
0.004211324
0.00317814
-0.0004570631
-0.002342966
-0.001155609
0.001730047
0.003471264
-0.0001822981
-0.004409101
-0.007160983
-0.01045245
-0.01272799
-0.01567061
-0.01495143
-0.0135356
-0.009398399
-0.003636341
7.857685e-05
0.005279635
0.009839113
0.01351425
0.01413958
0.01569618
0.01838294
0.02075248
0.0221724
0.02410844
0.02596186
0.02283564
0.01930244
0.01459419
0.01238189
0.01070917
0.007781848
0.004187446
0.001293785
0.0007930435
0.001305162
0.00490686
0.01011914
0.01480408
0.0182946
0.0186629
0.01696876
0.01428317
0.007580832
-0.001039109
-0.00802093
-0.01154393
-0.01397553
-0.01456093
-0.01247087
-0.01042977
-0.009849317
-0.008772118
-0.005803839
-0.0005742203
0.003695578
0.005815218
0.007181076
0.008954937
0.007817714
0.002277153
-0.001039808
-0.003565249
-0.00753909
-0.01284403
-0.01516037
-0.01217577
-0.005463074
0.003657844
0.008067384
0.005708201
0.001069321
-0.00373072
-0.004580302
-0.004481284
-0.004738244
-0.002618606
-0.0004887671
0.002728392
0.00744291
0.00837629
0.007714386
0.009749365
0.01388147
0.0163224
0.01636838
0.01625625
0.0142959
0.01395734
0.01359327
0.01379327
0.01360465
0.01491441
0.01648631
0.01638438
0.01634162
0.01475152
0.01138866
0.005774656
0.0004809336
-0.001633449
-0.001912851
-0.004601493
-0.007724655
-0.01010832
-0.008527242
-0.006762564
-0.006267787
-0.00794969
-0.008778873
-0.009623355
-0.01057392
-0.009904722
-0.008727565
-0.007428007
-0.007393251
-0.008473355
-0.01068974
-0.01247772
-0.01500418
-0.01712265
-0.017195
-0.01775693
-0.0178252
-0.0144326
-0.008815388
-0.0006859128
0.006764242
0.01115134
0.01007838
0.008336289
0.004157424
0.00051202
0.001245475
0.00175249
-0.0005628348
-0.00789758
-0.01339225
-0.01423571
-0.01191718
-0.008325682
-0.005766427
-0.004064993
-0.004201599
-0.003527305
0.001247388
0.005674262
0.005761036
0.00226455
-0.004003276
-0.006823503
-0.00648479
-0.006828457
-0.008527705
-0.01115005
-0.01500761
-0.01855001
-0.02095407
-0.02235447
-0.02064283
-0.01852727
-0.01720733
-0.01368825
-0.006705261
-0.00112273
0.002666641
0.002982913
0.0008318045
0.0008084155
0.002645507
0.006776577
0.008730968
0.008942179
0.004540949
-0.003487401
-0.01072729
-0.01439616
-0.01736327
-0.02033038
-0.02081278
-0.02138084
-0.01878385
-0.01523316
-0.01212312
-0.01118057
-0.01206688
-0.01061637
-0.007492042
-0.004821613
-0.004278905
-0.004445098
-0.00214697
0.0004214573
0.0009988446
-0.0007871082
-0.003617541
-0.006941654
-0.009795548
-0.01286875
-0.01476894
-0.01580009
-0.01730044
-0.01659148
-0.01549695
-0.0133763
-0.01120466
-0.01027946
-0.008747351
-0.007172406
-0.006430801
-0.007366076
-0.01000067
-0.01105121
-0.009787364
-0.00669568
-0.003389797
-0.001217134
-0.001072231
-0.001532188
-0.002478686
-0.003765863
-0.002329641
0.0005376418
0.002131964
0.001429246
-0.0002781727
-0.001916231
-0.00173563
-0.004496709
-0.008169668
-0.01102969
-0.01149169
-0.009824947
-0.009532148
-0.009538207
-0.01153224
-0.01181371
-0.01012249
-0.00890965
-0.008926931
-0.01127186
-0.01381874
-0.01569445
-0.01573724
-0.01446728
-0.01321874
-0.009898586
-0.005892988
-0.004004911
-0.002157634
-0.001733257
-0.0008356014
-0.001885126
-0.004832869
-0.007817334
-0.01075998
-0.01339662
-0.01504693
-0.01529167
-0.01392686
-0.01227032
-0.01256709
-0.01140526
-0.009992498
-0.00965891
-0.01093896
-0.01380409
-0.01483321
-0.01410182
-0.01472498
-0.01606521
-0.01701988
-0.01467077
-0.01274088
-0.01086403
-0.009408437
-0.006906327
-0.004704095
-0.003761565
-0.001743955
-0.001725546
-0.001616357
0.001057113
0.005925621
0.01049323
0.01090434
0.007968826
0.005867674
0.005022143
0.00582595
0.006072838
0.007959885
0.009283891
0.009347179
0.007459204
0.004923531
0.002729556
0.001254682
0.003193747
0.004878832
0.006261997
0.007783882
0.008689687
0.00683537
0.007253614
0.008452157
0.00554622
0.003864284
0.002182346
0.003503289
0.005660631
0.004934433
0.003094395
-0.0003225633
-0.001988182
-0.003983261
-0.0033192
-0.00088544
0.0036893
0.00672384
0.006706539
0.005917099
0.004851238
0.002316577
-0.0002731643
0.001251774
0.004057832
0.00567151
0.005660327
0.004805605
0.002845201
0.002871758
0.002538255
0.005433051
0.007624046
0.01009758
0.01249768
0.01315663
0.01401959
0.01303635
0.01200822
0.009206312
0.006797104
0.004725518
0.002595791
0.002488724
0.002303116
0.001168909
-0.0004151189
-0.002509147
-0.004677635
-0.005392624
-0.004547013
-0.005278323
-0.005653652
-0.007185662
-0.008594252
-0.007177443
-0.005788174
-0.005392384
-0.006062496
-0.008861348
-0.01168162
-0.01318915
-0.01326359
-0.01337983
-0.01231901
-0.01025858
-0.008611257
-0.00643047
-0.004766824
-0.003018519
-0.001344673
0.0006922914
0.001999956
0.001756201
0.0004445046
-0.0009447116
-0.001664808
-0.0003347048
0.001583939
0.001462581
-0.0005131367
-0.001125115
-0.001374993
-0.0003437512
0.00291925
0.006415831
0.01001135
0.01316521
0.01487781
0.01394657
0.01194331
0.00981663
0.009680988
0.008006166
0.005636726
0.003520244
0.001900502
0.0007346592
-0.001055424
-0.001096207
-0.001229811
-0.001246114
9.214164e-05
0.001121337
0.001592593
0.003453088
0.003727482
0.005431917
0.00686503
0.008957064
0.01173964
0.01072577
0.008724546
0.005968517
0.00264639
0.001799801
0.0009022131
-0.0005747354
-0.001548824
-0.003807093
-0.005120842
-0.005393172
-0.003844802
-0.003649972
-0.003317444
-0.001456955
-0.000795986
0.0008227626
0.001601031
0.003534958
0.004673285
0.004466233
0.00550664
0.004665146
0.004156173
0.004367319
0.006008505
0.008762511
0.009991615
0.00969072
0.009549964
0.009612189
0.0103874
0.01148593
0.01236722
0.01482542
0.01723365
0.01934198
0.02101479
0.02251827
0.02173797
0.02030998
0.01842399
0.01524567
0.01211121
0.008466757
0.005523036
0.004406134
0.002664994
0.002334513
0.005114011
0.007272329
0.01003754
0.01176644
0.01299758
0.01432664
0.01531094
0.01600657
0.01562917
0.01661347
0.0179874
0.01934706
0.02086277
0.02337197
0.02524366
0.02431953
0.02185521
0.0198662
0.01595653
0.01301382
0.01061784
0.008111689
0.006358301
0.002581232
-0.0005409967
-0.002692186
-0.003473515
-0.005069825
-0.005482934
-0.005761405
-0.006689615
-0.008252267
-0.008449138
-0.006751869
-0.005878761
-0.004205973
-0.005034226
-0.006235799
-0.007150752
-0.006803964
-0.005167898
-0.004343752
-0.003450246
-0.003466581
-0.003685896
-0.00389195
-0.003616567
-0.001130842
8.090199e-05
0.001521125
0.002944009
0.002696132
0.003546795
0.004347477
0.004324
0.004397421
0.003722163
0.001747425
1.034577e-05
-0.001909313
-0.003553573
-0.003774933
-0.002080733
-0.0002192534
0.001765646
0.004626725
0.006556543
0.008453723
0.01197168
0.01464915
0.01703186
0.01672787
0.01626783
0.01553646
0.01285996
0.01073323
0.008382115
0.00825051
0.007977124
0.00839224
0.008031134
0.00819125
0.006158363
0.004500837
0.00306975
-0.001186736
-0.007488323
-0.01187945
-0.01470386
-0.01650418
-0.01810052
-0.01828108
-0.01549855
-0.01447859
-0.01381561
-0.01377892
-0.01326079
-0.01276918
-0.01372393
-0.01394428
-0.01410752
-0.01409939
-0.01496233
-0.0157804
-0.01676983
-0.01980539
-0.02233809
-0.02441586
-0.02449341
-0.02395998
-0.02413954
-0.02493721
-0.02348273
-0.02213228
-0.02040341
-0.01938345
-0.01888675
-0.01623071
-0.01502816
-0.01298616
-0.01139601
-0.009366249
-0.007198785
-0.007367123
-0.006147241
-0.003560558
-0.001537937
0.001339445
0.003693566
0.005509127
0.005784488
0.006183268
0.007683648
0.008705649
0.01075989
0.01071803
0.009233887
0.009421526
0.008085284
0.005554623
0.003006621
0.001461279
0.003129957
0.004327394
0.005792071
0.007342428
0.009302824
0.0113591
0.01209448
0.01134575
0.01059703
0.009838105
0.009337239
0.007951013
0.006688208
0.006634102
0.005316216
0.00329249
-0.0006865761
-0.003696643
-0.006494549
-0.008591717
-0.01035738
-0.01185173
-0.01312372
-0.01447628
-0.01479355
-0.01442641
-0.01414086
-0.01195402
-0.009632552
-0.007057102
-0.004341912
-0.003879901
-0.001923592
-0.0007965429
-0.001140334
-0.003176305
-0.006586216
-0.01030519
-0.01198926
-0.01187507
-0.0118996
-0.0104431
-0.008483728
-0.005217741
-0.001457055
0.002291393
0.004280338
0.004882085
0.005587871
0.006353837
0.007214662
0.007365567
0.007885712
0.008856699
0.0105937
0.01091087
0.01115969
0.0110607
0.01100046
0.0110769
0.01064641
0.01033729
0.008660353
0.007913653
0.005745077
0.00468932
0.003845721
0.002686943
0.001762765
0.0005540063
-0.0004711525
-0.001117891
-0.0008496907
-0.00100071
-0.001191509
-0.002027969
-0.001148789
0.0009666304
0.00366039
0.00540759
0.005654369
0.006528448
0.006737486
0.007664605
0.009029305
0.009353601
0.00907202
0.007707197
0.006722836
0.005576293
0.00370861
0.002750767
0.001432864
0.001727581
0.001863177
0.001722354
0.00211091
0.000105526
-0.001512258
-0.004725323
-0.005537307
-0.006186092
-0.006779796
-0.007281702
-0.008530247
-0.008121292
-0.008984278
-0.009269945
-0.009367929
-0.008128696
-0.006758902
-0.004128389
-0.0001688153
0.002964558
0.004880051
0.005584804
0.006297716
0.006396589
0.006465881
0.006251614
0.005298865
0.003186377
0.002014329
0.001129921
-0.0002236876
0.0004484237
0.001214375
0.001144946
0.002567777
0.004207867
0.006431397
0.006792408
0.006285398
0.006338368
0.005125518
0.005195828
0.004954017
0.005444567
0.006364536
0.006343046
0.006432735
0.006407164
0.006637613
0.007512701
0.00769827
0.007819578
0.008595728
0.009951235
0.009790003
0.007871311
0.007693759
0.006855246
0.005765814
0.003929741
0.002598568
0.002562796
0.001062303
-0.0009379903
-0.003239183
-0.005511816
-0.00745397
-0.01064358
-0.0134252
-0.01633737
-0.01821526
-0.01918434
-0.01972604
-0.01960677
-0.01913866
-0.01811975
-0.01614511
-0.0132545
-0.011236
-0.009271555
-0.00924715
-0.008125226
-0.0078091
-0.007036015
-0.00631291
-0.004823786
-0.002665541
-0.002413677
-0.001641613
-0.001704928
-0.0005360844
-0.00127872
-0.001831636
-0.002399852
-0.003301609
-0.004702145
-0.005462121
-0.005918137
-0.006339474
-0.005554151
-0.005691927
-0.004574084
-0.002966641
-0.001361238
0.0001258451
0.000569468
0.002157531
0.003760893
0.004814477
0.00482562
0.004579721
0.005737344
0.004829467
0.004561129
0.005021072
0.005218874
0.004704717
0.003416379
0.0007490011
-0.002122376
-0.004600035
-0.005743532
-0.00617609
-0.007051329
-0.007107507
-0.007750184
-0.009069124
-0.01046252
-0.01197322
-0.01344311
-0.0139889
-0.0127201
-0.01278953
-0.01375759
-0.01463385
-0.01644544
-0.01574887
-0.01641399
-0.01570108
-0.01429458
-0.01316552
-0.01115008
-0.009295798
-0.007234457
-0.005285316
-0.002679295
-0.0005098331
0.001297528
0.002376609
0.003508731
0.004413392
0.004645873
0.004694754
0.004490675
0.003951017
0.003927477
0.006061239
0.00734534
0.007682881
0.008593662
0.008838384
0.009686946
0.009966345
0.01072107
0.01222651
0.01334333
0.01480797
0.01499965
0.01544021
0.01432731
0.01208731
0.009369958
0.007275819
0.0069014
0.006171002
0.005454883
0.003738144
0.002441646
0.002617008
0.002922929
0.002942231
0.005428912
0.005988814
0.006142755
0.005051277
0.00330496
0.001358721
-0.001028157
-0.002422575
-0.004084234
-0.004486192
-0.00582961
-0.005851107
-0.004556805
-0.004115223
-0.003948021
-0.003271838
-0.003019976
-0.003234253
-0.002916091
-0.002983488
-0.003196747
-0.003315144
-0.003157121
-0.003860998
-0.003970215
-0.003247112
-0.003131929
-0.0004810265
0.001426297
0.0031184
0.005490843
0.006153766
0.008334449
0.0100286
0.01026414
0.01024162
0.008178086
0.005842208
0.003496132
0.002188416
0.00198536
0.001050965
0.0001645086
-0.0008208871
-0.0007975025
-0.0009475179
-0.0007231931
-0.0004080884
0.001275856
0.001681741
0.002183507
0.002745451
0.003309437
0.004286522
0.004470048
0.006156033
0.004990099
0.003821105
0.002111511
0.001387238
0.0007262034
-0.0001163902
0.0001191562
0.000907543
0.00164187
0.002924957
0.004064223
0.00402947
0.003387818
0.002442205
0.003245892
0.00400674
0.004236167
0.005328516
0.006295404
0.008535252
0.009788761
0.009896809
0.01022518
0.009235706
0.009584475
0.008458324
0.007019033
0.006247843
0.005527653
0.005297062
0.004957332
0.004102502
0.003147713
0.002172522
0.001286074
0.001721544
0.003042375
0.004188786
0.005697297
0.006520368
0.00648052
0.006341732
0.005143164
0.004248556
0.004565708
0.0047727
0.005016412
0.004941886
0.003356739
0.002539652
0.0006423851
-0.001670022
-0.002396327
-0.003828474
-0.00377856
-0.003621545
-0.004934351
-0.006231856
-0.00849632
-0.01043642
-0.01104543
-0.01120054
-0.01007656
-0.008836303
-0.008559948
-0.00928013
-0.009338334
-0.009283318
-0.01042374
-0.008545984
-0.007179246
-0.006164408
-0.00530359
-0.004962972
-0.004030754
-0.006276856
-0.006788956
-0.007552997
-0.007844779
-0.007183879
-0.006905479
-0.006767839
-0.006490458
-0.004814658
-0.004356737
-0.004148717
-0.002966596
-0.0007736544
0.001658988
0.003288889
0.003592791
0.003808973
0.003511076
0.001456739
0.0008385622
0.0008242256
0.001150569
0.002679493
0.003380178
0.003386242
0.001562426
0.0006525313
0.0008126166
0.000881922
0.002737248
0.003228834
0.00361434
0.005460487
0.006583453
0.00828374
0.008793688
0.008186736
0.008095904
0.008486513
0.008825101
0.008789349
0.008841318
0.007936528
0.006207577
0.004458227
0.003568738
0.002061128
0.001137979
0.00101145
0.001697862
0.001413233
0.0007369255
0.0008623379
0.0008816706
0.0008846835
0.0009927563
0.0008152303
0.0008559842
0.0003571584
-0.001363627
-0.002441813
-0.004954117
-0.007175721
-0.008928127
-0.00961973
-0.01155777
-0.01239013
-0.01217598
-0.01295734
-0.01253
-0.01229952
-0.01235057
-0.01221291
-0.01234555
-0.01185905
-0.01176933
-0.01174693
-0.01059132
-0.01034247
-0.01113607
-0.01181644
-0.01155842
-0.01056396
-0.009112541
-0.007419378
-0.007344955
-0.006735033
-0.008941329
-0.01132102
-0.0118433
-0.01231151
-0.01194639
-0.01243807
-0.01284406
-0.0116711
-0.01018498
-0.009881058
-0.009792349
-0.009844402
-0.007791174
-0.007487245
-0.006384656
-0.004756767
-0.004575237
-0.004313128
-0.003429837
-0.003295227
-0.004298935
-0.004393823
-0.004601932
-0.003423859
-0.001691926
0.0003500865
0.00068258
0.0007345738
0.0006672281
0.0007957228
0.0004325778
-0.001592147
-0.001122971
-0.0001601146
0.000498782
0.000693579
0.0007180365
0.0007037343
0.0007149325
0.0007108312
0.0007026502
0.0007393497
0.0006128496
0.00197351
0.00380235
0.005475131
0.006916373
0.008231135
0.009624438
0.010776
0.01120234
0.01260482
0.01355953
0.01172556
0.011137
0.009341787
0.007597571
0.008547178
0.008442104
0.008568571
0.008481858
0.008265608
0.008392075
0.008595044
0.008209474
0.009202943
0.009816973
0.009245763
0.008727594
0.008654145
0.008459316
0.008289989
0.008366482
0.008386876
0.008468469
0.008290982
0.009384416
0.01094603
0.01034321
0.008990684
0.007975779
0.005915376
0.005897014
0.005742991
0.00592659
0.003674428
0.003344967
0.002752346
0.0008163869
-0.0005228726
-0.002004932
-0.00190395
-0.002604689
-0.001915166
-0.002060004
-0.00188966
-0.001990636
-0.001831512
-0.002227267
-0.003110582
-0.004166276
-0.00446105
-0.004185644
-0.004496736
-0.004525289
-0.004468161
-0.004659912
-0.003872463
-0.001890593
-0.0001790237
0.0008573068
0.0005921177
0.0008522293
0.0001372212
-0.001138787
-0.001031673
-0.0001738399
0.000709494
0.0008410886
0.0008992434
0.0009584188
0.0007860547
-0.0007755487
-0.001057051
-0.001443615
-0.001742456
0.0002200421
0.000175181
0.0013635
0.00227948
0.001844981
0.003305642
0.003538224
0.003574965
0.004680668
0.004387951
0.003626035
0.004209498
0.003716863
0.002266448
0.001725874
0.0009241801
0.0002367267
0.0001622939
0.0005070816
0.0001766298
0.0004132986
0.0007784878
0.001053918
-0.0003607921
-0.001637802
-0.00194071
-0.001557158
-0.002766845
-0.004224392
-0.003493019
-0.004373245
-0.00406007
-0.002239336
-0.0008653598
0.001086956
0.003224913
0.00429085
0.004856987
0.003932906
0.003549425
0.003719804
0.003777984
0.003813725
0.004343146
0.004199367
0.004860369
0.005631532
0.006031415
0.005969239
0.007476843
0.009746388
0.01214241
0.01391726
0.01366843
0.01484862
0.01452634
0.01627773
0.01625533
0.01681536
0.01548228
0.01398497
0.01381774
0.01111173
0.00857504
0.006507553
0.005623266
0.0035517
0.003484434
0.001505688
0.0005887641
-0.00097484
-0.002338523
-0.004024527
-0.004511009
-0.005710471
-0.007123112
-0.006872132
-0.007182153
-0.006877112
-0.009185313
-0.009664651
-0.009805348
-0.009615567
-0.009907222
-0.009268638
-0.007777334
-0.00577501
-0.004642743
-0.003273838
-0.001705011
-0.002103764
-0.001789536
-0.002033248
-0.002079079
-0.00235033
-0.00184536
-0.002236969
-0.001750358
-0.002785586
-0.004157414
-0.004990681
-0.006323747
-0.005994212
-0.005582058
-0.005760484
-0.006584568
-0.004846411
-0.004615815
-0.004362777
-0.004093419
-0.00452072
-0.003695462
-0.004284941
-0.004726521
-0.00354732
-0.001950939
-0.001905977
-0.001999733
0.0001311296
0.0008360334
0.001059498
0.002044902
0.002088849
0.001434095
0.002327702
0.002421629
0.002806257
0.002624786
0.002498394
0.003017664
0.001915134
0.003294265
0.003190317
0.004533748
0.006025081
0.005715093
0.006147668
0.005104302
0.003661097
0.003326633
0.003385889
0.003378845
0.003204523
0.0028109
0.001470718
0.0007608975
0.0008731973
0.0007478373
0.000881558
0.0001778593
-0.001766158
-0.001868056
-0.002094394
-0.00179951
-0.002938745
-0.00450842
-0.004453236
-0.004461289
-0.004718222
-0.006671416
-0.007029327
-0.00692314
-0.00722393
-0.007258501
-0.008780231
-0.009476781
-0.009661289
-0.0117583
-0.012259
-0.01225482
-0.01231488
-0.01291962
-0.01453417
-0.01471867
-0.01434524
-0.01417376
-0.01441436
-0.0145856
-0.01470279
-0.01516779
-0.01490553
-0.01507371
-0.01485531
-0.01521729
-0.01591485
-0.01522724
-0.01463451
-0.013952
-0.01278091
-0.0123881
-0.01222783
-0.0104478
-0.009920336
-0.00928883
-0.007870901
-0.006131673
-0.004600525
-0.002820496
-0.001334226
0.0006069642
0.000784575
0.001031547
0.002530058
0.002774991
0.003248404
0.002559018
0.003278252
0.003382427
0.003255061
0.003281717
0.001790614
0.002635311
0.001583829
0.0005109266
0.0009945458
-0.0009606552
-0.001618416
-0.001772295
-0.0007266542
0.0007851273
0.0007964895
0.000777252
0.0007467952
0.0007479589
0.0007603432
0.000733968
0.0007820534
0.0006985593
0.001026126
0.001918772
0.002798161
0.003331769
0.003589977
0.003603386
0.003823856
0.003433347
0.003647698
0.002242289
0.0005808609
0.0007187135
0.0004699865
-0.0006283998
-0.002056245
-0.002248871
-0.003671616
-0.00470982
-0.004733123
-0.004640147
-0.004382949
-0.003344432
-0.002131494
-0.002055854
-0.002025094
-0.002004535
0.0001814855
0.0005988265
0.001360928
0.00335009
0.002984073
0.003537076
0.00287322
0.004583924
0.005222608
0.004726034
0.0059757
0.005577045
0.005880153
0.005473339
0.005867228
0.005693996
0.005780865
0.005879974
0.005908704
0.005928254
0.006119165
0.006193797
0.005518728
0.0056617
0.005629233
0.005786487
0.00571016
0.006347834
0.007405748
0.007763944
0.00697158
0.006866697
0.008231634
0.00772283
0.006369468
0.005999387
0.005740485
0.005887544
0.005207385
0.005512545
0.005133285
0.004470466
0.003695448
0.003159109
0.003386752
0.003207415
0.003384058
0.003196563
0.003426247
0.003069432
0.003779537
0.003985762
0.005019209
0.005821116
0.005619342
0.00572663
0.005570757
0.005649486
0.005590515
0.005588664
0.005603134
0.005580884
0.005787115
0.005188566
0.003712818
0.003272369
0.003207282
0.003302334
0.002064248
0.001461621
0.002149295
0.00247283
0.002743325
0.002749639
0.002319395
0.002620492
0.001204928
0.0005972053
0.0003903425
-0.0001449598
0.0003662583
0.0003399368
0.0004492757
0.000208755
0.0005169947
4.134854e-06
0.002332996
0.003013536
0.003718557
0.005550678
0.005507021
0.005933584
0.006761006
0.00812699
0.008116993
0.008335477
0.008119441
0.008358325
0.00806783
0.008539276
0.007754081
0.007040287
0.008646994
0.008305501
0.008696369
0.008480336
0.008861002
0.01084409
0.01091264
0.01046507
0.01054789
0.01087349
0.01142858
0.01158077
0.01139126
0.01130375
0.01063586
0.01009343
0.009221541
0.008681153
0.008803764
0.008721358
0.008744011
0.008823783
0.007034917
0.006138551
0.005154464
0.005350519
0.005929073
0.005694688
0.006081483
0.005863419
0.006022754
0.00592709
0.005626406
0.005395082
0.004197819
0.003619696
0.003315953
0.003222331
0.003136868
0.001266407
0.0008035446
0.000895563
-0.0009820384
-0.001302099
-0.00252894
-0.002840841
-0.002241882
-0.002939342
-0.002551521
-0.003348942
-0.003380342
-0.004249161
-0.00454168
-0.005410498
-0.005775438
-0.006975756
-0.008598355
-0.008880673
-0.008972252
-0.00962585
-0.01174009
-0.0117113
-0.01186919
-0.01204746
-0.01286834
-0.01355661
-0.01227731
-0.01227607
-0.0121922
-0.01267444
-0.01271603
-0.01202221
-0.01143957
-0.01178512
-0.01218474
-0.01162046
-0.01163553
-0.009777886
-0.009255422
-0.009147076
-0.008357371
-0.009210886
-0.009308581
-0.009246136
-0.009326491
-0.009246704
-0.009359699
-0.008946374
-0.008790088
-0.008781703
-0.008997716
-0.00928717
-0.008918724
-0.008092299
-0.006974152
-0.006630187
-0.00659936
-0.006590975
-0.006524448
-0.006491582
-0.005487676
-0.004884629
-0.003952124
-0.003686697
-0.003952691
-0.002069545
-0.002700699
-0.003458333
-0.003867126
-0.003981139
-0.002987434
-0.001833588
-0.001499822
-0.001447576
1.533061e-05
0.0006255167
0.001142883
0.0008891286
0.0008791544
0.0009140602
0.001140726
0.001213372
0.001259497
0.001221982
-0.0008096319
-0.001397947
-0.001280422
-0.001389336
-0.001208571
-0.001344006
-0.001081641
-0.002678736
-0.003968812
-0.003915548
-0.003985703
-0.003903879
-0.003951595
-0.003914651
-0.003951147
-0.004017224
-0.00400476
-0.004019837
-0.004329694
-0.005091411
-0.006533468
-0.006674006
-0.006768643
-0.006646021
-0.006859999
-0.007260637
-0.006719816
-0.006827714
-0.006729573
-0.005409472
-0.004296432
-0.003907591
-0.003918591
-0.004171331
-0.004016071
-0.004528912
-0.004433833
-0.003960333
-0.003851995
-0.002467636
-0.001518818
-0.00148596
-0.001520424
-0.001422286
-0.0009732695
-0.0005466925
-0.0007688364
-0.001598901
-0.001457925
-0.001522989
-0.001365694
-0.0008564999
-0.001549886
-0.001301811
-0.001549458
-0.001307505
0.0005837876
-0.0003085
0.0008759321
0.001231104
0.001277215
0.001135646
0.001583637
0.002639546
0.003167096
0.003056124
0.001857834
0.001464322
0.00117383
0.001107737
0.001247684
0.001295831
0.002346637
0.00358435
0.003022568
0.004137563
0.003948252
0.004532432
0.005202111
0.005918933
0.006523603
0.006319057
0.006438
0.005744305
0.00499065
0.004409677
0.004627699
0.004037041
0.003770077
0.004420019
0.004428097
0.005338489
0.005396172
0.005389009
0.0057279
0.005715934
0.00522599
0.004433704
0.004282634
0.00310214
0.002378198
0.001597853
0.001666078
0.00158722
0.001674524
0.0012921
0.0005852505
0.001264452
0.00015412
0.001137967
0.001690616
0.002282707
0.004026978
0.004118091
0.004225868
0.005554115
0.006603529
0.006309868
0.006468445
0.006183579
0.006677764
0.006963259
0.006617074
0.006167553
0.005934743
0.005555531
0.005900038
0.005475294
0.004670433
0.003789188
0.003135112
0.004821719
0.003897767
0.003126945
0.003075278
0.002831652
0.002944459
0.002715395
0.002812432
0.002610421
0.002456777
0.001852913
0.00057487
0.0003191486
0.0001244188
-1.933036e-06
-0.0004164223
-0.001491161
-0.001737669
-0.001682534
-0.002724685
-0.001999233
-0.001621785
-0.001729029
-0.001632897
-0.00126338
-2.63604e-05
-0.0004956331
-0.001184428
-0.0009896728
-0.0006812411
-0.001062972
-0.0008706639
-0.001098952
-0.0002541746
-0.0003969539
-0.0005200626
0.0001622077
1.167257e-05
7.800505e-05
3.024373e-05
4.870056e-06
0.0002035261
0.0004143202
0.0002180377
2.045072e-05
6.172581e-05
4.970309e-05
-0.0002063728
-9.428175e-05
-0.0001152579
0.0009138513
0.0004014444
3.155065e-05
0.0004895267
0.0001882153
-7.106415e-05
-0.0004764905
-0.0005403239
-0.0007729008
-0.0008740963
-0.001479111
-0.00195791
-0.001975007
-0.002485798
-0.003217945
-0.00316063
-0.003123723
-0.00333103
-0.003699058
-0.004062095
-0.003517752
-0.003563069
-0.003769734
-0.003585477
-0.003814147
-0.003477338
-0.00398674
-0.004389872
-0.004152392
-0.004053056
-0.003863087
-0.003716875
-0.003574331
-0.00336562
-0.002914224
-0.002547909
-0.002470798
-0.002157307
-0.001694025
-0.001571183
-0.001399338
-0.001217126
-0.0008268409
-0.0003936359
-0.0003244917
-4.552515e-05
0.0002812622
0.0002073816
0.0003114471
0.0003688636
0.0007493511
0.000598536
0.0006132174
0.0009975744
0.0009208076
0.00103517
0.001257423
0.001416783
0.001633583
0.001674846
0.001668549
0.001455089
0.001289673
0.001250597
0.001179186
0.001180643
0.001203871
0.001389694
0.001371316
0.001310327
0.001409758
0.001603202
0.001769378
0.001796101
0.001835525
0.002126315
0.002022452
0.001957212
0.001863688
0.001556107
0.00143479
0.001175897
0.001119902
0.0009721207
0.0007917027
0.0006385647
0.00051311
0.0004403745
0.0002684931
0.0001821263
0.0002063304
0.0002170224
0.0002308364
0.0003012709
0.0002049577
0.0003040709
0.0003166672
0.0002511
0.0002247962
0.0001076749
0.0001447792
1.749512e-05
-5.867327e-05
-9.393997e-05
-0.0001525912
-0.0001719998
-0.0002707938
-0.0002289189
-0.0002436672
-0.000311412
-0.0002952942
-0.0003499161
-0.000309788
-0.0003600243
-0.0003395919
-0.0002964413
-0.0002774878
-0.0002172209
-0.0001927239
-0.0002117909
-0.0001142555
-9.39835e-05
-8.117408e-05
1.413168e-05
1.303835e-05
0.0001272851
0.0001093288
7.290236e-05
0.0001173279
0.0002012291
0.0001805579
0.0001651519
0.0001616641
0.0001928226
0.0002062316
0.0001885461
0.0001963517
0.0001827672
0.0001908591
0.0001810098
0.00023864
0.0002469906
0.0002506689
0.0002552246
0.000228258
0.0002647023
0.0002590049
0.0002715487
0.0002638619
0.0002299492
0.0002409849
0.0002240258
0.0001957527
0.0001895394
0.0001826659
0.0001555986
0.0001224632
8.871739e-05
3.916563e-05
1.282402e-06
-3.195293e-05
-6.253768e-05
-9.478412e-05
-0.0001107986
-0.0001241921
-0.0001357554
-0.0001435433
-0.0001530756
-0.0001595646
-0.0001695867
-0.0001719653
-0.0001777917
-0.0001818567
-0.0001863709
-0.0001920959
-0.0001932527
-0.000194973
-0.0002025937
-0.0002086187
-0.0002090456
-0.0002092703
-0.0002071188
-0.0002041269
-0.0002020141
-0.0001932677
-0.0001873634
-0.000185314
-0.0001822437
-0.0001799371
-0.0001760709
-0.000174312
-0.0001732688
-0.0001715828
-0.0001695961
-0.0001674796
-0.0001635546
-0.0001610357
-0.0001563663
-0.0001537509
-0.0001516448
-0.0001474858
-0.0001446059
-0.000141848
-0.0001383078
-0.0001335741
-0.0001287062
-0.0001232868
-0.0001184379
-0.0001140321
-0.0001092121
-0.0001045538
-9.990873e-05
-9.536818e-05
-9.114326e-05
-8.678449e-05
-8.260864e-05
-7.853474e-05
-7.458056e-05
-7.085962e-05
-6.726222e-05
-6.364711e-05
-6.018096e-05
-5.693609e-05
-5.374319e-05
-5.067707e-05
-4.774016e-05
-4.498146e-05
-4.234077e-05
-3.979524e-05
-3.73832e-05
-3.508277e-05
-3.288316e-05
-3.076978e-05
-2.873672e-05
-2.677133e-05
-2.486155e-05
-2.299676e-05
-2.116712e-05
-1.936337e-05
-1.75767e-05
-1.579901e-05
-1.402271e-05
