-0.0004247306
-0.0004257578
-0.0004266726
-0.0004274865
-0.0004282045
-0.0004288104
-0.0004293122
-0.0004297116
-0.0004300397
-0.0004302367
-0.0004302825
-0.0004301534
-0.000429996
-0.0004298343
-0.0004293509
-0.0004285406
-0.0004276771
-0.0004266701
-0.0004254233
-0.0004242762
-0.000423669
-0.0004236671
-0.0004234336
-0.0004220929
-0.0004193558
-0.0004167811
-0.000415664
-0.0004161603
-0.0004162061
-0.0004144614
-0.0004125627
-0.0004105634
-0.0004047608
-0.000397203
-0.0003915216
-0.0003855789
-0.000376363
-0.000363797
-0.0003519539
-0.0003443323
-0.0003505386
-0.0003618637
-0.0003628908
-0.0003559948
-0.0003518237
-0.0003546542
-0.0003605194
-0.0003650131
-0.0003679571
-0.0003715767
-0.0003772075
-0.0003845186
-0.000392757
-0.0004017452
-0.000411802
-0.0004232162
-0.0004359956
-0.0004499466
-0.0004528471
-0.0004322219
-0.0004072819
-0.0003926436
-0.0003682373
-0.0003102008
-0.000256484
-0.0002376108
-0.0002365103
-0.0002776339
-0.0003975674
-0.0004488894
-0.0003715087
-0.000251731
-0.000177536
-0.000149011
-0.0001432655
-0.0001707589
-0.0002846864
-0.0004018508
-0.0004475696
-0.0004674917
-0.0004807146
-0.0004475836
-0.0003862033
-0.000344672
-0.0003588367
-0.0003679448
-0.0003054346
-0.0001230696
3.113671e-05
-6.085157e-05
-0.0002344496
-0.0002712542
-0.0001778559
-7.388652e-05
-1.217656e-05
1.011668e-07
-3.914632e-05
-0.0001657637
-0.0003069046
-0.0003884842
-0.0003623288
-0.0003077545
-0.0003586206
-0.0003330169
-0.0001332105
-0.0002247679
-0.0004174581
-0.0002213908
-5.411673e-05
-0.0002360837
-0.0005161976
-0.0006539718
-0.0006588014
-0.0005006392
-0.0002750826
-0.0001890394
-0.000151513
-3.23853e-05
-4.64728e-05
-0.0001915473
-0.0002938709
-0.0003149354
-0.0003368879
-0.0004487294
-0.000597725
-0.0004775788
-0.0001340809
-4.33271e-05
-0.0002428562
-0.0004476895
-0.0003908535
-0.0001007174
0.0001941423
0.000269142
6.581123e-05
-0.0002533285
-0.0005157255
-0.0006567079
-0.0006363142
-0.0003952842
-4.577271e-06
0.0003338413
0.0003807511
0.0001185479
-0.0003033694
-0.0006963071
-0.000740454
-0.0002582087
0.0002079166
0.0002868781
7.278419e-05
-2.363259e-05
0.000182799
0.0004755092
0.000654843
0.0008611041
0.001251274
0.001219373
0.0006195766
-0.0002018741
-0.0008616761
-0.001226945
-0.001178998
-0.0009106968
-0.0004656779
-0.0001224122
-2.483396e-05
9.211344e-06
7.318974e-05
7.855238e-05
0.000142406
0.0003875722
0.0008554959
0.001244422
0.001332605
0.001329223
0.001403932
0.001439522
0.00122234
0.0007312578
0.0001786285
-0.0001873442
-0.0002737785
-0.0001455686
4.581672e-05
0.0002053546
0.0004365117
0.0007936552
0.000913096
0.0007558259
0.0006327931
0.0002252192
-0.0006392358
-0.0009276941
-0.0007971628
-0.001077015
-0.001232719
-0.0008518615
-0.0003417923
0.0003679474
0.001422273
0.001864526
0.001466212
0.0008251006
-0.0003978516
-0.002348325
-0.002996432
-0.002418256
-0.002034051
-0.001827401
-0.001075633
0.0005278304
0.001774191
0.001954567
0.00200816
0.002648733
0.003638119
0.00368896
0.002531827
0.002152138
0.002718466
0.00298039
0.002949017
0.002867759
0.002253242
0.001231526
0.0001560962
-0.001175375
-0.001351492
-0.001305732
-0.002330473
-0.002907461
-0.002713455
-0.00260535
-0.003113055
-0.003622041
-0.003185769
-0.002066016
-0.0009487345
-3.03322e-05
0.0006531127
0.001063813
0.001519661
0.002054029
0.002288392
0.002255029
0.002151768
0.001983676
0.001892536
0.002280064
0.003082026
0.003879175
0.003902131
0.003351893
0.0027801
0.002108845
0.0009017053
-0.001207465
-0.003149221
-0.004106782
-0.004362638
-0.004312123
-0.003724766
-0.002004742
0.0002927943
0.001753913
0.002497023
0.00326753
0.00386845
0.004068403
0.004092992
0.003729577
0.002828047
0.002050131
0.001663567
0.001438614
0.00127822
0.001008814
0.0002859262
-0.0003354087
-0.0004461779
-0.0007594645
-0.001403226
-0.001918708
-0.002333881
-0.002680801
-0.002149973
-0.0007798609
0.0009398495
0.002944674
0.004997138
0.00640369
0.007035192
0.007215984
0.006796789
0.005800153
0.004671215
0.003898863
0.003469105
0.002969118
0.002223793
0.001247517
-0.0008234416
-0.003606158
-0.005742204
-0.007594524
-0.009946417
-0.01271234
-0.01434344
-0.01413254
-0.01298243
-0.01120522
-0.008202566
-0.005051021
-0.002452238
0.0001137665
0.003854307
0.007682566
0.008625332
0.006998263
0.004243909
0.002042104
0.0009774456
0.0006683897
0.001101246
0.001880711
0.002222895
0.002029939
0.001488774
-0.0003335891
-0.003415663
-0.006622845
-0.008536856
-0.008644279
-0.006733453
-0.003755467
9.426507e-06
0.003717917
0.006056809
0.005311819
0.003079542
0.001558087
0.002032221
0.003346869
0.004387375
0.005563699
0.007235239
0.007414838
0.006014877
0.004200775
0.001941545
-0.0001069849
0.0001109829
0.001949447
0.003707902
0.004743905
0.004964232
0.004392885
0.004093994
0.004495256
0.005081726
0.004122639
0.0007793518
-0.001356724
-0.0006808361
0.001357201
0.001963617
0.0007882063
-5.41263e-05
0.0003723772
0.001312386
0.001674282
0.001312363
0.0006211645
-0.000798896
-0.003022725
-0.004267477
-0.004516358
-0.004906885
-0.005093176
-0.004544089
-0.003431558
-0.002801128
-0.002916642
-0.002242052
-0.0008258849
-0.0006034799
-0.001744272
-0.002884996
-0.00199843
0.001812011
0.008041519
0.01170399
0.01167889
0.01041649
0.009800435
0.009305503
0.007419815
0.004345305
0.00171557
-0.0004797462
-0.002907926
-0.0053518
-0.007132489
-0.007977734
-0.007828624
-0.007204352
-0.006536145
-0.006044626
-0.005692483
-0.005454899
-0.004336472
-0.001869796
0.001214456
0.003708756
0.005174976
0.005846706
0.005938503
0.005226254
0.004415997
0.004273148
0.004612333
0.004535632
0.003173861
0.0006443851
-0.002463656
-0.005797347
-0.007306146
-0.005948406
-0.002093861
0.002199939
0.00430681
0.004428147
0.004127264
0.003181804
0.002290293
0.004104748
0.007779289
0.01104274
0.01283347
0.013802
0.01425357
0.01151537
0.004849939
-0.001159278
-0.007063519
-0.01044884
-0.008780259
-0.005104606
-0.002201476
0.0008551508
0.004290674
0.007263252
0.006607847
0.00342016
0.0008143471
0.001851679
0.004972295
0.007413044
0.00869032
0.009615867
0.009504865
0.008538446
0.007351599
0.006120205
0.004963739
0.004389466
0.004273883
0.004163602
0.003619706
0.002927556
0.002548318
0.002366857
0.001815679
0.000309231
-0.001154879
-0.001646013
-0.001196914
-0.001135847
-0.002439146
-0.004635035
-0.00701874
-0.009567573
-0.01055963
-0.009201709
-0.007150848
-0.006016939
-0.005820129
-0.005880275
-0.005591048
-0.003753691
-0.0003451207
0.003834247
0.005419941
0.003049544
-0.002331344
-0.006453978
-0.007241765
-0.007544588
-0.008657592
-0.009087996
-0.00845312
-0.007438912
-0.006315683
-0.004950426
-0.003036006
0.000465357
0.005264405
0.01001727
0.01249964
0.01166913
0.01060926
0.01111621
0.01209845
0.01166127
0.009395197
0.008069704
0.008406877
0.008379516
0.008279792
0.009078467
0.009000454
0.005881358
-0.001154208
-0.01018221
-0.01731126
-0.01905964
-0.01669523
-0.01207679
-0.007358446
-0.002427995
0.001082646
0.002038075
0.0002879507
-0.002263467
-0.002802102
-0.001802791
-0.0008369879
0.001215149
0.004349757
0.007545309
0.009768008
0.0109428
0.01110088
0.009646933
0.006401695
0.002278753
-0.0009613774
-0.002237331
-0.001134506
0.00209494
0.007755841
0.01421821
0.01836231
0.01905217
0.01726018
0.0149438
0.01192285
0.007845295
0.002335587
-0.004695123
-0.01021841
-0.01281545
-0.01313061
-0.01200286
-0.01015919
-0.008119119
-0.005857731
-0.003144143
-0.001507813
-0.001631478
-0.003017669
-0.004232278
-0.004642293
-0.003939814
-0.002549415
-0.0008966151
0.001638306
0.005284926
0.008199601
0.009837431
0.01062916
0.01040389
0.008668193
0.004602488
-0.0008529567
-0.006075161
-0.00792716
-0.006717998
-0.004300825
-0.001757116
0.0005893674
0.001673034
0.001026994
-0.001424506
-0.005036424
-0.008519279
-0.0104647
-0.01145328
-0.01219072
-0.01071372
-0.007857952
-0.005816521
-0.005483125
-0.006450081
-0.008711354
-0.01028827
-0.009761393
-0.006684672
-0.002489224
0.002539764
0.006805116
0.009255862
0.009082071
0.006230155
0.0006832567
-0.002830607
-0.001241731
0.004950733
0.01210745
0.01911324
0.02409773
0.02514438
0.02261694
0.01891703
0.01516169
0.01137966
0.007631524
0.004301803
0.002596787
0.001045999
-0.002273678
-0.006613078
-0.0106683
-0.01390673
-0.01279621
-0.008182502
-0.004348169
-0.001295202
-6.188718e-05
-0.00147652
-0.005281613
-0.01040266
-0.01582768
-0.01875577
-0.01537363
-0.00906964
-0.003434992
0.0006153741
0.004112795
0.004114724
0.00097122
-0.004796079
-0.01315741
-0.02061879
-0.02162402
-0.01742611
-0.01051056
-0.002446393
0.006489995
0.01503791
0.01781028
0.01690464
0.01437792
0.01236624
0.01151093
0.009024446
0.004829319
0.001743131
-0.0004373541
-0.002520474
-0.00360144
-0.003837307
-0.003787582
-0.002743176
-0.001677024
-0.001545262
-0.0006563584
0.0005804126
0.0003767995
-0.000627032
-0.001070017
0.0001857748
0.001769925
0.002120287
0.002557601
0.00380507
0.00459558
0.004769441
0.005047838
0.005765396
0.006048277
0.004534717
0.002758019
0.001749579
-0.000650235
-0.002615154
-0.002211116
-0.0004796631
0.001231312
0.002750412
0.003919471
0.004365084
0.003238082
0.001127415
-0.001157123
-0.003768765
-0.005576636
-0.005224186
-0.003839227
-0.002769822
-0.002052222
-0.001853631
-0.00243135
-0.004284689
-0.007125194
-0.01046445
-0.01293214
-0.01472956
-0.01735225
-0.02049151
-0.02232413
-0.02181487
-0.01955825
-0.01656658
-0.01148981
-0.005097404
0.0008100812
0.005033042
0.007862852
0.009476713
0.00894072
0.004399745
-0.001069875
-0.004686307
-0.00710163
-0.00780035
-0.007013288
-0.006015424
-0.005629787
-0.005328788
-0.004074
-0.001908916
-0.0005460907
0.0004688116
0.0009334654
-0.001126916
-0.004582986
-0.007553528
-0.009904658
-0.01278219
-0.01591873
-0.01788113
-0.01801924
-0.0170814
-0.01589727
-0.01441052
-0.01240123
-0.01096185
-0.01037636
-0.009987159
-0.009291511
-0.008347916
-0.007020372
-0.005311058
-0.003285934
-0.0007769867
0.002431305
0.006699015
0.01082229
0.01303583
0.01320395
0.01222604
0.009913376
0.006438403
0.003050998
-0.0003312856
-0.003846465
-0.006590521
-0.0086508
-0.01001355
-0.009834105
-0.008135192
-0.00508303
-0.00218029
-0.0004268365
-1.241032e-05
-7.10569e-05
-0.0004951902
-0.002689473
-0.005892895
-0.007802076
-0.00953824
-0.01194207
-0.01355532
-0.0153853
-0.01551312
-0.01138308
-0.006008261
-0.001527558
0.003663012
0.007611368
0.008380792
0.007219255
0.00579569
0.0045386
0.004408227
0.005286291
0.00426479
-0.000267888
-0.007863401
-0.01570055
-0.02048345
-0.02111487
-0.01894616
-0.01577954
-0.01186904
-0.005824062
0.002867987
0.01040568
0.01344177
0.01347474
0.0123032
0.008289356
0.002302754
-0.006167031
-0.01423584
-0.01838005
-0.01887977
-0.01796425
-0.01679962
-0.01596902
-0.01509727
-0.01411145
-0.01467587
-0.01736245
-0.01958102
-0.01889578
-0.0149385
-0.009811759
-0.005486719
-0.002925643
-0.002011334
-0.002447302
-0.002266273
-0.0009208739
0.0003229198
0.000145616
-0.001597116
-0.003314587
-0.003860814
-0.003113814
-0.002318166
-0.002168878
-0.00195529
-0.001061951
0.0005232614
-0.0002998144
-0.004769809
-0.00933292
-0.01350574
-0.02163513
-0.02878033
-0.03199431
-0.0299921
-0.02615594
-0.0210102
-0.01344232
-0.005351755
0.001604659
0.005367023
0.005679602
0.003581704
0.00058467
-0.001645777
-0.002116569
-0.001877656
-0.00235645
-0.003222184
-0.003315562
-0.002782632
-0.00141953
0.002179594
0.006348358
0.006070099
0.001434719
-0.005115591
-0.0123329
-0.01918232
-0.02176598
-0.02035284
-0.01856279
-0.0175316
-0.01528225
-0.009236897
-0.0009310597
0.0045573
0.005754059
0.002403791
-0.003663347
-0.01003366
-0.01335867
-0.01321384
-0.01185375
-0.01209003
-0.01349601
-0.01569225
-0.01778315
-0.01834753
-0.01702713
-0.01464994
-0.01235716
-0.01054718
-0.008831125
-0.007151474
-0.005619312
-0.003852256
-0.001651673
0.000968169
0.002793617
0.002951274
-0.001727957
-0.01449089
-0.0309312
-0.0421739
-0.04179619
-0.03616001
-0.03124055
-0.02969742
-0.02745193
-0.02171428
-0.01514908
-0.01048324
-0.00783585
-0.006688855
-0.008844673
-0.01383547
-0.02011015
-0.02512779
-0.02711392
-0.02650706
-0.02379483
-0.01973311
-0.01712771
-0.01457799
0.0004088295
0.01853516
0.02210565
0.01871853
0.01665996
0.01724818
0.01551382
0.008167015
0.0006826825
-0.00400515
-0.00751504
-0.009585065
-0.01101973
-0.01319449
-0.01772797
-0.02298378
-0.02528978
-0.02414571
-0.02161095
-0.01963133
-0.01838679
-0.01708058
-0.016358
-0.01750777
-0.02287107
-0.02871501
-0.03818117
-0.04947965
-0.05460407
-0.05400165
-0.05224589
-0.05180675
-0.05014747
-0.04588556
-0.04127766
-0.03856474
-0.03766603
-0.03740521
-0.03736795
-0.03809688
-0.03898506
-0.03969306
-0.04212037
-0.04711966
-0.05338754
-0.0597197
-0.06437314
-0.06507316
-0.06191639
-0.05678227
-0.05149428
-0.04715074
-0.04046655
-0.03066347
-0.02124769
-0.01416005
-0.01045245
-0.008449411
-0.006329929
-0.004130033
-0.002468087
-0.001463302
-0.001009017
-0.002115711
-0.005600549
-0.01222982
-0.02106495
-0.03133767
-0.04292158
-0.0523214
-0.05807344
-0.06023661
-0.05976759
-0.06041061
-0.06172517
-0.06236845
-0.06365683
-0.06634912
-0.07006048
-0.07458851
-0.07921487
-0.08315501
-0.08546006
-0.08575329
-0.08374427
-0.07954579
-0.07505843
-0.07312699
-0.07285858
-0.07226451
-0.07012099
-0.06666169
-0.0611252
-0.05704731
-0.05334494
-0.04575357
-0.03895965
-0.03670266
-0.03410832
-0.02844941
-0.02228992
-0.01010496
0.01767978
0.05163042
0.0795882
0.09026172
0.09160515
0.0960544
0.09911738
0.0908858
0.07468574
0.05336641
0.03264714
0.02546303
0.02861926
0.02870354
0.0276948
0.03418872
0.04789156
0.05516435
0.05481783
0.05181554
0.04772019
0.04361405
0.03952673
0.02779042
0.01093639
0.002235077
-0.0001444589
-0.002951019
-0.005541772
-0.00708246
-0.008138342
-0.009432286
-0.01146522
-0.01561231
-0.02622121
-0.04571982
-0.06556247
-0.07836654
-0.08127649
-0.07909453
-0.08010127
-0.08341566
-0.08223935
-0.07633123
-0.06606356
-0.05221399
-0.03791582
-0.0291211
-0.02420212
-0.01934912
-0.01440086
-0.01210686
-0.01194202
-0.01207821
-0.01231617
-0.01326998
-0.01498781
-0.0158024
-0.01683441
-0.02120556
-0.02628429
-0.02891187
-0.0292116
-0.02660187
-0.01942617
-0.003815222
0.01162439
0.02305658
0.03418043
0.04251534
0.04556589
0.04524225
0.04239362
0.03198787
0.009413981
-0.01503605
-0.02728468
-0.02800759
-0.02797698
-0.03098148
-0.03420732
-0.0307172
-0.0184027
-0.00131922
0.009235456
0.01102419
0.00986695
0.009655846
0.003573712
-0.01119883
-0.03357663
-0.0558321
-0.07862487
-0.0928302
-0.09827475
-0.1017794
-0.1058427
-0.1086075
-0.1068734
-0.1017371
-0.09503322
-0.08550242
-0.07138208
-0.05296311
-0.02260353
0.008182202
0.02727373
0.03341717
0.03342788
0.02857763
0.01565529
-0.002337669
-0.01640354
-0.02417652
-0.02401593
-0.0215977
-0.02234262
-0.02142982
-0.01511863
-0.002311397
0.01707257
0.03872599
0.05692927
0.06887706
0.07449372
0.078257
0.08358601
0.0870159
0.08604196
0.08005193
0.06937659
0.05586405
0.03785029
0.01808863
0.006868872
0.004841486
0.006281649
0.007271245
0.007637101
0.007349811
0.007440789
0.008400977
0.007093591
0.002533609
-0.005284387
-0.01351107
-0.02063889
-0.02798506
-0.03263226
-0.03520197
-0.03667645
-0.03699657
-0.03661434
-0.03688802
-0.03793029
-0.0393992
-0.04281131
-0.04607166
-0.04587352
-0.04098953
-0.03155743
-0.008955642
0.0183837
0.03901408
0.05580744
0.07050097
0.08411704
0.09336319
0.09752983
0.09822666
0.09674698
0.09428531
0.09065795
0.08477461
0.07652628
0.06739437
0.05622039
0.04691931
0.04285903
0.04401719
0.04921429
0.05764772
0.06924102
0.07829602
0.08196708
0.08463104
0.08881873
0.09306344
0.09399354
0.08968223
0.07726546
0.06000812
0.04362584
0.03355959
0.03228085
0.03431897
0.03658185
0.03911471
0.0440476
0.04969065
0.05268667
0.0533562
0.05309822
0.05277043
0.05256564
0.05213569
0.05088524
0.04939835
0.0489592
0.05202607
0.05861177
0.07137718
0.08864874
0.1015571
0.1085571
0.1123595
0.1175818
0.1247798
0.1329506
0.138634
0.1404659
0.1421516
0.1445525
0.1455241
0.1456356
0.1467815
0.1494747
0.1513988
0.1516109
0.1509572
0.1493129
0.1452795
0.1383106
0.1309432
0.1262327
0.1175231
0.09827035
0.08537838
0.08184753
0.07975302
0.076456
0.07292602
0.07149051
0.07277239
0.07587827
0.07948717
0.08345248
0.08627932
0.08689153
0.08747636
0.08902703
0.08867491
0.08741385
0.08835941
0.09133381
0.09430942
0.09640987
0.09781179
0.09878935
0.09959918
0.1004803
0.1016756
0.102709
0.103053
0.1031647
0.1035396
0.1042297
0.1060175
0.1094248
0.1145876
0.1199239
0.124135
0.127981
0.1324444
0.136529
0.1393652
0.1398306
0.1388049
0.1375911
0.1371464
0.1368719
0.1353731
0.1318276
0.1299167
0.130061
0.1289363
0.1269259
0.1255506
0.1245923
0.1221155
0.1168967
0.1077773
0.09724016
0.08507458
0.07657037
0.07280798
0.07010285
0.06603191
0.0615932
0.05825571
0.05533841
0.05170009
0.0468099
0.04105331
0.03600389
0.03427498
0.03430613
0.03396307
0.0347684
0.03698977
0.03981324
0.04358645
0.04865175
0.05377225
0.05836059
0.06285975
0.06695377
0.06980375
0.07165464
0.07337627
0.07543574
0.07729583
0.07831028
0.07863175
0.07913147
0.08024262
0.07982308
0.07815543
0.07775766
0.07738593
0.07541117
0.07316298
0.07063881
0.06708516
0.06316019
0.06010526
0.05850029
0.0581762
0.05823038
0.05777819
0.05668564
0.05544812
0.05474079
0.0551857
0.05703613
0.05957334
0.06179022
0.06248264
0.06228372
0.06233981
0.06323221
0.06343235
0.06012388
0.05348007
0.04555476
0.03873654
0.03267323
0.02654411
0.01894852
0.01136096
0.005425999
0.000306337
-0.005098229
-0.008830939
-0.01034481
-0.01062399
-0.01182989
-0.01494351
-0.01945278
-0.02390955
-0.02811847
-0.03511383
-0.04437324
-0.05199957
-0.05744975
-0.06220363
-0.06689269
-0.07233937
-0.07720234
-0.07935995
-0.07899013
-0.0778642
-0.07719228
-0.07641025
-0.07440393
-0.07169833
-0.06918309
-0.06705909
-0.06419992
-0.05971112
-0.05511103
-0.05142793
-0.04815867
-0.04632272
-0.0475412
-0.05009451
-0.05180962
-0.05207589
-0.05202445
-0.05231294
-0.0540848
-0.05729081
-0.05949343
-0.06118564
-0.06460198
-0.06935673
-0.07192448
-0.07510318
-0.07880228
-0.08134963
-0.08326955
-0.0848516
-0.08619388
-0.08665472
-0.08481795
-0.07987737
-0.07289365
-0.06763633
-0.06378564
-0.05599375
-0.04495817
-0.03616224
-0.02870401
-0.02312204
-0.01770929
-0.009281472
-0.0001063641
0.006295845
0.008979562
0.009372869
0.009669624
0.009917824
0.008757086
0.006380308
0.003882613
0.002434446
0.003332554
0.007734341
0.01605578
0.02596553
0.03417609
0.04016987
0.0443413
0.04738879
0.04724238
0.04408527
0.04156682
0.04058152
0.03999001
0.03992065
0.04216531
0.04855489
0.0566544
0.06411042
0.06968988
0.07146732
0.07144508
0.06828572
0.06037156
0.04434947
0.02021056
0.0006138956
-0.01296909
-0.02581121
-0.04213123
-0.06085768
-0.07706671
-0.08765775
-0.09479417
-0.1009085
-0.1076173
-0.1137105
-0.1185223
-0.1216799
-0.1237559
-0.1246471
-0.1238541
-0.1212874
-0.1174192
-0.110333
-0.1006197
-0.09174288
-0.08389946
-0.07600164
-0.07165542
-0.07570823
-0.08743977
-0.1014493
-0.1121417
-0.1207022
-0.1332679
-0.1502705
-0.1655989
-0.1731397
-0.1716019
-0.1707263
-0.1708497
-0.15986
-0.1424937
-0.1238349
-0.09503478
-0.05953149
-0.01826735
0.02408405
0.05751904
0.07642412
0.08398405
0.08217237
0.07186831
0.06065031
0.04150805
0.01045466
-0.02314862
-0.04943441
-0.06520797
-0.07212508
-0.07397445
-0.07380622
-0.06944935
-0.05978841
-0.04321831
-0.02867413
-0.02583922
-0.0286174
-0.02971286
-0.02994311
-0.03072357
-0.03314232
-0.03524517
-0.03480335
-0.03025548
-0.02094674
-0.007682164
0.007277615
0.01932707
0.02705234
0.03149748
0.03074794
0.02717824
0.0218793
0.01438099
0.006482069
0.003865852
0.007138341
0.01252996
0.01935179
0.02896874
0.03648504
0.04183929
0.04821486
0.05375302
0.05586861
0.05519701
0.05229147
0.04744556
0.04497772
0.04463046
0.04443792
0.04529181
0.04704313
0.04850572
0.04760885
0.04534396
0.04352107
0.04181724
0.0395299
0.03701933
0.03549729
0.03589076
0.0402113
0.04607801
0.05059411
0.0548056
0.0575641
0.0571143
0.05301597
0.04252568
0.01385926
-0.02346045
-0.05798206
-0.0763675
-0.09012109
-0.1082615
-0.1270906
-0.1402847
-0.1465937
-0.1487353
-0.1496377
-0.1474447
-0.141819
-0.1327478
-0.1211707
-0.1072259
-0.091575
-0.0711078
-0.04594614
-0.02675587
-0.01792863
-0.01524954
-0.01924866
-0.03031751
-0.04670733
-0.06593872
-0.08523067
-0.1035971
-0.1198566
-0.1317758
-0.1389881
-0.1414157
-0.141929
-0.1411823
-0.136099
-0.1268123
-0.1024392
-0.067461
-0.04880272
-0.05156416
-0.05834878
-0.06189235
-0.06728703
-0.07770758
-0.0857939
-0.08673382
-0.07941229
-0.06880726
-0.05420918
-0.0209677
0.01169531
0.04614074
0.07326809
0.08629371
0.08560539
0.08242989
0.07565022
0.06730057
0.05221254
0.0225824
0.0006519251
-0.00856542
-0.01053429
-0.01237079
-0.0126635
-0.006323866
0.005838374
0.02158981
0.03531251
0.04576724
0.05405239
0.05994979
0.0652472
0.06999039
0.07517733
0.0809753
0.08591247
0.08966864
0.09334569
0.09732668
0.101173
0.1052082
0.1094309
0.1118603
0.1106635
0.1035068
0.09184074
0.0571576
0.02631308
0.01630877
0.0177545
0.02065127
0.02342418
0.0285058
0.03891262
0.05046658
0.05523336
0.04930247
0.03041752
-0.0006292786
-0.03811046
-0.07064591
-0.09831515
-0.1248911
-0.146901
-0.1571686
-0.156946
-0.1566697
-0.1571614
-0.1556676
-0.151727
-0.1481891
-0.1499816
-0.1557431
-0.1597601
-0.1610979
-0.1637079
-0.1674247
-0.1689294
-0.1674647
-0.1648404
-0.1626795
-0.1627278
-0.164542
-0.1634659
-0.1583882
-0.1516326
-0.1365948
-0.09595839
-0.04696848
-0.01552805
-0.004260797
0.005137852
0.01462298
0.01705077
0.01402754
0.009349409
0.00405254
0.001955093
0.00333521
0.005262068
0.008426098
0.01227369
0.01822032
0.0230517
0.02392366
0.02317656
0.02378407
0.02542125
0.02639227
0.02594905
0.02394029
0.02085606
0.01685925
0.01147428
0.005015908
-0.001199846
-0.005809013
-0.008932271
-0.01093602
-0.009654278
-0.004053477
0.004604605
0.02146129
0.04198597
0.05206888
0.05179417
0.04948132
0.04832995
0.04533237
0.03684622
0.02569411
0.01510116
0.004842928
-0.001712293
-0.005714522
-0.00993839
-0.01448138
-0.01812999
-0.02124674
-0.02302921
-0.02227721
-0.0211426
-0.02069824
-0.01937049
-0.01712647
-0.01558362
-0.01940752
-0.02737767
-0.03366733
-0.03672197
-0.03642603
-0.03419864
-0.0285732
-0.0208464
-0.01230571
-0.004140832
0.00321758
0.01097469
0.02026729
0.03007017
0.03916059
0.04772568
0.05512962
0.05910953
0.06065747
0.06102104
0.060293
0.05851623
0.05623725
0.05372142
0.05087505
0.04770169
0.04442449
0.03998342
0.03288111
0.02304698
0.01022222
-0.00534103
-0.01924943
-0.031493
-0.04498346
-0.05243356
-0.05724702
-0.06437542
-0.07251588
-0.07693694
-0.07882897
-0.08156152
-0.08569464
-0.08985598
-0.09280734
-0.09408205
-0.0950108
-0.09624032
-0.09767786
-0.09908281
-0.1002515
-0.1005226
-0.09980133
-0.0979729
-0.09434795
-0.09018338
-0.08635663
-0.08119039
-0.06703957
-0.05025093
-0.03992653
-0.03254279
-0.01547777
0.007179454
0.019954
0.026345
0.0340711
0.04195553
0.047561
0.05042185
0.05203976
0.05280526
0.05170911
0.05060406
0.05102608
0.05152541
0.05127023
0.05115988
0.05332589
0.05778205
0.06328726
0.06743288
0.06989542
0.07113526
0.0708513
0.0681164
0.06408811
0.05999007
0.05575368
0.04996125
0.0446959
0.0413223
0.03853449
0.03668129
0.03585244
0.03488067
0.03162844
0.02475652
0.01014769
-0.01227727
-0.02885022
-0.0345312
-0.0382229
-0.04260629
-0.04681202
-0.04909833
-0.05034967
-0.05241634
-0.05744497
-0.06518586
-0.07563137
-0.09147278
-0.1073202
-0.1169888
-0.1186956
-0.1188882
-0.1185023
-0.1161265
-0.1137651
-0.1081309
-0.09463116
-0.07910179
-0.06871108
-0.06630417
-0.0663088
-0.06485669
-0.06379717
-0.06630757
-0.07223204
-0.0761381
-0.07496541
-0.07030937
-0.06421501
-0.05584006
-0.04246037
-0.02521577
-0.007372225
0.005667101
0.01093669
0.01549758
0.02032634
0.0221622
0.02318499
0.02584245
0.03067627
0.03653612
0.0484285
0.07471562
0.1011981
0.1131376
0.1161979
0.119277
0.1211676
0.1211031
0.1208943
0.116853
0.1084865
0.1004475
0.09289159
0.08452539
0.07791732
0.07198864
0.06443688
0.05734422
0.05280327
0.05071162
0.0487363
0.04550202
0.0409184
0.03409784
0.02367164
0.01167699
0.00295549
-0.004456753
-0.01580498
-0.02488403
-0.02888741
-0.03077668
-0.0331933
-0.035891
-0.03777463
-0.03892665
-0.03987957
-0.04036935
-0.04072513
-0.04192865
-0.04642028
-0.0553712
-0.07024333
-0.08865381
-0.1004304
-0.1025763
-0.09800178
-0.09196365
-0.07925536
-0.05176846
-0.02377635
-0.008792268
-0.006894167
-0.007060432
-0.006392012
-0.008179492
-0.01402027
-0.02485011
-0.03570288
-0.03977514
-0.03985281
-0.040367
-0.04221375
-0.04359618
-0.04362838
-0.04287252
-0.04224686
-0.04189562
-0.04139173
-0.03983358
-0.03737502
-0.03486249
-0.03186498
-0.02746707
-0.01975352
-0.009351912
0.001185399
0.009388104
0.01516633
0.01850656
0.02021735
0.02146
0.02261527
0.02358601
0.02570452
0.02942122
0.03546258
0.04437227
0.05545509
0.06715728
0.07780375
0.08574091
0.0905872
0.09431384
0.09721011
0.09877776
0.09900903
0.09908756
0.09926596
0.099176
0.1002918
0.1024871
0.1037377
0.1049172
0.1073422
0.1091807
0.1091384
0.1075105
0.1045904
0.1003091
0.09537937
0.09001347
0.08409536
0.07785882
0.07150354
0.06494806
0.05690473
0.04653627
0.03227401
0.0128872
-0.008827203
-0.02450684
-0.03348727
-0.04084945
-0.04893589
-0.05365621
-0.05400636
-0.05151516
-0.04718835
-0.04012178
-0.02537039
-0.009036978
0.001337341
0.005832943
0.01036215
0.01491901
0.01464177
0.008741755
-0.006351352
-0.02551094
-0.0361426
-0.04066338
-0.04605416
-0.0511591
-0.05134199
-0.04918853
-0.04885551
-0.05000796
-0.04958652
-0.04534165
-0.04006963
-0.03669572
-0.03518568
-0.03308992
-0.0287688
-0.02115036
-0.009535625
0.009353796
0.02983989
0.04279876
0.04890907
0.05280601
0.05636906
0.05563855
0.04913762
0.03810489
0.02500588
0.01280774
0.002456458
-0.003273695
-0.007343554
-0.01300748
-0.01867239
-0.02148127
-0.02341536
-0.02643844
-0.02990023
-0.03276286
-0.0346392
-0.03425398
-0.03220641
-0.02953067
-0.02578281
-0.02074536
-0.01408331
-0.00682601
3.2812e-05
0.007277547
0.01523994
0.02251648
0.02814419
0.03206881
0.03326384
0.03110228
0.02675628
0.02007801
0.009903854
-0.0002027358
-0.01342685
-0.02589261
-0.03453982
-0.04328306
-0.05367925
-0.06398717
-0.07236938
-0.07913447
-0.08165444
-0.07876847
-0.07339646
-0.06839212
-0.05893419
-0.04524367
-0.03650061
-0.03607063
-0.03856647
-0.04100456
-0.0434907
-0.04727098
-0.05280982
-0.05829291
-0.06216379
-0.06366923
-0.0647739
-0.06725653
-0.07048807
-0.07298667
-0.07437614
-0.0752203
-0.07693134
-0.07964789
-0.08091786
-0.08023568
-0.0782638
-0.07545447
-0.07165961
-0.0660907
-0.05795608
-0.04670575
-0.03359931
-0.02154564
-0.01379542
-0.00867568
-0.003941207
0.001119269
0.005565064
0.009244289
0.01308527
0.01824717
0.02336641
0.02738794
0.02997699
0.03003998
0.02948826
0.02842598
0.02474763
0.0176406
0.007381401
-0.007696281
-0.02099108
-0.02838716
-0.03082674
-0.02964323
-0.02747995
-0.0247645
-0.02146696
-0.01631511
-0.01028019
-0.004954317
-0.0007234395
0.002265258
0.004521857
0.005769602
0.005836782
0.004878509
0.002981427
0.001018595
-0.0003690076
-0.002131556
-0.004278376
-0.005253129
-0.005053156
-0.004749054
-0.005474245
-0.006208427
-0.004642874
-0.001903551
-0.0001134239
-9.892328e-05
-0.001033986
-0.002378405
-0.005209421
-0.009321005
-0.01282642
-0.0143083
-0.01388386
-0.01161377
-0.008260056
-0.002831535
0.009394962
0.02435358
0.03552867
0.03773436
0.03715576
0.03980689
0.04398508
0.04488683
0.04347494
0.04295047
0.04421555
0.04620502
0.04797736
0.04793584
0.04667033
0.04669268
0.04720507
0.04569322
0.0417049
0.03671022
0.02757869
0.01146505
-0.007448776
-0.02330663
-0.03050513
-0.0329951
-0.03720248
-0.04298656
-0.04783722
-0.05071948
-0.05271843
-0.05462822
-0.05627665
-0.05684611
-0.05580137
-0.05273752
-0.04667443
-0.03730202
-0.02533675
-0.01469439
-0.007459892
-0.002340319
0.001582863
0.004494787
0.006527656
0.008059733
0.009180142
0.01148625
0.01509468
0.01866552
0.02304349
0.02900348
0.03400438
0.03730977
0.0401107
0.04209915
0.04228168
0.04035278
0.03812642
0.03698668
0.03575587
0.03363763
0.03155095
0.03066929
0.03092128
0.03088388
0.02993448
0.02854719
0.02776113
0.02771392
0.02632796
0.02459217
0.02871874
0.03172822
0.03039376
0.02829822
0.02804081
0.02847103
0.02695986
0.0224225
0.0168867
0.005577833
-0.005679377
-0.01002595
-0.01050128
-0.01071653
-0.01101801
-0.01193696
-0.01221023
-0.01111418
-0.009570255
-0.008198683
-0.006821881
-0.005367456
-0.004012943
-0.003376365
-0.003101382
-0.00262608
-0.002719064
-0.003637835
-0.004657178
-0.005438416
-0.006158047
-0.006753834
-0.007135794
-0.007431934
-0.008921188
-0.01185823
-0.01545074
-0.01798823
-0.01911037
-0.02033385
-0.02198866
-0.02318096
-0.02406934
-0.02500781
-0.02547761
-0.02651796
-0.0295641
-0.03360576
-0.03741043
-0.04108475
-0.04513662
-0.04985805
-0.05567219
-0.05981347
-0.0608067
-0.06232649
-0.06484618
-0.06548937
-0.06402979
-0.06181788
-0.06001014
-0.0575075
-0.05276535
-0.04714673
-0.04159274
-0.0350208
-0.02699607
-0.01766523
-0.007824086
0.001795416
0.01078829
0.02060039
0.02995232
0.03469932
0.03580541
0.03547358
0.03333674
0.02890826
0.02225028
0.01300461
-0.0006445174
-0.01503084
-0.02283692
-0.02387646
-0.02616199
-0.03130893
-0.03467571
-0.0360035
-0.0370933
-0.03824233
-0.03959342
-0.04129078
-0.04313602
-0.04397977
-0.04294484
-0.04057119
-0.03715678
-0.03142181
-0.02407436
-0.01218024
0.005236776
0.02150437
0.03465795
0.0406435
0.04298771
0.04241904
0.04064939
0.03017076
0.004361566
-0.02181207
-0.038758
-0.04350988
-0.04534003
-0.04815713
-0.05243655
-0.05270427
-0.04690377
-0.03484502
-0.02080736
-0.01080657
-0.002895749
0.004986956
0.011984
0.01699813
0.02039781
0.02247419
0.02320042
0.02224229
0.01971796
0.01705535
0.01639106
0.01788312
0.02034795
0.02287431
0.02538563
0.02862785
0.03184408
0.0342456
0.03646716
0.03888493
0.04118054
0.04371089
0.04697787
0.05173637
0.05801182
0.06545787
0.07219945
0.07756855
0.08139387
0.08424269
0.08644166
0.0881849
0.08931034
0.09012659
0.0908205
0.09141219
0.09274714
0.09418811
0.09363833
0.09215396
0.09127825
0.08956499
0.08649719
0.08291127
0.0797976
0.07730617
0.0752226
0.07265203
0.06907877
0.06503226
0.06088629
0.05641947
0.05092659
0.04470146
0.03885877
0.03394022
0.02792724
0.02123952
0.0166541
0.01473773
0.01350432
0.01186229
0.01056241
0.01002978
0.01005465
0.01081657
0.0120103
0.0127133
0.01239061
0.01096125
0.007280491
0.002315984
-0.002576863
-0.007883926
-0.01441753
-0.02183645
-0.02610651
-0.02655814
-0.02451584
-0.02092786
-0.01797551
-0.01715473
-0.01756939
-0.01876428
-0.01921752
-0.01877955
-0.01841415
-0.01855578
-0.01787101
-0.0138211
-0.005935632
0.004025405
0.0126364
0.01821427
0.02126412
0.02398028
0.02668862
0.02747516
0.02670548
0.02562905
0.02391856
0.0212081
0.01932803
0.0180966
0.01602859
0.01323082
0.0102803
0.006946887
0.003285839
-0.0002159511
-0.002305897
-0.002968788
-0.002791266
-0.002302581
-0.001187097
0.001548569
0.006097502
0.01156354
0.01545501
0.01765129
0.01973936
0.02119324
0.02110797
0.02076578
0.02090402
0.021084
0.02158898
0.02327561
0.02803535
0.03505867
0.04261431
0.04874565
0.05344534
0.05649896
0.05777104
0.05703469
0.05482257
0.05127533
0.0468097
0.04275058
0.03969304
0.03663336
0.03432278
0.03435798
0.03500211
0.03472947
0.03363813
0.03204744
0.02968278
0.02648455
0.02206838
0.01543368
0.00859428
0.003075699
-0.002692587
-0.008088709
-0.01012343
-0.01010471
-0.01038106
-0.01056758
-0.009525016
-0.007195597
-0.004744354
-0.003355556
-0.003330051
-0.003916282
-0.004670668
-0.005453904
-0.005357918
-0.003417853
0.0002190402
0.004257198
0.007401955
0.009345231
0.0106231
0.01132126
0.01112654
0.00974315
0.009471749
0.01170653
0.01538301
0.01950257
0.02443571
0.02981603
0.0350066
0.03905274
0.04174899
0.04329433
0.04451658
0.0456059
0.04656854
0.04791028
0.05016079
0.05283285
0.05500971
0.05599191
0.05617488
0.05567935
0.05288303
0.04814975
0.04355794
0.0370145
0.02943928
0.02050101
0.01095074
0.004827653
0.00291298
0.002548026
0.002775417
0.003993019
0.006276806
0.00892407
0.01120232
0.0127918
0.0132576
0.0124366
0.01010193
0.007050559
0.003775543
-0.000549304
-0.005512963
-0.01137476
-0.02024333
-0.02640253
-0.0308942
-0.03458928
-0.03630962
-0.03625002
-0.03754821
-0.03943758
-0.03914587
-0.03847948
-0.0395556
-0.04127692
-0.04202986
-0.04182759
-0.04189329
-0.04237687
-0.04250225
-0.04181298
-0.04021909
-0.0374191
-0.03425148
-0.03138966
-0.02832298
-0.02435852
-0.0194034
-0.01660008
-0.01730366
-0.01813745
-0.01743141
-0.01675069
-0.01674697
-0.01628185
-0.01228014
-0.005060175
0.003723401
0.01390009
0.02556077
0.0380749
0.04775401
0.05338745
0.05783451
0.06211635
0.06437711
0.06451654
0.06291121
0.06027081
0.05717711
0.05445257
0.05228029
0.05035795
0.04877383
0.04721248
0.04508237
0.04081176
0.03414746
0.02697106
0.02258299
0.01507928
0.006036013
5.16868e-05
-0.002694479
-0.004648224
-0.004563414
-0.003468631
-0.002770261
-0.001333649
0.001249589
0.003481207
0.005487263
0.00805861
0.01065325
0.01291762
0.01516868
0.01889841
0.0241633
0.02753483
0.02847875
0.02880911
0.02859274
0.02680141
0.02335957
0.01950224
0.0160899
0.01324747
0.009935207
0.005250849
0.002309232
0.002071351
0.002273141
0.002102588
0.002709952
0.00443368
0.007103156
0.01098158
0.01519305
0.01886092
0.02133763
0.02292311
0.02405112
0.02403898
0.02260082
0.02133548
0.01993964
0.01798998
0.0189813
0.02219769
0.02530879
0.02942175
0.03457734
0.03769047
0.03760976
0.03645336
0.03573139
0.03440892
0.03196246
0.02976141
0.0298076
0.03205391
0.03553811
0.0390687
0.04244008
0.04625013
0.05015958
0.05246441
0.05323395
0.05324143
0.05195916
0.05026043
0.04883193
0.0458184
0.03986203
0.03197203
0.02476415
0.01792154
0.01062367
0.005752664
0.002309074
0.0005025656
9.683269e-05
0.001288271
0.004441167
0.007176648
0.008122946
0.007776545
0.0075957
0.007886095
0.007050191
0.005099801
0.003118051
0.001168126
-0.001325409
-0.004727535
-0.007655542
-0.009275667
-0.01071384
-0.01288538
-0.01555158
-0.01771712
-0.0193774
-0.02150639
-0.02451776
-0.02808099
-0.03184557
-0.0353609
-0.03830022
-0.04018507
-0.04143192
-0.04291931
-0.04408967
-0.04436141
-0.04486801
-0.04551192
-0.04528386
-0.04453569
-0.04368702
-0.0422959
-0.04129003
-0.04183174
-0.04361261
-0.04476471
-0.04315803
-0.04037475
-0.03829104
-0.03526424
-0.02891026
-0.02097586
-0.01398219
-0.009961308
-0.007711952
-0.005278406
-0.00275672
-0.001517022
-0.00166428
-0.00216331
-0.002024551
-0.001392606
-0.0006606219
0.0006642881
0.002342189
0.003173334
0.003197555
0.003257025
0.004081544
0.005809542
0.008241911
0.01046272
0.01242275
0.01579499
0.02069683
0.02605876
0.03047116
0.03371804
0.03619429
0.03790978
0.03813907
0.03697528
0.03519951
0.03340938
0.03163357
0.02982422
0.02889114
0.02925464
0.03095284
0.0342189
0.03802402
0.04044387
0.04224465
0.04481823
0.04661049
0.04629447
0.04394173
0.04046436
0.03607283
0.02931434
0.02167126
0.01564502
0.01211282
0.004257203
-0.001504569
-0.002649266
-0.002496792
-0.003449136
-0.004861529
-0.005984945
-0.006521044
-0.00663008
-0.007144224
-0.00847722
-0.01052594
-0.01236574
-0.01330504
-0.01255588
-0.01009078
-0.006139952
-0.002133079
0.00148692
0.006131273
0.01144279
0.01590243
0.01888815
0.02129323
0.02424404
0.0272882
0.0293707
0.03069155
0.03175773
0.03237887
0.03147725
0.02881098
0.02568342
0.02235502
0.01814548
0.01410936
0.007654002
0.0007515997
-0.0008691516
-8.453994e-05
-0.0004899098
-0.0006803612
0.0008082912
0.003831668
0.008275982
0.01325242
0.01807809
0.02346194
0.02976139
0.03488706
0.03824164
0.0407487
0.04341577
0.04609314
0.04811507
0.05011904
0.05308362
0.05638985
0.05888812
0.05988431
0.06034454
0.06103834
0.06156575
0.0611923
0.05944608
0.05715444
0.05478808
0.05083032
0.04717583
0.04395263
0.0381145
0.03428559
0.03302722
0.03121565
0.02738195
0.02405574
0.02259594
0.02172985
0.02068168
0.01974336
0.01914821
0.01862927
0.01756761
0.01549402
0.01228478
0.009002618
0.005625765
0.0006437642
-0.006114235
-0.01355467
-0.02002351
-0.02588759
-0.03221436
-0.03785023
-0.04137951
-0.04199216
-0.04068484
-0.03822246
-0.03313684
-0.02661996
-0.0207443
-0.01539121
-0.009512704
-0.00321124
0.002137877
0.005524664
0.008007547
0.0103497
0.01194071
0.01231793
0.01134052
0.008441652
0.003584405
-0.003080504
-0.0102468
-0.01604919
-0.02010983
-0.02450037
-0.02988306
-0.03411277
-0.03638534
-0.03731653
-0.03694542
-0.0355094
-0.03255062
-0.02911344
-0.02637072
-0.02339876
-0.01925644
-0.01407462
-0.008842328
-0.004089924
0.0001921416
0.00375553
0.005627553
0.006086075
0.006018408
0.005985731
0.005725077
0.004901443
0.00444722
0.00497695
0.005716507
0.006027623
0.006026799
0.005834903
0.005529234
0.005113509
0.004163523
0.002552838
0.001018695
-0.0003946202
-0.002458169
-0.004977928
-0.007480366
-0.01042518
-0.01503916
-0.02149563
-0.02494232
-0.0261173
-0.02960581
-0.03398342
-0.0363625
-0.03675307
-0.03712678
-0.03827678
-0.03898589
-0.03872293
-0.03836415
-0.03873152
-0.039669
-0.04022792
-0.03930546
-0.03658157
-0.03418693
-0.03273094
-0.02950731
-0.02509673
-0.02209193
-0.02116495
-0.02114181
-0.02120696
-0.02155159
-0.02262576
-0.02442569
-0.02642432
-0.02830498
-0.0299993
-0.03166345
-0.03377566
-0.03563545
-0.03638566
-0.03739549
-0.03894183
-0.03933935
-0.03886764
-0.0385515
-0.0377802
-0.03636162
-0.03489501
-0.034767
-0.03583873
-0.03725856
-0.03862141
-0.04009638
-0.041156
-0.04172053
-0.04222959
-0.04206212
-0.04068543
-0.03867527
-0.03647298
-0.03395178
-0.03182821
-0.03107484
-0.03180768
-0.03259687
-0.03302608
-0.03446837
-0.03716632
-0.04023135
-0.04205556
-0.04276
-0.04372084
-0.04591624
-0.0486793
-0.04926806
-0.04814208
-0.04736804
-0.04711131
-0.04654468
-0.04538095
-0.04417814
-0.04350582
-0.04371185
-0.04425337
-0.04421635
-0.04404975
-0.04430612
-0.04396841
-0.04271358
-0.04103269
-0.03954608
-0.03776002
-0.03436844
-0.03014466
-0.02614461
-0.02186749
-0.01717581
-0.01316934
-0.01148666
-0.01220595
-0.01419241
-0.01705061
-0.02136197
-0.02627769
-0.0308936
-0.03542178
-0.03962696
-0.04321376
-0.04653142
-0.04984799
-0.05299401
-0.05523626
-0.05659915
-0.0574366
-0.0576198
-0.0572213
-0.0566421
-0.05614306
-0.05561223
-0.05482764
-0.05372207
-0.05230955
-0.05074967
-0.04925388
-0.04830828
-0.04763685
-0.04672716
-0.04569878
-0.04497018
-0.04499632
-0.04545205
-0.04573332
-0.04485162
-0.04288398
-0.04055855
-0.03856859
-0.03685339
-0.03476017
-0.03209071
-0.02906737
-0.02530201
-0.02088138
-0.01810101
-0.01658586
-0.01466117
-0.01351316
-0.01403234
-0.01650154
-0.0203385
-0.02506959
-0.02941944
-0.03299131
-0.03628432
-0.03954869
-0.04217838
-0.04304503
-0.04354759
-0.04489766
-0.04570281
-0.04537493
-0.04441999
-0.04320427
-0.04159843
-0.03903104
-0.03537566
-0.0309357
-0.02751929
-0.025192
-0.02186111
-0.01743976
-0.01353858
-0.01215017
-0.0123907
-0.01174739
-0.01061289
-0.01050503
-0.01141658
-0.0127013
-0.01409125
-0.01427654
-0.01291017
-0.01204989
-0.01208986
-0.01184166
-0.01122002
-0.01074375
-0.0106613
-0.01110633
-0.01180576
-0.0114083
-0.01075337
-0.01192289
-0.01345533
-0.01325701
-0.01097787
-0.008565271
-0.007308116
-0.00557383
-0.003055239
-0.001954795
-0.002463814
-0.003413167
-0.004596528
-0.005939908
-0.007397725
-0.008664507
-0.009633675
-0.01071379
-0.01195473
-0.01313608
-0.01476082
-0.01739257
-0.02138491
-0.02478961
-0.02642032
-0.02748175
-0.02829837
-0.0279836
-0.02741486
-0.02676923
-0.02463787
-0.02180911
-0.01959757
-0.01786081
-0.01618948
-0.01489245
-0.01329206
-0.01104304
-0.009593093
-0.009385592
-0.009775956
-0.01053389
-0.01213861
-0.0145925
-0.01668803
-0.01780247
-0.01824336
-0.01847852
-0.01855
-0.0186195
-0.01882045
-0.01930068
-0.01952306
-0.0189732
-0.01824118
-0.01835347
-0.02015522
-0.0226399
-0.0246639
-0.02594485
-0.02684072
-0.02756905
-0.02779446
-0.02669835
-0.02390652
-0.02064832
-0.01751904
-0.01276704
-0.007693267
-0.004806242
-0.003783207
-0.003185698
-0.001888206
-0.0006005861
-0.0005141941
-0.001203149
-0.002258418
-0.004327991
-0.006842602
-0.009026997
-0.01099507
-0.01268015
-0.01382585
-0.01558279
-0.01829557
-0.02108895
-0.02277738
-0.02332713
-0.02387057
-0.02479216
-0.02540205
-0.02591181
-0.02669756
-0.02701009
-0.02722126
-0.02822538
-0.02918676
-0.02959586
-0.03012602
-0.03105315
-0.03212768
-0.03326779
-0.03456416
-0.0360959
-0.03759516
-0.0389932
-0.04049701
-0.04165789
-0.04228207
-0.04359499
-0.04554955
-0.04663362
-0.04660284
-0.0460791
-0.04475843
-0.0431063
-0.04194717
-0.04171809
-0.03936401
-0.03442691
-0.03058362
-0.02845128
-0.02619485
-0.02356992
-0.02082846
-0.01744921
-0.01378696
-0.0101512
-0.004563608
0.002786197
0.009234764
0.01371036
0.01729643
0.02146075
0.02554951
0.0274124
0.02720483
0.02656097
0.02737835
0.02862858
0.02848017
0.02795534
0.028388
0.02920103
0.02863862
0.02571696
0.02162209
0.01771945
0.01427333
0.01096151
0.007575332
0.004464864
0.002269686
0.00155466
0.002573198
0.004616223
0.006763877
0.009148757
0.01233515
0.01684832
0.02238347
0.02814975
0.03262638
0.03538642
0.03722455
0.03886015
0.03953403
0.03921468
0.03841648
0.03728912
0.03550533
0.03284264
0.03055932
0.02922112
0.02828111
0.02688244
0.02482363
0.02219272
0.01939535
0.01666393
0.01417173
0.01221911
0.01135579
0.009339007
0.004327051
0.000250318
-0.001111538
-0.002183917
-0.004541238
-0.007359716
-0.008420399
-0.008029236
-0.007756121
-0.00821707
-0.008253807
-0.007250974
-0.006935034
-0.007250849
-0.006862801
-0.006002728
-0.005345858
-0.004856765
-0.004057739
-0.002610411
-0.000653553
0.001324833
0.002914478
0.004922271
0.007714862
0.009596732
0.01088172
0.01341212
0.01608651
0.01724349
0.01696545
0.016505
0.01632462
0.01520365
0.01264714
0.009282638
0.005663718
0.001908622
-0.001513155
-0.004183946
-0.005812401
-0.005904047
-0.004635879
-0.002448954
-8.77755e-05
0.002393937
0.005113229
0.007316151
0.007368092
0.005802952
0.004103502
0.003559079
0.003378297
0.002324609
0.001292742
0.001361222
0.002270828
0.002508573
0.003237513
0.005825006
0.008549737
0.01060572
0.01269436
0.01560341
0.01929351
0.02336443
0.02777966
0.03243244
0.03606444
0.03876798
0.04119982
0.04357905
0.04547366
0.04560369
0.04483554
0.04458467
0.04419553
0.04260706
0.03985971
0.03747932
0.03643581
0.03499878
0.03233191
0.02957295
0.02801353
0.02755687
0.02690937
0.02589075
0.02519773
0.02448891
0.02371075
0.02363615
0.02405739
0.02444694
0.02503042
0.02602924
0.02726923
0.02833817
0.02919978
0.03045409
0.03213262
0.03384067
0.03535806
0.03679429
0.03834868
0.04004585
0.04174688
0.04303783
0.04383635
0.04388131
0.04349437
0.04300079
0.04197422
0.04020476
0.03733204
0.03386453
0.03031561
0.0261172
0.02219431
0.02025259
0.01913714
0.01776003
0.01747407
0.01800802
0.01808376
0.01813515
0.01913919
0.02144747
0.02325676
0.0236864
0.02486436
0.02681837
0.02739485
0.02680115
0.0262973
0.02569554
0.02495062
0.02441666
0.02401156
0.02403719
0.0255038
0.02775595
0.02980335
0.03174266
0.03310603
0.03303254
0.03295148
0.03338659
0.03286928
0.03064988
0.02742003
0.02470733
0.02269816
0.02056748
0.01776131
0.01462803
0.01156982
0.008190958
0.004654553
0.001627921
0.0003222196
0.0006704907
0.001912806
0.003478914
0.005300705
0.007030512
0.008435975
0.009293132
0.01067375
0.01302109
0.0146542
0.0150817
0.01530765
0.01738693
0.02085981
0.02290792
0.0238019
0.025437
0.02670526
0.0267286
0.02635522
0.0258886
0.02443475
0.02074071
0.01847269
0.01868938
0.0184276
0.01650197
0.01464181
0.01485879
0.01673285
0.01857709
0.01905775
0.01860941
0.01944127
0.02138192
0.02285832
0.02424074
0.02644229
0.02918951
0.03149976
0.0329871
0.03486656
0.03671092
0.03605488
0.03485853
0.03585386
0.03753899
0.03799807
0.03740529
0.03678049
0.03638898
0.03530314
0.03416797
0.0341276
0.03392264
0.03218569
0.02907546
0.02548264
0.02226982
0.02007516
0.01867266
0.01736972
0.01513645
0.01231625
0.009923883
0.00902249
0.009421375
0.01034587
0.009970655
0.007976602
0.006703895
0.006960319
0.007925593
0.009186466
0.01055074
0.01029268
0.008988324
0.008387295
0.009465088
0.01133289
0.0126241
0.01323461
0.01403696
0.01674732
0.02149168
0.02721687
0.03089498
0.03171079
0.03257497
0.03446278
0.0359135
0.0365849
0.03709643
0.03840085
0.04017458
0.04155782
0.04176185
0.0411676
0.04060457
0.03957943
0.03727984
0.03325825
0.02870037
0.02471011
0.02119789
0.01743222
0.01301377
0.008965
0.005660979
0.001707343
-0.001865042
-0.003945889
-0.006352099
-0.008560534
-0.008649062
-0.008660747
-0.008594506
-0.007112325
-0.004923468
-0.002872365
3.071984e-05
0.003945413
0.00842648
0.01286924
0.0169791
0.0199885
0.02207207
0.02347483
0.02432029
0.02450758
0.02449375
0.02405942
0.02214198
0.01948087
0.01713174
0.01489028
0.01178145
0.007463609
0.003902776
0.00107737
-0.002630088
-0.007814186
-0.01237664
-0.01419046
-0.01549863
-0.01812322
-0.02117497
-0.02300869
-0.0234558
-0.02392391
-0.02501973
-0.02621431
-0.02673928
-0.02702308
-0.02833418
-0.03020477
-0.03165363
-0.03260133
-0.03320623
-0.03335712
-0.03294419
-0.0319473
-0.02922974
-0.02537613
-0.02156666
-0.01784175
-0.01362425
-0.00799229
-0.001418736
0.005441215
0.0118654
0.01793676
0.02376711
0.02602178
0.02623366
0.02711053
0.02813103
0.02833287
0.02828041
0.02659363
0.02252814
0.01853353
0.01636236
0.01561268
0.01342718
0.008271459
0.002095493
-0.003081958
-0.007008691
-0.01016799
-0.01330772
-0.01673651
-0.01891626
-0.01917504
-0.0181042
-0.01674061
-0.01505828
-0.01264725
-0.009565969
-0.006257786
-0.00349603
-0.001668583
-4.973878e-06
0.001735874
0.001711048
0.0006759829
0.0004644371
0.0003158688
-0.0007881815
-0.002553207
-0.004098703
-0.004963039
-0.004589813
-0.003600575
-0.002709947
-0.001017838
0.002028337
0.004418489
0.005739162
0.007141162
0.009195854
0.01131956
0.01195744
0.01168254
0.01190632
0.01277325
0.01356349
0.01298916
0.01096626
0.009260806
0.008961302
0.009786336
0.01052423
0.01076515
0.01106137
0.01215029
0.01401257
0.01573263
0.01692301
0.01777577
0.01859583
0.01922225
0.01843378
0.01647858
0.01421366
0.01158297
0.008490395
0.00533271
0.002150706
-0.001162559
-0.004392594
-0.007484993
-0.01039409
-0.01244547
-0.01368707
-0.01447452
-0.01467192
-0.01413429
-0.01289394
-0.01229773
-0.01333597
-0.01469397
-0.01549056
-0.01645047
-0.01856724
-0.02162723
-0.02366401
-0.02434536
-0.02469296
-0.02583429
-0.02717175
-0.02705634
-0.02661606
-0.02732851
-0.02863383
-0.02921436
-0.02861054
-0.027571
-0.02669925
-0.02544783
-0.02392177
-0.02258603
-0.02060858
-0.01804788
-0.01700456
-0.01738735
-0.01770465
-0.01698516
-0.01566236
-0.01434161
-0.01309756
-0.01156226
-0.009323816
-0.006575765
-0.003633146
-0.001207454
0.0002372276
0.001518748
0.003125482
0.004409814
0.005209331
0.00590312
0.006702815
0.007411424
0.007425092
0.006921057
0.006345389
0.005501388
0.004240503
0.0027686
0.001405446
0.0003401805
7.990193e-05
0.0009220008
0.002866896
0.004654827
0.005746273
0.006478159
0.007649398
0.009688484
0.01055066
0.009158156
0.007657337
0.006966544
0.006115635
0.004778285
0.003116108
0.001085353
-0.0007797572
-0.00218947
-0.00379551
-0.005929799
-0.008347482
-0.01048781
-0.01248707
-0.01501936
-0.01706566
-0.01784073
-0.01844468
-0.01921152
-0.01931328
-0.01800476
-0.01602814
-0.01486162
-0.01487985
-0.01566949
-0.01621596
-0.01619197
-0.0159105
-0.01546529
-0.01465735
-0.01300338
-0.01083695
-0.008500461
-0.006571514
-0.005240604
-0.004428042
-0.004076641
-0.004382451
-0.005155708
-0.006148841
-0.007335857
-0.008698714
-0.01019065
-0.01170675
-0.0131592
-0.01443916
-0.01503318
-0.01478667
-0.01426778
-0.01387686
-0.01346885
-0.01274503
-0.01174577
-0.01077167
-0.01025894
-0.01040503
-0.01050112
-0.01043665
-0.01095505
-0.01111633
-0.01011993
-0.009071882
-0.008854855
-0.0094001
-0.01003291
-0.01049453
-0.01130716
-0.01228993
-0.01302126
-0.01458095
-0.01727226
-0.02017111
-0.02212262
-0.02312631
-0.0242851
-0.02555328
-0.02612946
-0.02674945
-0.02767569
-0.02797359
-0.02761488
-0.02709022
-0.02614249
-0.02453001
-0.02229203
-0.02003176
-0.01810629
-0.01699769
-0.01606464
-0.01444009
-0.01245773
-0.01083722
-0.009953559
-0.009673972
-0.01013945
-0.01036614
-0.009702598
-0.008685248
-0.008007377
-0.007773705
-0.007952979
-0.008333629
-0.008943549
-0.009684542
-0.01051835
-0.01200454
-0.01368798
-0.01408938
-0.01362874
-0.01329463
-0.0126766
-0.01166834
-0.01055922
-0.008925795
-0.006862343
-0.005558568
-0.005313269
-0.005668642
-0.005993579
-0.006032358
-0.005760529
-0.005489967
-0.005311735
-0.004567415
-0.003149365
-0.001620894
-0.0005389671
0.0001379836
0.000820328
0.001421616
0.001314372
0.0005629015
-0.0003033012
-0.0005737189
-0.0003158948
0.000109543
0.0007629793
0.001499087
0.001783549
0.001749659
0.001778877
0.002124697
0.002553111
0.002641854
0.002854891
0.003542152
0.003905546
0.003690964
0.003265605
0.002767712
0.00181036
-0.0002315754
-0.001996907
-0.002498723
-0.002809429
-0.003400529
-0.003707209
-0.003984045
-0.004522396
-0.005163071
-0.006243575
-0.008359297
-0.01111406
-0.01373046
-0.01601068
-0.01793138
-0.01987383
-0.02233057
-0.02406226
-0.02450649
-0.02610224
-0.02882744
-0.03081575
-0.03163463
-0.03207971
-0.03268213
-0.03357421
-0.0344428
-0.03434739
-0.03347056
-0.03253522
-0.03188488
-0.03100312
-0.02900949
-0.02627916
-0.02340566
-0.01940238
-0.0139981
-0.008109645
-0.003328495
-0.0002844645
0.001981581
0.004270648
0.007168836
0.01039436
0.01324878
0.01474151
0.01500983
0.01483519
0.01540092
0.01697987
0.01908316
0.02230137
0.02558054
0.02781138
0.02994922
0.03054294
0.03035618
0.03073017
0.03079508
0.03000491
0.02924351
0.02810884
0.02610685
0.02428363
0.02313682
0.02230798
0.02164224
0.02074398
0.01935929
0.01824822
0.01731211
0.01532496
0.01346712
0.01295839
0.0127555
0.01251128
0.01290718
0.01268738
0.01113792
0.009847315
0.009468739
0.009233659
0.008262952
0.006507897
0.004369434
0.003038282
0.002705306
0.002855625
0.003036387
0.003341586
0.004153033
0.005375661
0.006504946
0.007370116
0.008066635
0.008129447
0.007412119
0.006171778
0.005240384
0.004892749
0.004544599
0.003768348
0.002754889
0.002417207
0.003166684
0.004905179
0.006371519
0.006941569
0.007308446
0.008189653
0.009716866
0.01190819
0.01434746
0.01522154
0.01485086
0.01457919
0.01433195
0.01367498
0.01277945
0.01188846
0.0108912
0.009114687
0.006786199
0.004507995
0.002366574
2.623012e-05
-0.002667963
-0.005303662
-0.007270071
-0.008009612
-0.008996649
-0.01101605
-0.01183834
-0.01113266
-0.01023399
-0.009467532
-0.008426866
-0.00646149
-0.003825254
-0.001055655
0.001715762
0.004344899
0.005672401
0.006121582
0.006749123
0.007513167
0.007811794
0.007622809
0.0075726
0.008073248
0.008497166
0.008330892
0.007614516
0.006903475
0.00640653
0.005577516
0.004751291
0.004644799
0.004858966
0.004960233
0.005601431
0.006921454
0.008607098
0.01073338
0.01285921
0.01391082
0.01463852
0.0160797
0.01754283
0.01795939
0.01683674
0.01534979
0.01449643
0.01431918
0.01370262
0.01193193
0.01040889
0.009728555
0.008902002
0.007970611
0.007555409
0.007750562
0.008201873
0.008915608
0.009809175
0.01066456
0.01095395
0.0111684
0.01204406
0.01343377
0.01478222
0.01537776
0.01562409
0.01613519
0.01607737
0.01515222
0.01407874
0.01291128
0.01129112
0.009280702
0.007622796
0.006887852
0.006688468
0.006495543
0.006270642
0.006234652
0.006561795
0.006899986
0.006838322
0.006079336
0.00435183
0.001682937
-0.00170312
-0.005195086
-0.008356695
-0.01076133
-0.01250592
-0.01366572
-0.01374171
-0.01292257
-0.01201779
-0.01118578
-0.01004998
-0.009251644
-0.009142075
-0.009410463
-0.009315984
-0.008673323
-0.007889476
-0.007338912
-0.00709978
-0.006765749
-0.006247647
-0.006574699
-0.007567458
-0.008372567
-0.008792817
-0.009385995
-0.01134997
-0.01297505
-0.01273778
-0.01274299
-0.01380219
-0.01412172
-0.01355121
-0.01311982
-0.01323648
-0.01333626
-0.01300612
-0.01340425
-0.01441181
-0.014273
-0.01359742
-0.01379302
-0.01389775
-0.01330733
-0.01295989
-0.01274533
-0.01206852
-0.01113809
-0.0103008
-0.009557793
-0.008673086
-0.007705938
-0.007603657
-0.008221063
-0.008818411
-0.00902769
-0.009121593
-0.009501858
-0.01035908
-0.01144613
-0.01194019
-0.01205903
-0.01256639
-0.01300328
-0.01280842
-0.01256716
-0.0129502
-0.01399386
-0.01482227
-0.01488335
-0.01417389
-0.01342932
-0.01307643
-0.01289317
-0.01242588
-0.01142089
-0.01044268
-0.009950105
-0.009803354
-0.009715248
-0.009616919
-0.009008443
-0.007798851
-0.006842847
-0.00597396
-0.004377822
-0.002252518
-0.0001455159
0.001936422
0.004529074
0.007996954
0.01161701
0.0146927
0.01639039
0.01791853
0.02097074
0.02359935
0.02407625
0.02420519
0.02527112
0.0265535
0.02712858
0.02692485
0.02615085
0.02475353
0.02259292
0.02114655
0.02062007
0.01962956
0.01779848
0.01576518
0.01401917
0.01298218
0.01278711
0.01223668
0.01092834
0.009585962
0.008063564
0.006342887
0.006788659
0.00816771
0.007843379
0.006778656
0.006477415
0.006421361
0.00602588
0.005371169
0.004394728
0.003346145
0.002850841
0.003095947
0.003883844
0.00533869
0.006548795
0.006653258
0.006829619
0.007824525
0.008658895
0.00871138
0.008260764
0.00772801
0.007459627
0.00756627
0.007990051
0.008505517
0.008913159
0.009377218
0.01027795
0.01225658
0.01479601
0.01658263
0.01744007
0.01779358
0.01753364
0.01658111
0.01505962
0.01361067
0.01254284
0.01169336
0.01087446
0.01020739
0.01006687
0.01022441
0.009972168
0.00950732
0.009454636
0.01042811
0.01125496
0.01009486
0.008047194
0.006685506
0.005644576
0.004671561
0.004076777
0.003115655
0.001696313
0.0007454029
7.18545e-05
-0.0008637586
-0.001562809
-0.002220846
-0.003392934
-0.004139986
-0.004253129
-0.004754471
-0.004916629
-0.003973456
-0.003276879
-0.003111825
-0.002662633
-0.002316213
-0.002209959
-0.001573759
-0.0003385953
0.001122781
0.002469299
0.003442128
0.003697036
0.003762421
0.004196386
0.005183794
0.006078765
0.005936815
0.005557522
0.005987258
0.007401438
0.008199093
0.007191398
0.006509725
0.007149831
0.007642599
0.006544879
0.003867141
0.00235795
0.002253217
0.001777441
0.0005754653
-0.000731046
-0.001856187
-0.002642667
-0.003163659
-0.003863486
-0.004580014
-0.004841048
-0.004525409
-0.003774505
-0.002749053
-0.00166728
-0.0006398072
0.0001341111
0.0007177166
0.001221822
0.00175545
0.002265844
0.002205927
0.00166844
0.001354705
0.001168035
0.0006799204
-8.909217e-05
-0.001393895
-0.003469612
-0.004720999
-0.004776501
-0.004960851
-0.006691004
-0.009846372
-0.01304925
-0.01494188
-0.01543122
-0.01706434
-0.02015636
-0.02260015
-0.02364526
-0.02435618
-0.02590174
-0.02758305
-0.02835724
-0.02795625
-0.02667217
-0.02469737
-0.0232021
-0.02239487
-0.02072766
-0.01807646
-0.01547082
-0.01352401
-0.0122002
-0.01197084
-0.01227656
-0.01233665
-0.01193625
-0.01147464
-0.01135249
-0.01125173
-0.01067215
-0.009878234
-0.009304482
-0.009148366
-0.009989174
-0.01166408
-0.01199092
-0.01150745
-0.01211521
-0.01314042
-0.01378367
-0.01476843
-0.01689072
-0.01975748
-0.02131771
-0.02175571
-0.02252286
-0.02379611
-0.02479846
-0.02489752
-0.02450696
-0.0240238
-0.02264502
-0.02069703
-0.01903186
-0.01720025
-0.014619
-0.01184683
-0.009119454
-0.00618467
-0.005295289
-0.006643391
-0.007912838
-0.008706903
-0.01008171
-0.01223742
-0.01456387
-0.01654071
-0.01770976
-0.01826669
-0.01862413
-0.01837835
-0.01716032
-0.01541633
-0.01412975
-0.01377613
-0.01399494
-0.0143962
-0.01472792
-0.01489921
-0.01502848
-0.01578703
-0.01682792
-0.01686079
-0.01655247
-0.01676093
-0.01619747
-0.01481126
-0.01360157
-0.01267669
-0.0115183
-0.009773415
-0.007716191
-0.005748153
-0.004625999
-0.004267815
-0.002891584
-0.0007579947
0.0005969391
0.0006535119
0.0003895433
0.001362569
0.002707935
0.002959299
0.003658686
0.005491811
0.006984695
0.007587954
0.007857995
0.008340236
0.008755553
0.008308288
0.007149315
0.005625141
0.00369837
0.002130103
0.001312016
0.0004821905
-0.001086888
-0.003315628
-0.004887475
-0.005517675
-0.006129624
-0.007564886
-0.009478628
-0.01001125
-0.00989125
-0.01088413
-0.0120793
-0.01252468
-0.01276563
-0.01329812
-0.01380871
-0.01301596
-0.01223205
-0.0132485
-0.01382713
-0.01223718
-0.009092934
-0.006927785
-0.006845345
-0.006317337
-0.00454975
-0.003773884
-0.004387317
-0.005337939
-0.005539981
-0.005076395
-0.004562989
-0.004343544
-0.004242831
-0.003829868
-0.002903154
-0.001564204
-0.000754995
-0.0007885768
-0.0008092179
-0.0005095318
-0.0003860167
-0.001101433
-0.002250899
-0.002738206
-0.002509847
-0.002198267
-0.002275503
-0.002701894
-0.003309072
-0.00318724
-0.002147092
-0.001769701
-0.002236787
-0.002517852
-0.001955393
-0.000675941
0.001137003
0.00282324
0.00403731
0.004893816
0.005579265
0.005991391
0.006432983
0.007152481
0.007938104
0.008510073
0.008792183
0.008995141
0.009409417
0.01062151
0.01207631
0.01282433
0.01281573
0.01271609
0.01361121
0.01453604
0.01400456
0.01272492
0.01196669
0.0121356
0.01275373
0.01344861
0.01366053
0.01339768
0.01306883
0.01312846
0.01345149
0.01304801
0.01216656
0.01170178
0.01183868
0.01210399
0.01212095
0.0121145
0.01262679
0.01472968
0.01754241
0.01873753
0.01909301
0.02046631
0.02263416
0.0244852
0.02554744
0.02571595
0.02498138
0.02488626
0.02584661
0.02676653
0.02664424
0.02549019
0.02358518
0.02180434
0.02064658
0.0203039
0.0203719
0.02046465
0.01990126
0.01875995
0.01765361
0.01715115
0.01715005
0.01696503
0.01640117
0.01574075
0.01510437
0.01460511
0.0145228
0.01505967
0.01602363
0.01666578
0.01699914
0.01754175
0.01845291
0.01936523
0.01941195
0.01841445
0.01668248
0.01511149
0.01376409
0.01222626
0.01146677
0.01145604
0.0114482
0.01145136
0.01169937
0.01118995
0.01027253
0.009829791
0.008688185
0.006353261
0.003802237
0.001566192
-0.000369963
-0.001705622
-0.002256287
-0.00234292
-0.003117553
-0.004527935
-0.005876361
-0.007470991
-0.009551143
-0.0117822
-0.0138502
-0.01557123
-0.01600617
-0.01586912
-0.01634362
-0.017366
-0.01826596
-0.01877688
-0.0190673
-0.0185544
-0.01712304
-0.01662235
-0.01705492
-0.01644967
-0.01522834
-0.01477568
-0.01523864
-0.0158032
-0.01600123
-0.0160698
-0.01622799
-0.01629442
-0.0163324
-0.01658811
-0.01751784
-0.01830237
-0.01799966
-0.01765808
-0.01795417
-0.01792227
-0.01762356
-0.01779042
-0.01818945
-0.0185384
-0.01914456
-0.01984514
-0.02032022
-0.02049383
-0.020645
-0.02093333
-0.02092682
-0.02038098
-0.01940716
-0.01845402
-0.01763732
-0.01641229
-0.01469471
-0.01277581
-0.01079744
-0.008754496
-0.006642966
-0.003989433
-0.0005038048
0.001942193
0.00256698
0.002182958
0.002162681
0.002774518
0.003186321
0.002981728
0.002556112
0.002276573
0.002133817
0.001968457
0.001719507
0.001473645
0.001877555
0.003110395
0.004366151
0.005310431
0.005833168
0.005961193
0.005610314
0.005419256
0.006008621
0.006849607
0.007313296
0.007453093
0.007628384
0.00798973
0.008435961
0.008841172
0.009187864
0.009216936
0.00744221
0.004736584
0.002780552
0.001601318
0.0002529273
-0.002172724
-0.005087509
-0.006992894
-0.00697006
-0.005613567
-0.004895217
-0.005215557
-0.005673149
-0.005862558
-0.006096429
-0.006812451
-0.007172169
-0.006704245
-0.006693908
-0.007455379
-0.008236098
-0.008318655
-0.00794164
-0.008537153
-0.009469486
-0.009347609
-0.009412302
-0.01019409
-0.01029762
-0.01016992
-0.01075787
-0.0112745
-0.01110161
-0.01043017
-0.009667377
-0.009066445
-0.008716574
-0.007924977
-0.006374671
-0.004958096
-0.003758188
-0.001773288
0.0003123468
0.001434458
0.001294185
0.001061852
0.001593852
0.001827211
0.0009743951
-0.001235804
-0.00338894
-0.004338221
-0.004474192
-0.005029599
-0.006506955
-0.008061633
-0.009184261
-0.01028497
-0.01151226
-0.01257171
-0.01274986
-0.01208289
-0.011023
-0.01054823
-0.0105403
-0.009594674
-0.009698819
-0.009719796
-0.005902483
-0.003490275
-0.003862835
-0.004930996
-0.005364761
-0.004214951
-0.002009211
0.0001165836
0.001260857
0.001515304
0.002490545
0.004119647
0.004451276
0.003798458
0.003446188
0.003517432
0.003451482
0.002978958
0.00241685
0.002010585
0.001441029
0.0006146738
-0.0001605753
0.0001662911
0.001308639
0.00185392
0.00155639
0.001121001
0.00106487
0.001140508
0.0007806025
0.0004469235
0.0007063607
0.001499524
0.001808158
0.001008955
0.0006691825
0.001447787
0.002303314
0.002059079
0.0008136295
-0.0001966496
-0.0005817258
-0.0008856071
-0.001664734
-0.002862294
-0.003962735
-0.004517065
-0.004419156
-0.004027966
-0.003671842
-0.003385658
-0.002915608
-0.002322246
-0.002720908
-0.003789151
-0.004571758
-0.005263666
-0.006371412
-0.007891922
-0.008641499
-0.008140703
-0.007585588
-0.007415719
-0.006770293
-0.005586061
-0.00427667
-0.002606594
-0.001044494
-0.0002672848
0.0001356962
0.0005422303
0.0003149634
-0.0003429351
-0.0007982535
-0.001205865
-0.001998071
-0.003338968
-0.004745137
-0.005766089
-0.006087544
-0.00633209
-0.007102878
-0.007804499
-0.008095398
-0.008439985
-0.008799309
-0.008837725
-0.008369551
-0.007571969
-0.006428663
-0.00542929
-0.004872699
-0.004460027
-0.00409573
-0.004003874
-0.004088333
-0.004231859
-0.004456849
-0.004390697
-0.003722686
-0.003468717
-0.003764973
-0.003506475
-0.003048169
-0.003193126
-0.003778879
-0.003934419
-0.002757384
-0.001240938
-0.000380944
0.0003278075
0.001347696
0.002503948
0.003277051
0.003482598
0.003327549
0.003434099
0.004139
0.004877096
0.005062482
0.004523429
0.004191516
0.00470721
0.004911159
0.004284401
0.003575884
0.00245966
0.0006121903
-0.0004216506
-0.0008593644
-0.001952575
-0.002926399
-0.003179847
-0.003336015
-0.003372938
-0.002955217
-0.002413018
-0.001772909
-0.0004667972
0.001185909
0.00266158
0.004051178
0.005522835
0.006988219
0.008056989
0.008623464
0.009109582
0.009750285
0.01040948
0.01084052
0.01105717
0.01153103
0.01196446
0.01184231
0.01203316
0.01284686
0.01351095
0.01378861
0.01407319
0.01488128
0.01573073
0.01545469
0.01472729
0.0146202
0.01520389
0.01584618
0.01613379
0.01576703
0.01498774
0.01426986
0.01446022
0.01564693
0.01679278
0.01718978
0.0169792
0.01680282
0.01694785
0.01723198
0.01728201
0.01696372
0.01671814
0.016836
0.01722881
0.01704232
0.01608729
0.01582315
0.01643821
0.01705454
0.01737024
0.01761472
0.0175624
0.01719936
0.01668089
0.01608264
0.0154572
0.01489455
0.01403729
0.01282621
0.01232427
0.0123815
0.01214875
0.01165361
0.01130676
0.01131667
0.01164433
0.01217886
0.01246134
0.01233003
0.01195184
0.01199739
0.01253344
0.01223048
0.01084994
0.009188676
0.008627594
0.009060505
0.009480009
0.008929891
0.007278656
0.005917601
0.005397476
0.005018234
0.00470758
0.004704182
0.004483163
0.00397205
0.003511774
0.002999325
0.002460571
0.00226136
0.001688747
0.0003498438
-0.0003993762
-0.0001558495
0.000394346
0.0002688918
-0.0005002104
-0.0007590214
-0.0005969295
-0.0009112788
-0.00176072
-0.002651446
-0.003273597
-0.003627508
-0.004004131
-0.00519606
-0.006576414
-0.007102493
-0.0071225
-0.007273295
-0.007497703
-0.007090909
-0.005835768
-0.004417007
-0.00302546
-0.0011786
0.000455481
0.001252021
0.001507826
0.001810742
0.002471975
0.003055997
0.003251624
0.003599241
0.004092565
0.004167453
0.004134944
0.004544654
0.005589299
0.006455992
0.006324567
0.005028322
0.003597448
0.003424274
0.004083351
0.004521822
0.00444367
0.004050174
0.003355211
0.002839236
0.00289739
0.003813214
0.004703409
0.004761103
0.004830586
0.00564312
0.006997919
0.008038061
0.008346303
0.008491704
0.008955398
0.009664195
0.01044737
0.01119021
0.0114798
0.0115988
0.01238603
0.01310849
0.01292001
0.01218046
0.01177127
0.01190938
0.01049837
0.006957464
0.00425507
0.003089396
0.001969556
-0.0001513436
-0.002427377
-0.003626959
-0.003722252
-0.003822045
-0.005086731
-0.007149402
-0.008953116
-0.009273431
-0.008588156
-0.00793046
-0.007880698
-0.008047292
-0.007507854
-0.006592098
-0.006078171
-0.005330052
-0.004002246
-0.002680229
-0.001198503
0.0008977297
0.001927073
0.001269548
-7.128712e-05
-0.0007788286
-0.0008289404
-0.001456795
-0.002656293
-0.003521798
-0.003788393
-0.003676627
-0.003207833
-0.002777481
-0.002635123
-0.002514955
-0.001887782
-0.000293241
0.0009814837
0.001045646
0.0007432748
0.0006393765
0.0002625535
0.0002280491
0.001096446
0.002245193
0.00238276
0.000979318
-0.0004336257
-0.0008712118
-0.0007143624
-0.0005613017
-0.000429619
-0.0004275971
-0.000322783
0.0004403529
0.001333949
0.001826254
0.002482579
0.003487736
0.00447504
0.005259908
0.005948901
0.006666938
0.00778852
0.00960566
0.01188964
0.01414233
0.01491728
0.01458252
0.01433702
0.01491174
0.01583272
0.01573668
0.01474172
0.01382279
0.01357868
0.01368206
0.013568
0.01353132
0.01398182
0.01466484
0.01522707
0.01562593
0.01580965
0.01565459
0.01517285
0.01475896
0.01456667
0.01421546
0.01406674
0.01470991
0.01525041
0.01514147
0.0147835
0.01463476
0.01465882
0.01438111
0.01339335
0.01144554
0.009930047
0.009696618
0.00984393
0.009331855
0.00804182
0.006341512
0.004714816
0.003475964
0.002462282
0.001398384
0.0002451237
-0.0008311685
-0.001561135
-0.001156124
-0.0004490998
-0.001558844
-0.002996226
-0.002903719
-0.002539338
-0.002789266
-0.002663234
-0.002102797
-0.001661057
-0.001211968
-0.0008599166
-0.0009005699
-0.0008649537
-0.000422494
0.0004435924
0.001119277
0.001139668
0.001039094
0.001274171
0.001716973
0.002099351
0.002339255
0.002385422
0.002146659
0.001451197
0.001026776
0.001345373
0.001947896
0.001966315
0.001139103
0.000695933
0.0008619446
0.0004463984
-0.0007693703
-0.002213984
-0.002976688
-0.003003168
-0.002802298
-0.003063715
-0.003868252
-0.004728362
-0.005287747
-0.005656498
-0.006458358
-0.007807201
-0.009282753
-0.01020791
-0.01040419
-0.01002196
-0.009594976
-0.00938143
-0.008875485
-0.007878505
-0.007612063
-0.007972141
-0.008030965
-0.007845179
-0.008032779
-0.008973022
-0.009588674
-0.009182536
-0.008539984
-0.008249474
-0.008063965
-0.007597345
-0.006777564
-0.005653093
-0.004499413
-0.003489876
-0.002300402
-0.0007581273
0.0006253078
0.00167232
0.002632406
0.004027144
0.005850381
0.007196964
0.007975277
0.00871833
0.009569316
0.01054535
0.01268667
0.01470172
0.01399655
0.01227515
0.01223701
0.01320211
0.01350644
0.01317918
0.01214424
0.01036626
0.008588471
0.007477972
0.007024286
0.006307321
0.004920703
0.003449931
0.002927277
0.002729123
0.001963971
0.000945148
0.0004362144
0.000660386
0.0006628768
2.80257e-05
-0.0008445661
-0.001264464
-0.000890678
0.0003173272
0.001523883
0.001503548
0.001207174
0.001822289
0.003047594
0.004147217
0.004904048
0.005285969
0.005332195
0.004991417
0.004513709
0.004060647
0.003996131
0.004394436
0.004781853
0.004949189
0.005174582
0.00620312
0.00778359
0.008853098
0.008879676
0.008056508
0.007946435
0.008668161
0.008753631
0.007717279
0.006160313
0.00458892
0.003151983
0.001841484
0.001270752
0.001067521
0.000360448
-0.000965359
-0.002264985
-0.002590613
-0.002672159
-0.003191386
-0.003819136
-0.004300263
-0.004665313
-0.004648375
-0.004289558
-0.00393679
-0.003551925
-0.003045105
-0.003002506
-0.00320139
-0.003025098
-0.002412248
-0.00173309
-0.001578737
-0.002265223
-0.003702003
-0.004627288
-0.004621711
-0.004320864
-0.004780525
-0.006127425
-0.007419438
-0.008445955
-0.009640553
-0.01038525
-0.01067499
-0.01185522
-0.01333878
-0.01370831
-0.0136298
-0.01440956
-0.01660804
-0.01819985
-0.01798404
-0.01760107
-0.01785651
-0.01797752
-0.01737653
-0.01652718
-0.01687219
-0.01753979
-0.01694374
-0.01589385
-0.0153251
-0.01489662
-0.01503518
-0.01607557
-0.01708959
-0.01752997
-0.01762742
-0.01750396
-0.01732335
-0.01737664
-0.01750448
-0.01738023
-0.01696314
-0.0163123
-0.01531917
-0.01423474
-0.01337689
-0.01330914
-0.01351248
-0.01267198
-0.01090228
-0.009196115
-0.008587754
-0.008600926
-0.008321925
-0.007628383
-0.006899918
-0.006168438
-0.00563217
-0.005507018
-0.005401119
-0.004787517
-0.003322843
-0.002023221
-0.001722744
-0.001476217
-0.0007825032
-0.0004110848
-0.000356557
-0.0001944459
-0.0001022745
-0.0001885593
-0.0003265309
-0.0001047271
0.0005739141
0.001238993
0.001252585
0.0004500832
-1.631481e-05
0.0002201
0.0003829262
3.417257e-05
-0.0006363397
-0.001197968
-0.001420763
-0.001282906
-0.001768547
-0.003335765
-0.005075459
-0.005957343
-0.005860779
-0.006054794
-0.007192318
-0.008879764
-0.009615366
-0.008920678
-0.008051903
-0.008064778
-0.009135384
-0.0107871
-0.01240396
-0.01279621
-0.01255912
-0.01287422
-0.01350624
-0.01396356
-0.01446169
-0.01529313
-0.01603302
-0.01448793
-0.0120575
-0.01134356
-0.01187329
-0.01203146
-0.01108358
-0.009467377
-0.007785073
-0.006761695
-0.00628447
-0.005803791
-0.005032727
-0.004138732
-0.003705214
-0.003854727
-0.00430497
-0.004860752
-0.005413832
-0.005358586
-0.005083541
-0.005302352
-0.005700605
-0.005862441
-0.006333473
-0.006844733
-0.00670107
-0.00625887
-0.006086999
-0.006249681
-0.006006973
-0.00513914
-0.004896413
-0.005443227
-0.006035315
-0.006324004
-0.006486204
-0.0066802
-0.006805381
-0.006643912
-0.006061117
-0.005370139
-0.005082692
-0.004575653
-0.003414214
-0.002713272
-0.002620751
-0.00237637
-0.001959856
-0.002083461
-0.002628347
-0.003097182
-0.003336377
-0.003618204
-0.004180361
-0.004896592
-0.005460361
-0.005681238
-0.006786408
-0.009120232
-0.01009402
-0.009551408
-0.009138791
-0.008961703
-0.008698782
-0.009278763
-0.01018605
-0.01029681
-0.009894356
-0.00974376
-0.01008079
-0.01084125
-0.01178216
-0.01232488
-0.01262286
-0.01315436
-0.01375798
-0.0142935
-0.01499451
-0.01537
-0.01509745
-0.0148756
-0.01503145
-0.01518696
-0.01478271
-0.01379084
-0.01272849
-0.01175224
-0.01058828
-0.009062614
-0.007329959
-0.005586094
-0.003953046
-0.002409087
-0.0005740385
0.001121745
0.001459261
0.001233976
0.001579041
0.002143467
0.002755498
0.002251357
-0.0006438989
-0.002380752
-0.001944062
-0.001283866
-0.001583292
-0.002432352
-0.003205531
-0.003639442
-0.003821838
-0.00382697
-0.003628902
-0.003100182
-0.002691847
-0.002524909
-0.001427123
0.0002666087
0.001429937
0.001972532
0.002374217
0.002696084
0.003469945
0.005179283
0.006808369
0.007653784
0.007663826
0.007914368
0.009167137
0.01029353
0.01046918
0.009976848
0.009229458
0.008374173
0.00772653
0.007289956
0.006880229
0.006585075
0.006498563
0.006230795
0.005424792
0.004127921
0.003491894
0.003468235
0.002732975
0.001730394
0.001346083
0.0009770279
0.0002773682
-0.0003593963
-0.000228083
0.0004942113
0.001045411
0.0009773542
0.0004475164
0.0005478015
0.001278194
0.001500798
0.001009585
0.0004613775
0.0006967612
0.001304732
0.00150453
0.001408948
0.001475666
0.002009668
0.002832062
0.00362207
0.00382913
0.003630732
0.003729735
0.004297577
0.004907829
0.004760744
0.00408657
0.003498383
0.003513102
0.00390238
0.003345611
0.001799948
0.0001409856
-0.0006292362
-0.0008299634
-0.00154837
-0.002942069
-0.004371565
-0.004981493
-0.005086481
-0.005359889
-0.005593423
-0.005511926
-0.005265304
-0.004876991
-0.004294772
-0.003669035
-0.003196306
-0.003071258
-0.00329249
-0.003627985
-0.003441681
-0.002888864
-0.002495841
-0.002403264
-0.00227729
-0.001354625
-2.626095e-05
0.0009068482
0.001360168
0.001656924
0.001884427
0.002238687
0.002797074
0.003145565
0.00284629
0.001655035
0.001182208
0.00232904
0.003815762
0.00452681
0.004614749
0.004849224
0.005387269
0.005312915
0.004902568
0.004896681
0.004192089
0.00276372
0.002314781
0.002868774
0.003414741
0.003607916
0.003687062
0.00390474
0.004246459
0.004531988
0.0044717
0.003926085
0.002961238
0.002430412
0.002634595
0.003221071
0.003514182
0.00335776
0.003416689
0.004231434
0.00584775
0.006751511
0.006698441
0.007149537
0.008038129
0.008478354
0.008242069
0.007963058
0.008424726
0.008483751
0.007347757
0.006607391
0.006348815
0.005422016
0.004463867
0.004053214
0.003667042
0.002532037
0.0008127838
7.129964e-05
7.498855e-05
-0.0005345722
-0.001433957
-0.001779922
-0.001866885
-0.002029756
-0.002174058
-0.002355308
-0.002429544
-0.001961212
-0.001082062
-0.0001724917
0.0005408127
0.001226
0.002155404
0.00327784
0.004331936
0.004878839
0.004886674
0.004546459
0.004154158
0.00367764
0.002815661
0.001621848
0.0004052965
-0.0001011646
-5.099615e-05
-0.000302514
-0.001241618
-0.002625269
-0.004315856
-0.005891465
-0.007033673
-0.007868231
-0.008689555
-0.009595355
-0.0104585
-0.01114318
-0.01158077
-0.01167954
-0.01112361
-0.01071374
-0.01098415
-0.01109115
-0.01046269
-0.00927017
-0.007925118
-0.006528576
-0.004862636
-0.003268359
-0.002213085
-0.001900728
-0.00187335
-0.001471984
-0.0006573121
0.0002741077
0.001563251
0.003003739
0.003770787
0.004003714
0.004338959
0.005181736
0.005823583
0.00549455
0.004970299
0.004890144
0.004667143
0.004007962
0.003210113
0.002714276
0.002425192
0.001904723
0.001226008
0.0007103906
0.0005726901
0.0008535946
0.001485282
0.001726106
0.001542081
0.001934695
0.002705571
0.003043111
0.003458954
0.004042997
0.003800315
0.003030254
0.002560593
0.002678007
0.003154841
0.003795254
0.004360249
0.004749573
0.004522584
0.004146539
0.004252646
0.004355339
0.004278641
0.004701163
0.005099761
0.00488089
0.00470665
0.004733337
0.004313527
0.004024959
0.004410116
0.004524402
0.00401251
0.003397393
0.003431499
0.003754121
0.003281002
0.00280123
0.003214079
0.003561046
0.003551593
0.004263305
0.005247838
0.005727954
0.00636919
0.007432465
0.008536864
0.009695055
0.0108349
0.0110756
0.01137443
0.01301284
0.01412645
0.01374867
0.01313882
0.01356346
0.01478055
0.01508993
0.01456721
0.01501224
0.01634827
0.01737469
0.01720615
0.01622526
0.0151531
0.01501046
0.01540075
0.01497023
0.01413201
0.01383636
0.01391683
0.01372964
0.01289442
0.01193116
0.01117496
0.009797743
0.008004974
0.006655249
0.006114152
0.005616101
0.00402936
0.002059649
0.0007511866
0.0001373116
-0.0005737735
-0.001941706
-0.004120201
-0.006302245
-0.007269062
-0.007529687
-0.007610212
-0.006831403
-0.006130814
-0.006311092
-0.006245493
-0.005495159
-0.004717372
-0.004642167
-0.004920305
-0.004580453
-0.003643811
-0.002799817
-0.003096997
-0.003847721
-0.003531498
-0.002488632
-0.001768981
-0.00210235
-0.002844076
-0.003210198
-0.003604881
-0.004219792
-0.004406169
-0.003950461
-0.00318832
-0.00255353
-0.002167397
-0.001826714
-0.0008187858
0.0007829544
0.002167839
0.002612706
0.002050155
0.001905203
0.002373502
0.002110259
0.001380422
0.00119425
0.001999953
0.002602165
0.002034137
0.002148034
0.003539237
0.004025813
0.003324406
0.002793422
0.003100243
0.003772654
0.004169085
0.003788422
0.002842439
0.002467009
0.002537989
0.002247398
0.002038911
0.002039448
0.001440621
0.0007097318
0.0005521452
0.0006293604
0.000731662
0.001297897
0.001700547
0.001434788
0.001299833
0.001175986
0.0002417577
-0.001181242
-0.00250442
-0.003674933
-0.004905411
-0.006296991
-0.007762997
-0.009024584
-0.009929569
-0.0110001
-0.01223395
-0.01308233
-0.01340521
-0.01350222
-0.01362541
-0.01389031
-0.01420635
-0.01428891
-0.01391829
-0.01314758
-0.01295579
-0.01330557
-0.01308494
-0.01266895
-0.01275413
-0.01258756
-0.01189911
-0.01115841
-0.01092997
-0.01106036
-0.010969
-0.01046296
-0.009737646
-0.0091436
-0.008671049
-0.008034474
-0.007559846
-0.007530661
-0.007581771
-0.007399502
-0.007035148
-0.006684652
-0.006415599
-0.006137216
-0.005530469
-0.004558206
-0.003862946
-0.003602892
-0.003383911
-0.003014747
-0.002590016
-0.002103191
-0.001578707
-0.001088293
-0.0008518134
-0.0007400925
-0.0003406268
0.0002652277
0.0007381366
0.0007579128
0.0006602351
0.0008625688
0.0009503034
0.0006118591
0.0004907365
0.0009491048
0.001797261
0.002483885
0.002929875
0.003489009
0.004144587
0.004730814
0.005419674
0.005563781
0.004492114
0.003758235
0.004086026
0.004530593
0.004298901
0.003674788
0.003812082
0.004537053
0.004922281
0.004870351
0.004873358
0.005369761
0.006165729
0.006904592
0.007502269
0.007905211
0.007841673
0.007319172
0.006730434
0.007179078
0.008169377
0.008608933
0.008560563
0.00865905
0.009196696
0.009458889
0.008778686
0.007977954
0.007741478
0.0079218
0.00829291
0.008773706
0.0091187
0.00927525
0.009423539
0.01011696
0.01124623
0.01212855
0.01241171
0.01238877
0.01291178
0.01397004
0.01485547
0.01554652
0.01629999
0.01661211
0.01683403
0.01756783
0.01797981
0.01758541
0.01668285
0.01577929
0.01521756
0.01625404
0.01709059
0.01543406
0.01329589
0.01294597
0.01452937
0.01575474
0.01533623
0.01405161
0.01345362
0.0140406
0.01452964
0.01417185
0.01331489
0.01282712
0.01296367
0.0131026
0.01299339
0.01300617
0.01272074
0.0117518
0.01056394
0.009871571
0.009761349
0.008808323
0.006526248
0.003688435
0.002050421
0.001881405
0.001069942
-0.001024462
-0.003379378
-0.004898881
-0.005505345
-0.005546364
-0.005674001
-0.006028833
-0.005965358
-0.005400208
-0.004742309
-0.004381944
-0.004223894
-0.003945501
-0.003386617
-0.002689468
-0.002707552
-0.003599037
-0.004832776
-0.005648873
-0.005947261
-0.006244775
-0.006824786
-0.007465556
-0.007479547
-0.007268014
-0.008133515
-0.008964288
-0.008523614
-0.007659131
-0.007455979
-0.008111219
-0.008167321
-0.007124142
-0.007363838
-0.008722722
-0.00930256
-0.008863928
-0.008268044
-0.007952969
-0.008163674
-0.008758588
-0.009073898
-0.008903746
-0.008536556
-0.008585064
-0.009160883
-0.009761847
-0.009779061
-0.009018784
-0.007976539
-0.007401192
-0.007934964
-0.009122731
-0.01013813
-0.01001889
-0.009437982
-0.009493384
-0.009253073
-0.007993244
-0.007715329
-0.008250936
-0.007907412
-0.006708752
-0.005342057
-0.003749601
-0.003287407
-0.005094353
-0.006330394
-0.005873651
-0.00580459
-0.007175602
-0.009063775
-0.009541204
-0.00901987
-0.008979908
-0.009818857
-0.01053972
-0.00990993
-0.008476389
-0.007229922
-0.006973138
-0.007364781
-0.007587917
-0.007305015
-0.006735214
-0.005850677
-0.004719322
-0.003580221
-0.002638351
-0.001855151
-0.00107509
-0.000125341
0.001080379
0.002049445
0.002408169
0.002095461
0.001867999
0.00229166
0.002676626
0.002605366
0.00268939
0.002923968
0.002793059
0.002295812
0.00172604
0.001211828
0.000920269
0.0008521825
0.000711455
0.0003837252
-1.348922e-05
-0.0003941077
-0.0006716903
-0.0003651715
3.984294e-05
-0.0001537475
-0.0001028241
0.0008838282
0.002202723
0.003124656
0.003397149
0.003447463
0.003797179
0.005139778
0.006593747
0.006709057
0.00605781
0.005888618
0.006903729
0.007791083
0.007275756
0.006921195
0.007694977
0.008713316
0.009603242
0.01076475
0.01151866
0.01189914
0.01299851
0.01428709
0.01488152
0.01513337
0.01555929
0.01613508
0.01664588
0.016805
0.01563303
0.01430882
0.01446281
0.01537811
0.01590688
0.01592258
0.01544699
0.01438985
0.01368357
0.01358289
0.01339956
0.01310553
0.01291355
0.01206628
0.01074209
0.009627583
0.008606361
0.007599151
0.007105199
0.007005394
0.006766047
0.005611406
0.004596309
0.00501901
0.005368315
0.004270379
0.002096423
0.0008578533
0.001709239
0.002676566
0.002237706
0.0007362216
-0.0002567054
-0.0001355878
0.0003342416
-0.0001766242
-0.002114895
-0.003617904
-0.003914026
-0.004031621
-0.004537682
-0.005235335
-0.006262734
-0.007066197
-0.007043507
-0.007014163
-0.007580998
-0.008457953
-0.009198023
-0.009701643
-0.009969857
-0.0101636
-0.01034425
-0.01056044
-0.01070822
-0.01021707
-0.009333446
-0.008659951
-0.008471722
-0.008642432
-0.00909797
-0.009490726
-0.009578218
-0.009171764
-0.008728304
-0.008773014
-0.009211822
-0.009601928
-0.009345722
-0.009007472
-0.009388437
-0.009969467
-0.01014989
-0.01000065
-0.009943345
-0.01006321
-0.009821185
-0.009477837
-0.009797405
-0.009515763
-0.008036088
-0.007336282
-0.007507099
-0.007359484
-0.006565151
-0.005765809
-0.005605006
-0.00665892
-0.008085814
-0.008209277
-0.00745811
-0.007056408
-0.00734257
-0.007996836
-0.008938557
-0.009883715
-0.010608
-0.01093395
-0.01098661
-0.01093948
-0.01112009
-0.01147781
-0.01166763
-0.01155536
-0.01120885
-0.01046099
-0.009568008
-0.008861491
-0.008362212
-0.007920113
-0.007501734
-0.007144266
-0.006861266
-0.006367756
-0.005747209
-0.005468392
-0.005632521
-0.006108246
-0.00667378
-0.007002313
-0.006721088
-0.006877156
-0.007969708
-0.008182798
-0.007465196
-0.007109975
-0.00719136
-0.007256904
-0.007339452
-0.007467231
-0.007571421
-0.007558999
-0.007504222
-0.007508272
-0.007480535
-0.007333874
-0.007167919
-0.007053658
-0.00696368
-0.006852752
-0.006715735
-0.006573941
-0.00644151
-0.006315955
-0.006189619
-0.006059677
-0.005928315
-0.005797938
-0.005668724
-0.005539592
-0.005410013
-0.00528003
-0.005150264
-0.005020661
-0.004891012
-0.004761326
-0.004631635
-0.00450201
-0.004350339
-0.004020648
-0.003544017
-0.003121592
-0.002798529
-0.002483236
-0.002112852
-0.001705507
-0.001303287
-0.0009202864
-0.0005446893
-0.0001639808
0.0002228124
0.0006101755
0.0009949751
0.001378215
0.001761962
0.002146666
0.002531655
0.002916201
0.003300506
0.003684883
0.004069394
0.004447452
0.004713944
0.00494332
0.005806104
0.006554733
0.006111972
0.005613904
0.005984168
0.006250554
0.006192748
0.006498593
0.007144779
0.007602716
0.007456568
0.007067624
0.006871762
0.006903736
0.006938437
0.006844067
0.006678143
0.006619572
0.007110599
0.008008803
0.008903981
0.009330752
0.009156379
0.008325925
0.007405267
0.006786776
0.006394422
0.005996093
0.005519977
0.004681469
0.003509708
0.002775415
0.002594002
0.002529113
0.002174117
0.001633716
0.00126885
0.001270102
0.001481073
0.001443152
0.001193026
0.001051889
0.0005944861
-0.0003380054
-0.0003964387
0.0003137981
0.0002518789
0.0001147039
0.0003520521
0.0003797678
0.0005376719
0.001473558
0.002128582
0.001906597
0.001372581
0.001094038
0.000905269
-0.0001244774
-0.001241082
-0.001219495
-0.000939841
-0.001204101
-0.001267147
-0.0008394492
-0.0002916118
0.00037779
0.001121302
0.001584754
0.001798497
0.002035786
0.00259249
0.003268157
0.003573938
0.00345836
0.003254848
0.003494224
0.003967221
0.004236412
0.004612354
0.005202335
0.005307463
0.005224
0.005649508
0.005997748
0.00595237
0.006073162
0.006064954
0.005539633
0.005231817
0.005475649
0.005882273
0.006372722
0.006902421
0.006391729
0.005417409
0.005258136
0.006081301
0.007083068
0.00762586
0.007723836
0.007714149
0.008294648
0.009239259
0.009555759
0.009156943
0.008595915
0.008222696
0.007971102
0.007719656
0.007247596
0.006579071
0.006276431
0.006553412
0.007191888
0.007413856
0.007021717
0.006369676
0.006098503
0.0064359
0.006981642
0.006968795
0.005677326
0.00475822
0.005314164
0.005710984
0.005256483
0.004743038
0.004719107
0.004946482
0.004862147
0.004749437
0.005112626
0.005141208
0.004866406
0.005587233
0.006558297
0.006693398
0.006584715
0.006922231
0.007699987
0.00826543
0.008258561
0.007775787
0.007367634
0.007315919
0.007055615
0.006583977
0.006729325
0.007190158
0.007314576
0.007085049
0.006840123
0.006715276
0.006078212
0.004747669
0.004033162
0.003723751
0.002843364
0.002704505
0.003740621
0.004657968
0.005075878
0.005541881
0.006311607
0.007056008
0.007225131
0.007056645
0.006861341
0.006070786
0.005011061
0.004356712
0.003613646
0.002408927
0.001101759
0.0002541923
1.367474e-05
-0.0005067314
-0.001276862
-0.001144308
-0.0008418847
-0.001276168
-0.001463067
-0.0008270838
0.0001786231
0.0003498826
-0.0003140798
-0.0008356656
-0.0009751093
-0.001170942
-0.001344488
-0.001318989
-0.001135147
-0.0009970783
-0.0009491256
-0.0007758864
-0.0005416805
-0.0004427205
-0.0001129033
0.000454014
0.0004295058
0.0001079715
6.105759e-05
-0.0001735745
-0.0006933435
-0.001172246
-0.00169206
-0.002220919
-0.002345984
-0.001917868
-0.001281864
-0.001630807
-0.002567884
-0.002391969
-0.001477541
-0.0008289084
0.0002788168
0.001440374
0.001663484
0.001933774
0.002872791
0.003407647
0.003568049
0.004196356
0.004936595
0.004994016
0.003937901
0.003058798
0.003193827
0.003421757
0.003051684
0.002329089
0.001892723
0.001837719
0.001812524
0.001594644
0.001284346
0.00134596
0.001713296
0.001844964
0.001886292
0.002101602
0.001926381
0.001453189
0.001210576
0.001313805
0.001479828
0.001470629
0.001404087
0.001499795
0.001756974
0.002006751
0.002108907
0.002319415
0.002720717
0.00261084
0.002238685
0.002289049
0.002463788
0.00263869
0.003428046
0.004038206
0.003488153
0.002580117
0.002129396
0.001970621
0.001864157
0.001659266
0.000713844
-9.073475e-06
0.0006672873
0.001161158
0.0006541365
0.0002843848
0.0005310393
0.0009184547
0.0008229963
0.0003903678
0.0002189531
0.0001822943
-0.0001330534
-0.0008625914
-0.001734809
-0.002455227
-0.002530489
-0.002328723
-0.002823505
-0.003696816
-0.004203135
-0.004219564
-0.003933146
-0.003415669
-0.002911632
-0.002542333
-0.002321302
-0.002543596
-0.003433845
-0.003810978
-0.003441311
-0.003378636
-0.003931254
-0.00463893
-0.005179329
-0.005767183
-0.006680233
-0.007407515
-0.007619934
-0.007449319
-0.007297886
-0.007296235
-0.007237399
-0.007133074
-0.007246831
-0.007339953
-0.007082196
-0.006274814
-0.00585122
-0.006620462
-0.007255033
-0.007009307
-0.006611664
-0.006634693
-0.006902729
-0.00689395
-0.006669813
-0.00664321
-0.006736074
-0.006661832
-0.006273227
-0.005568006
-0.004606191
-0.003983894
-0.00387193
-0.003966017
-0.004046244
-0.004202996
-0.004210631
-0.004140129
-0.004427554
-0.004926856
-0.005265427
-0.00528264
-0.005425909
-0.006066875
-0.006506503
-0.0064037
-0.006168308
-0.006256459
-0.006702797
-0.007119102
-0.007169187
-0.006725987
-0.006538554
-0.006995805
-0.007360608
-0.007535707
-0.007974795
-0.008140105
-0.007863152
-0.007744746
-0.008092242
-0.008635437
-0.008799819
-0.008770459
-0.009155363
-0.009600155
-0.009631456
-0.009539709
-0.009702189
-0.0101369
-0.01054162
-0.01057883
-0.009987735
-0.009427785
-0.009341876
-0.009157523
-0.008466465
-0.007424455
-0.006902518
-0.00710597
-0.007019763
-0.0062793
-0.005311048
-0.004575963
-0.004245456
-0.004406639
-0.004594163
-0.004459265
-0.004009578
-0.003576645
-0.003462875
-0.003187974
-0.002482341
-0.002238512
-0.002534672
-0.002783853
-0.002812064
-0.002843728
-0.003001591
-0.00317066
-0.003209237
-0.00316116
-0.003185329
-0.003421947
-0.003679887
-0.003770617
-0.003706487
-0.003681186
-0.003811386
-0.003995536
-0.004143971
-0.004337864
-0.004430459
-0.004231892
-0.004027736
-0.00408187
-0.004398838
-0.004509708
-0.004229638
-0.004061227
-0.00421322
-0.004470515
-0.004522022
-0.004422666
-0.004581518
-0.004786339
-0.00456472
-0.003936237
-0.003390642
-0.003411325
-0.003408224
-0.002913176
-0.002609929
-0.002575982
-0.002203273
-0.001704282
-0.00153783
-0.001693099
-0.001751657
-0.00146595
-0.001060323
-0.0008116115
-0.0007904129
-0.0009580684
-0.001269794
-0.001252097
-0.000896771
-0.0006808041
-0.0008452652
-0.001209889
-0.00142021
-0.001431413
-0.001393372
-0.00127179
-0.001057688
-0.0008460636
-0.0007184585
-0.0006554745
-0.0004560886
-0.0001051495
0.0002245412
0.0005698996
0.001168445
0.00156343
0.001437778
0.001243029
0.001205006
0.001142865
0.001099898
0.0009670903
0.0005532397
0.0002639989
0.0001957417
-6.984206e-05
-0.0005159719
-0.0008522634
-0.000876392
-0.0008027643
-0.00101225
-0.001254606
-0.001170922
-0.0007020555
-0.0002429642
-8.21313e-05
-1.094664e-05
0.0002580306
0.000809833
0.001235195
0.00122792
0.001188201
0.001299427
0.001246139
0.001254264
0.001542937
0.001631671
0.001471709
0.001435622
0.001579962
0.001731182
0.001821181
0.001868812
0.001901071
0.001949132
0.001960269
0.001823923
0.001777892
0.001964985
0.002060408
0.001977968
0.001966979
0.002191406
0.00236518
0.002201344
0.001934873
0.001839362
0.001939107
0.002005289
0.001896117
0.001619365
0.001418942
0.001462711
0.00154326
0.001492538
0.001391105
0.001395233
0.001542206
0.001627037
0.001613519
0.001676349
0.001720911
0.00165084
0.001726965
0.001906289
0.001916755
0.001835561
0.001836901
0.001859552
0.001864471
0.001903583
0.002034272
0.002194986
0.002264645
0.002275066
0.002315547
0.002435709
0.002599132
0.00275173
0.002874463
0.0029699
0.002989674
0.002970912
0.002966991
0.002970649
0.002958836
0.002956255
0.002944652
0.002892703
0.002851693
0.002845764
0.002841417
0.002831169
0.002827974
0.002828483
0.002818492
0.002783245
0.002742579
0.002719607
0.002730278
0.002712188
0.002617577
0.002573445
0.002616454
0.002647742
0.002642438
0.002642355
0.002614976
0.002580709
0.002631744
0.002705402
0.002715009
0.002668374
0.002633514
0.002648451
0.002648683
0.002592135
0.002537911
0.00251083
0.002486244
0.002460893
0.00244329
0.002434876
0.002399198
0.002325757
0.002267057
0.002237491
0.002204896
0.002164196
0.002128422
0.002094786
0.002049241
0.001986052
0.001930191
0.001896589
0.001881109
0.001862219
0.001830424
0.001791169
0.001756189
0.001732167
0.001697168
0.001643078
0.001606175
0.001590734
0.001573829
0.001536965
0.001488146
0.001445205
0.001425757
0.001427308
0.001430793
0.001418739
0.00139007
0.001364864
0.001351659
0.001340016
0.001325757
0.00131327
0.00130128
0.001288189
0.00127625
0.001278134
0.001294209
0.001300545
0.00129229
0.00128039
0.001273107
0.001267825
0.001253967
0.00123234
0.001209877
0.001191589
0.001179287
0.001175078
0.001167552
0.001148961
0.001129804
0.001117618
0.001109266
0.001097138
0.001080013
0.001064571
0.001050907
0.001035234
0.001021409
0.001010486
0.0009977967
0.0009820597
0.0009655841
0.0009516072
0.0009377087
0.0009181883
0.0008981947
0.0008827116
0.0008679639
0.0008503943
0.0008310906
0.0008166945
0.000806781
0.0007947732
0.0007794723
0.0007637314
0.0007480939
0.0007324871
0.0007176675
0.0007036901
0.0006899429
0.0006758029
0.0006607004
0.0006446405
0.0006299265
0.0006172918
0.000605066
0.0005916746
0.0005771065
0.0005624167
0.0005483997
0.0005351528
0.0005208963
0.0005050856
0.0004898845
0.0004758153
0.0004615294
0.0004469019
0.0004325655
0.000418746
0.0004052592
0.0003918394
0.0003778179
0.0003634964
0.0003495244
0.0003361732
0.0003230911
0.0003099886
0.0002963486
0.000281987
0.0002678776
0.0002544457
0.0002413111
0.0002280441
0.0002146204
0.0002012119
0.0001879519
0.0001748406
0.0001618422
0.000148902
0.0001358974
0.0001229481
0.0001102043
9.76241e-05
8.5076e-05
7.248927e-05
5.994674e-05
4.75174e-05
3.518203e-05
2.287024e-05
1.053897e-05
-1.729839e-06
-1.388623e-05
-2.598447e-05
-3.803721e-05
-5.002131e-05
-6.195009e-05
-7.381762e-05
-8.559609e-05
-9.731733e-05
-0.0001090016
-0.0001206185
-0.0001321597
-0.00014364
-0.0001550693
-0.0001664436
-0.0001777522
-0.0001889957
-0.0002001794
-0.000211304
-0.0002223625
-0.0002333488
-0.0002442708
-0.0002551347
-0.0002659381
-0.0002766766
-0.000287349
-0.0002979568
-0.0003085013
-0.000318982
-0.0003293969
-0.0003397448
-0.0003500272
-0.0003602438
-0.0003703929
-0.0003804747
-0.0003904897
-0.0004004367
-0.0004103152
-0.0004201251
-0.0004298662
-0.0004395381
-0.0004491403
-0.0004586726
-0.0004681345
-0.0004775258
-0.0004868462
-0.0004960952
-0.0005052726
-0.0005143781
-0.0005234112
-0.0005323717
-0.0005412592
-0.0005500734
-0.000558814
-0.0005674806
-0.0005760729
-0.0005845907
-0.0005930334
-0.000601401
-0.0006096929
-0.000617909
