0.0007758231
0.0007751799
0.0007745577
0.0007739349
0.0007734884
0.000773325
0.0007747188
0.0007909329
0.0008225309
0.0008429881
0.0008437968
0.0007869958
0.0006072956
0.0005314031
0.0005348427
0.0006483817
0.0008739289
0.001293117
0.0011633
0.0008518287
0.0008770843
0.0008299028
0.001546221
0.001955191
0.001964016
0.001126679
7.948153e-05
-0.001911939
-0.004219207
-0.003352529
-0.0007726973
0.0003866293
0.001306601
0.0003684272
-0.0006339256
-0.0006175633
0.002492557
0.00581315
0.006158648
-0.0002656684
-0.003436736
-0.003563234
-0.001956657
0.001817736
-0.001132814
-0.008399719
-0.00973308
-0.01055852
-0.007973095
-0.005181188
-0.005765568
-0.005354299
-0.005052405
-0.001322487
0.002501906
0.002766195
-0.0005269842
-0.007980338
-0.006240914
0.004121038
0.008998738
0.009529316
0.009935535
0.001447566
0.0002491762
-0.001647771
-0.007689287
-0.008285614
-0.003759313
-0.005251326
-0.004691147
-0.0005868399
-0.001366848
-0.01563822
-0.02152869
-0.01827038
-0.006468696
-0.003926587
0.001127802
0.008209672
0.0107554
0.0105879
0.01238162
0.01185807
0.005964336
0.003703264
0.003601967
0.002713235
0.007234966
0.009683254
0.005942796
-0.004472167
-0.008946701
-0.007161334
0.0137967
0.02022908
0.0185758
-0.005223648
-0.01379808
-0.01371363
-0.0261924
-0.01808464
-0.004221262
-0.01066071
-0.0122058
-0.01505018
0.0002980748
0.02664974
0.02962639
0.03940299
0.04113961
0.01617919
0.01441532
0.005964831
-0.001244421
0.006067472
0.01619781
0.01901234
0.02261648
0.01323228
-0.001802088
-0.002812428
-0.009465229
-0.0167947
-0.01917804
0.001648523
0.009328544
0.0113764
0.02319826
0.01356085
-0.002249457
-0.001337208
-0.006894071
-0.002638852
-0.00272455
-0.005422972
-0.003132751
-0.016886
-0.04251952
-0.05219108
-0.04735281
-0.04820021
-0.03743382
-0.03344782
-0.01862882
-0.002023924
-0.007550681
0.0037687
0.03618393
0.04956821
0.05175434
0.0562975
0.05218122
0.05734454
0.05939505
0.06305263
0.06546764
0.03102787
0.005780637
-0.05463422
-0.1254074
-0.1048117
-0.07470225
-0.06030757
-0.02394508
0.0494875
0.08315783
0.05993678
0.04474205
0.03744944
0.02750458
0.01782542
0.03971255
0.03704765
0.005578457
-0.01659174
-0.01701097
-0.02068446
0.01373716
0.04263649
0.08902541
0.07887681
0.01484165
-0.04913331
-0.1783532
-0.1849035
-0.05065303
-0.05602652
0.002241452
0.05926783
0.04051448
-0.007580639
-0.001866475
0.007095491
0.03522648
0.05473903
0.05396122
0.04469579
-0.002220729
-0.01488569
-0.03173973
-0.03270207
0.001510139
-0.003898361
-0.002449829
0.009155596
0.006712982
0.001929459
-0.02894645
-0.05790825
-0.07717399
-0.08324897
-0.08145695
-0.03846073
-0.01848436
0.04183392
0.1015162
0.1009775
0.009590492
-0.05512262
-0.1209413
-0.09703011
-0.08914462
-0.0698764
-0.06495705
-0.03878287
0.0132413
-0.008510307
-0.03970624
-0.02546214
-0.03520846
-0.03318724
0.01775576
0.03161379
0.04747455
0.08210758
0.08235339
0.08538921
0.09419487
0.09567845
0.09246342
0.08844894
0.08102046
0.03538388
-0.02550814
-0.0822753
-0.1128781
-0.05837347
-0.05029341
-0.06253206
-0.02404917
-0.04432796
-0.09413197
-0.08058489
-0.07950599
-0.05108073
-0.03423173
0.01184927
0.05078292
0.02081631
0.03321521
0.02775968
0.01829834
0.03268109
0.04915917
0.05093881
0.05380444
0.04072186
0.01771966
0.01010075
0.02414331
0.05274639
0.04420223
0.04512839
-0.01342263
-0.1949282
-0.1457972
-0.1421685
-0.184402
-0.1301284
-0.1057805
-0.02905381
0.05986327
0.1438958
0.1625624
0.1427719
0.08920866
0.06472267
0.008585904
-0.07712609
-0.001745573
0.0274672
0.01857253
0.03921799
-0.006941905
-0.02698022
-0.05771191
-0.06454397
-0.03981644
-0.03105993
-0.02958358
-0.01112686
-0.01783285
-0.02293473
-0.01403844
0.001853378
0.02395374
0.05021361
0.06624404
0.07146733
0.04257264
-0.01808546
-0.1032937
-0.08372066
-0.02009711
0.04172053
0.09426868
0.1188543
0.1220361
0.1015925
0.05764302
-0.02610825
-0.1239004
-0.0823476
-0.09600888
-0.07069175
-0.01889065
0.01069347
-0.01362783
-0.01612859
-0.03293323
-0.05423502
-0.06180724
-0.04507516
-0.02769596
-0.01565336
0.03228491
0.04652241
0.02556082
0.04384794
0.06677221
0.05749876
0.01047358
-0.0108715
-0.06312191
-0.110231
-0.09024921
-0.05264018
-0.04409464
-0.02314106
0.022132
0.05750725
0.1000962
0.1006753
0.09047237
0.07671366
0.0679934
0.05582333
-0.004636941
-0.0449347
-0.02350791
-0.03659266
-0.02666645
0.008253352
0.01338584
0.03334656
0.06592639
0.08535121
0.07707447
0.02105802
0.005641369
-0.02932266
-0.08670055
-0.06206805
-0.04907837
-0.04505849
-0.03610719
-0.02093156
0.01488244
0.05004546
0.03795338
0.03697098
0.02614446
0.01708114
0.01377585
0.008823009
0.007284156
-0.03515277
-0.07140719
-0.07663587
-0.07782371
-0.04340859
-0.03037524
0.06407446
0.07791443
0.01452984
-0.01612809
-0.03372631
-0.1200576
-0.1377764
-0.08215941
-0.06703144
-0.05554028
-0.01265961
0.04484714
0.002323571
-0.04504807
-0.06732676
-0.1016239
-0.0934431
-0.03192734
0.005648295
0.05712757
0.1527969
0.142713
0.1114802
0.09937479
0.0773506
-0.01901092
-0.09969901
-0.1364932
-0.1373154
-0.1499249
-0.1399094
-0.1134626
-0.1097178
-0.08282751
-0.0364055
-0.02489423
-0.013336
-0.0040173
-0.004848205
0.003461405
0.0254858
0.03872539
0.06305057
0.0922753
0.1047902
0.09228973
0.0761347
0.08440446
0.07869913
0.06856266
0.06717089
0.06535491
0.06240815
0.04680941
0.006149392
-0.0265468
0.006912247
0.04001881
0.04911584
0.1084392
0.1486566
0.1357063
0.127982
0.1024288
0.09240703
0.04152587
0.01520074
0.03376123
0.0219049
-0.007579218
-0.03088702
-0.03436489
-0.04286967
-0.0522817
-0.03561719
-0.03479899
-0.06574408
-0.1172366
-0.1303972
-0.1392104
-0.1460503
-0.08678109
-0.06306565
-0.004106719
0.1165677
0.01644593
-0.03451281
0.00537851
-0.03038605
-0.006621099
0.02590304
0.02058979
0.03506721
0.04279861
0.04759955
0.05360407
0.03485146
0.02272289
0.02775268
0.05164026
0.07099228
0.04846753
-0.001299163
-0.05236226
-0.1260965
-0.06406248
-0.01533095
0.01306986
0.04334842
0.01691474
0.01629591
0.02069313
0.02225604
0.03462444
0.03092666
0.008886676
0.003244166
-0.001314354
-0.006103622
-5.806335e-05
0.01520606
0.0226057
0.03315723
0.02275163
-0.005264522
-0.02528881
-0.05589801
-0.06669787
-0.03598118
-0.0008006626
0.02218765
0.04594076
0.03880202
-0.01892137
-0.0593943
-0.07429912
-0.07069561
-0.03282416
0.02147435
0.05367541
0.05265097
0.02897581
-0.05958642
-0.0770244
-0.05580906
-0.02802557
0.02077957
0.1405589
0.149281
0.1291949
0.0903109
0.0567023
-0.06255416
-0.03517056
0.06479563
0.04551672
0.09394936
0.1428977
0.1480223
0.1226796
0.1034764
0.0906165
0.04995332
0.01557957
-0.0250127
-0.04466492
-0.05437118
-0.06061075
-0.02853159
-0.004616082
0.01019676
0.04572751
0.0665192
0.08135718
0.04407498
0.002600535
-0.001069888
-0.03969127
-0.08968445
-0.07368211
-0.07470046
-0.1007747
-0.06602864
-0.04485223
-0.0324499
0.04421084
0.141489
0.07307668
0.04188072
0.04931355
-0.01240929
-0.05558923
-0.03901727
-0.0462999
-0.0004752793
0.0201337
0.03048879
0.06413487
0.07360743
0.06217815
0.04320595
0.03461634
0.02497513
0.005267625
-0.02784432
-0.05568302
-0.05806175
-0.05909908
-0.03922078
-0.01629366
-0.0109611
0.0006601173
0.01468669
-0.006789658
-0.02874284
-0.02633388
-0.0274704
-0.0266623
-0.002082085
0.007902462
0.02019357
0.03119904
0.02451291
2.00758e-05
-0.009987613
-0.01696824
-0.030281
-0.02173748
0.01394651
0.03536001
0.08605956
0.1157014
0.1016017
0.09791388
0.08549002
0.0760192
0.04661225
0.01299967
-0.05015914
-0.1400818
-0.122331
-0.1215266
-0.1263817
-0.08031041
-0.05905798
-0.01028322
0.02606193
0.02966278
0.03479943
0.04320197
0.02734463
0.03503133
0.05776721
0.06436601
0.06255636
0.05711386
0.04069316
0.0428464
0.04708788
0.05543103
0.05111055
0.01502613
-0.003807296
-0.01456241
-0.04266603
-0.03179288
0.02382396
0.05308829
0.1042192
0.08480539
0.05934849
0.06586726
0.0572052
0.04413918
0.05436575
0.04918159
0.01986816
0.003897132
-0.007656785
-0.04592224
-0.05240539
-0.04241697
-0.02271361
-0.01928437
-0.01489495
-0.005313823
-0.01795182
-0.03207746
-0.03170548
-0.0449796
-0.06378692
-0.07487208
-0.09055208
-0.1043412
-0.1117942
-0.08688655
-0.06121626
-0.05914639
-0.05054598
-0.05192304
-0.06740515
-0.06434177
-0.05747707
-0.03929961
-0.02947374
-0.01725332
-0.02553591
-0.06147696
-0.0575105
-0.05906371
-0.04531882
-0.01614635
0.01823332
0.03494602
0.05658473
0.07570972
0.07901765
0.0903176
0.1027933
0.1079807
0.1114432
0.1138923
0.09739191
0.07919933
0.03910743
0.01549547
0.02684548
0.01282556
0.01555487
0.01908462
0.008864592
-0.0175164
-0.03136892
-0.05719468
-0.07332643
-0.07466331
-0.08967119
-0.08260313
-0.07045557
-0.07957329
-0.07614194
-0.0717325
-0.07587
-0.07322292
-0.05572843
-0.03881863
-0.01213122
0.01658904
0.04036161
0.04165923
0.04264514
0.01418264
-0.003156524
-0.02539381
-0.04109714
-0.03493453
-0.04393817
-0.03921718
-0.04345985
-0.0609809
-0.06565327
-0.06856942
-0.0769753
-0.08042435
-0.05923639
-0.05099578
-0.02382458
0.02297929
0.03807661
0.02736461
0.0197785
-0.00550443
-0.01339883
-0.02441217
-0.03169936
-0.02460362
-0.03140039
-0.04469361
-0.04926604
-0.05292988
-0.0274054
-0.01280997
-0.01022983
0.003784398
0.00911649
0.001248588
0.006978404
0.01254455
0.01151705
0.008449691
0.0001558264
-0.002378927
-0.005051468
-0.008498403
0.002851662
0.006835576
0.007556062
0.01804627
0.03118037
0.02351227
0.02735831
0.0251212
0.01405555
0.004816196
-0.01063862
-0.01702302
-0.01457747
-0.01922036
-0.0225616
-0.009373561
-0.0002365487
0.0007298317
0.006829884
-0.001032553
-0.01919588
-0.02276706
-0.03514658
-0.03655743
-0.03766814
-0.03152784
-0.02477987
-0.02303213
-0.02734015
-0.01999442
-0.002163679
0.00637654
0.02425576
0.04471087
0.04001236
0.04171114
0.03385929
0.02898853
0.02662845
0.02317516
0.0338233
0.03786332
0.04036976
0.01876443
0.005674231
-0.007064664
-0.04929951
-0.03536942
-0.03357015
-0.04026953
-0.0387833
-0.02890184
-0.01259153
0.01401688
0.02181571
0.02073346
0.01767873
0.007586608
0.006601374
0.001628153
0.003068785
0.01584614
0.01786788
0.02686822
0.03909085
0.03887927
0.03801226
0.02696954
0.0146705
0.001594345
-0.004872159
-0.00503183
0.007765289
0.008965733
0.007159853
0.0118743
0.005902294
-0.001893617
-0.002532581
-0.009066154
-0.01391121
-0.01414772
-0.01651739
-0.007212769
6.286235e-05
0.005748316
0.009289944
0.009554924
0.008223336
0.007864174
0.008614635
0.008231151
0.005217903
0.001366812
-0.009307475
-0.006584165
-0.005055745
-0.01149642
-0.01308814
-0.01193854
-0.009670582
-0.01009327
-0.01213367
-0.01654962
-0.01978912
-0.02432395
-0.02738375
-0.01927436
-0.01646709
-0.01683289
-0.01173205
-0.004682689
0.004910398
0.01604849
0.01714671
0.01842079
0.03359679
0.04237196
0.04898731
0.05594068
0.04913833
0.03710775
0.009346092
-0.008273312
0.006681166
0.01899877
0.01162323
0.01215898
0.005178567
-0.007045054
-0.01570659
-0.01972795
-0.01408663
-0.01168427
-0.01422726
-0.01173529
-0.01215071
-0.01134848
-0.003739975
-0.001358604
-0.001822822
0.0004315727
-0.003545912
-0.008334983
-0.009870924
-0.01439991
-0.01645812
-0.01156901
-0.003805024
-0.002242846
0.003281786
0.005755501
0.003818792
-0.001135492
-0.001220967
-0.002989985
-0.005982287
-0.007563557
-0.008291546
-0.0100082
-0.01289268
-0.01645876
-0.01768911
-0.01895829
-0.02086773
-0.02175954
-0.02317659
-0.02057381
-0.01452465
-0.01205034
-0.005131124
-0.004632847
-0.009241671
-0.009531678
-0.01206998
-0.013457
-0.01797651
-0.02427175
-0.02134815
-0.009635979
-0.005464309
0.01800325
0.03890081
0.02998624
0.03281515
0.03379686
0.02407118
0.01524189
0.0116033
0.01235603
0.01590831
0.01275503
0.005170826
-0.009915164
-0.01638808
-0.01457371
-0.01973785
-0.01670782
-0.01406602
-0.01699323
-0.02102576
-0.02139562
-0.01999638
-0.005732685
0.001538794
0.02844981
0.03163906
0.02894388
0.04202301
0.03976979
0.0362849
0.04175435
0.0515014
0.05794053
0.06145538
0.05955983
0.04701313
0.03770101
0.01688402
0.009862535
0.01852723
0.02132061
0.02629647
0.02416223
0.01965364
0.01433271
0.0008014197
-0.01088414
-0.0125595
-0.01244875
-0.01735961
-0.01983474
-0.01698779
-0.0130919
-0.01269635
-0.006631956
-0.0005145434
0.003695922
0.01165942
0.02407292
0.02358206
0.01904051
0.01862188
0.01730523
0.0156515
0.01631817
0.02194926
0.02343152
0.02427171
0.02076245
0.01439698
-0.001977009
-0.00738681
-0.0006278732
0.003742657
0.008670612
0.01601039
0.02084838
0.014656
0.01757655
0.02434564
0.02543168
0.02497534
0.02244159
0.01532661
-0.003928441
-0.002828263
-0.007654145
-0.009488105
-0.009178406
-0.02482724
-0.03921801
-0.04027862
-0.02871571
-0.01001514
-0.00620939
0.009869697
0.01347154
0.016586
0.01482941
0.01482935
0.01729793
0.01176106
-0.01138772
-0.03595308
-0.03891304
-0.03092623
-0.01191017
-0.001101351
0.005889308
0.00509007
0.009482589
0.009963783
0.005797672
0.009079261
0.009113467
0.006414154
0.004500736
0.0005481185
0.0007526777
0.009064124
0.0162883
0.009990161
0.01136123
0.01159101
0.008796142
0.007732843
0.01577882
0.02111097
0.02442971
0.03196637
0.03256073
0.03372363
0.03692508
0.03794849
0.03827445
0.03933084
0.0372518
0.03100661
0.02607033
0.01005043
-0.001985783
0.003225555
0.0003673033
-0.005944814
0.002657849
0.009086459
0.01721215
0.02287339
0.01879263
0.01151161
0.01168529
0.006766799
0.004889098
0.01145767
0.01921674
0.01864052
0.02101581
0.01069406
-0.001979091
-0.009115798
-0.009794222
-0.01198503
-0.012378
-0.01638697
-0.03506683
-0.03527622
-0.0329387
-0.04280227
-0.0414159
-0.03522427
-0.03180263
-0.02832394
-0.02494484
-0.02479082
-0.02472212
-0.02658724
-0.03132155
-0.03824993
-0.04689185
-0.0480263
-0.04945897
-0.05106177
-0.04647157
-0.04515741
-0.04371597
-0.04095632
-0.0394965
-0.03753746
-0.03414209
-0.02659242
-0.02382741
-0.02496776
-0.02219613
-0.02727897
-0.03141698
-0.034574
-0.03638509
-0.02192266
-0.01996783
-0.02187662
-0.01837731
-0.02641052
-0.03290148
-0.03470623
-0.03599393
-0.03004968
-0.022366
-0.01634421
-0.01132237
-0.01124896
-0.01203141
-0.01827338
-0.01891246
-0.02329236
-0.02696186
-0.02387261
-0.0209291
-0.02162915
-0.01986494
-0.01623341
-0.01249127
-0.01018663
-0.008047853
-0.005074566
-0.002437107
-0.0003110959
2.029151e-06
0.00070496
0.002296759
0.002894713
0.003118296
-0.0004857789
-0.003436602
-0.004706651
-0.005779238
-0.005596627
0.001503196
0.006159806
0.01086941
0.01982666
0.02474152
0.02404533
0.02810919
0.03115673
0.03191202
0.02960435
0.02700631
0.02643828
0.02348457
0.02413851
0.02602387
0.02520909
0.02784546
0.02960329
0.02941844
0.02592992
0.01715497
0.006541876
0.006732717
0.008104314
0.009188199
0.008563653
0.009442708
0.01108971
0.01025804
0.009163536
0.009710337
0.01130493
0.01528139
0.01663214
0.01810256
0.02093666
0.01948199
0.01332532
0.01173958
6.120552e-05
-0.009342365
-0.00937337
-0.01728648
-0.02170537
-0.0225748
-0.02543546
-0.01483452
-0.01019315
-0.006661045
0.005198045
0.002422927
0.004296852
0.01345923
0.02197699
0.02716542
0.03244762
0.03397245
0.03745506
0.04077253
0.04088135
0.03953543
0.04047224
0.04076229
0.04043691
0.04045576
0.04028602
0.03756318
0.0326404
0.0293432
0.02635009
0.03497307
0.04101902
0.04065791
0.04453943
0.03925334
0.0310715
0.0207494
0.009831827
0.01016545
0.002509911
-0.005468048
-0.007206648
-0.007072458
-0.006750903
-0.008730601
-0.01125402
-0.01647447
-0.01880468
-0.01890226
-0.01609928
-0.01216258
-0.01164082
-0.009961805
-0.007762147
-0.01031018
-0.01203317
-0.01140388
-0.01177448
-0.01018607
-0.009559392
-0.009171116
-0.005797617
6.247501e-05
0.009838667
0.01645589
0.025771
0.03090856
0.01804612
0.017577
0.01653517
0.003864934
0.001828626
0.002224898
-0.0002511669
-0.0003026351
0.001177299
0.003728978
0.005761772
0.007388259
0.009702951
0.01192966
0.01356607
0.01506173
0.01702081
0.01674314
0.01537344
0.01616683
0.01607723
0.0171281
0.01767225
0.01577236
0.007886345
0.001212388
-0.01428267
-0.02715325
-0.02323137
-0.02021025
-0.01328339
-0.006783783
-0.001889025
-0.0006484156
-0.00117535
-0.002668639
-0.003479427
-0.005555241
-0.00849899
-0.01015285
-0.01141256
-0.006397285
-0.003054528
-0.004442504
-0.008174659
-0.01605075
-0.02146717
-0.02179206
-0.0233642
-0.01938225
-0.01667887
-0.0156278
-0.016477
-0.01995363
-0.02411027
-0.02695027
-0.03063358
-0.03326419
-0.0261443
-0.02294808
-0.02151688
-0.01387945
-0.01375726
-0.0122424
-0.01559542
-0.0186086
-0.02375443
-0.02939051
-0.02535429
-0.02563331
-0.02948722
-0.02960956
-0.03386785
-0.03536188
-0.0366179
-0.03859729
-0.03408924
-0.03298062
-0.02812048
-0.02219153
-0.02073382
-0.01914815
-0.01735324
-0.01532943
-0.01335604
-0.008041259
-0.004736157
-0.004457805
-0.003541935
-0.006466714
-0.01067306
-0.01365448
-0.02303584
-0.02825285
-0.02801058
-0.02762137
-0.02315175
-0.02174126
-0.01904622
-0.02078764
-0.0263694
-0.02678403
-0.02976984
-0.03481136
-0.03795778
-0.03976001
-0.03930427
-0.03112785
-0.02759519
-0.01394561
-0.006406662
-0.008193024
-0.004080347
-0.003918891
-0.002506516
1.189039e-05
0.0009110136
0.002372615
0.001113248
-0.002786824
-0.003976219
-0.006590539
-0.006019621
-0.000648974
6.102841e-06
0.001636293
0.00499807
0.00795491
0.009570606
0.01000386
0.009124922
0.006850837
0.006964275
0.006276446
0.009404515
0.01358291
0.01773733
0.01836338
0.01707277
0.0186937
0.01883431
0.01903766
0.02076889
0.02145844
0.02204755
0.02284436
0.02017972
0.01811828
0.01674671
0.01430096
0.01580824
0.01592847
0.01370821
0.01040125
0.01042091
0.01005155
0.01090418
0.01664882
0.01883771
0.02496103
0.02681204
0.02612881
0.02629907
0.02456113
0.02623102
0.02640331
0.02546083
0.02278861
0.01839435
0.01771162
0.01596875
0.01926364
0.02520387
0.02856433
0.03265424
0.03194216
0.02861972
0.02472324
0.02340401
0.01882879
0.01381351
0.01130935
0.009667039
0.01005693
0.009029265
0.01006531
0.01154096
0.01617837
0.02018189
0.0204296
0.02331441
0.02070607
0.01499346
0.009441462
0.007243394
0.008407608
0.004533771
-0.0002597242
-0.004756689
-0.009056296
-0.005204195
-0.005350293
-0.004764063
0.0006151907
0.00111211
-0.0004192338
0.0003800487
-0.0003598267
0.002178929
0.007055977
0.008591771
0.01161655
0.01036398
0.0006091455
-0.01253979
-0.02072925
-0.02064794
-0.02060282
-0.0135957
-0.01001384
-0.002230316
-0.002875264
-0.01032776
-0.0117795
-0.01828197
-0.02076481
-0.02104639
-0.01992903
-0.018858
-0.01935877
-0.01838189
-0.0146307
-0.006347472
-0.0004110672
0.008078218
0.008124799
0.0048743
0.0002700535
0.001530424
-0.0004607163
-0.001878262
-0.0001417235
-0.001339359
-0.00172617
-0.001873691
-0.00270871
-0.003067314
-0.003907383
-0.004011791
0.0001661871
0.001837282
0.003348993
0.01065175
0.01105081
0.01032861
0.01065724
0.00926321
0.009368514
0.008620151
0.007466779
0.005074612
0.0004375921
-0.001315833
-0.002490839
-0.004107499
-0.003087498
0.004700113
0.007203804
0.01540311
0.02697255
0.02588728
0.02862849
0.02217688
0.0117366
0.0006866764
-0.01368152
-0.01511277
-0.01136323
-0.002139406
0.002519672
0.008302625
0.005244542
0.0007294465
-0.0008197731
-0.00101823
-0.003458166
0.003276913
0.008889019
0.008194899
0.01131209
0.009936544
0.001608388
-0.004524912
-0.006154962
-0.005816472
0.0002819616
0.005188082
0.01256376
0.01118506
0.003502892
-0.000523961
-0.004725239
-0.004929889
-0.007126972
-0.006876712
-0.003734528
-0.003082147
-0.003688374
-0.006311739
-0.006414033
-0.007081086
-0.008573449
-0.007792401
-0.007875553
-0.00952992
-0.009678332
-0.008510723
-0.003234905
0.002217596
0.005273008
0.007631383
0.008168943
0.0023685
-0.003241833
-0.009441028
-0.01098571
-0.00729469
-0.00982991
-0.01323376
-0.01523387
-0.01691297
-0.01892996
-0.02077377
-0.02136161
-0.01864921
-0.01317632
-0.009773962
-0.009632409
-0.0074548
-0.005836364
-0.009976653
-0.01358771
-0.01378175
-0.01464993
-0.01185575
-0.005078798
-0.00577881
-0.003635365
-0.002688936
-0.008360841
-0.0129711
-0.01367178
-0.004050999
0.001355087
0.004678837
0.012102
0.01338098
0.01076126
0.003462378
0.000867814
0.0005874044
0.002055362
0.004912844
0.004993313
0.005540653
0.002464007
0.001377517
0.001554432
0.004342608
0.00555671
0.005000983
0.006451782
0.007484326
0.008015016
0.008766064
0.008498105
0.004809872
0.001609426
-0.003747366
-0.006429383
-0.003741675
-0.0005076012
-0.0003535349
0.004922859
0.009678817
0.005190718
0.00168484
0.001610364
-0.002101596
-0.00702329
-0.005504138
-0.001422998
-0.003508389
-0.003395705
-0.002962722
-0.002470996
-0.001997716
-0.002071392
-0.001902289
-0.00104687
0.001858348
0.004141032
0.003818605
-0.001303707
-0.005234573
-0.008955383
-0.01020343
-0.006118067
-0.0002999386
0.0009500033
0.009777478
0.01757038
0.0143613
0.0177952
0.01486232
0.004685945
-0.001379079
-0.01770803
-0.02696911
-0.02692714
-0.01410874
0.003062898
0.01515041
0.01643885
0.01382721
0.006073424
-0.004998992
-0.01045769
-0.01524642
-0.01154556
-0.004221895
-0.004080696
-0.001878261
0.001431252
0.001894612
0.002126094
-1.862468e-05
-0.005130606
-0.01163586
-0.009861427
-0.004725608
-0.000724833
0.00549467
0.01578824
0.0151204
0.01566257
0.01036984
0.008571546
0.00210314
-0.004446442
-0.005439057
-0.006413491
-0.006039868
-0.0011091
0.006615242
0.01132545
0.009005651
0.009572835
0.002984706
-0.005315212
-0.008164069
-0.009559045
-0.001329618
0.005287253
0.01462961
0.01576829
0.01438577
0.01197473
0.009006765
0.0001813265
-0.005745301
0.000923941
0.004454564
0.006901462
0.01730876
0.01545797
0.01381706
0.01376555
0.0139764
0.01296154
0.01091072
0.006657704
0.0009998835
-0.0006194268
-0.003100718
-0.008640219
-0.01836994
-0.02628494
-0.02764014
-0.02968744
-0.02830298
-0.02270982
-0.02152482
-0.01802756
-0.01348398
-0.009993776
-0.003419716
0.0004793506
0.0002170227
-0.001205745
-0.006605799
-0.01094411
-0.008600492
-0.01095244
-0.007753442
-0.0002751376
0.0002941128
0.0007535782
-0.0006634363
-0.003205381
-0.003982085
-0.005768852
-0.001174412
0.002192344
0.001731554
0.003720157
-0.000578468
-0.005147472
-0.01030535
-0.01215654
-0.008017063
-0.006000267
-0.004601642
1.837054e-05
0.002207939
0.001949922
0.002303802
0.00347171
0.003321977
0.003488291
0.004670956
0.005241725
0.005482682
0.003214214
0.001383543
0.0007948139
-0.0004488949
0.001767745
0.003560976
0.005462175
0.01047245
0.01782784
0.02543683
0.02541565
0.0201349
0.01695926
0.01009211
-0.002401451
-0.01244038
-0.01515005
-0.02189699
-0.02774569
-0.02854633
-0.01932155
-0.01205803
0.001617173
0.01230499
0.01086188
0.009384072
0.01497672
0.01860162
0.01990635
0.02154448
0.01471476
0.00934049
0.005504789
0.00621566
0.006739021
0.008581814
0.007166847
0.006878613
0.007329501
0.01186499
0.01673983
0.0198916
0.02086555
0.01757494
0.01555693
0.01425016
0.007371756
0.002671905
0.0008380939
-0.002330842
-0.004459225
0.00150077
0.004183865
0.005625491
0.01093716
0.01185688
0.01348672
0.009592349
0.005741375
0.00708997
0.007564389
0.005689827
0.005245173
0.004373465
-0.003566796
-0.008330445
-0.009070687
-0.008831243
-0.003826341
-0.003461668
-0.001256713
0.001103624
0.002912955
0.006480336
0.008450284
0.009496527
0.00673194
0.001654178
-0.00281016
-0.006038913
-0.005428671
-0.004821602
-0.00774126
-0.01138932
-0.009088632
-0.002083973
-0.001318074
0.002511172
0.007022468
0.00125065
-0.0003770683
0.0004530449
-0.002910462
-0.004827838
-0.004223546
-0.004847289
-0.005317403
-0.005756025
-0.00945537
-0.01314216
-0.01475988
-0.01338058
-0.009905737
-0.01045924
-0.00836973
-0.006801391
-0.00681133
-0.005304016
-0.004443646
-0.004805923
-0.004495194
-0.005597726
-0.008477843
-0.009409591
-0.01247132
-0.0142892
-0.01239362
-0.008729457
-0.006405932
-0.004903099
-0.007539308
-0.01175492
-0.01133611
-0.01315873
-0.01566919
-0.01003549
-0.005103639
-0.007356425
-0.005196896
-0.007952104
-0.009142646
-0.006172139
-0.0008910182
0.001691671
0.006503973
0.0113097
0.01475414
0.01419912
0.01352606
0.01585763
0.01618858
0.01667928
0.01749584
0.01782776
0.01746724
0.0140981
0.01128757
0.006129206
-0.003580299
-0.007276627
-0.009421359
-0.01196107
-0.01194129
-0.01385226
-0.008598861
-0.00280054
-0.0023089
-0.001493429
-0.006227386
-0.007075691
-0.007511958
-0.004402526
0.002755321
0.002271562
0.004558688
0.005401275
-0.0006724425
-0.001867869
-0.003805859
-0.005757171
-0.006329878
-0.004262698
-0.001228915
4.159359e-05
0.002103889
2.557075e-05
-0.004997479
-0.005584643
-0.009223089
-0.01288849
-0.01420025
-0.0143726
-0.01504118
-0.01262811
-0.00677688
-0.002928419
0.0003591873
0.005018098
0.004505758
0.004829119
0.007642533
0.005927822
0.003504082
0.001643957
-0.0002522822
-0.0005617804
-0.001152914
-0.001231993
-0.002938352
-0.005147912
-0.008907402
-0.01186599
-0.01234474
-0.01188933
-0.007941833
-0.006878363
0.001385983
0.00810388
0.007938164
0.009441207
0.003360285
0.001548281
-0.0001912599
-0.00374963
0.004640655
0.008735104
0.008029093
0.01240782
0.01506596
0.008237832
0.005182223
0.0001382246
-0.008749537
-0.01083767
-0.01017255
-0.005648057
0.0001036037
0.007889868
0.0150688
0.01233184
0.0149299
0.01843458
0.01869651
0.01934571
0.0136134
0.008853699
0.006970727
-0.001942191
-0.003861284
-0.001487137
-0.006579392
-0.008601157
-0.009164304
-0.009698269
8.629798e-05
0.008131867
0.01554425
0.01696367
0.01561603
0.007751936
0.006838475
0.006542219
0.01276878
0.0141161
0.01258145
0.01544274
0.01230727
0.006753733
0.006276372
0.003539454
0.004331752
0.00622016
0.004805131
0.005354384
0.00232616
-0.003507718
-0.004251971
-0.005760033
0.001906586
0.006668537
0.007864353
0.01390188
0.01478441
0.00656182
0.006181055
0.004006741
-0.001473155
-0.0002662244
0.001274454
-0.001721091
-0.002664732
-0.005691973
-0.007259499
-0.007410261
-0.008064808
-0.005161412
-0.004309459
-0.003608573
-0.001608111
-0.003517546
-0.008250519
-0.008940382
-0.01103266
-0.01334702
-0.008399024
-0.006215876
-0.005928169
-0.002467907
-0.001899616
-0.005616859
-0.005544383
-0.00582573
-0.00310774
0.006233411
0.008471405
0.01159289
0.01029356
0.000849021
-0.001601171
-0.008215498
-0.006718712
-0.003021444
-0.002856351
-0.004444147
-0.003371671
-0.002132942
-0.002171412
-0.001766565
-0.001476219
-0.001272252
-0.0009423596
5.707255e-05
0.002498813
0.003710518
0.004540357
0.001116698
-0.002591246
-0.003357889
-0.006435885
-0.009814741
-0.0078392
-0.004005001
-0.004522302
0.00071921
0.00180682
0.0005782641
0.0004081775
-0.004266409
-0.005014422
-0.006469454
-0.006418618
0.001001495
0.002803408
0.003633093
0.006424157
0.00605508
0.003154539
0.002951443
0.002060021
-0.0004265984
-0.002711544
-0.005766126
-0.008930409
-0.01636232
-0.01924754
-0.01786082
-0.01623383
-0.01258773
-0.00752968
-0.007268887
-0.008046146
-0.004775366
-0.003289534
-0.000573783
-0.0008804337
-0.001688111
-0.002267916
-0.002962232
-0.003367276
-0.003869968
-0.001353928
9.719248e-05
0.001121315
0.004754307
0.007294904
0.009483413
0.007704714
0.004694171
0.003747044
-0.0003136146
5.231146e-05
-0.0001654098
-0.001886088
-0.002759402
-0.003528438
-0.002870156
0.0008082432
0.001952959
0.003436285
0.006080342
0.003960273
-0.001462602
-0.002096824
-0.004385883
-0.00339626
-0.00230421
-0.00375331
-0.003345345
-0.002730885
-0.00257754
-0.001142857
0.005052953
0.008680808
0.007660951
0.01016627
0.01229198
0.006658689
0.005014099
0.004109319
-0.0009557467
-0.002942246
-0.003508141
-0.001244009
-0.0007463157
-0.0009587861
-3.124716e-05
-0.000369484
0.0001578347
0.002975862
0.005381128
0.006114324
0.006487726
0.007843688
0.004851058
0.002098578
-0.0008635104
-0.008777766
-0.01419276
-0.01120969
-0.01285272
-0.01082287
-0.009020107
-0.004982466
0.001418583
0.0005627038
0.003104401
0.003199078
0.0009427902
0.001937174
0.00235057
0.003372487
0.003889351
0.004788682
0.005460403
0.002737889
0.001453877
0.00168007
0.0008031785
0.002357663
0.003852247
0.004231462
0.006710105
0.007956207
0.007993862
0.009484301
0.007676019
0.00381729
0.002605272
0.0001644637
-0.001447982
-0.003091657
-0.00209554
0.001079331
0.001414247
0.005385043
0.007565519
0.006968308
0.005540883
0.003629127
0.001778103
-0.003838577
-0.005328848
-0.005549285
-0.007419041
-0.006671821
-0.001662751
0.0001931353
0.005241942
0.008051603
0.004393904
0.006735918
0.007748539
0.006061353
0.006384664
0.004967779
0.002315963
0.001397319
-0.001237122
-0.004001313
-0.006065874
-0.007493106
-0.009377076
-0.009117471
-0.003906594
-0.002735391
-0.001205121
0.002497521
0.003169542
0.002187514
-0.0004942331
-0.001722572
-0.003272864
-0.004467193
-0.000923612
0.003310459
0.006453429
0.007255292
0.004474713
0.002982398
0.001344752
0.002241101
0.002056026
0.0004256447
-0.0005698887
-0.002946698
-0.004974409
-0.005016175
-0.00132674
-0.0006408452
-0.0002534716
0.0001964703
-0.002660309
-0.005563092
-0.0073421
-0.009226232
-0.01133917
-0.01224263
-0.008625431
-0.007625089
-0.007429782
-0.004689636
-0.003007707
-0.002912673
-0.001885232
-0.001498775
-0.001401828
-0.001151714
-0.001091322
0.0009780189
0.002575785
0.002678219
0.003549935
0.00284405
0.0006077853
0.0004118977
-0.0009605989
-0.002288202
-0.002190942
-0.003003803
-0.003931432
-0.004343559
-0.004078609
-0.002755664
-0.00260242
-0.002662706
-0.002236084
-0.002246498
-0.002997378
-0.003085081
-0.004495794
-0.007518352
-0.007637843
-0.008900948
-0.01146346
-0.01233909
-0.01072411
-0.01098345
-0.01180321
-0.0115845
-0.01152526
-0.01171639
-0.01079551
-0.006917168
-0.005159959
-0.003728045
-0.001190003
-0.0002941197
0.000208155
0.001639972
-0.0001086365
-0.001430097
-0.001053307
-0.002084583
-0.003076546
-0.002410776
-0.001690465
-0.001821992
-0.001761615
-0.004307102
-0.005928874
-0.006164872
-0.006870311
-0.005774865
-0.004796142
-0.00528794
-0.005066894
-0.004728647
-0.005580512
-0.005397267
-0.004408654
-0.004430291
-0.00425252
-0.00464152
-0.008083112
-0.009787747
-0.0102755
-0.005467092
-0.002925745
8.394369e-05
0.005588537
0.004556566
0.003170583
0.001741063
0.002640765
0.003159558
0.003860544
0.004574416
0.006016953
0.006390742
0.002605462
0.001141687
0.0017328
0.0007997172
0.003641183
0.004826962
0.005659213
0.008379705
0.008496452
0.008032594
0.008109009
0.007655915
0.007202807
0.0070197
0.009427886
0.01037685
0.01042084
0.01133102
0.01148519
0.009687131
0.009387741
0.009480635
0.01118738
0.01188064
0.01212389
0.01277183
0.009494564
0.007547375
0.006787893
0.004370874
0.002975701
0.005826133
0.006126502
0.005795892
0.007847586
0.009008203
0.0098242
0.009396522
0.006526531
0.00552941
0.0008382778
-0.002114106
-0.002691945
-0.00580121
-0.005919335
-0.005271418
-0.007552347
-0.00917082
-0.009626143
-0.01031068
-0.005975015
-0.002595474
-0.00252313
-4.878677e-05
0.001564199
-0.001834991
-0.002076987
-0.001654038
-0.002214287
-0.002340891
-0.002265597
-0.00240499
-0.002421154
-0.002379518
-0.002398381
-0.002400147
-0.002392833
-0.002463346
-0.003961114
-0.005782277
-0.006258453
-0.007332825
-0.005811014
-0.002437106
-0.002391769
-0.001727691
-0.0001733824
0.0004738006
-0.002682488
-0.004410963
-0.006529412
-0.008959309
-0.00834285
-0.009856527
-0.008774295
-0.005187486
-0.005756105
-0.004945754
-0.003150671
-0.003326519
-0.002250298
9.117165e-05
0.001043882
0.002144332
0.003544206
0.004183027
0.003696439
0.004214965
0.004571598
0.004112187
0.004063825
0.003758335
0.003355761
0.003878574
0.004866532
0.00499313
0.006086158
0.007445596
0.005749804
0.003884009
0.004124405
0.003078957
0.002157059
0.002975959
0.003152747
0.003689685
0.004291094
0.004778709
0.005848395
0.009307747
0.01135906
0.01295666
0.01544124
0.01365656
0.01082175
0.01133949
0.009817874
0.008143977
0.008980909
0.00876562
0.00778445
0.006546244
0.005372335
0.004609684
0.00308235
0.001084765
-0.0001706767
0.0009139627
0.002365633
0.001607522
0.001374878
0.001689383
0.001128178
0.0008387129
0.0007730216
0.000711711
0.0005476684
0.00128982
0.002804164
0.002561045
0.002542736
0.003198885
0.002064052
0.001573013
0.001292735
0.0003222309
-0.0002804069
-0.0007374274
-0.001295884
-0.0006541385
3.657638e-05
-6.908023e-05
0.001455737
0.004233489
0.004379429
0.002608523
0.0003732297
1.972187e-05
-0.003236907
-0.005832851
-0.006028325
-0.006672321
-0.005461252
-0.002919008
-0.003261828
-0.002458268
-0.003199745
-0.004292644
-0.004060534
-0.00419445
-0.004308705
-0.005067763
-0.00861436
-0.009922712
-0.009695995
-0.008631384
-0.004696999
-0.003372333
-0.0001842107
0.001031883
0.001390757
0.003880777
0.005317863
0.005493082
0.005578232
0.005167892
0.004252239
0.005083701
0.006739197
0.006847458
0.007347954
0.008313423
0.008529288
0.00601498
0.00485376
0.004062577
0.00325226
0.004418924
0.004161821
0.002581935
0.000820058
0.0006663346
0.0006632228
4.704158e-05
-0.0005666219
-0.002205628
-0.003589321
-0.004083933
-0.005111709
-0.005671106
-0.00616003
-0.00681429
-0.007118226
-0.006380579
-0.006318815
-0.007076839
-0.00951551
-0.01035805
-0.009363638
-0.009608532
-0.007529005
-0.00622547
-0.004287279
-0.003793377
-0.00488832
-0.003891949
-0.003708477
-0.003831037
-0.00213335
0.0004249773
0.003415019
0.006868018
0.007691765
0.0070005
0.007445069
0.008067399
0.00795042
0.008047749
0.008528873
0.008455975
0.007800705
0.006792543
0.005733455
0.004350752
0.003776364
0.004679632
0.00506153
0.00489311
0.004116882
0.002978004
0.002294652
0.0007553067
0.001558974
0.001818138
0.002324818
0.005143777
0.004295602
0.003062359
0.001292475
-0.003006147
-0.00489289
-0.004486535
-0.003179974
-0.0003603332
0.002696707
0.001380904
0.0007007923
-0.0017781
-0.005703255
-0.005657871
-0.006676022
-0.005678933
-0.004453612
-0.003724355
-0.002076405
-0.0004521466
0.001069566
0.001009509
0.001190848
-0.002058313
-0.008502746
-0.008209401
-0.005638486
-0.004850901
-0.001430455
0.001243634
2.330668e-05
0.0006427778
0.000561288
0.0003955361
0.001399314
0.003446938
0.003654737
0.00408158
0.004576716
0.003398735
0.003414422
0.003576209
0.004570293
0.005275483
0.005594377
0.006526428
0.007312236
0.007998489
0.008830584
0.009940122
0.0110277
0.01194418
0.01313193
0.01373751
0.011992
0.007968605
0.003276847
0.0002221206
-0.002829325
-0.004096973
-0.004455484
-0.003621557
-0.0006567395
0.001922912
0.001736787
0.0008761722
-0.0009122898
-0.003431492
-0.002645049
-0.002053192
-0.001534414
-6.538243e-05
-0.0009233776
-0.002168792
-0.002105688
-0.00186005
-0.0007284836
-0.001597318
-0.002040939
-0.002834072
-0.004413802
-0.003241971
0.0008528465
0.005801551
0.006455003
0.004975767
0.006462048
0.005231544
0.003219763
0.002307746
0.0005918014
-0.00115021
-0.003101446
-0.004319633
-0.003721264
-0.003145841
-0.004247668
-0.004469376
-0.0050267
-0.006291822
-0.006697167
-0.007377949
-0.00829594
-0.008838768
-0.009501509
-0.01014334
-0.01010697
-0.01042036
-0.01084934
-0.01074953
-0.009900304
-0.009601932
-0.009363249
-0.007980168
-0.006173176
-0.004541633
-0.002341461
-0.0009898928
-0.001789808
-0.003766132
-0.004984224
-0.005527094
-0.004127443
-0.0005455386
0.002422224
0.001289918
-0.0009276237
-0.002188792
-0.00350283
-0.007102638
-0.004461407
-0.002781269
-0.003365422
-0.001924142
-0.0003358099
0.0004317738
3.851258e-06
-0.00143928
-0.002951539
-0.004840296
-0.006928635
-0.007533752
-0.005743534
-0.003376639
-0.002214492
-0.001169285
-0.0009681983
-0.0009597582
-0.0001768414
0.0006122973
0.003035762
0.004636313
0.004964158
0.004266669
0.001697844
0.0009008991
0.001296217
0.001018097
0.0001780846
-0.0008537263
-0.004425795
-0.00719281
-0.006552629
-0.00613117
-0.008182449
-0.008821315
-0.008228849
-0.007716978
-0.005562496
-0.002823389
-0.001491595
-0.0001559564
0.001481042
0.001222724
-0.002113777
-0.004277731
-0.007802009
-0.007432173
-0.004595646
-0.004388639
-0.002366104
0.001900394
0.003771647
0.001293596
0.001853471
0.002349456
0.0008376287
0.0002593314
2.080473e-05
-0.0005020914
0.001151121
0.002460075
0.005006674
0.006118025
0.00533159
0.005205591
0.005018139
0.006441906
0.006977547
0.007270143
0.008096512
0.005202025
0.00363114
0.001255797
-0.0006932813
0.001233346
0.0007141689
0.0002241035
0.0007480324
0.0004579512
-0.0007702848
-0.002673063
-0.004058296
-0.007024671
-0.00497216
-0.003160748
-0.004201323
-0.003527425
-0.00290315
-0.00341354
-0.002323844
-0.000778604
2.388255e-05
-0.0005763056
-0.001511857
-0.001667968
-0.002486031
-0.003374958
-0.003926827
-0.00498562
-0.006333691
-0.006982521
-0.007294147
-0.007279701
-0.007401413
-0.007284762
-0.006697277
-0.005152975
-0.002838464
-0.0004042557
0.0007945516
0.002062535
0.002692821
0.003133002
0.004075449
0.004316642
0.004614341
0.004125925
0.001041801
0.001630956
0.002558286
0.001208544
6.747665e-05
-0.0009809046
-0.002122714
-0.002445216
-0.0006321697
0.001720614
0.003125364
0.002327133
0.003818917
0.002296043
0.001071845
0.0006506921
0.001392003
0.002309703
0.00233489
0.003058186
0.003740636
0.004091658
0.005143852
0.006781032
0.008957648
0.01088276
0.01159035
0.01190751
0.01228252
0.01180143
0.009860656
0.008462
0.006649394
0.004429102
0.003954836
0.004281955
0.004981203
0.006647433
0.00943979
0.01024073
0.009675123
0.007893895
0.005133837
0.004700719
0.003511011
0.003319664
0.00460319
0.005044449
0.004934051
0.002534131
0.0003050363
0.001235522
0.002335002
0.004055272
0.004553663
0.004867613
0.003319511
-0.001077448
-0.003250871
-0.003943144
-0.003628556
-0.001345601
0.003213577
0.003857493
0.004234001
0.005139535
0.002790614
0.0007783378
-0.0004651344
-0.003352776
-0.002874212
-0.002249293
-0.001800557
0.0002986892
0.002905457
0.003549152
0.002412246
0.0009291914
-0.001423749
-0.003370168
-0.004022624
-0.005592128
-0.00795456
-0.009513955
-0.01117381
-0.01157325
-0.01203781
-0.008752612
-0.002172413
0.0006455521
0.002484831
0.004080405
-0.002819391
-0.01235242
-0.009910017
-0.008505221
-0.00338111
0.0142363
0.02474097
0.02860051
0.02552872
0.01927915
0.008615512
-0.001311101
-0.01044746
-0.02281274
-0.02394439
-0.01601792
-0.01558595
-0.01695765
-0.01594995
-0.0150945
-0.01440892
-0.009168573
0.004040648
0.008983127
0.00652951
0.0006737979
-0.02226272
-0.02996525
-0.02922189
-0.02204116
-0.005666222
0.0003346963
-0.002584531
-0.002163787
-0.006797866
-0.0185947
-0.01745806
-0.01175564
-0.005910125
0.0126713
0.006506934
0.003518034
0.006685541
-0.0004695727
-0.002615552
0.004459168
0.01053231
0.01435705
0.01300637
0.01002421
0.008895193
0.006889627
0.005285336
0.002828627
-0.008532371
-0.02133119
-0.01460832
-0.0125889
-0.005754718
0.00842106
0.008481833
0.005924005
0.001583101
-0.009236506
-0.009450649
-0.006141573
-0.005472564
-0.004707456
-0.003650114
-0.002913589
-0.003481269
-0.006871397
-0.010784
-0.01705504
-0.01953349
-0.01420215
-0.0005582838
0.02080386
0.02614891
0.02682845
0.02773035
0.02619628
0.01375389
0.001767893
0.003844857
-0.006263038
-0.01484115
-0.01136472
-0.0101771
-0.005392639
0.01270566
0.01277754
0.003847863
0.002435263
-0.006668056
-0.006675586
-0.004358205
-0.00991873
-0.014246
-0.02068043
-0.02329297
-0.009048085
0.00831456
0.02246718
0.02193065
0.01937531
0.009423573
-0.005761354
-0.009187235
-0.006108181
-0.00359184
0.001327257
0.00614999
0.004304107
0.002683678
0.001804749
0.0004632433
0.0004997116
0.006276744
0.01646472
0.01395726
0.01049588
0.01076604
-0.003834014
-0.01037459
-0.003976103
-0.007068491
-0.007837043
-0.006333625
-0.005997429
0.000361325
0.007575936
0.01558233
0.01557196
0.01027282
0.007933303
0.00103833
0.0004132236
0.002729418
0.004739481
0.0064783
0.007099337
0.0055472
0.004999213
0.004278766
0.002726977
0.003237729
0.005479217
0.008499571
0.01030633
0.008718829
0.006448274
-0.001316547
-0.008742189
-0.007382557
-0.007576363
-0.008858411
-0.007557552
-0.006950242
-0.00496101
-0.002648144
0.001887584
0.002446651
0.0007766362
0.0007993336
0.001087098
0.001717678
0.001695243
0.001582808
0.0008210786
0.0005853003
0.002234474
0.004024019
0.008199239
0.01044705
0.005824887
-0.001658217
-0.01191685
-0.01184909
-0.009641134
-0.007456664
9.650887e-06
0.003426555
0.001238617
-0.000571521
-0.003734033
-0.007959132
-0.003544608
0.0006986972
0.005131767
0.006751431
0.008470155
0.009061281
0.009827072
0.01082574
0.01089756
0.01139715
0.01093011
0.00400014
-0.003366736
-0.004506618
-0.006876522
-0.007135141
-0.004460409
-0.001914415
0.004120539
0.005547208
0.008220024
0.01061246
0.009246902
0.006806499
0.002735081
-0.0007946294
-0.002653607
0.0001606096
0.005167868
0.009754279
0.008984559
0.005679051
0.009345518
0.008767888
0.008134836
0.008706342
0.006779502
0.004747123
0.003514947
0.001529757
-0.00163529
-0.001871334
-0.0008354704
-0.0006802448
0.000419648
0.001962334
0.002938895
0.003414456
-0.001635777
-0.005927266
-0.003767658
-0.002261678
-0.003073593
-0.00230292
-0.003290341
-0.006345503
-0.00735719
-0.007773346
-0.007508116
-0.005353528
-0.001949214
-0.00058576
-0.0008331297
-0.001709988
-0.006544208
-0.006270082
-0.005977584
-0.009761347
-0.01007573
-0.009913872
-0.01136534
-0.01165214
-0.01037849
-0.007747628
-0.004969337
-0.002236407
6.115031e-05
-2.812099e-06
0.00151897
0.004322679
0.00708627
0.01096954
0.01103928
0.008822492
0.006130398
0.002637188
0.002619767
0.004075074
0.005579314
0.005488069
0.004928164
0.006015047
0.004611187
0.002298626
0.0006895495
-0.001792148
-0.004800544
-0.005287041
-0.00350685
-0.003360714
-0.00284312
-0.00218127
-0.00393606
-0.004451814
-0.003587756
-0.00332557
-0.00379843
-0.003569791
-0.003125714
-0.003150655
-0.004242774
-0.00690425
-0.01166898
-0.01219295
-0.006947364
-0.0003179175
-0.003014617
-0.00130549
0.009032133
0.00653989
0.003687914
0.003793363
-0.001234108
-0.008664413
-0.006977586
-0.002511825
0.002856783
0.007345315
0.01243214
0.01171179
0.01004194
0.004823076
-0.002258774
-0.005721953
-0.009237029
-0.009694677
-0.009553258
-0.00728784
0.001390983
0.003508628
-0.001078799
-0.000251233
0.0004791287
-0.0001754902
0.0014548
0.003910302
0.003812942
0.002393229
-0.003454621
-0.009751531
-0.00761224
-0.009980193
-0.01195136
-0.01114959
-0.01000711
-0.009342334
-0.004733661
-0.0005934457
0.0006144423
0.0004560646
0.0002500402
-0.001276605
-0.0043676
-0.006614843
-0.007628995
-0.007611529
-0.006084406
-0.003099534
0.0004952437
0.002723646
0.001904483
4.119078e-05
-0.001115881
-0.002577539
-0.004414031
-0.006151466
-0.006287902
-0.006353597
-0.006328245
-0.004635741
-0.001852609
-0.0006166846
-0.001803498
-0.002585525
-0.003256199
-0.005990785
-0.00850689
-0.009094274
-0.008158323
-0.007053385
-0.005891898
-0.005107809
-0.005319925
-0.004621576
-0.003871102
-0.003376683
-0.001564282
0.0009448695
0.002121297
0.002805585
0.002622464
0.001056275
0.001014877
0.0007057023
0.0003336311
0.0002373803
-5.297452e-05
8.034975e-05
0.0003982095
0.00105489
0.001725562
0.00343378
0.005786856
0.005987619
0.005676531
0.006560905
0.004480692
0.002783727
0.00198374
0.0007639191
0.0004190616
0.0007718977
0.0004228357
0.0003474256
0.0005921573
0.001650713
0.004387957
0.01143012
0.009392935
0.008093536
0.01043352
0.009542169
0.009892929
0.01063816
0.01064253
0.01043844
0.008430807
0.007043075
0.00542089
0.003099163
0.001010067
-6.732152e-08
-0.0007105052
-0.0008555707
-0.001135416
-0.001574934
-0.001576223
-0.001505969
0.0002837239
0.003495922
0.005355279
0.007982367
0.01052691
0.009778142
0.01040851
0.01140976
0.0116461
0.01216642
0.01268258
0.01317559
0.01321904
0.01013512
0.005570049
0.003735562
0.003345918
0.002536851
0.002854258
0.002444841
0.002548861
0.0004950933
-0.004275959
-0.004469704
-0.00395841
-0.00465606
-0.005439021
-0.001720331
0.0004938604
0.0008581472
0.005089925
0.008762808
0.01142224
0.01124234
0.009720237
0.006436868
0.00280359
0.001018167
0.0007938222
0.002365232
0.004707207
0.004933101
0.003947887
0.001730825
0.001363136
0.001669776
0.0006396028
0.001089806
0.00177191
0.001191165
0.0006393582
-0.002464825
-0.008350386
-0.01026121
-0.00755873
-0.007807687
-0.008042407
-0.006994851
-0.006481822
-0.006111958
-0.007619138
-0.008143689
-0.007385419
-0.007170662
-0.006616589
-0.005871531
-0.004059031
-0.003260882
-0.002558542
-0.002066118
-0.001716355
-0.001009249
-0.0004937836
0.0001841239
0.0005377484
0.0008297625
0.001764607
0.003019097
0.003851257
0.005143201
0.006949653
0.004871504
0.002041334
0.001500318
0.00210572
0.0009512005
0.001550326
-0.0004028554
-0.003613569
-0.004382151
-0.007952162
-0.009271532
-0.007582485
-0.008247543
-0.008900714
-0.009526542
-0.01001114
-0.01064189
-0.01101597
-0.009134749
-0.008378521
-0.007482164
-0.007295244
-0.007054236
-0.007351053
-0.007467349
-0.006769893
-0.005148288
-0.003714349
-0.002545008
-0.00223473
-0.001536257
-0.002285223
-0.00212899
-0.001472333
-0.001349736
-0.001163796
-0.0008200904
-0.000644979
-0.000883455
-0.001895949
-0.003644252
-0.004833592
-0.004631524
-0.003845997
-0.002570984
0.0001958731
0.002144473
0.001643883
0.001584613
0.0001919763
-0.0001447775
7.103448e-05
-0.0009617708
-0.001861815
-0.002540495
-0.002796469
-0.002154958
-0.0009800856
0.001503725
0.001097651
0.0001180183
0.001012838
0.0007325332
0.000155967
-0.0004279517
-0.001000995
-0.001431691
-0.002043139
-0.003546777
-0.004135768
-0.00371905
-0.004301857
-0.003815417
-0.004563513
-0.005899627
-0.008145692
-0.009443816
-0.009167654
-0.009229064
-0.01011702
-0.004587977
-0.001698506
-0.003769428
-0.00170618
-0.001088329
-0.00287677
-0.002232466
-0.002211811
-0.0029238
-0.002810318
-0.002313079
-0.002264492
-0.002398054
-0.003279984
-0.004324649
-0.004054774
-0.002968402
-0.0009732612
0.00117383
0.0009995718
0.0003275453
-0.001625807
-0.003222638
-0.001945996
-0.0002434736
0.000561667
0.001643966
0.002181892
0.002218889
0.001846706
0.001672067
0.002741094
0.003296357
0.003345464
0.003558973
0.002326505
0.0004675498
-0.001596776
-0.000809398
0.001809785
0.002591171
0.003808837
0.004618969
0.003389732
0.002203261
0.002482633
0.001783564
0.002071339
0.003925076
0.005086501
0.005559593
0.005527767
0.00617406
0.005165048
0.004111104
0.004366034
0.004176756
0.005174217
0.006850043
0.008826132
0.01118473
0.01313618
0.01298312
0.01321775
0.01195368
0.01045923
0.0096423
0.008763233
0.009140449
0.01099938
0.01185971
0.01226405
0.01218814
0.01322828
0.01279271
0.01159776
0.01118659
0.009839484
0.008141338
0.006233968
0.005523048
0.005377329
0.006817495
0.0079833
0.007959167
0.008712957
0.009424359
0.009673641
0.005399045
0.0004501976
0.00118914
0.00172626
5.846896e-05
-0.0004036085
-0.001833689
-0.002143197
-0.001191298
-0.00043181
0.0007866144
0.00116934
0.0009405396
0.001367645
-0.0006046701
0.0009659048
0.001912839
0.001265843
0.002384877
0.002561501
0.002094889
0.002210002
0.001740147
0.001628711
0.001333941
-0.0003734798
-0.001657709
-0.002336328
-0.003641607
-0.004677821
-0.004885986
-0.005413601
-0.00550415
-0.005461093
-0.005340589
-0.005308251
-0.005207512
-0.004876343
-0.004652814
-0.005145369
-0.005404934
-0.004979829
-0.004668125
-0.004758549
-0.004587996
-0.004670431
-0.005224131
-0.00525906
-0.005171685
-0.005246706
-0.00499945
-0.004129961
-0.003014812
-0.00225621
-0.001811279
-0.003512018
-0.005080925
-0.007001088
-0.007110022
-0.006489499
-0.005164704
-0.003752076
-0.002899492
-0.001427498
-1.667636e-05
0.0004343053
0.001154155
0.001471546
-0.001040774
-0.001674263
-0.001889812
-0.003231453
-0.003507801
-0.003653565
-0.001864777
-0.00099793
-0.0006580183
0.0003918315
0.0005015587
0.0006947096
-0.000374331
-0.000943574
-0.0009085417
-0.0014396
-0.00201341
-0.002371595
-0.002809493
-0.003263128
-0.003634893
-0.003692617
-0.003204649
-0.001960551
0.0006216012
0.004518358
0.004278882
0.005169899
0.004726213
0.001316279
-0.003656243
-0.004351689
-0.002472524
-0.005120476
-0.005795091
-0.006070511
-0.007597076
-0.007374164
-0.007462664
-0.006904489
-0.004737896
-0.002364985
-0.001956311
-0.002271481
-0.001683836
-0.003038054
-0.003333565
-0.002383912
-0.00214612
-0.0008460618
0.0001902114
0.0005133645
-0.001379097
-0.002186585
-0.00148509
-0.002094053
-0.001531918
0.0001662291
4.970976e-05
0.0007366728
0.001687273
0.0008767384
0.0002272736
0.000486272
0.0009273693
0.002060257
0.002339737
0.002712256
0.002270811
0.002072346
0.002335001
0.00260373
0.002815145
0.002691064
0.002598372
0.001811388
0.000192716
-0.001088372
-0.002253699
-0.00298101
-0.001083812
-0.0001902767
0.001207499
0.002914794
0.004061662
0.005503299
0.006559631
0.006379395
0.006992541
0.004610668
0.001991669
0.002333131
0.002082919
0.003073578
0.003523503
0.002483965
0.0001792453
-0.001384499
-0.001800375
-0.00151461
-0.001609669
-0.001515973
-0.00138372
0.0002159009
0.003364456
0.0130809
0.01480362
0.01166265
0.01325038
0.009372731
0.003792781
-0.002938803
0.0001708544
0.003107033
0.00399493
0.006037164
0.003456641
0.002288803
-0.001197259
-0.003526633
-0.001987399
-0.0009916804
0.0009612922
0.003991048
0.005721018
0.005867006
0.005376308
0.003630896
0.003720444
0.003107996
0.002364986
0.004133806
0.005729369
0.008195513
0.009946059
0.009406102
0.01014047
0.007822076
0.004144625
0.002563542
0.002212641
-0.0001957674
-4.741489e-05
0.00211834
0.001268793
0.001664285
0.002586929
0.002811863
0.003314387
0.004092894
0.005010354
0.005501588
0.006097743
0.00542178
0.003415084
0.003012605
0.001833224
0.0003329253
-5.423379e-05
-9.441928e-06
-0.0008827064
-0.001231746
-0.001278348
-0.001153733
-0.0002260707
1.878275e-05
0.0005783198
0.001572037
0.001963248
0.002431361
0.001750063
0.0001703881
0.000638436
0.002106341
0.002016594
0.001721619
0.002050694
0.001300661
0.000567774
0.0006851037
0.001223284
0.001137867
0.001103076
0.001560317
0.00221518
0.002220525
0.001228444
0.0009077161
-0.0005038449
-0.001396673
-0.001434347
-0.001968574
-0.0009028207
-0.0006187393
-0.001135763
-0.0007280884
-0.0009877868
-0.002019478
-0.002527832
-0.004358517
-0.004956078
-0.00432286
-0.005035148
-0.004070514
-0.003657981
-0.004429427
-0.004017137
-0.004252516
-0.004611582
-0.004453004
-0.003967406
-0.003901623
-0.004000267
-0.004033527
-0.004588142
-0.004854262
-0.005306264
-0.005921244
-0.006345912
-0.007201622
-0.008263325
-0.008638573
-0.008985803
-0.009684211
-0.008949599
-0.007672257
-0.006153234
-0.004495868
-0.003831891
-0.004022093
-0.003227888
-0.004114045
-0.004884438
-0.004932457
-0.005630929
-0.005536132
-0.004890313
-0.00504639
-0.004569183
-0.004281169
-0.005439666
-0.005921834
-0.00523755
-0.002756918
-0.002119959
-0.001923059
-0.0009361758
-0.00293182
-0.005234401
-0.004945165
-0.006344893
-0.00675507
-0.006490031
-0.00604979
-0.006027035
-0.006133115
-0.005805008
-0.00564395
-0.005678923
-0.005558254
-0.00535821
-0.005171935
-0.005221008
-0.005755283
-0.005946697
-0.006175319
-0.006492704
-0.006479537
-0.006290158
-0.003752109
-0.002539793
-0.002872322
-0.002073801
-0.002533516
-0.003577514
-0.002469146
-0.001440946
-0.0008652652
0.0006995213
0.001692557
0.002659219
0.003029895
0.003723636
0.004637533
0.00481737
0.002784119
0.002198384
0.002077479
0.001009524
0.0005229228
0.002355018
0.004648138
0.005103875
0.005784825
0.006409705
0.005147641
0.00332071
0.001352179
0.002049226
0.0030142
0.002214052
0.002209436
0.002486431
0.001726572
0.001624765
0.001694607
0.001919568
0.003739106
0.005945215
0.006701995
0.005915339
0.004566486
0.003165975
0.001904251
0.002127956
0.001433671
0.0005333673
9.952222e-05
-0.0004095196
-0.0008194061
-0.001087001
-0.001367138
-3.350878e-05
0.001019666
0.00130119
0.002228766
0.002672226
0.002823477
0.002690131
0.002818653
0.003099349
0.003402977
0.003192974
0.002351621
0.002126997
0.001456246
0.0007064221
0.001096215
0.0008519295
0.0004711829
0.001112099
0.001484697
0.001655691
0.003097381
0.003636629
0.002849723
0.003171897
0.003225836
0.003032261
0.003507865
0.004057719
0.004902218
0.003893237
0.003382185
0.003751501
0.003338579
0.002958861
0.00198985
-0.0001014444
-0.001229246
-0.002992397
-0.004013462
-0.004070632
-0.004549349
-0.005344471
-0.005756897
-0.005835145
-0.006050696
-0.005218528
-0.003682585
-0.003838615
-0.002808958
-0.001288206
-0.003458981
-0.00421483
-0.003599176
-0.001904387
-0.0001896234
0.0007262517
0.0003695218
0.0005162368
0.0001675156
-0.0001358458
0.0007505065
0.002259288
0.002581707
0.00308853
0.003387933
0.001148265
-0.0005966692
-0.0006020316
-0.0006631226
-0.0005712844
0.002166597
0.005452181
0.005245724
0.005627752
0.003812498
0.001749762
0.001331513
0.001402104
0.002720857
0.002924421
0.002919716
0.003067302
0.002673967
0.003014883
0.00436942
0.004792201
0.00472663
0.005375368
0.005666781
0.005442796
0.004558812
0.002957377
0.001059631
-0.0008761459
-0.0007529427
-0.0007749265
-0.0004360854
-0.0005004458
-0.0004774821
-0.0005718108
-0.0005720555
-0.0005527469
-0.0006946039
-0.0007317875
-0.0004961661
-0.0003576033
-0.0003216671
-7.698695e-05
0.0001562604
0.000888012
0.00280139
0.003137239
0.002738511
0.003688652
0.004315849
0.005252699
0.005963067
0.005844556
0.006348101
0.005849726
0.005374309
0.004821952
0.003959389
0.003388586
0.002542143
0.001508343
0.0005445963
0.000240752
0.0001501429
0.0005721745
0.00130563
0.001419442
0.001843455
0.001852694
0.001752609
0.001396753
0.001159862
0.0009910421
0.0007789334
0.0006353291
0.0004174218
0.0002308457
2.463145e-05
-0.000335829
-0.0005983269
-0.0008515813
-0.001340854
-0.001846966
-0.002351653
-0.003980181
-0.004615035
-0.004567526
-0.005022621
-0.003149598
-0.002301301
-0.002022044
-0.001457244
-0.001762981
-0.003013612
-0.002776292
-0.002774391
-0.003165444
-0.002703083
-0.002667531
-0.002684224
-0.002429504
-0.002187993
-0.002017974
-0.001801334
-0.001103243
-0.0003154922
2.203602e-05
0.000166956
0.0005409665
0.000717586
-0.0006833917
-0.001231267
-0.00142541
-0.002144043
-0.002763532
-0.003114012
-0.003417811
-0.003874747
-0.003967841
-0.004132627
-0.003995868
-0.003181483
-0.002984948
-0.002347388
-0.001326081
-0.001503046
-0.001484484
-0.0009073244
-0.001396492
-0.002966053
-0.001983321
-0.001003352
-0.001035089
-0.0003290676
0.0004820723
0.0006354658
-0.0003972913
-0.0004145577
-0.0001962633
-0.0004360736
0.0009329746
0.00168954
0.002088716
0.002370899
0.0003197252
-0.000215464
-0.0003006883
-0.001276313
-0.001555565
9.626647e-07
0.001082701
0.001340803
0.0008324731
0.0008279613
0.0009651355
0.000570009
0.0009689582
0.001360742
0.0009374863
0.0005536324
0.0006181528
0.0004263738
0.0001917143
9.441505e-05
-7.83954e-05
6.603903e-06
0.0009365524
0.001240369
0.0009663356
0.001066787
0.0006160492
-0.0008711098
-0.000113184
-9.441082e-05
-0.0001209152
8.207621e-05
0.001081952
0.0009784374
0.0008595302
0.0004945421
-0.0008086751
-0.0009156455
-0.001261607
-0.002014429
-0.00220982
-0.0007760131
-0.0002424555
-0.000411526
0.0004237437
0.001068538
0.0002614741
6.352733e-05
0.0005618598
0.000624902
0.0005110895
0.0007899046
0.001036997
0.001299514
0.001705022
0.002060559
0.002504915
0.002499354
0.001261268
0.001193057
0.001462425
0.001457154
0.00208819
0.00192666
0.001766735
0.00205216
0.001048548
-0.0001781868
-0.0003588684
-0.0009292546
-0.0002364291
-6.819987e-05
-0.0001977742
4.612496e-05
-0.001653732
-0.002420064
-0.001939705
-0.00251918
-0.00212747
-0.002062449
-0.003359977
-0.003539415
-0.003392931
-0.003888747
-0.003257151
-0.002694097
-0.002520198
-0.001552874
-0.002587077
-0.004551589
-0.003906782
-0.004345392
-0.005314699
-0.004416
-0.003937214
-0.004130328
-0.003598282
-0.002999096
-0.002670225
-0.002352785
-0.002394246
-0.002209098
-0.001954372
-0.001811382
-0.001647391
-0.001454249
-0.001197847
-0.0009842161
-0.0007779364
-0.0005211404
-0.000206435
4.629479e-05
5.164622e-05
2.993443e-05
0.000204008
0.0001355921
-0.00075981
-0.001310988
-0.001994478
-0.003041435
-0.002800967
-0.001887753
-0.002234528
-0.002208917
-0.001832879
-0.001843848
-0.00270091
-0.003012457
-0.003226863
-0.003896529
-0.003678862
-0.002068328
-0.001319782
-0.0008722243
-0.0005273078
-0.002353267
-0.002822935
-0.002462999
-0.001737403
-0.0002667353
0.0004586424
0.0002865294
0.000246793
0.0008445979
0.0006669857
0.0008303504
0.002282797
0.001213357
-0.0009174258
-0.0008725108
-0.00189509
-0.002737291
-0.001036191
-0.0007745466
-0.0009485603
-0.001107356
-0.002429469
-0.002346395
-0.00194143
-0.002467951
-0.002696297
-0.002725588
-0.002961097
-0.003121707
-0.003052228
-0.001660933
-0.001462644
-0.001624593
-0.0009085548
-0.0004375608
-0.0006732293
-0.002161703
-0.002243505
-0.002060482
-0.002760253
-0.002322944
-0.0006574446
-0.0003303138
8.879933e-05
0.0009026471
0.001774428
0.00272908
0.003658407
0.004367477
0.003900829
0.004097154
0.004395895
0.004246351
0.004250436
0.004089161
0.00382902
0.002885139
0.001702903
0.0009938887
0.0004627187
0.0006126321
0.001418194
0.00131966
0.001811497
0.002542191
0.002697091
0.001703594
0.001498865
0.00163741
0.001339688
0.001041817
0.00210806
0.002808055
0.002256943
0.002712484
0.00298087
0.003547952
0.00531412
0.007003796
0.008286668
0.006876395
0.005684085
0.006275434
0.005500725
0.004603682
0.004197096
0.003804365
0.003303252
0.002827054
0.002967068
0.003213797
0.002986057
0.00304539
0.003178702
0.003194387
0.003252807
0.003402851
0.003596624
0.003703511
0.003801602
0.003787123
0.003847068
0.003925627
0.00394693
0.004051988
0.004289804
0.004360531
0.003875196
0.003455737
0.003367955
0.002830708
0.002236495
0.00185675
0.00111256
0.0003495015
3.636931e-05
-0.0002853305
-0.0006051738
-0.0002064731
-0.0002952179
-0.0009791076
-0.001344551
-0.001191303
-0.001304764
-0.00132398
-0.001378512
-0.002450448
-0.003727552
-0.004183971
-0.004937595
-0.005617445
-0.005583025
-0.004589632
-0.004199086
-0.003622991
-0.003381816
-0.004480854
-0.004494392
-0.0042137
-0.004246837
-0.004488515
-0.004762005
-0.004860133
-0.005039309
-0.005576488
-0.005806853
-0.00527107
-0.005179349
-0.004306187
-0.00364107
-0.003692451
-0.003298509
-0.002863609
-0.002903109
-0.002678873
-0.002309613
-0.001701708
-0.00110558
-0.000606713
-0.0002729652
-0.001794272
-0.003446421
-0.002254378
-0.002859094
-0.003818586
-0.003588297
-0.002999278
-0.002873557
-0.001927584
-0.0007606525
-0.0001969869
-0.0002881734
0.0002816969
0.0004772949
0.0006482684
0.0008843094
0.0007522786
0.0007639303
0.001014935
0.001000888
0.0003634002
-1.381692e-05
8.091126e-05
-0.0001545835
0.000167883
0.0004201109
0.0002328616
9.032133e-05
0.0003642494
0.000682761
0.0006903819
0.0003223021
-0.00010651
-0.0003119934
-0.00103059
-0.001090928
-0.0006706006
-0.00088735
-0.0008771038
-0.001014498
-0.001996349
-0.0009879431
-0.0004133534
-0.0007895423
-0.000303376
0.001179238
0.001314682
0.001085069
0.0002467807
-0.0004518505
-0.0001391064
-0.0006038991
0.0001933753
0.001502365
0.00340383
0.003876045
0.00391903
0.004280619
0.004135635
0.004866985
0.00534611
0.005536978
0.005896679
0.00618275
0.005499525
0.004755142
0.004478751
0.003870071
0.003557474
0.003616095
0.003212408
0.002953512
0.002833287
0.00255356
0.002252827
0.002046397
0.001930089
0.0017983
0.001599421
0.001465214
0.001344879
0.001249938
0.001334953
0.001306686
0.001310478
0.001497304
0.001569402
0.001644422
0.001772538
0.001636234
0.001306895
0.001272195
0.001026258
0.0005904441
-0.000192662
-9.97201e-05
0.0007087391
0.0008600089
0.001461971
0.00225953
0.002281961
0.002675534
0.002267553
0.001962994
0.001515552
0.001194966
0.001605867
0.001467809
0.001271942
0.001386352
0.001391375
0.001516727
0.001433243
0.0004224446
0.0003377196
0.0005898495
9.906727e-05
-0.0001144661
-0.0002658672
-0.001040569
-0.001539251
-0.001350402
0.0003306612
0.0007892506
0.0007423291
0.0003977196
0.0005101319
0.0006555443
0.0005341311
0.0005762031
0.0005657466
0.00061961
0.001389125
0.001951598
0.002163689
0.001770126
0.0008406623
0.0008263155
0.0003807222
0.0004409851
0.001251232
0.0008229663
0.0007538183
0.0007393032
0.0004373549
0.0004832155
0.00114869
0.001367043
0.00161373
0.002116204
0.002017181
0.001838546
0.002155647
0.002273799
0.002286891
0.002635773
0.003258978
0.002811554
0.001152643
-2.541536e-05
-0.001215828
-0.001585901
-0.001653909
-0.001365411
-0.0005653392
-0.0007085356
-0.0007116792
-0.0003022025
-0.0003291222
-0.0003854873
-0.0005943848
-0.0006511374
-0.0006408918
-0.0007628193
-0.0008562136
-0.0008528235
-0.0006908069
-0.0006541476
-0.0006933469
-0.0007060395
-0.0007589352
-0.0009160409
-0.0009780327
-0.001064282
-0.001184377
-0.0006773331
0.00011043
-3.33066e-05
8.60837e-05
1.321182e-05
-0.0002387205
-0.0002110888
-0.0004014533
-0.0007198461
-0.0008898852
-0.001018861
0.0003664719
0.002091268
0.002365212
0.003007388
0.003901603
0.002314517
-0.0008911323
-0.0002976795
-0.0007996568
-0.001189506
4.195084e-05
0.0008324796
0.000323056
0.0007769534
-0.001028593
-0.001923368
-0.001316292
-0.001941762
-0.001842361
-0.001937947
-0.002045543
-0.002338311
-0.002913843
-0.002981523
-0.002526637
-0.001847553
-0.001575793
-0.000582837
0.0007496983
0.0004622383
0.0005284914
-0.000251369
-0.001053994
-0.001152146
-0.0009976673
-0.001410659
-0.001600143
-0.001396998
-0.001489965
-0.001746067
-0.001886185
-0.001969437
-0.001713155
-0.00109742
-0.0003118327
0.00108553
0.00117601
0.001732789
0.001297549
-0.001271232
-0.0004345501
0.0002136861
4.735489e-05
9.143491e-06
0.0003137776
0.0009708752
0.0002370173
-0.0005086654
-0.0006736051
-0.001304532
-0.001037259
0.0003111605
-0.0003392805
-0.000614588
-0.0006433401
-0.001309438
-0.001587349
-0.001079138
7.021988e-05
0.0006264551
0.001341854
0.002093406
0.002337329
0.002035453
0.00133556
0.001230206
0.001114168
0.0006156973
3.633631e-05
-0.0005085304
-0.001964742
-0.002154247
-0.001594992
-0.002439659
-0.00262786
-0.002440331
-0.002422763
-0.00148017
-0.001033589
-0.00122491
-0.001140136
-0.0006179632
-8.244089e-05
0.0002302989
0.0007891257
0.001067083
0.001129884
0.001025893
0.0005677783
0.0007160453
0.001265532
9.000224e-05
-0.0007388774
-0.001005651
-0.001076455
-0.0001860655
0.0009638295
0.0007033664
-0.0002594511
-0.0002302923
-0.0003841935
-4.702258e-05
0.001292753
0.001731745
0.002391915
0.001890975
5.453092e-05
0.001071331
0.002000424
0.001762831
0.001713021
0.001236131
0.0007329128
-0.0003395278
-0.001646946
-0.001251959
1.089096e-05
-0.0003757423
-0.0007564411
-0.001673033
-0.001737129
-0.001399114
-0.002028063
-0.002361671
-0.002610603
-0.003331797
-0.004018888
-0.003751727
-0.003258598
-0.003339713
-0.003198675
-0.00270845
-0.002248672
-0.001947445
-0.001476669
-0.0008248599
-6.425007e-05
0.0005221486
0.0007953005
0.001016225
0.001495981
0.0008605269
0.0003290049
0.001684761
0.003492085
0.003666848
0.002639858
0.002596038
0.002210767
0.001892407
0.001489493
0.001224489
0.001344143
0.00112557
0.0009132287
0.0007245956
0.0005399527
0.0001487619
-0.0005518662
-0.002418046
-0.002827128
-0.00184089
-0.001662836
-0.0009510243
-0.001301775
-0.002983374
-0.003214067
-0.003630427
-0.003764491
-0.003288678
-0.003110232
-0.002936179
-0.002132151
-0.001612174
-0.001096036
-0.0003629498
-4.897171e-05
5.328279e-05
0.0003130443
-0.000286344
-0.0004864806
-0.0002866724
-0.0003052693
-0.0004787829
-0.0002759739
0.0001765208
-0.0001047675
-0.0006320508
-0.0005452228
-0.000406555
-0.0003353404
-0.0003820287
-0.0005807451
-0.001093069
-0.001244317
-0.001355237
-0.001743645
-0.002431233
-0.002362168
-0.001847703
-0.001714665
-0.0005804928
0.0001104956
0.0005822029
0.001360639
0.00210457
0.001627077
0.0002561013
0.0002624403
1.050482e-05
0.000728067
0.001010802
0.00109763
0.001189299
9.81669e-05
-0.0001619792
-0.0003631597
-0.001049198
-0.001535777
-0.001962485
-0.001928861
-0.001734343
-0.001940047
-0.001233639
-0.0004614352
-0.0002722282
0.0001917637
0.0006946319
0.0001594768
-0.0003391467
-0.0002240915
-0.0005154919
-0.0005275349
-0.0005690618
-0.0007508503
-0.0007521457
-0.0004936662
-0.0003820643
-0.0003149969
3.061691e-05
0.0001529963
-0.0006960509
-0.001084673
-0.00100501
-0.001123249
-0.001412825
-0.001430334
-0.0009765921
-0.0008424452
-0.0006378195
-0.0003100668
-0.0002614533
-0.0002948599
-0.0009471689
-0.001701256
-0.001808415
-0.001804126
-0.002135316
-0.001907257
-0.001519755
-0.001304415
-0.000986017
-0.001635367
-0.00185994
-0.001430129
-0.001591486
-0.001338618
-0.0007651877
-0.001092291
-0.001444009
-0.001210219
-0.001063678
-0.0008650841
0.0002858654
0.0009983619
0.0008457395
0.001198212
0.000682503
6.466167e-05
9.143858e-05
-0.0001777341
-0.0005955642
-0.0006731274
-0.0006655618
-0.0008947381
-0.001001876
-0.001072944
-0.001223373
-0.001352508
-0.001099543
-0.0004167276
-0.0002629307
-0.0001797086
2.915947e-05
6.615622e-05
-0.0002567761
-0.000998553
-0.001103669
-0.0004016029
-6.451982e-05
0.000116937
0.0006555755
0.0009374711
-5.02836e-05
-0.0006707392
-0.0005442601
-0.0004418405
0.0002031106
0.0002230323
0.0002871573
0.001295055
0.000897193
-0.0007894513
-0.0003780106
-0.0001538448
-0.0004145051
0.0003696873
0.001255751
0.001363706
0.001568056
0.00200884
0.002457087
0.001586862
0.001469977
0.001717323
0.001424919
0.001424161
0.001534392
0.001639185
0.001761919
0.001778381
0.001547508
0.0006032037
-9.192875e-05
-0.0003100899
-0.0004497934
0.0007293207
0.001539811
0.001375687
0.001942631
0.002363355
0.001308069
0.0007473416
0.001219532
0.0007819744
0.0003712303
0.0004366154
0.001377461
0.002504168
0.002824711
0.00268732
0.003126238
0.003502761
0.003345368
0.002563318
0.003194318
0.004206271
0.003481024
0.00350395
0.003456003
0.003064935
0.003553536
0.003674755
0.003514446
0.003426983
0.002707811
0.002268228
0.00193999
0.001381859
0.001363491
0.001782923
0.001488158
0.00083725
0.0005975231
0.0003668395
4.837663e-05
-1.839291e-05
-0.0002301556
0.0001833817
0.000824497
0.0008550394
0.001182192
0.001305881
0.0007170904
0.0006750077
0.0006248033
0.0003257005
0.0001707
-1.923956e-05
-0.0003563725
-0.0007197282
-0.001518283
-0.001942238
-0.00118067
-0.001065633
-0.001256535
-0.0008783431
-0.0005435956
-0.0004407114
-0.000341967
-0.0001682444
-0.0005269928
-0.0009060165
-0.0009182941
-0.0005867035
-0.0001500331
-6.215752e-05
0.0004730008
0.0005959108
0.0004149551
0.0007871636
0.001023663
0.001105966
0.0014676
0.001763843
0.00216357
0.002804014
0.002354835
0.00130789
0.001655538
0.001522813
0.001343042
0.002290715
0.002216058
0.001323539
0.0001128661
-0.0008414824
-0.001970727
-0.002985575
-0.001355347
-0.0007757742
-0.0009179526
9.080602e-05
0.0007520228
0.001217415
0.001873587
0.001767987
0.001772294
0.002148906
0.002207839
0.002392533
0.002642912
0.002780331
0.00292195
0.002969583
0.003085114
0.003207579
0.003298435
0.003505213
0.003675713
0.003751025
0.003503973
0.003401719
0.003473456
0.003499882
0.003391316
0.003019482
0.003345219
0.003752116
0.004032978
0.004354648
0.004571759
0.004061885
0.003840734
0.003498605
0.002727285
0.002367279
0.002166093
0.001761539
0.001448505
0.001204935
0.001007721
0.0009394775
0.0006562968
0.0003024101
0.0005870834
0.001255164
0.001940499
0.002832465
0.001689571
-0.0006379561
-0.0004636416
-7.177178e-05
-0.0006041397
0.001363813
0.002284283
0.001922487
0.002801545
0.003240551
0.002706146
0.001369409
0.0005664236
-0.0005505776
-0.00207328
-0.002481119
-0.002080182
-0.001299708
-0.0003261726
6.701245e-05
-9.337607e-05
-0.0002906185
0.000137778
0.0001540496
0.0004048821
0.0002202114
-0.001443271
-0.002059062
-0.002756625
-0.003909234
-0.003187644
-0.00283052
-0.003090261
-0.00283491
-0.003284518
-0.004034049
-0.005507464
-0.006217716
-0.005571946
-0.005653381
-0.005530424
-0.005182233
-0.005476382
-0.005296341
-0.003839188
-0.003159628
-0.003013933
-0.002162367
-0.002664156
-0.00396855
-0.003638435
-0.003983119
-0.004122257
-0.003701712
-0.003854462
-0.003737421
-0.003731368
-0.00452451
-0.004714125
-0.004559305
-0.004495776
-0.004126855
-0.003827226
-0.003124125
-0.003246413
-0.003718284
-0.003806693
-0.004363376
-0.004163833
-0.003303023
-0.003147849
-0.002561461
-0.001882665
-0.0008177577
4.130386e-06
0.0001121486
4.723841e-05
-0.001971462
-0.002495719
-0.002014115
-0.002777386
-0.002571719
-0.002081689
-0.002211073
-0.001648726
-0.00119575
-0.001236087
-0.001389127
-0.002500437
-0.002975205
-0.003678714
-0.004604648
-0.004525033
-0.004512712
-0.003586223
-0.002736041
-0.001697862
-0.0002660573
-0.0005212694
-0.001450125
-0.001091135
-0.0003738936
0.001427996
0.002154091
0.002831881
0.003048489
0.0007745311
0.0003455207
-0.0001109557
-0.0007472015
0.001617384
0.002565706
0.003565009
0.003367673
0.001535162
-0.0005844374
-0.001651815
-0.001206394
-0.00137078
-0.0008608042
2.758454e-05
0.000777066
0.001760939
0.001861188
0.002301276
0.002142651
0.0004705702
-0.0006294486
-0.001682092
-0.001317155
0.0009633808
0.002183051
0.00393142
0.005352149
0.005792936
0.006323569
0.002495981
-0.00060366
-0.001688569
-0.00104148
0.002160664
0.004607319
0.005563262
0.004842299
0.003819476
0.002276532
0.002477445
0.003360817
0.002618066
0.001352836
-0.000731029
-0.000990404
-0.0007727298
0.0009862869
0.002768883
0.003008774
0.004017332
0.004901855
0.003436243
0.0009980667
-0.0002672365
-0.0001908103
0.0009332537
0.003207718
0.003420477
0.004167486
0.004406496
0.003433558
0.002103182
0.001186924
0.002248142
0.001938729
0.001745953
0.002338341
0.002504577
0.003231252
0.003837826
0.004223351
0.003139938
-0.000103354
-0.001336203
-0.004468299
-0.005695195
-0.006645192
-0.006150405
-0.004090353
-0.004696136
-0.004242549
-0.002897683
-0.001324621
0.0001603558
0.001112917
0.002095246
0.0002852502
-0.001654436
-0.001071576
-0.001761684
-0.001241863
0.001603769
0.002545754
0.003527154
0.004255596
0.001744022
-0.0005757604
-0.001555146
-0.003123642
-0.00315639
-0.001360611
-0.001632492
-0.0006702459
-0.0005030567
-0.002271185
-0.002181619
-0.0006111625
0.001649178
0.001960205
0.003047019
0.002948136
-0.00172777
-0.004416115
-0.002760767
-0.001551886
0.0004768028
0.001461834
0.002540758
-0.0008764906
-0.002219282
-0.001622375
-0.001672361
0.0004487792
0.0007233051
0.001004413
4.341632e-05
-0.0002298854
-0.0001507073
-0.001036911
-0.001575971
-0.001848106
-0.001950325
0.0005641059
0.002063088
0.002486427
0.00397284
0.00329129
0.002741063
0.003233929
0.002460248
0.001922843
0.001212859
-0.0001607074
-0.000497372
-0.0001556292
-0.0005040488
0.0006749784
0.00142665
0.001658687
0.002018715
0.00226385
0.002708346
0.002653345
0.001397614
0.001019484
0.0008854494
0.0003681274
0.001633155
0.002594656
0.001146387
0.0008007449
0.0002024474
0.0001073501
0.0007618767
0.001456707
0.002120572
0.002609495
0.001514996
0.0004126989
-0.0003010431
-0.001545795
0.0003908003
0.0008022218
0.001071565
0.001548279
-0.001730982
-0.002634213
-0.002614722
-0.00415247
-0.004749844
-0.003035949
-0.002450607
-0.002570445
-0.00166416
-0.001969852
-0.002728157
-0.002458192
-0.00282663
-0.002950532
-0.002123489
-0.002103219
-0.002523147
-0.002411244
-0.003330732
-0.004450434
-0.004235232
-0.004185594
-0.004205127
-0.002928301
-0.002474368
-0.001971352
-0.0018501
-0.002569802
-0.002310442
-0.00189947
-0.001813018
-0.001769848
-0.001904111
-0.002738918
-0.002971841
-0.002187608
-0.001481951
-0.001555432
-0.001146389
-0.001562789
-0.002403576
-0.002454989
-0.003061497
-0.002615906
-0.001429076
-0.00153417
-0.001339352
-0.001210926
-0.001012251
-0.001103494
-0.001457822
-0.001447879
-0.001143965
-0.0005684798
-0.0004343109
0.000191226
0.00137117
0.001867832
0.001816607
0.002346691
0.002019702
0.0009676743
0.0009642912
0.0009340924
0.0008740817
0.0006266584
0.0003543176
-1.371876e-06
-6.307267e-05
0.0007255385
0.0009478967
0.001070859
0.001982249
0.002677557
0.002839841
0.002680962
0.002987357
0.003192705
0.002630995
0.002053499
0.002090921
0.002262918
0.002070717
0.001332924
0.0004322253
0.0002322547
-5.621445e-05
-0.0004583017
0.0006302397
0.001224631
0.001335314
0.002260763
0.002982907
0.003296336
0.003886186
0.003536229
0.001829919
0.00152889
0.001221682
0.0004859932
0.0008174386
0.001777994
0.001389569
0.001239576
0.001615719
0.001534556
0.001417757
0.0008920989
0.0003829204
0.0008442549
0.001428917
0.001248321
0.001426184
0.001618374
0.0006847918
6.810394e-06
-9.668733e-05
-0.0006170374
-0.001210128
-0.001217082
-0.0007429426
-0.0008749476
-0.0005987298
0.0007225174
0.00132792
0.001756928
0.001690114
0.001666217
0.002060686
0.002208886
0.002299427
0.002435617
0.001998317
0.001424656
0.001338403
0.0009662041
0.0006240671
0.000996335
0.0009823447
0.0008375445
0.0009941098
0.00113746
0.001200333
0.001296887
0.001216681
0.000518494
0.0002461538
0.0002972253
0.0002081462
-6.103913e-05
-0.0001692199
-0.0004200474
-0.0007972567
-0.000985283
-0.0012658
-0.00167917
-0.002009761
-0.001944879
-0.001456016
-0.001476933
-0.001437618
-0.001814428
-0.002303612
-0.002314228
-0.001789411
-0.001329096
-0.001288568
-0.001335035
-0.001891332
-0.001958598
-0.001694665
-0.00116973
-0.001073659
-0.0009377784
-0.001051384
-0.001027951
-0.0009293603
-0.001123807
-0.001228368
-0.001303948
-0.00183207
-0.002033352
-0.0007266299
-0.000358498
5.211661e-05
0.001345834
0.002016676
0.002053113
0.002314075
0.002196474
0.00118573
0.001018802
0.00089506
0.001249995
0.001265829
0.001171816
0.001253113
0.001216295
0.001253053
0.00145958
0.001673828
0.001739992
0.001575718
0.001356183
0.001373667
0.001249602
0.001142331
0.001094916
0.00098844
0.0008511289
0.0004247386
0.0001575946
-3.358631e-05
-0.00012086
-0.0001166336
-0.0002944939
-0.0003757825
-0.0004129308
-0.0004951863
-0.0005303257
-0.0001130157
0.0002898567
0.0003783782
0.0004515086
0.0005966072
0.0006396979
0.0004934966
0.0005663524
0.000840298
0.0008558757
0.0001931443
-0.000214716
0.0007255099
0.0009423768
0.0009071617
0.001513504
0.001791653
0.0009973594
0.000355239
0.0004991445
0.00029085
-5.038419e-05
-0.0001028656
-0.0002919111
-0.0003932322
-0.0002738312
-0.00043549
-0.0009283569
-0.0009629395
-4.46497e-05
0.0003264816
7.543796e-05
-0.0004450315
-0.0004438994
-0.0005457905
-0.0009272749
-0.001162182
-0.001294355
-0.001516119
-0.001179591
-0.000342876
-0.0001739815
0.0004483355
0.001174226
0.0004727763
-0.0003553258
-0.000175432
-0.0005684696
-0.0008828281
-0.001092729
-0.001393932
-0.001520502
-0.001708005
-0.001977064
-0.002221994
-0.002430976
-0.002662765
-0.002872169
-0.003087906
-0.003313178
-0.003581163
-0.00391927
-0.004183933
-0.004404283
-0.004262398
-0.004235397
-0.004101617
-0.00377495
-0.002756107
-0.001735012
-0.002533929
-0.003293826
-0.003141923
-0.003605066
-0.003495841
-0.00335559
-0.003588463
-0.003336568
-0.003111284
-0.003083449
-0.002933144
-0.002703786
-0.002130837
-0.001761118
-0.001448259
-0.0009452892
-0.0005515781
-0.0003809209
-5.441381e-05
0.000240988
5.352669e-05
5.782916e-05
-0.0001165626
-0.0008823362
-0.0009476246
-0.0003729743
-0.0003249522
8.63277e-05
0.0003336163
-0.0006859049
-0.0009251056
-0.0007765152
1.494206e-05
0.0004952101
0.0006450677
0.0008642391
-0.0001751043
-0.0004754948
-0.0003247838
0.001004605
0.001785284
0.001604795
0.001897431
0.001606832
0.001295304
0.001396636
0.001617693
0.001664869
0.001655523
0.001747698
0.00148389
0.001327549
0.001305024
0.001786802
0.002828008
0.00310767
0.003422666
0.003801199
0.004255065
0.004586453
0.004129782
0.003713962
0.003781955
0.003473342
0.003092412
0.002850094
0.002561423
0.002483335
0.002547689
0.002354294
0.002138467
0.001801319
0.001140534
8.722882e-05
-0.0003279684
0.0001682471
0.0001535063
0.0006548137
0.001391018
0.001081664
0.001180058
0.001514189
0.0008614773
0.0006104768
0.0004060791
-0.0002115134
-0.0002125156
0.0004441684
0.000488467
0.001147081
0.001889192
0.00217247
0.002396309
0.001069735
-0.0003420027
-0.0003676089
-0.0009597873
-0.001739999
-0.000641478
-0.0004024294
-0.000454811
8.130839e-05
-0.0007892103
-0.001700762
-0.001446425
-0.001662081
-0.001825091
-0.0008053614
-0.0005713188
-0.0004305129
-0.0002017532
-0.0008973991
-0.0009965437
-0.000995818
-0.001348044
-0.001385109
-0.0001839819
0.0002796427
0.0001895097
2.885399e-07
0.0002639932
0.001184781
0.001900412
0.002090616
0.002379055
0.002190088
0.001308784
0.001225843
0.001248866
0.001185612
0.0009045986
0.0007473394
0.0004989702
-0.0001420662
-0.0004940877
-0.0007143882
-7.571381e-06
0.0005218808
8.157197e-05
-0.0007547282
-0.0005882474
-0.0003885212
9.194305e-05
0.0008623286
0.0009002546
-0.00137023
-0.003550305
-0.004459749
-0.006023693
-0.005795625
-0.002712532
-0.001425727
-0.00176972
-0.0007687106
-0.002088493
-0.002383671
-0.002508393
-0.00254513
-0.001000634
-0.0007512068
-0.0003246116
0.0005437085
-0.0004816984
-0.001461116
-0.00122572
-0.0006251581
-0.0001115371
-0.0002085504
-7.41281e-07
0.0004365016
0.0008470137
0.000993041
0.0005707273
0.0005256906
0.0003092912
5.122851e-05
0.0004019294
0.0004801608
0.0003873217
0.0005445379
-0.0002161348
-0.001461897
-0.001544176
-0.001791542
-0.001825441
-0.001583236
-0.001838552
-0.002142086
-0.002170329
-0.002138354
-0.00101258
-9.561483e-05
0.0001314912
0.0001263825
-0.001003123
-0.002702384
-0.002076435
-0.001896093
-0.001746171
-0.0001639974
0.0001465546
5.888693e-05
0.0005241094
0.0009807844
0.0007298361
0.0007271171
0.0005922828
-2.888031e-05
-0.0002310985
-0.0003560499
0.0007604881
0.001595246
0.001174624
0.001514359
0.001563642
0.0007105577
0.0002622959
-0.001034937
-0.0007125032
5.443009e-05
-0.000393543
5.166896e-05
0.0004569688
0.000409987
0.0004224817
0.0001002872
-9.489381e-05
-0.0001038863
0.0003780969
0.0007508611
0.0008848077
0.001317195
0.001656444
0.001019939
0.0002285586
0.0002039491
-0.0006917328
-0.001737465
-0.0008096799
-0.0004707628
-0.0007934387
-0.0002238563
-0.0002783356
-0.001300481
-0.001436603
-0.001609004
-0.002089966
-0.00244029
-0.002139459
-0.001344022
-0.001302619
-0.0008090507
5.778787e-05
0.0004984758
0.0008601576
0.001365041
0.001447948
0.0006307116
0.0005541881
0.0007988127
0.001729319
0.002087631
0.001295308
0.0003784552
0.000507454
0.001109412
0.001792678
0.001774089
0.001226447
0.0005708955
0.0005593507
0.000323257
0.0005875766
0.0005989491
0.0004957506
0.00073287
0.0008663462
0.0009331316
0.001129891
0.001628874
0.001981753
0.002142563
0.0017726
0.00165099
0.001726979
0.001225317
0.0004071031
8.602759e-05
0.0003818843
0.0006969891
0.0004812675
0.0005611885
0.0006969473
0.0007190067
0.0005504857
0.0004694973
0.0004142104
0.0002576725
0.0001519006
5.70247e-05
-6.543607e-05
-8.349776e-05
-1.97728e-05
-7.515193e-05
-0.0001170389
-0.0001595829
-0.0002208228
-0.0005323231
-0.0007912998
-0.0008498282
-0.00102598
-0.001239856
-0.001307774
-0.001409171
-0.001667008
-0.002215544
-0.00253185
-0.002439674
-0.002294576
-0.002509791
-0.002478689
-0.002104858
-0.001884837
-0.001750441
-0.00127046
-0.0008149936
-0.0005216695
-0.0004032987
-0.0008529801
-0.000872044
-0.000982162
-0.001257066
-0.00118736
-0.001194697
-0.001246744
-0.0009922
-0.0009007191
-0.0008359622
-0.0007042873
-0.0006535553
-0.0004959971
0.0002522387
0.0008282818
0.0008229363
0.001024523
0.001403898
0.001084936
0.0009657529
0.001062615
0.0008942331
0.0007666097
0.0006810395
0.0003913013
0.0001567607
0.0002536764
0.0003245534
0.0001765223
7.051064e-05
2.273622e-05
-0.000504786
-0.001636223
-0.002015947
-0.0004385132
0.001350739
0.001437
0.002485072
0.003606514
0.001244612
-0.0008004582
0.000350001
-0.000310993
-0.0007779616
0.0008975855
0.001083958
0.001163292
0.0005431503
0.0001345413
0.0003197735
0.000272854
2.474536e-05
-1.454761e-05
7.543093e-05
1.830142e-05
-2.078137e-05
-0.0001200584
-0.0001905725
4.825692e-06
0.0004600398
0.0005587315
0.0003626478
0.0002855447
0.0001043474
-0.0002534253
1.086431e-05
2.743378e-05
0.0002691583
0.0009608702
0.0008837523
0.0001184336
4.681151e-05
-6.321119e-06
0.000471392
0.0009117445
0.0009016968
0.001108002
0.001311689
0.0006933241
0.000359525
0.0001426393
-0.0002881718
0.0003330878
0.0005898403
0.0005300823
0.000919052
0.001011636
0.0004326609
0.0004048819
0.0008533727
0.0008286929
0.0005884909
0.0007057398
0.0006293777
-0.0001767005
-0.0004924151
-0.0002304702
-0.0003756905
-0.0005579817
-0.000442419
-0.0006704689
-0.001045554
-0.001066427
-0.0004232198
0.0001416816
0.0001888586
0.0001601203
0.0004593015
0.001161251
0.001627504
0.001910593
0.002358432
0.002590299
0.002301253
0.002235737
0.002222643
0.002631122
0.002850541
0.002141779
0.001622672
0.0008327771
0.0008147425
0.001076348
0.0005248266
0.0005172108
0.001509734
0.001103574
0.0002203405
0.0005056799
0.0002579454
-0.0003006386
-0.0006369605
-0.000254855
0.0003939472
0.0003400616
0.000685732
0.0007358881
0.00011131
9.787014e-05
-7.816917e-05
-0.0003336463
-0.0002720998
-0.000444789
-0.0006687381
-0.0007773563
-0.001108691
-0.001393869
-0.001188145
-0.0005651614
-0.0004944193
-0.0002547109
0.0002219289
0.0007008872
0.001294418
0.000578316
-0.0003291695
2.607618e-05
0.0003926715
0.0005734924
0.000561497
0.0002401346
-6.740483e-05
-9.292853e-06
-0.0001390025
-9.734415e-05
0.0002054585
0.0001571832
0.0001755111
0.0003145142
0.0001741821
-1.701664e-05
-1.725152e-05
-0.0001529223
-0.0003081165
-0.000107293
0.0003080028
0.0002960486
0.0002987578
0.0004826084
0.0005537306
0.0005835602
0.0003883676
0.0002988827
0.0003726266
0.0001905048
-0.0002673928
-0.0004507058
-0.0002488611
-8.6453e-05
-0.0001571244
0.0001976108
0.0004270455
0.0005098833
0.0008203869
0.001609197
0.002242643
0.00267796
0.003355518
0.003599319
0.002544662
0.002404004
0.002506312
0.002104524
0.002051431
0.002636645
0.00269816
0.002420188
0.001686564
0.0015312
0.001924845
0.00180882
0.001648659
0.00185414
0.001907884
0.001779963
0.001460411
0.001341511
0.001052755
0.00062085
0.0004073839
0.0001956532
-8.949446e-06
-3.339894e-05
-0.0001878036
-3.964148e-05
0.000324059
0.0003297105
0.0004015951
0.0005677892
0.0006917881
0.0006344585
0.0004561958
0.0004730093
0.0004179525
0.000189469
-5.123815e-05
-0.000176175
-0.0003866392
-0.0006268434
-0.0008196939
-0.0009651016
-0.0009149376
-0.0009686976
-0.0008809073
-0.0007973837
-0.0006788418
-0.000182742
8.7069e-05
-0.000184978
-0.0009213494
-0.0009874956
-0.0007596192
-0.0007855267
-0.000877319
-0.0002623118
0.000127902
7.137002e-06
-3.304128e-06
0.0002475915
0.0001873319
9.49306e-05
-0.0003506206
-0.0007418957
-0.0002319378
0.0002371656
-2.028149e-05
-0.0008940447
-0.001212638
-0.0007438467
-0.0008011607
-0.000741125
-0.0005388518
-0.0005588203
-0.00118957
-0.00142358
-0.001334169
-0.001427759
-0.001614675
-0.001119849
-0.0006943881
-0.001342545
-0.001686817
-0.00133881
-0.001368132
-0.001520065
-0.0008500383
-0.0002389197
-0.0002119949
0.0001052481
-1.875829e-05
-0.000626906
-0.0005632908
-0.0007091478
-0.0009622365
-0.001131254
-0.001215909
-0.0009895549
-0.0009723187
-0.001105816
-0.001240696
-0.001283176
-0.001421115
-0.001531028
-0.001330937
-0.001223917
-0.001347361
-0.001355638
-0.001466481
-0.001804436
-0.001919297
-0.001768638
-0.001530488
-0.001584865
-0.001463353
-0.001193032
-0.001048639
-0.0008039642
-0.0003304447
-0.000475557
-0.001458069
-0.001618967
-0.001711994
-0.002010436
-0.002312344
-0.002195726
-0.00187599
-0.001966921
-0.001819308
-0.001505441
-0.001362543
-0.001198799
-0.001138326
-0.001110122
-0.0009962101
-0.001108643
-0.001198638
-0.001185465
-0.001336298
-0.001548732
-0.001643303
-0.001785548
-0.00203231
-0.002315589
-0.002511759
-0.002377611
-0.002079846
-0.002154717
-0.001743118
-0.0008785313
-0.0005534922
-0.0007479158
-0.0009084137
-0.0006474691
-0.0005883254
-0.0002565222
-4.082807e-05
-9.729022e-05
-0.0006131549
-0.0007436769
-0.0003123497
0.000529433
0.0006895017
0.0009953245
0.001000938
8.027629e-05
2.262286e-05
9.849831e-05
-0.0002432077
-0.0001531458
0.0004925511
0.000569727
0.0006751481
0.001035606
0.000937
0.0001484055
0.0001339671
0.0005491362
0.0003356529
0.0002186448
0.0002260374
-1.262876e-05
-1.406484e-05
0.0002992158
0.0002447917
9.710092e-05
0.0004445844
0.001181271
0.001209322
0.0008308036
0.001121296
0.001304249
0.001225693
0.001238722
0.0007869382
0.0004774409
0.0002606345
-0.0002146574
0.0001841487
0.001193888
0.001117336
0.0012835
0.002029499
0.002191637
0.0008118657
0.001024823
0.002009217
0.001626034
0.001427575
0.001560051
0.001179118
0.0008615075
0.0004651691
2.763255e-05
0.0004689929
0.0009531623
0.0002662047
0.0001103403
0.0007859454
0.001464981
0.00157988
0.00199657
0.002626409
0.003181841
0.002916617
0.001255351
0.0005107074
-0.0004027798
-0.001168034
-0.001629188
0.000508547
0.0008266371
0.0004621947
0.001522647
0.0009476111
0.0003637681
0.0004170539
0.0005427981
0.001217934
0.001233338
0.0008805039
0.0006440753
0.0007607485
0.001322834
0.00184577
0.002056094
0.002748626
0.003045026
0.00148933
0.001011379
0.0006051038
-0.000461069
-0.0009477576
-0.0005846893
-0.0008836064
-0.000833502
-0.0004858736
-0.0004051245
-0.0001013287
0.0002985152
0.0005368347
3.024524e-05
-0.0002728187
-0.0003430394
-0.000336653
0.0005911523
0.0009545539
0.001511367
0.002244839
0.002685359
0.001763213
0.0008761612
0.0005158323
-0.001263129
-0.001403189
-0.0007941254
-0.001796052
-0.002127339
-0.002097348
-0.002181717
-0.002253303
-0.001727539
-0.001163879
-0.001020989
-0.0006637417
-0.0002330888
8.374112e-05
7.840904e-05
-0.0005982377
-0.0004427732
0.0001960151
9.719987e-05
-0.0001506128
-0.0005402659
-0.0007119681
-0.001237441
-0.001729371
-0.002230406
-0.002973209
-0.00324008
-0.001837945
-0.001476371
-0.001180701
0.0003281227
0.001180603
0.001366203
0.001750456
0.002269954
0.001194857
0.0008348785
0.001149042
0.001002089
0.0007082911
0.0008461254
0.000831274
0.000359542
-8.000826e-05
-0.0002344614
-0.0004532404
-0.0005849355
-0.0007890227
-0.0004239464
0.0001112808
0.0001196552
7.5157e-05
0.0001812478
0.0003260929
0.0003004307
0.0002614402
0.0002733402
0.000219284
0.0001750807
-0.0002479444
-0.0007726716
-0.0009070377
-0.0008793816
-0.00108327
-0.001107285
-0.001042443
-0.001229038
-0.001401298
-0.001346154
-0.0007991249
-0.0005044895
-0.0007071848
-0.0017052
-0.001857706
-0.001642117
-0.002123439
-0.00264405
-0.003394431
-0.003539738
-0.002462225
-0.002374903
-0.002149998
-0.001323519
-0.0009076459
-0.000448297
-0.001119796
-0.002531294
-0.002569206
-0.002536354
-0.002224241
-0.002236687
-0.00145225
-0.0009993135
-0.001440555
-0.001202622
-0.0009160348
-0.0009903619
-0.0009188598
-0.001102166
-0.001409299
-0.001418965
-0.001315772
-0.001327708
-0.001145821
-0.0009597257
-0.0009176636
-0.0008272055
-0.0009060022
-0.001076509
-0.0004437404
-4.571628e-05
-2.436484e-05
0.0003218189
0.0002250391
-0.0005332278
-0.0005739813
-0.0004836514
-0.000804068
-0.001011198
-0.001069583
-0.001209718
-0.001174631
-0.001142798
-0.001358356
-0.001674864
-0.00175245
-0.001663987
-0.001737445
-0.001831753
-0.001777384
-0.001779796
-0.001682327
-0.0008371551
-0.0004256474
-0.0005014508
-0.0003284415
3.515396e-05
2.485061e-05
-0.0001026745
-7.081595e-05
-0.0006296999
-0.0009620619
-0.001252053
-0.002122115
-0.001816442
-0.0009895657
-0.001326194
-0.001430982
-0.001318186
-0.001121536
-7.885989e-05
0.0004101686
0.0002460226
0.00058742
0.0007578584
-0.000233114
-0.0005302179
-0.0006528864
-0.0008106458
-0.0008999515
-0.0008928944
-0.0006426592
-0.0006375865
-0.0007741582
-0.001541896
-0.001878907
-0.002078051
-0.002267755
-0.002530395
-0.001953448
-0.0005815142
-0.0004398338
-0.0008917561
-0.0004904613
-0.0003975052
-0.0007384179
-0.0006684539
-0.0001413343
0.0004215746
0.0005655541
0.0008469925
0.001156392
0.0006958312
0.0005036315
0.0006682053
0.0006993675
0.0006144068
0.000679169
0.0009205289
0.00100718
0.001144098
0.001397598
0.001531563
0.001297842
0.001102599
0.001081425
0.0008351402
0.0007036083
0.001151004
0.001427825
0.001437859
0.001579603
0.001756015
0.001965484
0.002327909
0.002544051
0.002045861
0.001463483
0.001755506
0.001941007
0.001586995
0.0007363856
0.001362134
0.002873596
0.002276543
0.002136369
0.001762698
0.001014524
0.0009797969
0.0006842148
0.0007059562
0.001423883
0.001493761
0.001945035
0.002500322
0.001978492
0.001115575
0.001280116
0.001393465
0.001163964
0.001317419
0.001664874
0.00114063
0.0004849731
0.0009174024
0.001529792
0.001442942
0.001560687
0.001252933
0.0009224116
0.0008747381
0.00055839
0.0002984212
0.0002964011
0.0001365447
-8.180955e-06
-5.451603e-05
-0.0001660732
-0.0002729687
-0.0003672133
-0.0004661069
-0.0004199854
-0.0002550466
-0.000278546
-0.0005095644
-0.0007860744
-0.001127297
-0.001450106
-0.001211823
-0.001048547
-0.001182738
-0.0007004447
-0.0002158446
-8.692209e-05
0.0001816247
-0.0005166295
-0.001213203
-0.0005601278
-0.0005364113
-0.0008964612
-0.0008232365
-0.0008537838
-0.00105111
-0.001288279
-0.001364784
-0.0009782772
-0.0006315919
-0.0005927184
-0.0005052356
-0.000775055
-0.0007964864
-0.0007741161
-0.0008854036
-0.000962108
-0.001349484
-0.002158768
-0.002507655
-0.002262355
-0.001851134
-0.002033794
-0.001582741
-0.001077517
-0.001185926
-0.001365986
-0.001149919
-0.001131426
-0.001109985
-0.0007354988
-0.0006872979
-0.000899938
-0.000886097
-0.001053141
-0.001115167
-0.0009720327
-0.0008530403
-0.0005317685
-0.0003018384
-0.0004585705
-0.0004233449
1.773972e-05
0.0005057844
0.0008418021
0.001353455
0.001712119
0.001851795
0.0008655024
0.0002908903
2.986323e-05
0.0001765688
0.002134412
0.002485387
0.002505449
0.001173107
-9.541366e-05
-0.0003080181
-0.0003448482
0.0003786862
0.001952469
0.002575658
0.003652985
0.003311811
0.001375291
0.001111336
0.001107336
0.002108878
0.002160817
0.002224201
0.002460649
0.0027871
0.003037585
0.001801338
0.001612959
0.001822577
0.0005996944
0.00169271
0.001560222
0.0003038171
0.0006103575
0.0007396869
0.001850543
0.003681713
0.004619708
0.004217381
0.003303886
0.002586859
0.002331127
0.001770736
0.003236958
0.003969984
0.003456157
0.004014587
0.00335851
0.001574712
-0.0003828161
0.0005266476
0.001252369
0.002318634
0.003154358
0.003631308
0.002320559
0.001953613
0.001978807
0.001906516
0.001955503
0.001969937
0.000936757
0.0003913667
0.0002202823
-0.0003288887
-0.000739059
-0.0007172593
-0.001133576
-0.001003235
-0.0007930082
-0.0009012964
-0.001594291
-0.001913589
-0.001609655
-0.0003175279
0.0008424476
0.0004858447
0.0007556407
0.001080824
0.0002525494
0.0006736745
0.001186237
0.002086791
0.002521938
0.002645847
0.00265278
0.00267152
0.0035953
0.00430518
0.004469229
0.004980253
0.006018666
0.005569226
0.003363187
0.00207372
-0.0001340643
-0.001834992
-0.003681003
-0.005219114
-0.004232422
-0.003885032
-0.00282149
-0.001587515
-0.0002291761
-4.457664e-05
0.0002211079
-0.000342347
-0.0004225432
-0.0003767118
0.0006762829
0.003674901
0.006622413
0.007245774
0.002355818
-0.004476694
-0.006262235
-0.00696308
-0.00398588
-0.001766866
-0.002162454
-0.003757783
-0.005371903
-0.004738437
0.0001953454
0.003812969
0.002431298
-0.0009626423
-0.0008076688
0.0002994822
0.004199883
0.009329016
0.01086836
0.008081839
0.006746646
0.004850791
-0.0002536312
-0.005477361
-0.007597268
-0.008777977
-0.008878312
-0.006141889
-0.0008916683
-0.001993321
-0.004178662
-0.004914111
-0.004175614
-0.004014535
-0.001083215
0.001593358
0.00197371
0.00259835
0.00044027
-0.002018383
-0.002098842
-0.003058764
-0.00361291
-0.00312883
-0.00167276
-8.053398e-05
0.002663285
0.003846529
0.0008701205
-0.0008153023
-0.001452612
-0.002036127
-0.002560902
-0.003414421
-0.003625363
-0.004384174
-0.005042295
-0.004790856
-0.004124316
-0.001253764
0.00158523
0.00713726
0.009084583
0.006174039
0.004137997
-0.001851065
-0.008261243
-0.007050249
-0.005159514
-0.001941542
0.0007372391
-0.0004724126
-0.003597015
-0.00426197
-0.003752595
-0.003913583
0.001058763
0.006669308
0.005469302
0.004839877
0.005939919
0.003818564
0.002906742
0.001508913
-0.0002857251
-0.001516822
-0.002804396
-0.003376533
-0.003558306
-0.00238491
-0.002188016
-0.002154458
-0.002615512
-0.003304974
-0.002400335
-0.001471719
-0.001675864
-0.001322208
-0.0007603563
-0.0007462685
-0.001580426
-0.001739301
-0.001283092
-0.0007657552
-0.0007718121
-0.0004342658
7.355778e-05
0.0003666439
0.0006362554
0.0008627663
0.001198104
0.001806065
0.002314588
0.002294511
0.001157176
0.0008864947
-0.0001602296
-0.002262456
-0.001051993
0.001070938
0.002540862
0.001786407
0.002058256
0.0001244954
-0.0009400847
-0.001194472
-0.001273015
-0.0004686804
-0.0008953044
-0.001707151
-0.00217724
-0.002379416
-0.001948683
-0.0002826556
6.853011e-05
0.0005929725
0.0002209871
-0.001678524
-0.001758635
-0.002261837
-0.003253612
-0.002420704
-0.001933728
-0.002343278
-0.002062621
-0.001957461
-0.002096393
-0.001910068
-0.001743864
-0.00173764
-0.001675359
-0.001588529
-0.001899768
-0.002288686
-0.002217836
-0.001121607
-0.000349048
-0.0001493625
0.0001584341
0.0005415133
0.0001129202
-0.0004094703
-0.00019643
-0.0002176372
-0.0004522798
-9.099369e-05
0.0001136362
0.0002453288
0.0007236544
0.0003568909
-0.0005524356
-5.753007e-05
0.0007582282
0.0006329765
0.001152071
0.001853911
0.0007020552
-0.000229648
-0.0001215615
-0.0003315046
-0.0006754746
-0.0009159122
-0.0005888735
-0.0004767764
0.000101468
0.0007721599
0.001095235
0.001655945
0.001513388
-0.0001141639
-0.0004475835
-0.0001804708
-0.0004053842
-0.0003898839
0.0005795568
0.0007226544
0.0006925612
0.001182541
0.0008219966
-0.000189413
-0.0002844611
-0.0002701795
1.29977e-05
-7.379257e-05
-8.664605e-05
-0.0001998476
-0.0005598587
-0.0006069556
-0.0006398702
1.549128e-05
0.0003032147
0.0002530456
-0.0004034419
-0.0006067627
-0.0002995913
0.0001052515
4.498481e-05
-0.0002327475
-0.0002137932
8.642633e-05
0.0005525648
0.0005652775
-0.000548535
-0.001224362
-0.001111993
-0.001527345
-0.0002410027
0.001299002
0.002109469
0.003845163
0.00497008
0.003324463
0.001088412
-0.0007914668
-0.001705762
-0.0008378643
0.0002940313
0.0007876192
0.001569572
0.001511488
-0.001023731
-0.001689494
-0.002922739
-0.004822183
-0.003363752
-0.0006476299
-0.0007642211
0.0006447162
0.001634883
0.001836808
0.00140135
-0.0001836724
-0.0003755944
-0.00130501
-0.001850406
-0.001859303
-0.002275124
-0.002408149
-0.002113339
-0.001467928
-0.002075125
-0.002886504
-0.002514858
-0.001414554
-0.001172055
-0.00076905
0.0002008372
0.0004758783
-0.001701215
-0.003229963
-0.003785433
-0.002818033
0.0003187133
0.002034717
0.003209136
0.002675252
0.002215696
0.0005675758
-0.002006094
-0.003632374
-0.002888931
-0.002200399
-0.0008980841
-0.0006953889
-0.0003291432
-0.001577972
-0.001559478
-0.0008351759
-4.915733e-05
0.001708822
0.002294998
0.003288678
0.003302986
0.001335866
0.001408774
0.001489015
0.001714514
0.001738848
0.0007171332
-0.0006897132
-0.0006159473
-0.0008654973
0.0001480131
0.0006392543
0.0005667682
0.0001684882
-0.001392124
-0.001773547
-0.001443645
-5.626483e-06
0.0003061477
0.001293273
0.002297985
0.001031428
0.001371961
0.002336698
0.00235677
0.002205604
0.001481282
0.001179275
0.0007607891
0.0004037685
0.001062684
0.00106008
0.0005313459
-0.000855157
-0.001434543
-0.001485642
-0.001819395
-5.67385e-05
0.001077257
0.001429064
0.002513786
0.00229048
0.002504126
0.003047763
0.003060402
0.003013396
0.00305249
0.002660819
0.002384405
0.002512818
0.002921103
0.002934462
0.002939135
0.00184813
-0.0004012391
-0.001739847
-0.002216607
-0.002351677
-0.0001708658
0.001820517
0.002230066
0.001970562
0.001842092
0.002006033
0.001993222
0.001733706
0.001419667
0.0005713337
0.0002787278
0.001255478
0.00137794
0.002218559
0.002986852
0.002283946
0.000784214
0.0003987338
0.0001368525
-0.000155922
1.591252e-05
0.0002571336
0.0001932314
3.262624e-06
-0.0004397672
-0.0006994748
-0.001400413
-0.001423335
-0.0003984483
-0.0002892679
0.000545944
0.001128981
0.0009212079
0.001328285
0.0005171789
0.0001085585
0.0003056698
-4.542995e-05
0.0001412931
0.0003044827
-0.0001554463
-0.0004625304
-0.0004418776
-0.0002334562
-3.938298e-05
-5.431109e-05
8.011769e-05
0.0002004282
-0.0001561447
-0.001340526
-0.001815251
-0.002617597
-0.003148552
-0.002382596
-0.000627565
-6.705893e-05
0.0003449665
0.0006774215
-0.0003414961
-0.0008255945
-0.001151794
-0.002314253
-0.001556861
-4.739518e-05
-0.000375552
-0.0007290688
-0.000955516
-0.000793964
-0.000784475
-0.0007791501
-0.0001663699
-6.505479e-06
-0.0002782702
-6.65199e-05
0.0001789302
0.0007981554
0.001294065
0.001816179
0.002415598
0.001275327
0.0002338063
0.0004555061
-1.878455e-05
-0.000353626
-6.125812e-06
-0.0002262123
-0.000315461
-0.0001089767
-7.620695e-05
-7.350923e-05
-7.31618e-05
-0.0001052425
-0.0002194035
-0.0002812656
-2.035417e-05
0.0003534809
0.000400757
0.0003806194
-0.0002928412
-0.0005318291
-0.0006632013
-0.001012676
-0.0003042249
0.0004099442
0.0004377179
0.0008597082
0.001322368
0.001582083
0.00118668
0.000955343
0.001026272
0.000446574
-0.0001353546
5.893216e-05
-5.792299e-05
-0.0003493325
-3.863765e-05
8.688674e-05
5.123487e-05
0.0002325233
0.0003687249
0.0004520715
0.0003094444
-0.0001685946
-0.0002790646
-0.0004701917
-0.0005967695
0.0005061435
0.0008998236
0.001023174
0.001595226
0.0009822365
0.0003285815
0.0005008668
0.000194109
-8.501689e-05
0.0003172721
0.0003178109
0.0001707149
2.267959e-05
-3.964762e-05
-0.0001578374
-0.0004125072
-0.0002893508
0.0001496208
0.0001688431
0.0002166353
-5.060546e-05
-0.0002158968
-0.0002166666
-0.0003306247
-2.927738e-05
8.176348e-05
8.108515e-05
0.0002115294
-1.245351e-05
-0.0001325495
-0.0001184053
-0.0002079512
1.315937e-05
0.0001414751
0.0001464516
0.0001988647
-3.318391e-05
-0.0001020641
4.246313e-05
0.0002631376
0.0002917675
0.0003780626
0.000332126
0.0001451267
0.000176201
0.0001181953
1.82503e-05
-2.820897e-05
-8.734043e-05
-0.000109406
-0.0001127241
-0.0001523794
-0.0001717226
-0.0001845257
-0.0002049966
-0.0002210343
-0.0002138484
-0.0001409361
-0.0001166724
-9.987483e-05
-6.523876e-05
-6.24504e-05
-4.50901e-05
-2.806761e-05
-4.397255e-05
-4.317995e-05
-3.392061e-05
-3.057266e-05
-2.875433e-05
-5.947403e-05
-0.000193429
-0.0002400472
-9.063667e-05
4.721429e-05
4.083163e-05
0.0001051189
0.0001897555
9.841042e-05
-5.790554e-05
-4.97149e-05
-0.0001108448
-0.0001074317
-6.91119e-05
-0.0001018373
-9.65091e-05
-9.390795e-05
-0.0001022268
-9.924961e-05
2.096903e-05
0.0001944361
0.0002285244
0.0002717853
0.0003482525
0.0003070594
0.0001230343
9.758685e-05
5.971274e-05
-2.218526e-05
-7.3637e-05
-1.270688e-05
3.911597e-05
2.179823e-05
1.711041e-05
8.535884e-06
2.898328e-05
0.0001260969
0.0001780176
0.0002031307
0.00023033
0.00014511
0.0001293801
0.0001305695
8.615478e-05
5.928625e-05
3.905618e-05
2.620895e-05
2.384941e-05
3.700871e-05
0.0001090726
0.0001335235
0.0001025553
5.533368e-05
6.238633e-05
4.646147e-05
3.001515e-05
9.558817e-05
0.0001155192
0.0001187636
0.0001441235
9.808384e-05
7.537483e-05
7.872553e-05
5.427828e-05
3.594356e-05
2.425742e-05
2.721193e-05
6.525729e-05
7.238492e-05
7.950613e-05
0.000100025
0.0001075277
0.0001158534
0.0001140897
9.829669e-05
9.955882e-05
9.590912e-05
8.48366e-05
7.828268e-05
7.889626e-05
0.0001088937
0.0001195259
0.0001309059
0.0001602089
0.0001748321
0.000181459
0.0001391397
0.0001184942
0.0001176899
0.0001239977
0.0001395005
0.0001342946
0.0001280939
0.0001172379
0.0001162317
0.0001263645
0.0001354827
0.0001342741
0.0001224206
0.0001041385
0.000102367
9.479953e-05
0.0001015329
0.0001107904
0.0001075186
0.0001115894
0.0001128479
0.0001002556
9.715223e-05
9.536507e-05
9.176816e-05
9.97545e-05
0.0001006678
9.585575e-05
8.430564e-05
8.002073e-05
8.35869e-05
9.113954e-05
8.9914e-05
9.087546e-05
9.459066e-05
9.438418e-05
8.520292e-05
8.074896e-05
7.923129e-05
7.444036e-05
7.048105e-05
7.024096e-05
6.877741e-05
6.592235e-05
6.133371e-05
5.441953e-05
5.127757e-05
4.825949e-05
4.45565e-05
4.174749e-05
4.176512e-05
3.989777e-05
3.772429e-05
3.646926e-05
3.455376e-05
3.27007e-05
3.09429e-05
2.878018e-05
2.669736e-05
2.473333e-05
2.180058e-05
1.798491e-05
1.549551e-05
1.353676e-05
1.152111e-05
9.051956e-06
7.68453e-06
6.668159e-06
4.692188e-06
3.090714e-06
5.526722e-07
-2.882202e-06
-4.918201e-06
-7.303128e-06
-8.565615e-06
-8.989047e-06
-1.105055e-05
-1.25833e-05
-1.476426e-05
-1.720772e-05
-1.89752e-05
-2.111203e-05
-2.342229e-05
-2.563491e-05
-2.772924e-05
-2.956289e-05
-3.089983e-05
-3.275418e-05
-3.461461e-05
-3.673632e-05
-3.926419e-05
-4.121474e-05
-4.325058e-05
-4.489902e-05
-4.650304e-05
-4.848185e-05
-5.03929e-05
-5.266466e-05
-5.468431e-05
-5.662352e-05
-5.854491e-05
-6.023578e-05
-6.215084e-05
-6.405029e-05
-6.587762e-05
-6.779221e-05
-6.989476e-05
-7.18792e-05
-7.380204e-05
-7.582833e-05
-7.785552e-05
-7.96888e-05
-8.149999e-05
-8.344674e-05
-8.532343e-05
-8.721395e-05
-8.914789e-05
-9.103404e-05
-9.292413e-05
-9.478968e-05
-9.665278e-05
-9.854008e-05
-0.0001004154
-0.0001023137
-0.0001042157
-0.0001060903
-0.0001079565
-0.0001098273
-0.0001117038
-0.0001135728
-0.0001154509
-0.0001173311
-0.0001191945
-0.0001210509
-0.0001229146
-0.0001247779
-0.0001266388
-0.000128495
-0.0001303491
-0.0001322029
-0.0001340537
-0.0001359
-0.0001377412
-0.0001395797
-0.0001414195
-0.0001432566
-0.0001450909
-0.0001469227
-0.000148753
-0.0001505801
-0.0001524044
-0.0001542263
-0.0001560457
-0.0001578622
-0.0001596758
-0.0001614867
-0.000163295
-0.0001651005
-0.0001669031
-0.0001687031
-0.0001705002
-0.0001722944
-0.0001740858
-0.0001758741
-0.0001776596
-0.0001794421
-0.0001812215
-0.0001829979
-0.0001847712
-0.0001865413
-0.0001883082
-0.0001900718
-0.0001918322
-0.0001935894
-0.0001953431
-0.0001970935
-0.0001988405
-0.0002005841
-0.0002023241
-0.0002040606
-0.0002057936
